5.497944355010986328e-01 5.796444416046142578e-02 -5.385020375251770020e-01
5.757488012313842773e-01 1.878956854343414307e-01 -5.579208731651306152e-01
5.341374874114990234e-01 2.807882726192474365e-01 -5.070185661315917969e-01
6.584153771400451660e-01 1.477608084678649902e-01 -4.993779957294464111e-01
6.988322734832763672e-01 1.484833210706710815e-01 -4.779100418090820312e-01
6.444675326347351074e-01 1.198772192001342773e-01 -4.782838225364685059e-01
6.375334262847900391e-01 1.482540220022201538e-01 -5.144469141960144043e-01
5.931399464607238770e-01 2.045888900756835938e-01 -4.963677823543548584e-01
5.617054700851440430e-01 2.175080627202987671e-01 -5.090460181236267090e-01
5.321602225303649902e-01 1.635542064905166626e-01 -5.458629727363586426e-01
4.340089559555053711e-01 1.107462272047996521e-01 -5.495561957359313965e-01
4.275905191898345947e-01 -6.070144101977348328e-02 -5.357877612113952637e-01
4.542356133460998535e-01 -1.741487979888916016e-01 -4.732826054096221924e-01
3.810447752475738525e-01 -1.835804581642150879e-01 -3.362762033939361572e-01
3.191841840744018555e-01 -1.757328957319259644e-01 -2.004932016134262085e-01
4.587086439132690430e-01 -3.782482743263244629e-01 -1.505866199731826782e-01
4.674232304096221924e-01 -4.934018552303314209e-01 -1.253955960273742676e-01
5.133647918701171875e-01 -5.515463948249816895e-01 -3.860129788517951965e-02
5.146357417106628418e-01 -5.088799595832824707e-01 1.388439685106277466e-01
5.099860429763793945e-01 -4.809408187866210938e-01 2.088711112737655640e-01
3.043862283229827881e-01 -5.634949207305908203e-01 2.379180490970611572e-01
2.421177774667739868e-01 -5.329416990280151367e-01 3.675749301910400391e-01
3.845918774604797363e-01 -4.186482727527618408e-01 4.920812547206878662e-01
2.526645958423614502e-01 -4.822928905487060547e-01 4.698617160320281982e-01
2.279450446367263794e-01 -4.692285656929016113e-01 4.880238771438598633e-01
2.752709090709686279e-01 -3.949577212333679199e-01 4.488467276096343994e-01
2.211573868989944458e-01 -3.432458639144897461e-01 5.239047408103942871e-01
2.641423642635345459e-01 -4.275079667568206787e-01 4.679961502552032471e-01
2.208224833011627197e-01 -4.299108684062957764e-01 4.956648051738739014e-01
2.771466672420501709e-01 -3.835146427154541016e-01 5.645867586135864258e-01
3.479132652282714844e-01 -3.706652522087097168e-01 5.102046728134155273e-01
2.453347444534301758e-01 -3.895976245403289795e-01 5.502628684043884277e-01
2.643342912197113037e-01 -3.943755924701690674e-01 5.471223592758178711e-01
3.375352621078491211e-01 -4.149551987648010254e-01 5.325908064842224121e-01
2.823147773742675781e-01 -4.798709452152252197e-01 5.171183347702026367e-01
3.379368782043457031e-01 -4.519588351249694824e-01 5.188146233558654785e-01
3.323191106319427490e-01 -4.644759297370910645e-01 5.200796723365783691e-01
2.272927314043045044e-01 -5.273899435997009277e-01 4.627808630466461182e-01
1.519975513219833374e-01 -6.202005743980407715e-01 3.836155533790588379e-01
1.494160890579223633e-01 -6.726893186569213867e-01 2.945862412452697754e-01
9.323806315660476685e-02 -6.364248394966125488e-01 1.815205812454223633e-01
-8.652000129222869873e-02 -3.929118812084197998e-01 1.870495826005935669e-01
1.543073952198028564e-01 -1.125807240605354309e-01 1.778085082769393921e-01
2.124185711145401001e-01 2.848911583423614502e-01 1.673655062913894653e-01
2.718260884284973145e-01 2.581811845302581787e-01 3.166589513421058655e-02
1.398992836475372314e-01 2.886559069156646729e-01 -5.639079958200454712e-02
-7.159572839736938477e-02 3.126128613948822021e-01 -1.429770588874816895e-01
-1.524944901466369629e-01 3.111575543880462646e-01 -2.087427377700805664e-01
-3.940002322196960449e-01 4.135790467262268066e-01 -2.103400379419326782e-01
-2.557264566421508789e-01 4.255914688110351562e-01 -1.622787415981292725e-01
-2.450129389762878418e-01 4.644493758678436279e-01 -1.039735227823257446e-01
-2.148272693157196045e-01 3.910525739192962646e-01 -1.450190991163253784e-01
-1.255867034196853638e-01 5.307961106300354004e-01 -3.990078717470169067e-02
9.771545976400375366e-02 4.012649357318878174e-01 1.018979698419570923e-01
2.774092555046081543e-01 3.945130407810211182e-01 1.462270766496658325e-01
2.601032853126525879e-01 2.595095038414001465e-01 2.265578806400299072e-01
3.831167519092559814e-01 3.794131055474281311e-02 1.519937813282012939e-01
3.377046883106231689e-01 -2.110626697540283203e-01 1.558318883180618286e-01
3.630501031875610352e-01 -3.979970812797546387e-01 1.893793642520904541e-01
3.549515008926391602e-01 -5.445771813392639160e-01 1.995464265346527100e-01
3.805887401103973389e-01 -5.613996386528015137e-01 2.753126025199890137e-01
3.810790181159973145e-01 -5.724583268165588379e-01 3.546688854694366455e-01
5.024819374084472656e-01 -4.314116239547729492e-01 3.519640266895294189e-01
3.724080622196197510e-01 -4.768264293670654297e-01 3.567984104156494141e-01
3.607496619224548340e-01 -4.663054645061492920e-01 3.916690051555633545e-01
3.918130099773406982e-01 -4.892458617687225342e-01 3.919065296649932861e-01
4.137696027755737305e-01 -4.294382631778717041e-01 4.159673750400543213e-01
4.302908182144165039e-01 -4.010663032531738281e-01 4.865867495536804199e-01
4.409010112285614014e-01 -2.244058698415756226e-01 4.812384545803070068e-01
4.053998887538909912e-01 -2.447634786367416382e-01 5.596227645874023438e-01
2.231731116771697998e-01 -1.932542622089385986e-01 5.842925906181335449e-01
1.675665527582168579e-01 -1.425372958183288574e-01 5.690087676048278809e-01
2.313846796751022339e-01 -2.398778796195983887e-01 5.378543138504028320e-01
3.636132478713989258e-01 -4.276424646377563477e-01 4.818390011787414551e-01
2.972192466259002686e-01 -5.057055950164794922e-01 4.753559231758117676e-01
1.958552747964859009e-01 -6.396228671073913574e-01 4.099100232124328613e-01
1.700384020805358887e-01 -7.137959599494934082e-01 2.943080663681030273e-01
2.101910114288330078e-01 -7.228965759277343750e-01 2.212027907371520996e-01
2.204425334930419922e-01 -7.039387226104736328e-01 2.722476050257682800e-02
2.151296734809875488e-01 -5.944014787673950195e-01 -1.062386855483055115e-01
3.503016531467437744e-01 -5.065442323684692383e-01 -1.985198855400085449e-01
5.328362584114074707e-01 -3.893335759639739990e-01 -2.758272290229797363e-01
4.812544286251068115e-01 -1.703721284866333008e-01 -3.359698057174682617e-01
5.365447998046875000e-01 -2.493051439523696899e-02 -3.302394151687622070e-01
6.710564494132995605e-01 -2.858907915651798248e-02 -3.616800606250762939e-01
6.855346560478210449e-01 1.126873195171356201e-01 -3.842056393623352051e-01
6.176145076751708984e-01 1.581450551748275757e-01 -4.185047447681427002e-01
6.396275758743286133e-01 2.413897812366485596e-01 -3.901358544826507568e-01
6.588253378868103027e-01 3.112526834011077881e-01 -3.538273274898529053e-01
6.947674751281738281e-01 2.798689603805541992e-01 -3.538275063037872314e-01
6.935859918594360352e-01 2.552942335605621338e-01 -3.048660457134246826e-01
6.448610424995422363e-01 3.479715883731842041e-01 -2.974969148635864258e-01
6.453592777252197266e-01 2.826835215091705322e-01 -3.235441148281097412e-01
6.099262237548828125e-01 1.955582052469253540e-01 -3.276770412921905518e-01
6.160807013511657715e-01 1.546908617019653320e-01 -3.265752494335174561e-01
5.671142339706420898e-01 -7.057069800794124603e-03 -3.120110630989074707e-01
4.573208689689636230e-01 -7.242385298013687134e-02 -3.312040567398071289e-01
3.770964145660400391e-01 -2.373773604631423950e-01 -2.849366068840026855e-01
3.254180848598480225e-01 -4.440716505050659180e-01 -2.019455134868621826e-01
3.885716199874877930e-01 -5.854929089546203613e-01 -1.704581677913665771e-01
2.314726561307907104e-01 -6.299780011177062988e-01 -8.909083157777786255e-02
2.248028814792633057e-01 -4.848183691501617432e-01 1.960258632898330688e-01
3.973880112171173096e-01 -4.115324020385742188e-01 3.693258762359619141e-01
3.598547577857971191e-01 -3.954105675220489502e-01 4.334711730480194092e-01
3.214083909988403320e-01 -3.801735341548919678e-01 4.193128645420074463e-01
2.608385980129241943e-01 -2.365229725837707520e-01 4.789766669273376465e-01
2.271002829074859619e-01 -2.956490814685821533e-01 5.163818001747131348e-01
2.198851257562637329e-01 -2.737522423267364502e-01 5.174953341484069824e-01
1.351798325777053833e-01 -3.269737660884857178e-01 5.266705751419067383e-01
1.539926975965499878e-01 -3.689371049404144287e-01 4.935842752456665039e-01
1.877112984657287598e-01 -4.260720908641815186e-01 4.600995481014251709e-01
2.805113792419433594e-01 -3.518435657024383545e-01 4.481686651706695557e-01
3.596756756305694580e-01 -4.190339148044586182e-01 4.009020328521728516e-01
4.399265646934509277e-01 -4.274901449680328369e-01 4.251443445682525635e-01
4.124654531478881836e-01 -4.367968142032623291e-01 4.922758638858795166e-01
3.860477805137634277e-01 -4.736256897449493408e-01 4.533744156360626221e-01
4.898576438426971436e-01 -5.331235527992248535e-01 4.104192554950714111e-01
4.149012863636016846e-01 -5.625054240226745605e-01 3.473792970180511475e-01
2.567053139209747314e-01 -6.611334085464477539e-01 2.667039334774017334e-01
3.389797806739807129e-01 -5.735794305801391602e-01 2.537457644939422607e-01
3.079885840415954590e-01 -4.707635939121246338e-01 2.569462656974792480e-01
3.243477940559387207e-01 -2.374856770038604736e-01 2.742208838462829590e-01
1.690674573183059692e-01 1.058266386389732361e-01 1.263247430324554443e-01
6.740213930606842041e-02 3.616007566452026367e-01 -2.833643555641174316e-02
1.206248067319393158e-02 4.183839857578277588e-01 -1.096949204802513123e-01
-1.168682202696800232e-01 3.309997320175170898e-01 -2.396591454744338989e-01
-3.110296726226806641e-01 4.364815950393676758e-01 -2.438948154449462891e-01
-3.025351464748382568e-01 4.267762303352355957e-01 -3.213791549205780029e-01
-2.054658979177474976e-01 4.157164394855499268e-01 -3.031352758407592773e-01
-2.485064864158630371e-01 4.641907215118408203e-01 -3.055793941020965576e-01
-3.272216618061065674e-01 5.668085813522338867e-01 -2.652001082897186279e-01
-2.169493138790130615e-01 5.486426949501037598e-01 -1.813830584287643433e-01
8.220412582159042358e-02 5.323417186737060547e-01 -8.235421776771545410e-02
3.034412860870361328e-01 5.281389951705932617e-01 9.099433198571205139e-03
3.330140113830566406e-01 4.328029453754425049e-01 6.249394640326499939e-02
3.910762667655944824e-01 1.456337273120880127e-01 6.736068427562713623e-02
4.488749802112579346e-01 -1.434469372034072876e-01 8.440631628036499023e-02
4.754849374294281006e-01 -3.423433303833007812e-01 1.015537753701210022e-01
4.690279066562652588e-01 -4.394600689411163330e-01 2.400061935186386108e-01
3.937997817993164062e-01 -5.201271176338195801e-01 2.909086346626281738e-01
4.998966753482818604e-01 -5.235302448272705078e-01 3.214243948459625244e-01
4.534447789192199707e-01 -4.771505296230316162e-01 3.797803819179534912e-01
4.184138476848602295e-01 -4.537856876850128174e-01 4.810942411422729492e-01
4.599090218544006348e-01 -3.904955387115478516e-01 5.722781419754028320e-01
4.441660046577453613e-01 -3.861270248889923096e-01 5.555474758148193359e-01
3.192736804485321045e-01 -4.287445545196533203e-01 5.386496186256408691e-01
3.575554192066192627e-01 -4.210160076618194580e-01 6.169820427894592285e-01
4.431819915771484375e-01 -4.437985420227050781e-01 5.837649703025817871e-01
3.655925989151000977e-01 -4.892830252647399902e-01 5.658422708511352539e-01
3.198509216308593750e-01 -5.145161747932434082e-01 5.799953937530517578e-01
3.259496092796325684e-01 -4.979955255985260010e-01 5.748717784881591797e-01
2.872223258018493652e-01 -4.956333041191101074e-01 5.671707987785339355e-01
4.513773024082183838e-01 -2.905647456645965576e-01 6.266349554061889648e-01
4.469010531902313232e-01 -4.610701799392700195e-01 5.940694808959960938e-01
