5.532119870185852051e-01 2.559711039066314697e-01 -5.656256079673767090e-01
5.031391978263854980e-01 2.473464757204055786e-01 -5.478346347808837891e-01
4.328942000865936279e-01 2.211757749319076538e-01 -5.471406579017639160e-01
5.082704424858093262e-01 1.606664657592773438e-01 -5.668461918830871582e-01
4.695907831192016602e-01 3.133168816566467285e-01 -5.316816568374633789e-01
4.913818836212158203e-01 2.041075229644775391e-01 -5.593221783638000488e-01
4.974459707736968994e-01 2.311564981937408447e-01 -5.575922727584838867e-01
5.745738744735717773e-01 1.715554594993591309e-01 -5.351293087005615234e-01
5.481503605842590332e-01 1.784421503543853760e-01 -5.092985630035400391e-01
5.744222402572631836e-01 2.184074372053146362e-02 -5.284090638160705566e-01
5.615494251251220703e-01 -1.147947385907173157e-01 -5.074367523193359375e-01
4.650759398937225342e-01 -1.910971999168395996e-01 -4.298049211502075195e-01
3.034199476242065430e-01 -2.850807309150695801e-01 -3.505644500255584717e-01
2.629143297672271729e-01 -4.098049104213714600e-01 -3.134813606739044189e-01
3.370933234691619873e-01 -3.484330773353576660e-01 -8.289612829685211182e-02
3.651293516159057617e-01 -3.992669284343719482e-01 -2.011225745081901550e-02
4.241884946823120117e-01 -2.764526903629302979e-01 2.483233660459518433e-01
4.793620705604553223e-01 -1.520000547170639038e-01 3.408639729022979736e-01
3.224217891693115234e-01 -1.660715341567993164e-01 4.089365899562835693e-01
1.414840966463088989e-01 -1.601141691207885742e-01 3.467498421669006348e-01
2.962007820606231689e-01 -4.429187625646591187e-02 5.151148438453674316e-01
2.722465097904205322e-01 -1.637359261512756348e-01 4.569459557533264160e-01
2.719238698482513428e-01 -1.592310816049575806e-01 4.593100547790527344e-01
2.335615903139114380e-01 -1.576198786497116089e-01 4.839711487293243408e-01
2.581658959388732910e-01 -1.565179526805877686e-01 4.769470095634460449e-01
1.902496963739395142e-01 -2.022377401590347290e-01 5.383050441741943359e-01
1.828599534928798676e-02 -2.238236516714096069e-01 5.229017138481140137e-01
1.397714167833328247e-01 -2.241662591695785522e-01 4.851984977722167969e-01
4.785511270165443420e-02 -1.912624537944793701e-01 4.767490327358245850e-01
-6.089482456445693970e-02 -1.777591407299041748e-01 4.601128995418548584e-01
-5.758805572986602783e-02 -2.229203879833221436e-01 4.797365963459014893e-01
6.646330439252778888e-05 -3.168184459209442139e-01 4.389171600341796875e-01
3.289573267102241516e-02 -2.825013697147369385e-01 4.573158323764801025e-01
-5.516747023648349568e-06 -3.282819688320159912e-01 4.590544998645782471e-01
-1.735883206129074097e-02 -3.483349382877349854e-01 4.114363491535186768e-01
2.359844744205474854e-02 -2.501681149005889893e-01 4.549788832664489746e-01
3.654974699020385742e-02 -4.274092912673950195e-01 3.899968564510345459e-01
1.446096897125244141e-01 -3.892584741115570068e-01 3.618593811988830566e-01
4.226982221007347107e-02 -5.165528059005737305e-01 2.346248477697372437e-01
-1.522358506917953491e-01 -4.728117883205413818e-01 2.442155480384826660e-01
6.807779520750045776e-02 -2.953683137893676758e-01 1.817018687725067139e-01
2.251970767974853516e-01 -6.760181486606597900e-02 9.923943132162094116e-02
2.140134423971176147e-01 -1.132485717535018921e-01 8.757840842008590698e-02
2.289785295724868774e-01 6.399690639227628708e-03 2.804199792444705963e-02
1.413195878267288208e-01 2.199030071496963501e-01 -1.424598097801208496e-01
-3.587857633829116821e-02 3.409747481346130371e-01 -1.577561795711517334e-01
-7.162576168775558472e-02 2.777767181396484375e-01 -2.318086624145507812e-01
-2.044017314910888672e-01 3.795183598995208740e-01 -2.581548690795898438e-01
-3.770388960838317871e-01 4.589769244194030762e-01 -2.473514676094055176e-01
-4.014861881732940674e-01 4.063179790973663330e-01 -2.372072190046310425e-01
-5.023573040962219238e-01 4.259514808654785156e-01 -1.974337399005889893e-01
-5.328894257545471191e-01 1.942148953676223755e-01 -2.283905893564224243e-01
-5.209838747978210449e-01 1.377279460430145264e-01 -2.195173799991607666e-01
-5.065233111381530762e-01 2.012647688388824463e-01 -2.364696562290191650e-01
-5.612582564353942871e-01 1.672082096338272095e-01 -1.870850026607513428e-01
-4.650412201881408691e-01 2.701473236083984375e-01 -1.408230960369110107e-01
-4.381821453571319580e-01 2.893507182598114014e-01 -1.584712117910385132e-01
-3.999409079551696777e-01 3.365229070186614990e-01 -9.826012700796127319e-02
-2.040842473506927490e-01 3.560172319412231445e-01 2.807539887726306915e-02
9.679584763944149017e-03 3.645237386226654053e-01 1.235777959227561951e-01
5.523015931248664856e-02 2.058780640363693237e-01 1.453260034322738647e-01
-2.125819772481918335e-02 -2.570257522165775299e-02 2.243945449590682983e-01
-3.173860907554626465e-02 -3.704500794410705566e-01 2.442355155944824219e-01
2.184192836284637451e-01 -3.780228495597839355e-01 2.738873958587646484e-01
1.771588623523712158e-01 -5.750756859779357910e-01 2.272604703903198242e-01
1.886716037988662720e-01 -5.111886858940124512e-01 3.388564288616180420e-01
1.863538622856140137e-01 -4.893943071365356445e-01 4.195595383644104004e-01
2.755048871040344238e-01 -4.426293373107910156e-01 4.834135174751281738e-01
2.172481566667556763e-01 -3.602331280708312988e-01 5.117373466491699219e-01
2.101079374551773071e-01 -3.038305938243865967e-01 4.823149740695953369e-01
2.316508591175079346e-01 -3.342345654964447021e-01 4.840232133865356445e-01
2.559357583522796631e-01 -3.543605804443359375e-01 4.856257438659667969e-01
1.429812908172607422e-01 -3.354033827781677246e-01 4.865989089012145996e-01
1.972825676202774048e-01 -2.631998360157012939e-01 5.468415617942810059e-01
3.383792638778686523e-01 -2.522530257701873779e-01 5.287910699844360352e-01
2.734667658805847168e-01 -2.677634358406066895e-01 5.396875143051147461e-01
3.825774192810058594e-01 -3.192856311798095703e-01 5.499989986419677734e-01
4.768226444721221924e-01 -4.173529446125030518e-01 4.997904598712921143e-01
4.191042780876159668e-01 -5.101846456527709961e-01 4.867091774940490723e-01
2.389591038227081299e-01 -6.248760223388671875e-01 4.342027008533477783e-01
2.531287670135498047e-01 -5.639851689338684082e-01 2.984856069087982178e-01
3.705213367938995361e-01 -5.791653990745544434e-01 2.031169272959232330e-02
3.785003125667572021e-01 -4.891564249992370605e-01 -1.534092426300048828e-01
4.033165872097015381e-01 -2.888456881046295166e-01 -4.245906472206115723e-01
4.559884965419769287e-01 -2.472358047962188721e-01 -4.050798714160919189e-01
5.574293136596679688e-01 -9.116948395967483521e-02 -4.205431938171386719e-01
6.090359687805175781e-01 1.597354263067245483e-01 -4.065167307853698730e-01
6.056244373321533203e-01 2.548948824405670166e-01 -4.285854697227478027e-01
6.008530259132385254e-01 2.253318279981613159e-01 -4.316520094871520996e-01
5.948496460914611816e-01 2.113027572631835938e-01 -4.106151461601257324e-01
6.251658201217651367e-01 2.044552862644195557e-01 -4.393340945243835449e-01
5.889814496040344238e-01 1.532496213912963867e-01 -4.449395835399627686e-01
5.886110663414001465e-01 1.172628104686737061e-01 -4.359249472618103027e-01
5.680702924728393555e-01 1.885954439640045166e-01 -3.952120542526245117e-01
5.913720726966857910e-01 1.393707096576690674e-01 -4.176503717899322510e-01
5.628773570060729980e-01 -7.038319017738103867e-03 -4.246239066123962402e-01
4.916258752346038818e-01 1.743672601878643036e-02 -3.982369303703308105e-01
3.658811450004577637e-01 -2.067553699016571045e-01 -4.489580988883972168e-01
1.621883958578109741e-01 -3.797210752964019775e-01 -4.145935773849487305e-01
1.688694506883621216e-01 -4.581052362918853760e-01 -3.463622331619262695e-01
4.861042648553848267e-02 -5.149858593940734863e-01 -2.164541035890579224e-01
5.805669724941253662e-02 -5.661531686782836914e-01 -1.284241676330566406e-01
1.419146507978439331e-01 -5.405411720275878906e-01 -6.702626124024391174e-03
9.648459404706954956e-02 -5.044685602188110352e-01 1.507819592952728271e-01
4.320826381444931030e-02 -4.827785193920135498e-01 3.094286024570465088e-01
5.487085133790969849e-02 -3.698545098304748535e-01 3.991748690605163574e-01
9.754590690135955811e-02 -3.345430493354797363e-01 4.545019268989562988e-01
1.187962889671325684e-01 -3.419288992881774902e-01 4.400441050529479980e-01
1.821881532669067383e-01 -4.238538742065429688e-01 4.624968469142913818e-01
2.859565615653991699e-01 -4.378779232501983643e-01 4.886313378810882568e-01
1.996145546436309814e-01 -3.182696104049682617e-01 5.101916193962097168e-01
1.625912189483642578e-01 -3.328458368778228760e-01 5.361841320991516113e-01
2.245968729257583618e-01 -3.336187005043029785e-01 5.213533639907836914e-01
2.500680983066558838e-01 -2.754580676555633545e-01 5.503009557723999023e-01
1.560331135988235474e-01 -2.934212684631347656e-01 5.716111063957214355e-01
2.615051567554473877e-01 -3.172801434993743896e-01 5.473636984825134277e-01
3.382281661033630371e-01 -2.746339440345764160e-01 5.660572052001953125e-01
2.947563230991363525e-01 -3.466077148914337158e-01 5.518082380294799805e-01
2.500145733356475830e-01 -3.713866770267486572e-01 5.064980387687683105e-01
2.352165877819061279e-01 -4.289347529411315918e-01 4.660745561122894287e-01
1.607279777526855469e-01 -5.110995769500732422e-01 3.874920904636383057e-01
1.567384898662567139e-01 -5.615909099578857422e-01 3.083454668521881104e-01
1.177978813648223877e-01 -5.728974938392639160e-01 2.149077355861663818e-01
8.693203330039978027e-02 -4.916460812091827393e-01 1.526323854923248291e-01
7.224527746438980103e-02 -2.856300473213195801e-01 1.161863133311271667e-01
4.452700540423393250e-02 3.170933201909065247e-02 1.114247888326644897e-01
1.005365997552871704e-01 1.542993634939193726e-01 1.630688272416591644e-02
7.439074665307998657e-02 2.734765112400054932e-01 -6.673065572977066040e-02
4.145675152540206909e-02 2.533503472805023193e-01 -1.409157514572143555e-01
7.152848690748214722e-02 3.244036138057708740e-01 -1.391674131155014038e-01
7.221136707812547684e-03 3.551644682884216309e-01 -1.308017522096633911e-01
-5.738097056746482849e-02 3.047369718551635742e-01 -1.629139333963394165e-01
-2.529593184590339661e-02 3.312983214855194092e-01 -1.632306724786758423e-01
-1.169826611876487732e-01 3.021465837955474854e-01 -1.942505389451980591e-01
-1.081226542592048645e-01 3.478386998176574707e-01 -1.630781143903732300e-01
-6.325134634971618652e-02 3.483549654483795166e-01 -1.740618199110031128e-01
6.337850540876388550e-02 3.964695930480957031e-01 -1.142805963754653931e-01
1.660535931587219238e-01 3.724475800991058350e-01 -4.155032709240913391e-02
1.781966686248779297e-01 3.776296973228454590e-01 -3.038383461534976959e-02
2.076430618762969971e-01 2.838215827941894531e-01 7.448922842741012573e-02
1.576763391494750977e-01 -4.374998435378074646e-02 7.624360918998718262e-02
3.262173235416412354e-01 -2.622818648815155029e-01 8.911200612783432007e-02
4.284758865833282471e-01 -3.552609980106353760e-01 1.214398890733718872e-01
3.914943039417266846e-01 -4.005782604217529297e-01 2.188107371330261230e-01
3.562245965003967285e-01 -3.401638567447662354e-01 4.019933938980102539e-01
2.833395004272460938e-01 -1.737301647663116455e-01 3.893876075744628906e-01
2.831286489963531494e-01 -1.707900166511535645e-01 4.272787570953369141e-01
2.946809828281402588e-01 -2.654062807559967041e-01 5.011361241340637207e-01
3.881553709506988525e-01 -3.474479019641876221e-01 4.803374707698822021e-01
2.891293168067932129e-01 -3.341788351535797119e-01 4.640802741050720215e-01
2.126149535179138184e-01 -4.017199277877807617e-01 4.193483293056488037e-01
2.713501751422882080e-01 -2.705265581607818604e-01 4.000869095325469971e-01
4.106030464172363281e-01 -2.950784564018249512e-01 4.071683287620544434e-01
4.676002264022827148e-01 -4.594622254371643066e-01 4.885232150554656982e-01
4.190161824226379395e-01 -5.741246938705444336e-01 5.071674585342407227e-01
4.940373301506042480e-01 -4.578070342540740967e-01 5.503578186035156250e-01
4.918434917926788330e-01 -2.632684409618377686e-01 1.538076400756835938e-01
