5.656372904777526855e-01 4.675188660621643066e-01 -5.084715485572814941e-01
4.495199322700500488e-01 4.324563145637512207e-01 -5.245848894119262695e-01
5.111706256866455078e-01 3.867011666297912598e-01 -5.447158217430114746e-01
5.483175516128540039e-01 3.750078678131103516e-01 -5.684137940406799316e-01
5.699981451034545898e-01 3.349217474460601807e-01 -5.774976611137390137e-01
5.483385324478149414e-01 3.612695932388305664e-01 -5.415521860122680664e-01
5.854603052139282227e-01 2.335317879915237427e-01 -5.819612145423889160e-01
6.028093099594116211e-01 1.473836451768875122e-01 -5.751213431358337402e-01
5.821136832237243652e-01 6.917506456375122070e-02 -5.022840499877929688e-01
5.191402435302734375e-01 -1.370233595371246338e-01 -4.564109742641448975e-01
3.377609848976135254e-01 -2.556967735290527344e-01 -3.136268854141235352e-01
1.767703443765640259e-01 -3.609480559825897217e-01 -2.899780869483947754e-01
4.615199938416481018e-02 -3.125769197940826416e-01 -1.390584856271743774e-01
9.156438708305358887e-02 -3.535897433757781982e-01 2.526232786476612091e-02
3.554657846689224243e-02 -4.142824411392211914e-01 1.735808551311492920e-01
2.100016176700592041e-02 -4.383059442043304443e-01 2.939223349094390869e-01
7.593401521444320679e-02 -2.839021086692810059e-01 4.182365536689758301e-01
-6.634386721998453140e-03 -2.696605622768402100e-01 3.854022920131683350e-01
-9.763120114803314209e-02 -3.605471253395080566e-01 2.937655150890350342e-01
-1.692863255739212036e-01 -3.957291543483734131e-01 2.963676452636718750e-01
-2.456407062709331512e-02 -3.253512382507324219e-01 3.726966679096221924e-01
-6.131451949477195740e-02 -3.180540502071380615e-01 4.117492139339447021e-01
7.302056998014450073e-02 -3.398066759109497070e-01 4.287382364273071289e-01
6.843063980340957642e-02 -3.512674272060394287e-01 4.177367985248565674e-01
6.078657135367393494e-02 -1.925517171621322632e-01 4.827726781368255615e-01
7.316886447370052338e-03 -1.629988700151443481e-01 4.836353063583374023e-01
6.149647384881973267e-02 -2.590627074241638184e-01 4.795873463153839111e-01
-2.048878744244575500e-02 -1.970261037349700928e-01 5.182769894599914551e-01
1.315326392650604248e-01 -1.738690435886383057e-01 4.921473264694213867e-01
2.122641205787658691e-01 -2.165284305810928345e-01 5.148898959159851074e-01
1.686435490846633911e-01 -2.332578003406524658e-01 5.250380039215087891e-01
1.914564520120620728e-01 -1.958834528923034668e-01 5.444635748863220215e-01
2.049737125635147095e-01 -2.797501385211944580e-01 5.163844823837280273e-01
1.724475324153900146e-01 -3.261698782444000244e-01 4.810134768486022949e-01
2.178242653608322144e-01 -3.538810014724731445e-01 4.490355253219604492e-01
2.601336240768432617e-01 -4.123819172382354736e-01 3.728875517845153809e-01
1.719992011785507202e-01 -4.636633992195129395e-01 3.099173307418823242e-01
2.236774191260337830e-02 -5.641571283340454102e-01 1.684740781784057617e-01
-8.084347844123840332e-02 -3.908976018428802490e-01 1.755822896957397461e-01
-1.826946586370468140e-01 -1.212785243988037109e-01 1.549529582262039185e-01
-2.232268080115318298e-02 1.450833976268768311e-01 1.070343255996704102e-01
1.118715927004814148e-01 3.185901045799255371e-01 3.122581355273723602e-02
1.944446712732315063e-01 4.218645989894866943e-01 -6.561701884493231773e-04
8.118579536676406860e-02 4.275715947151184082e-01 -1.996973156929016113e-02
-1.549042165279388428e-01 3.720630109310150146e-01 -1.072957515716552734e-01
-2.414741218090057373e-01 3.861137628555297852e-01 -1.810212433338165283e-01
-3.369143307209014893e-01 4.250483512878417969e-01 -1.454462409019470215e-01
-3.955996930599212646e-01 4.131532609462738037e-01 -1.595006287097930908e-01
-3.846730589866638184e-01 3.493071794509887695e-01 -1.386751234531402588e-01
-2.126434445381164551e-01 4.085256159305572510e-01 -2.215117216110229492e-02
-3.240833804011344910e-02 4.371831715106964111e-01 1.054061800241470337e-01
1.516795456409454346e-01 4.108645021915435791e-01 1.552630513906478882e-01
2.094505280256271362e-01 3.429280519485473633e-01 1.485310792922973633e-01
1.606685668230056763e-01 2.251903414726257324e-01 1.955467462539672852e-01
2.219311743974685669e-01 -6.926838774234056473e-03 2.413368672132492065e-01
1.499072760343551636e-01 -2.502952814102172852e-01 2.772235870361328125e-01
1.451274454593658447e-01 -4.497533440589904785e-01 2.547982633113861084e-01
2.808914184570312500e-01 -5.179092884063720703e-01 3.041769564151763916e-01
1.725820153951644897e-01 -4.635893702507019043e-01 3.612869679927825928e-01
1.432628929615020752e-01 -5.262673497200012207e-01 3.695510923862457275e-01
1.274454742670059204e-01 -4.968160688877105713e-01 4.458730518817901611e-01
1.888249665498733521e-01 -4.225535690784454346e-01 4.465430378913879395e-01
2.162138223648071289e-01 -3.893500268459320068e-01 4.371916353702545166e-01
2.225591242313385010e-01 -3.885082602500915527e-01 4.917950332164764404e-01
1.339984387159347534e-01 -3.586699664592742920e-01 5.053478479385375977e-01
2.221786975860595703e-01 -3.483715951442718506e-01 5.068361163139343262e-01
2.564544379711151123e-01 -2.817237973213195801e-01 5.000025033950805664e-01
2.557603716850280762e-01 -2.801234424114227295e-01 5.387068986892700195e-01
2.670131623744964600e-01 -3.156915903091430664e-01 5.362038612365722656e-01
1.565954387187957764e-01 -3.494468033313751221e-01 5.167257785797119141e-01
1.442932635545730591e-01 -3.400080502033233643e-01 4.922136366367340088e-01
2.700030803680419922e-01 -4.007630944252014160e-01 4.643669128417968750e-01
1.966938525438308716e-01 -4.925493299961090088e-01 4.185843169689178467e-01
1.609223634004592896e-01 -5.953243970870971680e-01 3.537969291210174561e-01
-4.856361448764801025e-02 -6.993329524993896484e-01 3.166052103042602539e-01
-6.885080039501190186e-02 -7.253288030624389648e-01 2.806653380393981934e-01
-5.909541249275207520e-02 -6.449083089828491211e-01 2.086033858358860016e-02
1.620751768350601196e-01 -4.969740509986877441e-01 -4.420167580246925354e-02
2.157882601022720337e-01 -2.302007526159286499e-01 -2.687014043331146240e-01
3.680123984813690186e-01 1.091621592640876770e-01 -4.264692068099975586e-01
5.148364901542663574e-01 6.677425652742385864e-02 -4.943690299987792969e-01
5.620086789131164551e-01 2.519551813602447510e-01 -5.089686512947082520e-01
5.280460715293884277e-01 4.177990257740020752e-01 -4.764337241649627686e-01
5.386283993721008301e-01 3.731748759746551514e-01 -4.863168895244598389e-01
5.072684288024902344e-01 2.859040200710296631e-01 -4.962294697761535645e-01
4.934145212173461914e-01 4.043262302875518799e-01 -4.840716421604156494e-01
5.370950698852539062e-01 4.468135833740234375e-01 -4.976555705070495605e-01
5.088921189308166504e-01 4.436384439468383789e-01 -5.129155516624450684e-01
4.002675116062164307e-01 3.266361951828002930e-01 -5.926929712295532227e-01
1.008385792374610901e-01 3.012689352035522461e-01 -6.207790970802307129e-01
6.969251483678817749e-02 3.392663300037384033e-01 -6.250144243240356445e-01
1.565333306789398193e-01 3.984745442867279053e-01 -6.085245013236999512e-01
-9.537977725267410278e-02 3.918381631374359131e-01 -6.007931232452392578e-01
-3.347531557083129883e-01 4.206475615501403809e-01 -5.613745450973510742e-01
-3.631257712841033936e-01 4.468445777893066406e-01 -5.506107211112976074e-01
-3.079775869846343994e-01 4.464008212089538574e-01 -5.630198121070861816e-01
-3.630982339382171631e-01 4.203711450099945068e-01 -5.792164802551269531e-01
-4.853527545928955078e-01 4.117991030216217041e-01 -5.643758177757263184e-01
-5.349379181861877441e-01 4.439664781093597412e-01 -5.259224176406860352e-01
-5.369969606399536133e-01 3.941624164581298828e-01 -5.503973364830017090e-01
-5.005472898483276367e-01 3.441135883331298828e-01 -5.806472301483154297e-01
-5.342930555343627930e-01 3.103421032428741455e-01 -5.895239710807800293e-01
-5.188088417053222656e-01 3.268281817436218262e-01 -5.827904343605041504e-01
-5.464489459991455078e-01 1.034246012568473816e-01 -5.586557388305664062e-01
-5.620379447937011719e-01 4.466381669044494629e-02 -5.009345412254333496e-01
-4.304379224777221680e-01 9.336932748556137085e-02 -3.835093379020690918e-01
-2.292254567146301270e-02 -4.633760824799537659e-02 -3.504479825496673584e-01
7.912616431713104248e-02 -1.269206851720809937e-01 -3.590398728847503662e-01
