5.295631885528564453e-01 2.992137372493743896e-01 -2.325092554092407227e-01
5.460054278373718262e-01 2.831666171550750732e-01 -3.475772142410278320e-01
5.448635220527648926e-01 4.087686538696289062e-01 -3.194160461425781250e-01
5.568841695785522461e-01 1.499625444412231445e-01 -4.733385741710662842e-01
4.897314608097076416e-01 3.989348113536834717e-01 -3.511007726192474365e-01
4.064755737781524658e-01 4.091174006462097168e-01 -3.977731168270111084e-01
4.450740218162536621e-01 4.390780627727508545e-01 -3.781153857707977295e-01
3.750662207603454590e-01 3.186012506484985352e-01 -4.060379564762115479e-01
4.779731631278991699e-01 2.263360917568206787e-01 -4.789853990077972412e-01
5.109643340110778809e-01 8.274465054273605347e-02 -4.866142272949218750e-01
5.028227567672729492e-01 -5.600158125162124634e-02 -4.416570067405700684e-01
4.892776608467102051e-01 -5.998761206865310669e-02 -3.727756440639495850e-01
3.143901824951171875e-01 -1.207633018493652344e-01 -3.591234683990478516e-01
6.318219006061553955e-02 -3.303226232528686523e-01 -3.337480425834655762e-01
5.425955168902873993e-03 -4.198582172393798828e-01 -2.614178061485290527e-01
1.664913296699523926e-01 -3.722302317619323730e-01 -8.601295202970504761e-02
1.805187314748764038e-01 -4.231958091259002686e-01 1.620357334613800049e-01
1.678068041801452637e-01 -4.377112388610839844e-01 1.683366000652313232e-01
2.211133539676666260e-01 -4.666738212108612061e-01 2.201057374477386475e-01
3.261505961418151855e-01 -3.531417250633239746e-01 3.621028065681457520e-01
2.386885285377502441e-01 -3.393107950687408447e-01 4.115344882011413574e-01
7.901582866907119751e-02 -4.859781861305236816e-01 3.349698781967163086e-01
1.869190931320190430e-01 -4.385279417037963867e-01 3.175087273120880127e-01
2.983802556991577148e-01 -4.062916636466979980e-01 3.923042416572570801e-01
2.657699286937713623e-01 -4.500019550323486328e-01 3.523195087909698486e-01
1.816989928483963013e-01 -4.582875967025756836e-01 3.896200656890869141e-01
1.593542546033859253e-01 -4.872556030750274658e-01 3.270712196826934814e-01
1.810189783573150635e-01 -4.577467739582061768e-01 3.731655180454254150e-01
1.712425053119659424e-01 -4.057253301143646240e-01 4.187751114368438721e-01
1.361409276723861694e-01 -4.262663722038269043e-01 4.209364354610443115e-01
3.717671334743499756e-02 -4.116393029689788818e-01 4.444732069969177246e-01
1.775348782539367676e-01 -4.792639911174774170e-01 3.579923510551452637e-01
2.188828736543655396e-01 -4.195270538330078125e-01 3.598545789718627930e-01
1.928154379129409790e-01 -3.820675015449523926e-01 3.721873760223388672e-01
2.895116209983825684e-01 -2.993800044059753418e-01 4.187247157096862793e-01
1.714074611663818359e-01 -3.565720617771148682e-01 4.011636972427368164e-01
1.497950851917266846e-01 -4.116495251655578613e-01 3.559692800045013428e-01
2.571637928485870361e-01 -4.571658074855804443e-01 2.706276178359985352e-01
1.902489662170410156e-01 -5.912486910820007324e-01 1.662554293870925903e-01
2.792234905064105988e-02 -6.249901056289672852e-01 1.267927139997482300e-01
-3.148835524916648865e-02 -4.412263035774230957e-01 1.379128694534301758e-01
-4.238643497228622437e-02 -2.695717215538024902e-01 1.157840564846992493e-01
9.219809621572494507e-02 1.491281986236572266e-01 1.405038088560104370e-01
2.211840599775314331e-01 3.800681531429290771e-01 8.437374234199523926e-02
9.138365834951400757e-02 4.989740550518035889e-01 2.921128273010253906e-02
-2.345413565635681152e-01 4.234384298324584961e-01 -1.344282478094100952e-01
-3.494267463684082031e-01 3.884054422378540039e-01 -2.232736498117446899e-01
-4.382266104221343994e-01 4.099046587944030762e-01 -2.258350402116775513e-01
-4.163709282875061035e-01 3.904336094856262207e-01 -2.433035522699356079e-01
-4.291239976882934570e-01 3.567886352539062500e-01 -2.632249295711517334e-01
-3.139701485633850098e-01 3.503282070159912109e-01 -2.112257331609725952e-01
-3.097819983959197998e-01 3.952423036098480225e-01 -1.362978816032409668e-01
-1.213335394859313965e-01 3.972845077514648438e-01 -6.588748097419738770e-02
8.763965219259262085e-02 5.227405428886413574e-01 1.557009816169738770e-01
2.648897469043731689e-01 4.431588351726531982e-01 1.603692919015884399e-01
2.443983852863311768e-01 4.023844599723815918e-01 2.280099540948867798e-01
3.373253643512725830e-01 1.447412222623825073e-01 2.340048700571060181e-01
3.612267673015594482e-01 -1.474947631359100342e-01 2.656320929527282715e-01
3.946698606014251709e-01 -3.080960810184478760e-01 2.614546716213226318e-01
3.856914341449737549e-01 -4.632185399532318115e-01 2.913079559803009033e-01
2.850228548049926758e-01 -5.043913125991821289e-01 3.286706805229187012e-01
2.736129164695739746e-01 -5.005852580070495605e-01 3.929583728313446045e-01
3.851997554302215576e-01 -4.422082006931304932e-01 4.630333185195922852e-01
3.477559089660644531e-01 -3.583007752895355225e-01 4.700807332992553711e-01
4.552633762359619141e-01 -2.562346160411834717e-01 5.010918974876403809e-01
4.548733532428741455e-01 -2.976134717464447021e-01 5.128539800643920898e-01
4.391697347164154053e-01 -3.085651397705078125e-01 5.032008290290832520e-01
4.408637881278991699e-01 -1.971638649702072144e-01 5.472723245620727539e-01
4.604715108871459961e-01 -1.758953034877777100e-01 5.641133189201354980e-01
3.692021667957305908e-01 -1.524698883295059204e-01 5.506594777107238770e-01
3.554317355155944824e-01 -2.120113372802734375e-01 5.694941878318786621e-01
2.998922765254974365e-01 -2.500909268856048584e-01 5.731424093246459961e-01
4.104200005531311035e-01 -3.936488926410675049e-01 4.816389679908752441e-01
3.149540126323699951e-01 -5.063279867172241211e-01 4.455584585666656494e-01
3.898803889751434326e-02 -6.516779661178588867e-01 3.950056731700897217e-01
-3.445276990532875061e-02 -6.791917681694030762e-01 2.751072645187377930e-01
6.161842495203018188e-02 -6.361215710639953613e-01 1.273260861635208130e-01
1.686009317636489868e-01 -6.336409449577331543e-01 8.650686591863632202e-02
3.798515796661376953e-01 -4.359298944473266602e-01 -1.714172959327697754e-01
4.975056350231170654e-01 4.614181071519851685e-02 -4.438156485557556152e-01
5.706337690353393555e-01 1.316798478364944458e-01 -4.994551539421081543e-01
5.565180182456970215e-01 3.205024003982543945e-01 -4.900203645229339600e-01
5.914152264595031738e-01 3.002038300037384033e-01 -5.015421509742736816e-01
6.048853993415832520e-01 3.618073463439941406e-01 -4.782662987709045410e-01
6.024847626686096191e-01 4.031414091587066650e-01 -5.149300098419189453e-01
6.145941615104675293e-01 3.129622340202331543e-01 -5.395312905311584473e-01
6.112695932388305664e-01 3.205457627773284912e-01 -5.386623740196228027e-01
5.593070387840270996e-01 3.690818548202514648e-01 -5.204250216484069824e-01
5.676835179328918457e-01 3.642972409725189209e-01 -5.275434851646423340e-01
5.703587532043457031e-01 3.760307729244232178e-01 -5.532676577568054199e-01
4.929722547531127930e-01 4.091039299964904785e-01 -5.072058439254760742e-01
4.173345267772674561e-01 3.495379984378814697e-01 -5.024881362915039062e-01
3.730292916297912598e-01 3.473462164402008057e-01 -5.099022388458251953e-01
2.605771720409393311e-01 2.722715139389038086e-01 -5.528734922409057617e-01
6.129603087902069092e-02 3.217180073261260986e-01 -5.293104648590087891e-01
1.162771061062812805e-01 2.665264308452606201e-01 -5.545451641082763672e-01
-1.368013024330139160e-01 2.846851944923400879e-01 -5.421866774559020996e-01
-2.336774319410324097e-01 3.242997229099273682e-01 -5.169747471809387207e-01
-2.421894073486328125e-01 3.502188026905059814e-01 -5.082933306694030762e-01
-4.329238235950469971e-01 3.362441360950469971e-01 -4.993556737899780273e-01
-3.981915116310119629e-01 3.268951177597045898e-01 -4.796463847160339355e-01
-4.113794863224029541e-01 3.163570761680603027e-01 -4.818443655967712402e-01
-4.520587623119354248e-01 3.202481567859649658e-01 -4.729665517807006836e-01
-5.322542190551757812e-01 3.420638442039489746e-01 -4.661022126674652100e-01
-5.262398123741149902e-01 2.771235406398773193e-01 -4.649099409580230713e-01
-5.957633256912231445e-01 2.157151699066162109e-01 -4.427447915077209473e-01
-4.851633906364440918e-01 3.260581195354461670e-01 -4.382231831550598145e-01
-4.927456974983215332e-01 2.241612374782562256e-01 -4.507412612438201904e-01
-4.707893729209899902e-01 1.617286950349807739e-01 -4.883075654506683350e-01
-5.063816308975219727e-01 1.888918429613113403e-01 -4.760152399539947510e-01
-5.273478627204895020e-01 2.490563392639160156e-01 -3.850632011890411377e-01
-5.180287361145019531e-01 4.376876354217529297e-02 -3.868930339813232422e-01
-5.135368704795837402e-01 7.709314674139022827e-02 -3.324936926364898682e-01
