1.093208434690223496e-01
0.000000000000000000e+00
0.000000000000000000e+00
0.000000000000000000e+00
0.000000000000000000e+00
3.302900444248862630e-03
1.155421041880915108e-02
1.113321118984842741e-02
8.222245635570332029e-03
4.462875560793717715e-03
9.133869136211265546e-03
1.160514651820998382e-02
6.423946627847374607e-03
0.000000000000000000e+00
0.000000000000000000e+00
0.000000000000000000e+00
4.625680697900199506e-03
7.814187167558475991e-03
3.477220322637024786e-03
0.000000000000000000e+00
0.000000000000000000e+00
0.000000000000000000e+00
0.000000000000000000e+00
2.404386768744293945e-05
0.000000000000000000e+00
0.000000000000000000e+00
0.000000000000000000e+00
0.000000000000000000e+00
0.000000000000000000e+00
0.000000000000000000e+00
0.000000000000000000e+00
0.000000000000000000e+00
1.546264732781611100e-03
4.164826424426696858e-03
3.219221022129072421e-03
5.094690480758971504e-03
7.845092836067144026e-03
6.673139889379612298e-03
2.516924712582337999e-04
0.000000000000000000e+00
0.000000000000000000e+00
2.299816893561771117e-03
6.239479222909988243e-03
1.432348548285700433e-03
0.000000000000000000e+00
0.000000000000000000e+00
0.000000000000000000e+00
1.043439539737598190e-02
1.019853247948519087e-02
1.522099579916290184e-03
0.000000000000000000e+00
0.000000000000000000e+00
0.000000000000000000e+00
0.000000000000000000e+00
0.000000000000000000e+00
0.000000000000000000e+00
0.000000000000000000e+00
0.000000000000000000e+00
0.000000000000000000e+00
0.000000000000000000e+00
0.000000000000000000e+00
0.000000000000000000e+00
0.000000000000000000e+00
5.015288933875317046e-01
9.065263771059983711e-01
8.959201610399600835e-01
4.733369770586035585e-01
0.000000000000000000e+00
0.000000000000000000e+00
0.000000000000000000e+00
0.000000000000000000e+00
0.000000000000000000e+00
0.000000000000000000e+00
0.000000000000000000e+00
0.000000000000000000e+00
0.000000000000000000e+00
0.000000000000000000e+00
0.000000000000000000e+00
0.000000000000000000e+00
0.000000000000000000e+00
8.731033281465048340e-03
1.480646878833082394e-02
5.991105555155534432e-03
0.000000000000000000e+00
0.000000000000000000e+00
0.000000000000000000e+00
0.000000000000000000e+00
0.000000000000000000e+00
0.000000000000000000e+00
0.000000000000000000e+00
2.720936709391771902e-01
