1.007707419457940790e-01
0.000000000000000000e+00
0.000000000000000000e+00
0.000000000000000000e+00
8.406356535590920817e-03
3.858088858953420946e-03
1.070742303401568587e-03
1.025429425884224815e-03
3.551156502133852484e-03
8.263162844216659364e-03
6.676025006489767419e-03
0.000000000000000000e+00
0.000000000000000000e+00
7.242599526681288381e-04
4.028597442509439762e-03
1.109318340583988032e-02
0.000000000000000000e+00
0.000000000000000000e+00
0.000000000000000000e+00
0.000000000000000000e+00
9.647872044754788462e-03
1.496339343196437764e-02
4.963908305921015465e-03
0.000000000000000000e+00
0.000000000000000000e+00
0.000000000000000000e+00
0.000000000000000000e+00
0.000000000000000000e+00
0.000000000000000000e+00
0.000000000000000000e+00
2.709709340475496570e-03
4.533853117011981716e-03
1.319740773587516763e-03
0.000000000000000000e+00
0.000000000000000000e+00
0.000000000000000000e+00
0.000000000000000000e+00
0.000000000000000000e+00
0.000000000000000000e+00
0.000000000000000000e+00
0.000000000000000000e+00
0.000000000000000000e+00
0.000000000000000000e+00
0.000000000000000000e+00
2.640358053103715741e-01
4.672903541321009602e-01
4.569602309099252690e-01
2.367933203798068265e-01
0.000000000000000000e+00
0.000000000000000000e+00
0.000000000000000000e+00
0.000000000000000000e+00
0.000000000000000000e+00
0.000000000000000000e+00
0.000000000000000000e+00
0.000000000000000000e+00
0.000000000000000000e+00
3.594337700767259725e-03
6.150158202364607030e-03
5.638084830741886544e-03
0.000000000000000000e+00
2.848040598809327677e-03
5.145181867840915857e-03
2.823713732373501518e-03
0.000000000000000000e+00
0.000000000000000000e+00
0.000000000000000000e+00
0.000000000000000000e+00
8.330931856183762746e-04
4.924012833015607195e-03
1.650077494429344049e-03
0.000000000000000000e+00
0.000000000000000000e+00
0.000000000000000000e+00
0.000000000000000000e+00
0.000000000000000000e+00
0.000000000000000000e+00
0.000000000000000000e+00
0.000000000000000000e+00
0.000000000000000000e+00
2.714851574745984486e-01
4.663719772522371687e-01
6.208031225890781046e-01
6.321739387930086496e-01
4.856427954000384628e-01
2.720593729609963041e-01
0.000000000000000000e+00
0.000000000000000000e+00
0.000000000000000000e+00
0.000000000000000000e+00
0.000000000000000000e+00
0.000000000000000000e+00
0.000000000000000000e+00
9.980851312351012462e-04
3.677293087128195598e-03
4.172890051101451475e-03
1.719849549485655401e-03
1.964246533529035842e-03
1.973317194711030325e-03
2.455308166911294911e-03
1.242482115278481687e-03
0.000000000000000000e+00
0.000000000000000000e+00
0.000000000000000000e+00
0.000000000000000000e+00
0.000000000000000000e+00
0.000000000000000000e+00
0.000000000000000000e+00
4.670721602594421484e-03
9.367971581368596604e-03
1.053702103440386749e-02
7.179553286034636925e-03
0.000000000000000000e+00
0.000000000000000000e+00
0.000000000000000000e+00
0.000000000000000000e+00
0.000000000000000000e+00
1.930558656545989203e-03
2.641778614937896619e-03
1.684000591151307760e-03
0.000000000000000000e+00
0.000000000000000000e+00
0.000000000000000000e+00
0.000000000000000000e+00
0.000000000000000000e+00
0.000000000000000000e+00
0.000000000000000000e+00
5.807564327940141491e-03
1.107560440566424109e-02
6.228791426022938296e-03
1.016222778290669124e-05
0.000000000000000000e+00
0.000000000000000000e+00
1.589548840050794640e-03
5.735127674278908336e-03
8.494089822898611905e-03
5.065247585001698277e-03
2.101570757355627084e-03
0.000000000000000000e+00
0.000000000000000000e+00
2.463952492316500657e-03
4.173298010336136225e-03
2.983501441266684165e-03
0.000000000000000000e+00
0.000000000000000000e+00
0.000000000000000000e+00
0.000000000000000000e+00
0.000000000000000000e+00
0.000000000000000000e+00
0.000000000000000000e+00
0.000000000000000000e+00
0.000000000000000000e+00
0.000000000000000000e+00
0.000000000000000000e+00
0.000000000000000000e+00
2.759766526620632265e-01
4.459728357440091440e-01
