3.910745978355407715e-01 1.978703439235687256e-01 -4.860143065452575684e-01
2.405678033828735352e-01 1.648478060960769653e-01 -4.586804509162902832e-01
2.558615207672119141e-01 1.925841718912124634e-01 -4.684588909149169922e-01
2.036180198192596436e-01 1.481098830699920654e-01 -5.058766603469848633e-01
2.782822549343109131e-01 1.598444133996963501e-01 -4.938727617263793945e-01
3.561339676380157471e-01 2.232582718133926392e-01 -4.392229020595550537e-01
3.854994475841522217e-01 2.447381764650344849e-01 -4.071351587772369385e-01
3.738039135932922363e-01 2.577643692493438721e-01 -3.384322524070739746e-01
3.290982842445373535e-01 2.126115560531616211e-01 -3.135474920272827148e-01
3.386175036430358887e-01 1.513925343751907349e-01 -2.902011871337890625e-01
3.151911199092864990e-01 4.116562008857727051e-02 -1.504550278186798096e-01
1.775576621294021606e-01 -9.903957694768905640e-02 -1.090903356671333313e-01
1.321320682764053345e-01 -2.674720585346221924e-01 -1.052303016185760498e-01
-5.080029368400573730e-02 -2.955802381038665771e-01 -1.346954852342605591e-01
-2.233440130949020386e-01 -4.279739260673522949e-01 -8.561500906944274902e-02
-3.015673458576202393e-01 -5.408287644386291504e-01 4.851910099387168884e-02
-2.382508218288421631e-01 -4.149336814880371094e-01 2.263575643301010132e-01
-3.943087458610534668e-01 -4.058997929096221924e-01 2.756328582763671875e-01
-3.326021730899810791e-01 -4.032184183597564697e-01 3.774679601192474365e-01
-4.265642166137695312e-01 -3.396190404891967773e-01 4.707266688346862793e-01
-4.398661255836486816e-01 -2.975718080997467041e-01 4.391265809535980225e-01
-4.112163484096527100e-01 -2.874131798744201660e-01 4.874645173549652100e-01
-4.014404714107513428e-01 -2.579707205295562744e-01 4.904441833496093750e-01
-4.088706374168395996e-01 -2.985864281654357910e-01 4.454630017280578613e-01
-5.055440664291381836e-01 -3.770287334918975830e-01 4.823949038982391357e-01
-5.330297946929931641e-01 -3.767077028751373291e-01 4.892621040344238281e-01
-5.621924996376037598e-01 -2.685902416706085205e-01 5.105296969413757324e-01
-4.044022560119628906e-01 -1.429366320371627808e-01 5.374246835708618164e-01
-3.340663313865661621e-01 -1.060160174965858459e-01 5.337100625038146973e-01
-4.376669526100158691e-01 -2.221194803714752197e-01 5.105155110359191895e-01
-3.971524834632873535e-01 -2.543788850307464600e-01 4.768975377082824707e-01
-5.814632177352905273e-01 -2.284798771142959595e-01 4.477577209472656250e-01
-4.881855249404907227e-01 -2.081587761640548706e-01 4.531129598617553711e-01
-5.006665587425231934e-01 -2.535073161125183105e-01 4.713152945041656494e-01
-4.703819751739501953e-01 -2.679698169231414795e-01 4.537548720836639404e-01
-4.569125175476074219e-01 -2.775243818759918213e-01 4.456214010715484619e-01
-4.776652455329895020e-01 -2.109668999910354614e-01 5.052472949028015137e-01
-4.781785309314727783e-01 -3.187570571899414062e-01 4.839428067207336426e-01
-4.778628945350646973e-01 -4.032910764217376709e-01 4.673175811767578125e-01
-3.877376317977905273e-01 -4.590537250041961670e-01 4.284229874610900879e-01
-4.097484946250915527e-01 -4.758838415145874023e-01 3.503141701221466064e-01
-5.012384057044982910e-01 -4.960993826389312744e-01 2.700078487396240234e-01
-5.090011954307556152e-01 -3.493406772613525391e-01 2.123440802097320557e-01
-5.109593868255615234e-01 -2.527968287467956543e-01 1.521412730216979980e-01
-4.666604101657867432e-01 -1.196072343736886978e-02 8.607518672943115234e-02
-2.774274349212646484e-01 2.044146806001663208e-01 2.804012503474950790e-03
-5.006209015846252441e-01 2.160478085279464722e-01 -1.252096742391586304e-01
-4.801388978958129883e-01 1.734229624271392822e-01 -2.896725535392761230e-01
-5.538530945777893066e-01 1.066672056913375854e-01 -3.624839782714843750e-01
-6.138347387313842773e-01 1.349557489156723022e-01 -3.094284832477569580e-01
-5.443106889724731445e-01 1.796681582927703857e-01 -3.747578263282775879e-01
-6.193656921386718750e-01 2.639382481575012207e-01 -3.586503863334655762e-01
-6.147338151931762695e-01 2.079636603593826294e-01 -3.580070734024047852e-01
-5.822790861129760742e-01 2.102680206298828125e-01 -3.532214164733886719e-01
-5.593913197517395020e-01 1.679408997297286987e-01 -3.286903202533721924e-01
-5.365301370620727539e-01 3.172361850738525391e-01 -1.201329827308654785e-01
-4.418528676033020020e-01 4.139630794525146484e-01 3.942664712667465210e-02
-2.930710315704345703e-01 3.323468863964080811e-01 1.230201572179794312e-01
-1.743441820144653320e-01 2.819025814533233643e-01 1.903023123741149902e-01
-2.749954164028167725e-01 -7.820949703454971313e-02 1.883140355348587036e-01
-4.019705951213836670e-01 -2.999259233474731445e-01 2.241611182689666748e-01
-4.069353640079498291e-01 -3.803547322750091553e-01 2.318299710750579834e-01
-4.352117180824279785e-01 -4.884450435638427734e-01 2.443807870149612427e-01
-4.641844332218170166e-01 -5.030944943428039551e-01 3.120068311691284180e-01
-5.143858790397644043e-01 -5.261213183403015137e-01 3.581383526325225830e-01
-5.582407116889953613e-01 -5.034136176109313965e-01 3.749102056026458740e-01
-5.015507340431213379e-01 -4.899900555610656738e-01 4.182903766632080078e-01
-4.458660781383514404e-01 -4.481424093246459961e-01 4.371642470359802246e-01
-4.118295311927795410e-01 -5.176223516464233398e-01 4.398383200168609619e-01
-3.712148368358612061e-01 -4.844896495342254639e-01 4.855534732341766357e-01
-2.861671149730682373e-01 -5.145124793052673340e-01 4.718352854251861572e-01
-2.899245321750640869e-01 -5.557317733764648438e-01 4.218909442424774170e-01
-3.545571863651275635e-01 -5.464103817939758301e-01 4.195639193058013916e-01
-2.609293460845947266e-01 -5.134360790252685547e-01 4.077656269073486328e-01
-2.620920240879058838e-01 -4.769388139247894287e-01 4.185560345649719238e-01
-2.251106202602386475e-01 -5.066462755203247070e-01 3.962265849113464355e-01
-1.914934962987899780e-01 -3.887064158916473389e-01 4.819385707378387451e-01
-2.771222591400146484e-01 -4.241405427455902100e-01 4.805136024951934814e-01
-2.181020379066467285e-01 -4.107019901275634766e-01 4.919614195823669434e-01
-1.790318787097930908e-01 -4.993324875831604004e-01 5.487152338027954102e-01
-7.540026307106018066e-02 -5.618852972984313965e-01 5.891013145446777344e-01
-1.425434798002243042e-01 -5.014435052871704102e-01 5.806993842124938965e-01
1.055617704987525940e-01 -3.505144715309143066e-01 5.234856009483337402e-01
3.480869829654693604e-01 -4.335761964321136475e-01 4.016571491956710815e-02
3.227859735488891602e-01 -3.265855610370635986e-01 3.093234896659851074e-01
2.038389630615711212e-02 -3.862604200839996338e-01 4.884831011295318604e-01
-1.419633068144321442e-02 -3.472562730312347412e-01 5.406240224838256836e-01
-1.242389827966690063e-01 -1.355720460414886475e-01 5.090192556381225586e-01
-3.088675141334533691e-01 -8.332578465342521667e-03 5.290843248367309570e-01
-2.035696059465408325e-01 -2.162769623100757599e-02 4.429990053176879883e-01
-3.024631440639495850e-01 9.249356389045715332e-02 5.018248558044433594e-01
-1.290954053401947021e-01 8.561740815639495850e-02 4.193573594093322754e-01
-9.040651470422744751e-02 1.130222752690315247e-01 4.152412414550781250e-01
-1.488586068153381348e-01 1.742427200078964233e-01 4.417406320571899414e-01
-4.525754228234291077e-02 3.136940002441406250e-01 4.415855109691619873e-01
-1.396448463201522827e-01 4.162561297416687012e-01 4.618444144725799561e-01
-1.596011221408843994e-01 4.936357438564300537e-01 4.814397394657135010e-01
-1.594140380620956421e-01 4.938894510269165039e-01 4.080630838871002197e-01
-2.133677452802658081e-01 4.911504983901977539e-01 3.226687610149383545e-01
-3.544783592224121094e-01 4.840127229690551758e-01 1.939703971147537231e-01
-4.925949275493621826e-01 4.680103659629821777e-01 1.901135146617889404e-01
-4.748019278049468994e-01 4.655613005161285400e-01 5.722713842988014221e-02
-4.747696220874786377e-01 4.373527765274047852e-01 -9.708448499441146851e-02
-4.658643901348114014e-01 3.643530905246734619e-01 -2.307569086551666260e-01
-5.541376471519470215e-01 2.949178218841552734e-01 -3.248150348663330078e-01
-5.023875236511230469e-01 3.885856866836547852e-01 -3.560484349727630615e-01
-5.871168971061706543e-01 3.546959161758422852e-01 -3.548032045364379883e-01
-5.766348838806152344e-01 3.105813562870025635e-01 -3.648293018341064453e-01
-4.714718163013458252e-01 2.767911553382873535e-01 -4.495289027690887451e-01
-5.521908402442932129e-01 2.494975924491882324e-01 -4.692588448524475098e-01
-6.094555258750915527e-01 1.362229883670806885e-01 -4.506778120994567871e-01
-6.205534934997558594e-01 1.303593069314956665e-01 -4.263715744018554688e-01
-6.089171171188354492e-01 1.057218238711357117e-01 -4.146955013275146484e-01
-5.784522891044616699e-01 7.902713865041732788e-02 -4.030302166938781738e-01
-5.185645818710327148e-01 -1.999189145863056183e-02 -4.347135126590728760e-01
-3.850547075271606445e-01 1.290670931339263916e-01 -4.252883195877075195e-01
-3.766008615493774414e-01 3.068986237049102783e-01 -3.997013270854949951e-01
-4.264392554759979248e-01 3.186755478382110596e-01 -2.581809759140014648e-01
2.625858485698699951e-01 -2.379583418369293213e-01 -4.248036071658134460e-02
2.325827926397323608e-01 -5.081644058227539062e-01 -4.090998694300651550e-02
9.848286397755146027e-03 -6.571426987648010254e-01 4.339827597141265869e-01
-1.151270791888237000e-02 -4.848161935806274414e-01 4.764688313007354736e-01
-1.749792546033859253e-01 -4.974853396415710449e-01 4.175353050231933594e-01
-5.147079005837440491e-02 -5.273363590240478516e-01 4.432183504104614258e-01
4.856378957629203796e-02 -3.565427064895629883e-01 5.435231328010559082e-01
-1.830990463495254517e-01 -4.200585782527923584e-01 5.550563335418701172e-01
-1.301635354757308960e-01 -3.722207248210906982e-01 5.564848780632019043e-01
-2.484182268381118774e-02 -3.457542359828948975e-01 5.749385356903076172e-01
-3.831178322434425354e-02 -3.983763754367828369e-01 5.980671048164367676e-01
-2.675372920930385590e-02 -4.584765732288360596e-01 5.712811350822448730e-01
-7.028608769178390503e-02 -3.722110390663146973e-01 5.958052277565002441e-01
-2.472096979618072510e-01 -4.843340814113616943e-01 5.367841720581054688e-01
-2.797860205173492432e-01 -5.224994421005249023e-01 4.736016988754272461e-01
-3.328540325164794922e-01 -5.571116805076599121e-01 4.190617799758911133e-01
-3.169449567794799805e-01 -5.575253963470458984e-01 2.626724243164062500e-01
-2.352808564901351929e-01 -6.499568819999694824e-01 8.293383568525314331e-02
-2.415894418954849243e-01 -6.315181851387023926e-01 9.661932289600372314e-02
-2.434670329093933105e-01 -6.669360995292663574e-01 6.787241995334625244e-02
-2.328789234161376953e-01 -6.743798851966857910e-01 2.176797017455101013e-02
-1.162067577242851257e-01 -6.603987812995910645e-01 4.707240685820579529e-02
-1.676709800958633423e-01 -6.185231804847717285e-01 2.508153952658176422e-02
-3.152542412281036377e-01 -5.796335935592651367e-01 2.240972127765417099e-03
-6.051274761557579041e-02 -5.547720789909362793e-01 3.675248101353645325e-02
