9.844603218829969804e-02
0.000000000000000000e+00
0.000000000000000000e+00
0.000000000000000000e+00
8.591331133090346697e-03
0.000000000000000000e+00
0.000000000000000000e+00
5.661147391081030461e-03
4.676921847899943516e-03
2.371073773219996295e-03
9.193085705483657966e-04
0.000000000000000000e+00
0.000000000000000000e+00
0.000000000000000000e+00
0.000000000000000000e+00
0.000000000000000000e+00
0.000000000000000000e+00
0.000000000000000000e+00
0.000000000000000000e+00
0.000000000000000000e+00
0.000000000000000000e+00
3.637415990764890882e-03
3.333769359673323125e-03
0.000000000000000000e+00
0.000000000000000000e+00
0.000000000000000000e+00
0.000000000000000000e+00
0.000000000000000000e+00
3.389747982227193923e-03
1.511849144731289458e-03
2.559506835943189257e-03
4.675764125747458241e-03
5.114992884474261689e-03
7.784898634754866889e-03
4.017707503659256364e-03
1.587997859897309020e-03
0.000000000000000000e+00
0.000000000000000000e+00
0.000000000000000000e+00
0.000000000000000000e+00
8.412707468541686523e-04
0.000000000000000000e+00
0.000000000000000000e+00
0.000000000000000000e+00
3.439625592802899624e-03
8.680641127710466559e-03
6.824070104979196132e-03
2.611710916749122955e-03
0.000000000000000000e+00
0.000000000000000000e+00
2.609211707023128581e-04
4.478278778384374784e-03
6.836566153609170172e-03
5.393698872623765720e-04
0.000000000000000000e+00
0.000000000000000000e+00
0.000000000000000000e+00
1.051215389763021863e-03
3.173672924872810927e-03
3.693016056551441835e-03
3.662893228736359679e-03
2.609211707023127713e-03
7.827635121069382489e-04
0.000000000000000000e+00
0.000000000000000000e+00
0.000000000000000000e+00
0.000000000000000000e+00
0.000000000000000000e+00
0.000000000000000000e+00
0.000000000000000000e+00
0.000000000000000000e+00
0.000000000000000000e+00
2.826080042947007320e-01
6.993122090301968630e-01
8.535512606971276117e-01
6.949929351200119232e-01
2.740696490571847832e-01
0.000000000000000000e+00
0.000000000000000000e+00
0.000000000000000000e+00
0.000000000000000000e+00
0.000000000000000000e+00
0.000000000000000000e+00
0.000000000000000000e+00
0.000000000000000000e+00
0.000000000000000000e+00
0.000000000000000000e+00
0.000000000000000000e+00
0.000000000000000000e+00
0.000000000000000000e+00
0.000000000000000000e+00
0.000000000000000000e+00
0.000000000000000000e+00
8.648177128431470267e-03
7.122795498095608503e-03
0.000000000000000000e+00
0.000000000000000000e+00
0.000000000000000000e+00
3.490705029232133837e-03
0.000000000000000000e+00
0.000000000000000000e+00
0.000000000000000000e+00
0.000000000000000000e+00
2.746406523240230713e-01
