1.069673597219032435e-01
0.000000000000000000e+00
0.000000000000000000e+00
0.000000000000000000e+00
5.373536130628458508e-03
3.284637836706994895e-03
1.200322652385998499e-03
1.144292575514237707e-03
3.826734802817442337e-03
3.868034243539512571e-03
7.086913461985460761e-04
0.000000000000000000e+00
0.000000000000000000e+00
0.000000000000000000e+00
0.000000000000000000e+00
6.468381106652197968e-03
2.305673129999124757e-02
3.407139909204225103e-02
8.362918065368072501e-03
0.000000000000000000e+00
0.000000000000000000e+00
0.000000000000000000e+00
1.866211356718460324e-04
2.902817395509666928e-03
0.000000000000000000e+00
0.000000000000000000e+00
0.000000000000000000e+00
0.000000000000000000e+00
0.000000000000000000e+00
0.000000000000000000e+00
0.000000000000000000e+00
0.000000000000000000e+00
0.000000000000000000e+00
0.000000000000000000e+00
0.000000000000000000e+00
0.000000000000000000e+00
0.000000000000000000e+00
3.015825778825694664e-03
8.454863256125750778e-03
8.482626535934819148e-03
2.447792161191206500e-03
0.000000000000000000e+00
0.000000000000000000e+00
0.000000000000000000e+00
0.000000000000000000e+00
1.258135253841735678e-03
1.166658664907683877e-02
1.291249415180329915e-02
1.118492645463442514e-02
5.117029005339264990e-03
5.913865273388608981e-04
0.000000000000000000e+00
0.000000000000000000e+00
1.393191812372829600e-03
8.402784135806116734e-04
1.105826797584436071e-03
2.488110294564980889e-03
4.434215505730029067e-03
8.094205240814129204e-03
1.074089039249350071e-02
7.426287766233507365e-03
0.000000000000000000e+00
0.000000000000000000e+00
0.000000000000000000e+00
0.000000000000000000e+00
0.000000000000000000e+00
4.593176270228579994e-03
8.255690942197619828e-03
6.214064465181669272e-03
2.537528491588114232e-03
0.000000000000000000e+00
0.000000000000000000e+00
0.000000000000000000e+00
0.000000000000000000e+00
0.000000000000000000e+00
0.000000000000000000e+00
0.000000000000000000e+00
0.000000000000000000e+00
0.000000000000000000e+00
0.000000000000000000e+00
0.000000000000000000e+00
0.000000000000000000e+00
0.000000000000000000e+00
2.748187246923086136e-01
7.007704721781561341e-01
8.762692682224610952e-01
7.263691901188494837e-01
2.887006475955917750e-01
0.000000000000000000e+00
0.000000000000000000e+00
0.000000000000000000e+00
0.000000000000000000e+00
0.000000000000000000e+00
0.000000000000000000e+00
0.000000000000000000e+00
0.000000000000000000e+00
0.000000000000000000e+00
0.000000000000000000e+00
0.000000000000000000e+00
0.000000000000000000e+00
0.000000000000000000e+00
0.000000000000000000e+00
5.800401151828427602e-03
1.908522977379553329e-02
2.197001978150225215e-02
1.491878253835536572e-02
5.138496481823877880e-03
0.000000000000000000e+00
2.279793813286423623e-04
3.612085765130246175e-03
4.016538755581514943e-03
0.000000000000000000e+00
0.000000000000000000e+00
0.000000000000000000e+00
0.000000000000000000e+00
0.000000000000000000e+00
0.000000000000000000e+00
4.804052603822054485e-02
1.975475942241484428e-01
3.765888399649391927e-01
5.421025084755460854e-01
5.135743418545274386e-01
2.616913720102381213e-01
0.000000000000000000e+00
0.000000000000000000e+00
0.000000000000000000e+00
0.000000000000000000e+00
0.000000000000000000e+00
0.000000000000000000e+00
0.000000000000000000e+00
0.000000000000000000e+00
0.000000000000000000e+00
0.000000000000000000e+00
0.000000000000000000e+00
0.000000000000000000e+00
0.000000000000000000e+00
0.000000000000000000e+00
2.295535232757962008e-01
4.010190321840474414e-01
3.542895290878407821e-01
1.761380093601211394e-01
0.000000000000000000e+00
0.000000000000000000e+00
