6.008667281381601527e-02
0.000000000000000000e+00
0.000000000000000000e+00
0.000000000000000000e+00
4.497395160072343440e-02
9.496000950199538077e-03
3.001220103162305711e-03
6.134516089726612872e-03
1.132072175015805433e-02
1.517727433019167363e-02
1.076169998877083041e-02
6.095318925421115350e-03
0.000000000000000000e+00
0.000000000000000000e+00
0.000000000000000000e+00
0.000000000000000000e+00
7.603625072834974304e-04
5.908168545336706448e-03
3.785350830001701309e-03
0.000000000000000000e+00
0.000000000000000000e+00
0.000000000000000000e+00
0.000000000000000000e+00
0.000000000000000000e+00
0.000000000000000000e+00
0.000000000000000000e+00
0.000000000000000000e+00
0.000000000000000000e+00
1.426607716532752711e-03
5.148320581232090735e-03
4.590210296333171493e-03
4.639308741523714801e-03
7.353645295300722043e-03
7.444892177458488705e-03
5.693673870603173544e-03
0.000000000000000000e+00
0.000000000000000000e+00
0.000000000000000000e+00
0.000000000000000000e+00
0.000000000000000000e+00
4.505718631052433101e-03
5.955054454858059627e-03
6.775908863435899793e-03
6.414251164233880122e-03
3.198315867832807972e-03
0.000000000000000000e+00
0.000000000000000000e+00
0.000000000000000000e+00
0.000000000000000000e+00
6.376505746754511719e-03
9.548774703810661985e-03
9.548774703810661985e-03
6.376505746754511719e-03
0.000000000000000000e+00
0.000000000000000000e+00
0.000000000000000000e+00
0.000000000000000000e+00
0.000000000000000000e+00
7.730386460260803760e-04
2.514737904072090156e-03
2.171372214879303993e-03
0.000000000000000000e+00
0.000000000000000000e+00
0.000000000000000000e+00
0.000000000000000000e+00
0.000000000000000000e+00
0.000000000000000000e+00
0.000000000000000000e+00
4.978864311983053348e-01
9.175368954748425177e-01
9.110660702880905015e-01
4.819027647981709017e-01
0.000000000000000000e+00
0.000000000000000000e+00
0.000000000000000000e+00
0.000000000000000000e+00
0.000000000000000000e+00
0.000000000000000000e+00
0.000000000000000000e+00
1.199822810440797282e-03
3.368309908209944636e-03
5.794491255888134171e-03
4.854564205100306978e-03
4.637026374994534378e-03
2.020430973354458374e-03
0.000000000000000000e+00
0.000000000000000000e+00
0.000000000000000000e+00
0.000000000000000000e+00
1.902497676754852417e-03
3.425214708485801920e-03
5.173698585876203467e-03
0.000000000000000000e+00
0.000000000000000000e+00
0.000000000000000000e+00
0.000000000000000000e+00
0.000000000000000000e+00
0.000000000000000000e+00
0.000000000000000000e+00
0.000000000000000000e+00
0.000000000000000000e+00
0.000000000000000000e+00
0.000000000000000000e+00
0.000000000000000000e+00
0.000000000000000000e+00
0.000000000000000000e+00
0.000000000000000000e+00
0.000000000000000000e+00
2.266242951139768851e-03
0.000000000000000000e+00
0.000000000000000000e+00
3.089798711406729469e-03
0.000000000000000000e+00
0.000000000000000000e+00
0.000000000000000000e+00
0.000000000000000000e+00
2.905849855734405351e-01
