6.111061573028564453e-01 3.996726572513580322e-01 -5.622932314872741699e-01
5.319680571556091309e-01 4.495604932308197021e-01 -5.902764797210693359e-01
5.983319878578186035e-01 4.465072751045227051e-01 -6.042816042900085449e-01
5.836502313613891602e-01 4.294452071189880371e-01 -5.988322496414184570e-01
6.114007830619812012e-01 3.769001662731170654e-01 -5.933941602706909180e-01
5.626136064529418945e-01 4.042702913284301758e-01 -5.854609012603759766e-01
4.992959797382354736e-01 3.084454536437988281e-01 -5.692722201347351074e-01
4.326066076755523682e-01 1.277783662080764771e-01 -5.782487392425537109e-01
4.036567211151123047e-01 1.021491661667823792e-01 -4.996664822101593018e-01
3.555108606815338135e-01 8.074032515287399292e-02 -4.573211371898651123e-01
2.056029438972473145e-01 -1.274101883172988892e-01 -4.206889569759368896e-01
1.254359930753707886e-01 -2.716662287712097168e-01 -3.067203760147094727e-01
9.319881349802017212e-02 -1.771293133497238159e-01 -1.528733968734741211e-01
-5.392437800765037537e-03 -1.524037569761276245e-01 1.043633148074150085e-01
-1.956831477582454681e-02 -2.644062042236328125e-01 1.904439479112625122e-01
1.776085607707500458e-02 -2.735696732997894287e-01 3.257321119308471680e-01
-1.117082685232162476e-02 -2.686679959297180176e-01 3.694746792316436768e-01
1.408967934548854828e-02 -2.351594865322113037e-01 4.149918258190155029e-01
-1.019342392683029175e-01 -2.705327272415161133e-01 4.654406011104583740e-01
-4.622922465205192566e-02 -1.944765448570251465e-01 4.945395886898040771e-01
-1.159882992506027222e-01 -1.308611184358596802e-01 5.369717478752136230e-01
-1.143626719713211060e-01 -1.352950334548950195e-01 5.351572632789611816e-01
-5.304784327745437622e-02 -7.896990329027175903e-02 5.428645610809326172e-01
7.225031405687332153e-02 -1.238290891051292419e-01 5.188131332397460938e-01
-2.854728139936923981e-02 -8.224875479936599731e-02 5.719351172447204590e-01
8.637035638093948364e-02 4.316006973385810852e-02 5.763517618179321289e-01
-7.615233957767486572e-02 -4.111807420849800110e-02 6.311436891555786133e-01
-1.026907935738563538e-01 -1.767621748149394989e-02 6.067310571670532227e-01
4.133062437176704407e-02 9.854616597294807434e-03 5.792203545570373535e-01
-1.920656068250536919e-03 4.177118465304374695e-02 5.606524944305419922e-01
-1.126132346689701080e-02 -8.123414218425750732e-02 5.120166540145874023e-01
-1.913394331932067871e-01 -1.072977632284164429e-01 4.552761018276214600e-01
-2.471940368413925171e-01 -1.630339920520782471e-01 3.707444369792938232e-01
-2.037461400032043457e-01 2.031034231185913086e-02 3.818463981151580811e-01
-3.753398656845092773e-01 1.542970687150955200e-01 3.418061137199401855e-01
-3.285327255725860596e-01 2.885023355484008789e-01 2.739538252353668213e-01
-8.957104384899139404e-02 4.570281803607940674e-01 2.353256046772003174e-01
-2.808649279177188873e-02 5.927564501762390137e-01 2.275404334068298340e-01
1.432835217565298080e-02 5.867685675621032715e-01 8.700429648160934448e-02
6.925207562744617462e-03 5.817056894302368164e-01 2.681089006364345551e-02
-1.370209306478500366e-01 5.650874376296997070e-01 -1.379103772342205048e-02
-3.523966968059539795e-01 5.342087149620056152e-01 -6.323359161615371704e-02
-3.616791069507598877e-01 5.538156628608703613e-01 -8.018758147954940796e-02
-2.946405112743377686e-01 5.956444740295410156e-01 -4.938542097806930542e-02
-1.518699675798416138e-01 5.960522890090942383e-01 1.085361000150442123e-02
-8.215028047561645508e-02 7.210749983787536621e-01 1.663423329591751099e-01
4.368269816040992737e-02 6.830607056617736816e-01 2.000778913497924805e-01
1.176437214016914368e-01 5.382258296012878418e-01 1.808283030986785889e-01
1.035280004143714905e-01 3.907940983772277832e-01 1.974792778491973877e-01
-1.130482479929924011e-01 1.032029241323471069e-01 2.261109054088592529e-01
-2.522557675838470459e-01 -1.665885932743549347e-02 3.069379031658172607e-01
-2.497809231281280518e-01 -1.867811828851699829e-01 2.723611295223236084e-01
-1.081010252237319946e-01 -1.494516283273696899e-01 3.237679302692413330e-01
-1.443779617547988892e-01 -1.337079256772994995e-01 3.933683931827545166e-01
-1.208396479487419128e-01 -1.276693940162658691e-01 4.214828908443450928e-01
-2.721191942691802979e-01 -7.639355212450027466e-02 4.776127338409423828e-01
-2.904002554714679718e-02 -1.600509136915206909e-01 4.224217236042022705e-01
-7.257864926941692829e-04 -1.983460336923599243e-01 3.924984335899353027e-01
2.685409039258956909e-02 -2.634967565536499023e-01 4.130684137344360352e-01
3.127620322629809380e-03 -2.134582698345184326e-01 4.448289871215820312e-01
1.711838245391845703e-01 -2.266909778118133545e-01 4.158542752265930176e-01
1.118421107530593872e-01 -4.168509244918823242e-01 3.521707057952880859e-01
6.919659674167633057e-02 -3.819699585437774658e-01 4.058814048767089844e-01
1.867112219333648682e-01 -4.741896092891693115e-01 3.683256208896636963e-01
2.857714891433715820e-01 -4.048563838005065918e-01 3.933010101318359375e-01
9.712972491979598999e-02 -4.723073840141296387e-01 4.682840406894683838e-01
1.269740015268325806e-01 -5.041217803955078125e-01 5.232510566711425781e-01
1.271785199642181396e-01 -4.929301738739013672e-01 5.014805197715759277e-01
1.770803332328796387e-01 -2.838109731674194336e-01 4.363072812557220459e-01
3.665211796760559082e-01 -5.864223465323448181e-02 1.606987416744232178e-01
3.476453423500061035e-01 -1.266926378011703491e-01 7.696537673473358154e-02
2.665218412876129150e-01 1.014662757515907288e-01 3.337804079055786133e-01
1.058360859751701355e-01 5.395925641059875488e-01 5.540234446525573730e-01
7.332557439804077148e-02 5.148754715919494629e-01 4.957584738731384277e-01
-5.400332156568765640e-03 5.507602095603942871e-01 4.381508827209472656e-01
-2.319747768342494965e-02 5.727297067642211914e-01 4.047829806804656982e-01
2.747785858809947968e-02 5.706070065498352051e-01 4.063825905323028564e-01
-1.343740820884704590e-01 6.173614263534545898e-01 4.160673916339874268e-01
-2.687371373176574707e-01 5.596503019332885742e-01 3.278934955596923828e-01
-3.287458121776580811e-01 5.341017246246337891e-01 2.540518939495086670e-01
-4.726582765579223633e-01 5.003578066825866699e-01 1.903732419013977051e-01
-3.848275542259216309e-01 4.607030153274536133e-01 3.140050545334815979e-02
-3.852080702781677246e-01 4.356073737144470215e-01 -1.102575585246086121e-01
-5.007035136222839355e-01 5.250909924507141113e-01 -1.605007648468017578e-01
-5.137060284614562988e-01 5.635529756546020508e-01 -2.327411025762557983e-01
-4.760384559631347656e-01 5.493849515914916992e-01 -3.429123461246490479e-01
-5.104118585586547852e-01 5.449719429016113281e-01 -3.699386417865753174e-01
-4.392654597759246826e-01 4.925428032875061035e-01 -4.186940789222717285e-01
-4.963126778602600098e-01 4.795835912227630615e-01 -4.548915028572082520e-01
-5.311930775642395020e-01 4.796749353408813477e-01 -4.289534091949462891e-01
-2.770493328571319580e-01 3.436284363269805908e-01 -5.255131721496582031e-01
-2.870831787586212158e-01 3.176415562629699707e-01 -5.065901875495910645e-01
-3.055180907249450684e-01 2.945218384265899658e-01 -5.078650712966918945e-01
-3.769217133522033691e-01 2.923182547092437744e-01 -5.024340152740478516e-01
-9.655065834522247314e-02 8.110249042510986328e-02 -3.989946842193603516e-01
