4.948488771915435791e-01 3.223948478698730469e-01 -5.470179319381713867e-01
4.629479348659515381e-01 2.084965705871582031e-01 -5.752744078636169434e-01
4.540818929672241211e-01 1.646248251199722290e-01 -5.808137655258178711e-01
5.065498352050781250e-01 1.502664238214492798e-01 -5.808392763137817383e-01
4.668819010257720947e-01 2.591675519943237305e-01 -5.836528539657592773e-01
4.764303565025329590e-01 2.119428068399429321e-01 -5.967870354652404785e-01
4.798785448074340820e-01 2.004620879888534546e-01 -5.767254233360290527e-01
4.062495529651641846e-01 1.454070657491683960e-01 -5.553721785545349121e-01
3.368122577667236328e-01 2.860521152615547180e-02 -5.435234904289245605e-01
1.828618645668029785e-01 -1.142771989107131958e-01 -4.873931109905242920e-01
6.534101068973541260e-02 -1.316734999418258667e-01 -4.271183013916015625e-01
4.627516865730285645e-02 -3.025526106357574463e-01 -3.192780911922454834e-01
2.419997304677963257e-01 -4.075231552124023438e-01 -1.677906066179275513e-01
2.053462117910385132e-01 -4.344922602176666260e-01 3.081608377397060394e-02
1.029736027121543884e-01 -4.138146638870239258e-01 1.447371095418930054e-01
3.349988907575607300e-02 -2.819223701953887939e-01 2.802118062973022461e-01
1.184074059128761292e-01 -2.793315947055816650e-01 2.801582515239715576e-01
9.573327749967575073e-02 -3.275999724864959717e-01 2.885036468505859375e-01
5.725216493010520935e-02 -3.140528202056884766e-01 3.757705986499786377e-01
-4.620912298560142517e-02 -3.194177448749542236e-01 4.028478860855102539e-01
-2.090238034725189209e-03 -3.284169137477874756e-01 3.790785372257232666e-01
5.444638803601264954e-02 -2.369960844516754150e-01 4.249294698238372803e-01
1.008439958095550537e-01 -2.740410864353179932e-01 4.199679493904113770e-01
1.357627213001251221e-01 -3.842954337596893311e-01 3.428427875041961670e-01
1.015490069985389709e-01 -3.234055340290069580e-01 3.896645605564117432e-01
1.012149304151535034e-01 -2.988597452640533447e-01 3.993855714797973633e-01
1.347115039825439453e-01 -1.963920146226882935e-01 4.394046664237976074e-01
2.405777387320995331e-02 -2.010594606399536133e-01 4.619129002094268799e-01
8.087744563817977905e-02 -8.535046130418777466e-02 5.214244723320007324e-01
1.274923607707023621e-02 -7.669288665056228638e-02 5.128518939018249512e-01
3.839794546365737915e-02 -3.462598845362663269e-02 4.919602870941162109e-01
-1.135827302932739258e-01 -1.095064207911491394e-01 4.489582479000091553e-01
-1.361534446477890015e-01 -2.746266126632690430e-01 3.168965876102447510e-01
-1.014937981963157654e-01 -2.780646979808807373e-01 2.517575621604919434e-01
-1.087584197521209717e-01 -4.162426590919494629e-01 8.391800522804260254e-02
-1.218054667115211487e-01 -2.156793475151062012e-01 3.224879130721092224e-02
-2.521157264709472656e-01 -7.740835659205913544e-03 -3.463316708803176880e-02
-5.874757096171379089e-02 2.306119799613952637e-01 -4.806624352931976318e-02
-4.339658096432685852e-02 3.309244215488433838e-01 -6.738621741533279419e-02
-6.847202312201261520e-03 4.447771012783050537e-01 -1.037095338106155396e-01
-3.566216304898262024e-02 5.104522109031677246e-01 -5.704873427748680115e-02
-1.376493573188781738e-01 4.881626963615417480e-01 -6.860481202602386475e-02
-2.291574031114578247e-01 5.422874689102172852e-01 -5.852404609322547913e-02
-2.873294055461883545e-01 5.158318877220153809e-01 -1.081838086247444153e-02
-1.184111461043357849e-01 5.389748215675354004e-01 3.468680894002318382e-03
1.377390474081039429e-01 4.725708663463592529e-01 1.744515635073184967e-02
6.672777235507965088e-02 4.162227213382720947e-01 5.117958411574363708e-02
-4.736743494868278503e-02 3.217763602733612061e-01 1.116934642195701599e-01
-9.900728613138198853e-02 1.314939111471176147e-01 9.530423581600189209e-02
-2.536227405071258545e-01 -1.223480850458145142e-01 1.169588342308998108e-01
-1.649105101823806763e-01 -2.568046152591705322e-01 1.693094670772552490e-01
1.628949306905269623e-02 -3.184298872947692871e-01 1.706997901201248169e-01
-5.337123293429613113e-03 -4.651047587394714355e-01 1.165381669998168945e-01
3.525124862790107727e-02 -3.666225969791412354e-01 2.173168361186981201e-01
1.194681972265243530e-02 -2.349825501441955566e-01 3.574920892715454102e-01
2.094944380223751068e-02 -3.667536675930023193e-01 3.110650181770324707e-01
-1.287309676408767700e-01 -3.130608797073364258e-01 3.589905202388763428e-01
-7.521734386682510376e-02 -1.871050745248794556e-01 4.036123156547546387e-01
1.729742251336574554e-02 -1.656205952167510986e-01 4.528796672821044922e-01
1.331307142972946167e-01 -1.376543939113616943e-01 5.100849866867065430e-01
3.410369455814361572e-01 -1.572974622249603271e-01 5.245454311370849609e-01
4.365989267826080322e-01 -1.723724305629730225e-01 5.155507326126098633e-01
1.035157889127731323e-01 -4.938340485095977783e-01 5.297216773033142090e-01
2.895483374595642090e-01 -2.858827710151672363e-01 5.192312002182006836e-01
4.462121427059173584e-01 -1.760206222534179688e-01 5.700079202651977539e-01
4.758507311344146729e-01 -1.884249448776245117e-01 2.121110409498214722e-01
4.400872588157653809e-01 -2.650884985923767090e-01 5.099647045135498047e-01
2.915041446685791016e-01 -2.681542634963989258e-01 5.811204314231872559e-01
3.832436800003051758e-01 -6.215147674083709717e-02 5.812430381774902344e-01
2.923876345157623291e-01 -1.285367012023925781e-01 5.496660470962524414e-01
1.313541382551193237e-01 -1.131679266691207886e-01 5.796839594841003418e-01
2.220365107059478760e-01 -5.882882326841354370e-02 5.506213903427124023e-01
2.323010750114917755e-02 -8.718134462833404541e-02 5.677284598350524902e-01
1.401181668043136597e-01 6.508474471047520638e-04 5.834985375404357910e-01
1.037420630455017090e-01 -1.143925115466117859e-01 5.695071816444396973e-01
2.931669726967811584e-02 -9.104663878679275513e-02 5.776335597038269043e-01
5.872364342212677002e-02 -4.576444253325462341e-02 5.325435400009155273e-01
1.229314133524894714e-01 -1.648136973381042480e-01 4.756202101707458496e-01
-2.277030609548091888e-02 -2.859735786914825439e-01 4.140512347221374512e-01
-2.677239663898944855e-02 -4.339208602905273438e-01 2.702016234397888184e-01
-2.743341773748397827e-02 -4.469712674617767334e-01 -4.286488052457571030e-03
1.572098210453987122e-02 -4.929025769233703613e-01 -1.414811313152313232e-01
5.367964133620262146e-02 -4.138173758983612061e-01 -1.789785325527191162e-01
1.548710372298955917e-02 -4.667913019657135010e-01 -2.097695916891098022e-01
-1.656121015548706055e-02 -5.096182823181152344e-01 -2.397947460412979126e-01
-9.891328960657119751e-02 -4.858159124851226807e-01 -2.600228786468505859e-01
-4.711153358221054077e-02 -4.275009930133819580e-01 -2.466212213039398193e-01
2.230818197131156921e-02 -4.223688244819641113e-01 -2.511335313320159912e-01
3.035339340567588806e-02 -4.120123088359832764e-01 -1.628174185752868652e-01
1.862791478633880615e-01 -4.829522371292114258e-01 -2.263083159923553467e-01
2.798034548759460449e-01 -5.967296361923217773e-01 -2.345336526632308960e-01
1.297896951436996460e-01 -4.356738924980163574e-01 -1.954433321952819824e-01
3.730384111404418945e-01 -3.589334487915039062e-01 1.396127045154571533e-02
3.840734064579010010e-01 -2.809253036975860596e-01 -3.109493479132652283e-02
