5.685182213783264160e-01 2.658068239688873291e-01 -4.694642126560211182e-01
6.011999249458312988e-01 2.472930401563644409e-01 -4.358342289924621582e-01
5.980872511863708496e-01 3.222525119781494141e-01 -4.067168235778808594e-01
6.335474252700805664e-01 3.420763015747070312e-01 -4.173440337181091309e-01
6.121220588684082031e-01 4.200021624565124512e-01 -4.168635904788970947e-01
6.275792717933654785e-01 2.914189398288726807e-01 -4.658001065254211426e-01
6.413644552230834961e-01 2.614579200744628906e-01 -4.823333024978637695e-01
6.077341437339782715e-01 1.914555430412292480e-01 -4.612680077552795410e-01
6.080228686332702637e-01 7.152711600065231323e-02 -4.312189817428588867e-01
5.015327930450439453e-01 1.516242511570453644e-02 -3.743829131126403809e-01
2.972688376903533936e-01 -4.274323582649230957e-02 -3.294492065906524658e-01
3.052192926406860352e-01 -1.598551571369171143e-01 -2.338656634092330933e-01
3.102981746196746826e-01 -2.524495124816894531e-01 -1.192024424672126770e-01
1.869123578071594238e-01 -3.388701677322387695e-01 1.281138043850660324e-03
3.045231997966766357e-01 -2.330252230167388916e-01 2.545067965984344482e-01
3.531578481197357178e-01 -2.473160028457641602e-01 3.729278445243835449e-01
3.044177293777465820e-01 -1.943437606096267700e-01 4.419114887714385986e-01
2.260091900825500488e-01 -1.035484522581100464e-01 4.802272021770477295e-01
1.194626390933990479e-01 -1.310246158391237259e-02 5.444975495338439941e-01
1.038230881094932556e-01 -1.218392103910446167e-01 4.975116252899169922e-01
2.629370987415313721e-01 -9.986563026905059814e-02 5.024186372756958008e-01
1.135678291320800781e-01 -8.054420351982116699e-02 5.627949833869934082e-01
7.712661474943161011e-02 -1.337612867355346680e-01 5.429257154464721680e-01
2.322217375040054321e-01 -2.541948556900024414e-01 5.037165284156799316e-01
6.025794520974159241e-02 -1.179004758596420288e-01 5.788854956626892090e-01
1.409503370523452759e-01 -1.284775231033563614e-02 5.567860603332519531e-01
-1.171772461384534836e-02 -1.635465919971466064e-01 5.340271592140197754e-01
-1.837320625782012939e-02 -1.482796519994735718e-01 5.327711701393127441e-01
2.052758187055587769e-01 -3.636739403009414673e-02 5.835096836090087891e-01
8.128462731838226318e-02 -5.675652250647544861e-02 5.828969478607177734e-01
1.436936408281326294e-01 -1.729657128453254700e-02 5.951961874961853027e-01
2.244671732187271118e-01 7.735506165772676468e-03 5.645409822463989258e-01
2.823974788188934326e-01 -7.034845650196075439e-02 5.619693398475646973e-01
1.912874281406402588e-01 -1.757846623659133911e-01 5.091539025306701660e-01
1.692837476730346680e-01 -2.421665787696838379e-01 5.151763558387756348e-01
4.140083864331245422e-02 -3.450227379798889160e-01 4.343015253543853760e-01
-1.048568636178970337e-01 -4.171747863292694092e-01 3.413607776165008545e-01
-1.794497668743133545e-01 -4.874552190303802490e-01 2.002582103013992310e-01
-2.598538696765899658e-01 -2.541832625865936279e-01 1.554056555032730103e-01
-1.097323074936866760e-01 -1.577285528182983398e-01 1.037083342671394348e-01
-3.441576147451996803e-03 4.959117248654365540e-02 2.296076528728008270e-02
1.019223704934120178e-01 2.923418581485748291e-01 -1.538500469177961349e-02
-4.691987484693527222e-02 4.284949302673339844e-01 -5.928016733378171921e-03
-1.001864299178123474e-01 3.858828246593475342e-01 -1.050488352775573730e-01
-1.558334976434707642e-01 3.869195878505706787e-01 -1.186619400978088379e-01
-1.423497051000595093e-01 4.338836669921875000e-01 -1.352045983076095581e-01
-9.582738578319549561e-02 4.398737847805023193e-01 -1.135705858469009399e-01
-2.101252041757106781e-02 4.013533592224121094e-01 -3.064308874309062958e-02
6.351528316736221313e-02 4.338121414184570312e-01 1.554360538721084595e-01
1.767695397138595581e-01 3.747568726539611816e-01 2.085939794778823853e-01
1.913064569234848022e-01 2.333724200725555420e-01 1.883278787136077881e-01
-2.104825526475906372e-02 3.976140543818473816e-02 2.173528820276260376e-01
1.940136589109897614e-02 -2.551458179950714111e-01 2.234265506267547607e-01
7.931905239820480347e-02 -3.861239552497863770e-01 2.732529342174530029e-01
1.672025024890899658e-01 -4.809028804302215576e-01 2.408269047737121582e-01
2.331783473491668701e-01 -5.693867802619934082e-01 2.392409145832061768e-01
2.217818796634674072e-01 -5.709041953086853027e-01 2.360261231660842896e-01
2.050833255052566528e-01 -5.523741841316223145e-01 3.394089043140411377e-01
1.683423370122909546e-01 -5.391377210617065430e-01 3.311720490455627441e-01
2.937045693397521973e-01 -4.125734567642211914e-01 3.994840979576110840e-01
2.589661777019500732e-01 -3.911097347736358643e-01 4.559410810470581055e-01
2.616855502128601074e-01 -2.436388283967971802e-01 5.090519189834594727e-01
2.829914391040802002e-01 -3.696427941322326660e-01 4.632674753665924072e-01
2.856396436691284180e-01 -2.060118913650512695e-01 5.545981526374816895e-01
2.947950661182403564e-01 -1.928470134735107422e-01 5.221220850944519043e-01
3.803526163101196289e-01 -3.924574553966522217e-01 5.359638333320617676e-01
4.968176782131195068e-01 -3.580039739608764648e-01 5.136856436729431152e-01
4.391093850135803223e-01 -5.047729015350341797e-01 5.550510287284851074e-01
3.042452037334442139e-01 -5.873908996582031250e-01 4.936924874782562256e-01
2.193405777215957642e-01 -4.339995980262756348e-01 5.063372850418090820e-01
2.602120637893676758e-01 -4.459076821804046631e-01 1.734838932752609253e-01
4.845459163188934326e-01 -3.430703282356262207e-01 -4.247228503227233887e-01
5.948944091796875000e-01 2.057762295007705688e-01 -4.527744650840759277e-01
6.151158809661865234e-01 3.051820695400238037e-01 -4.616661667823791504e-01
5.718180537223815918e-01 4.205003082752227783e-01 -4.583231508731842041e-01
4.980333745479583740e-01 4.814548492431640625e-01 -4.186214208602905273e-01
4.993277490139007568e-01 5.074588656425476074e-01 -3.827493190765380859e-01
4.083626568317413330e-01 4.363846182823181152e-01 -4.423866569995880127e-01
5.085759758949279785e-01 3.771915733814239502e-01 -4.691739082336425781e-01
4.335806369781494141e-01 2.379224449396133423e-01 -5.326495766639709473e-01
3.739605844020843506e-01 3.005950152873992920e-01 -4.789523184299468994e-01
4.492466747760772705e-01 3.166669607162475586e-01 -4.619629383087158203e-01
3.518636524677276611e-01 4.414566159248352051e-01 -3.554678261280059814e-01
1.956356316804885864e-01 4.281853735446929932e-01 -2.536306381225585938e-01
2.163812518119812012e-01 4.893578290939331055e-01 -1.520748734474182129e-01
2.265247404575347900e-01 4.537150263786315918e-01 -9.257932752370834351e-02
1.315429508686065674e-01 4.250728785991668701e-01 3.393647074699401855e-02
1.511172503232955933e-01 4.938968718051910400e-01 2.713022232055664062e-01
6.920646876096725464e-02 5.355854630470275879e-01 3.728870153427124023e-01
1.198002230376005173e-02 4.628997743129730225e-01 3.915888071060180664e-01
7.842137664556503296e-02 4.699776470661163330e-01 3.901743292808532715e-01
6.435703486204147339e-02 5.022637248039245605e-01 3.548569083213806152e-01
7.819753140211105347e-02 4.033938944339752197e-01 3.599416613578796387e-01
5.468555912375450134e-02 4.811670780181884766e-01 4.212658405303955078e-01
1.585718803107738495e-02 4.338707923889160156e-01 3.909292817115783691e-01
1.420364528894424438e-01 4.336635768413543701e-01 3.774267435073852539e-01
1.934197396039962769e-01 4.498019516468048096e-01 3.491655588150024414e-01
5.325385928153991699e-02 5.015815496444702148e-01 3.718067705631256104e-01
8.120771497488021851e-02 4.713342487812042236e-01 3.571362495422363281e-01
3.425613343715667725e-01 4.061445295810699463e-01 2.906557023525238037e-01
3.015343546867370605e-01 4.136011302471160889e-01 3.250929713249206543e-01
2.413730174303054810e-01 4.759515821933746338e-01 3.678663372993469238e-01
2.869692146778106689e-01 2.844876050949096680e-01 2.576121091842651367e-01
3.288132846355438232e-01 1.946244537830352783e-01 2.235332876443862915e-01
2.629210650920867920e-01 -1.906261593103408813e-01 1.486053913831710815e-01
1.484374254941940308e-01 -3.473691642284393311e-01 2.516721375286579132e-02
-1.881116069853305817e-03 -4.564003944396972656e-01 -1.065776050090789795e-01
3.302804753184318542e-02 -5.757155418395996094e-01 -2.218778431415557861e-01
7.622097432613372803e-02 -5.868232846260070801e-01 -3.047948479652404785e-01
9.262154251337051392e-02 -5.651662349700927734e-01 -2.838110625743865967e-01
1.206816285848617554e-01 -5.620322823524475098e-01 -2.691963016986846924e-01
1.189412102103233337e-01 -4.687656760215759277e-01 -2.420911639928817749e-01
1.972841322422027588e-01 -5.201718211174011230e-01 -2.448226660490036011e-01
2.286847680807113647e-01 -4.651374816894531250e-01 -1.828266978263854980e-01
3.336621522903442383e-01 -6.116417646408081055e-01 -1.948399245738983154e-01
2.442916035652160645e-01 -5.316774249076843262e-01 -1.912629157304763794e-01
