5.610364079475402832e-01 3.212743401527404785e-01 -4.780868291854858398e-01
4.813877344131469727e-01 4.160490632057189941e-01 -4.923194348812103271e-01
5.530740618705749512e-01 3.922091722488403320e-01 -5.331509113311767578e-01
4.700286984443664551e-01 3.304149210453033447e-01 -5.807830095291137695e-01
3.587670624256134033e-01 2.680292129516601562e-01 -5.956027507781982422e-01
4.229230582714080811e-01 3.295137584209442139e-01 -5.665006041526794434e-01
4.133107364177703857e-01 3.238085806369781494e-01 -5.638308525085449219e-01
3.786424100399017334e-01 3.385448455810546875e-01 -5.184695124626159668e-01
4.833246171474456787e-01 1.060710251331329346e-01 -5.133585333824157715e-01
4.513454139232635498e-01 1.837916113436222076e-02 -4.675697982311248779e-01
1.441507786512374878e-01 -1.280935853719711304e-01 -4.525904059410095215e-01
7.036850601434707642e-02 -3.150370717048645020e-01 -4.125004708766937256e-01
-1.027819439768791199e-01 -3.972372710704803467e-01 -3.057638406753540039e-01
-3.354053199291229248e-01 -4.101568460464477539e-01 -8.378480374813079834e-02
-1.711149960756301880e-01 -3.740008473396301270e-01 1.223635822534561157e-01
-2.011102288961410522e-01 -3.862652182579040527e-01 2.976040542125701904e-01
-4.045266211032867432e-01 -3.931529521942138672e-01 3.494094014167785645e-01
-3.211299777030944824e-01 -3.298858702182769775e-01 3.791214823722839355e-01
-2.364668101072311401e-01 -3.205623924732208252e-01 4.187773764133453369e-01
-2.584641277790069580e-01 -2.865063548088073730e-01 4.342805743217468262e-01
-2.740992605686187744e-01 -2.322361320257186890e-01 4.705366194248199463e-01
-3.161849975585937500e-01 -2.677580416202545166e-01 4.591607153415679932e-01
-1.803645491600036621e-01 -1.641874760389328003e-01 4.864341318607330322e-01
-1.711207479238510132e-01 -2.851824462413787842e-01 4.452928602695465088e-01
-1.465861499309539795e-01 -2.451508492231369019e-01 4.910021126270294189e-01
-5.331747233867645264e-02 -1.925333142280578613e-01 5.262449979782104492e-01
-2.168889790773391724e-01 -8.682154864072799683e-02 5.206719636917114258e-01
-1.949921846389770508e-01 -1.186010614037513733e-01 5.294461250305175781e-01
-1.796195209026336670e-01 -6.747828423976898193e-02 5.693802833557128906e-01
-1.406488269567489624e-01 -1.940286834724247456e-03 5.982173085212707520e-01
-2.415119409561157227e-01 -9.427585452795028687e-02 5.593684315681457520e-01
-1.686510890722274780e-01 -4.103788360953330994e-02 5.487390756607055664e-01
-2.181508094072341919e-01 -6.033553183078765869e-02 5.504490733146667480e-01
-3.708675801753997803e-01 -2.416733801364898682e-01 4.785304963588714600e-01
-2.112705558538436890e-01 -2.564578652381896973e-01 3.973369002342224121e-01
-2.942092418670654297e-01 -3.577791154384613037e-01 3.246562480926513672e-01
-4.221043884754180908e-01 -3.884675800800323486e-01 2.506062984466552734e-01
-4.034970104694366455e-01 -2.093710899353027344e-01 2.858007848262786865e-01
-4.584196805953979492e-01 -1.167370751500129700e-01 2.110319882631301880e-01
-3.093735277652740479e-01 1.344922184944152832e-01 1.175605952739715576e-01
-1.725948899984359741e-01 2.188789397478103638e-01 1.544110663235187531e-02
2.357938513159751892e-02 4.107117652893066406e-01 -4.528152197599411011e-02
1.317940652370452881e-02 5.165438055992126465e-01 -3.825308755040168762e-03
-1.986822485923767090e-02 5.227937102317810059e-01 -9.443171322345733643e-03
-8.736759424209594727e-02 4.839583337306976318e-01 -1.412385888397693634e-02
-1.568114310503005981e-01 4.433430135250091553e-01 1.309644430875778198e-02
-8.004638552665710449e-02 4.548414945602416992e-01 6.822822242975234985e-02
-2.126102894544601440e-02 4.710822403430938721e-01 1.284189522266387939e-01
7.736922800540924072e-02 4.522586762905120850e-01 1.160037145018577576e-01
-2.707581222057342529e-01 2.507413327693939209e-01 1.666913628578186035e-01
-2.132156491279602051e-01 1.654065698385238647e-01 2.465463727712631226e-01
-1.322248429059982300e-01 1.140687763690948486e-01 3.555585741996765137e-01
-1.437268704175949097e-01 -2.178258635103702545e-02 4.525692462921142578e-01
-2.597383856773376465e-01 -2.661966383457183838e-01 4.287183284759521484e-01
-2.511038184165954590e-01 -4.215224981307983398e-01 3.151418268680572510e-01
-1.172813028097152710e-01 -5.340653061866760254e-01 2.362314760684967041e-01
-2.468869090080261230e-01 -4.062783718109130859e-01 3.782711923122406006e-01
-2.378398627042770386e-01 -3.722496926784515381e-01 3.907182514667510986e-01
-1.877733170986175537e-01 -2.593621611595153809e-01 4.526621401309967041e-01
1.192634254693984985e-01 -2.496053278446197510e-01 4.235616922378540039e-01
1.218673586845397949e-01 -2.531065046787261963e-01 4.730079770088195801e-01
-1.203554645180702209e-01 -1.606665104627609253e-01 5.210984349250793457e-01
-6.432499736547470093e-02 -2.648542821407318115e-01 4.745559096336364746e-01
-1.674543507397174835e-02 -1.821846216917037964e-01 4.813854098320007324e-01
-1.242385655641555786e-01 -2.182321846485137939e-01 4.736410677433013916e-01
8.708341419696807861e-02 -2.012886404991149902e-01 4.932509064674377441e-01
9.328652173280715942e-03 -7.666574418544769287e-02 5.625103712081909180e-01
-2.649801596999168396e-02 -1.406831741333007812e-01 5.381786823272705078e-01
1.070963889360427856e-01 -3.131954073905944824e-01 4.743066728115081787e-01
-4.827332496643066406e-02 -3.836560845375061035e-01 4.759739339351654053e-01
4.804988950490951538e-02 -3.714911639690399170e-01 4.820680916309356689e-01
-7.082462310791015625e-02 -4.951758682727813721e-01 4.476950764656066895e-01
6.768483668565750122e-02 -5.797490477561950684e-01 5.011817216873168945e-01
3.523629903793334961e-01 -2.507875263690948486e-01 3.109146058559417725e-01
3.379679918289184570e-01 -1.589013040065765381e-01 3.006027638912200928e-01
9.018277376890182495e-02 -2.744291424751281738e-01 4.757877588272094727e-01
5.328400805592536926e-02 5.823843553662300110e-02 5.011307597160339355e-01
-4.175579920411109924e-02 1.306894868612289429e-01 4.883881211280822754e-01
-5.790046975016593933e-02 1.903423070907592773e-01 5.268531441688537598e-01
1.430527307093143463e-02 2.171025872230529785e-01 4.941998422145843506e-01
8.672519773244857788e-02 3.231763243675231934e-01 5.040907263755798340e-01
8.110404759645462036e-02 4.010194838047027588e-01 5.390350818634033203e-01
-5.248195957392454147e-03 4.741335809230804443e-01 5.334250926971435547e-01
-2.543013542890548706e-02 4.794361591339111328e-01 5.042747855186462402e-01
-1.270604580640792847e-01 4.454765319824218750e-01 4.885188639163970947e-01
-1.916373148560523987e-02 4.533793330192565918e-01 4.659696817398071289e-01
5.102387070655822754e-02 5.639997124671936035e-01 4.560507833957672119e-01
-9.937100857496261597e-02 5.277829170227050781e-01 4.203157126903533936e-01
-5.857832357287406921e-02 5.211346745491027832e-01 2.605523467063903809e-01
-2.674795389175415039e-01 5.094542503356933594e-01 8.466585725545883179e-02
-4.334338605403900146e-01 5.314880013465881348e-01 -1.034436598420143127e-01
-5.650200843811035156e-01 5.210140943527221680e-01 -2.077858150005340576e-01
-5.601284503936767578e-01 4.705262780189514160e-01 -3.049244284629821777e-01
-5.393084287643432617e-01 3.919620811939239502e-01 -3.862379789352416992e-01
-5.351521372795104980e-01 3.804138302803039551e-01 -4.324736297130584717e-01
-4.572652876377105713e-01 3.562108576297760010e-01 -4.764007329940795898e-01
-4.587699174880981445e-01 3.435615897178649902e-01 -4.841170310974121094e-01
-5.273732542991638184e-01 3.618582189083099365e-01 -4.512883722782135010e-01
-4.961866140365600586e-01 3.682911098003387451e-01 -4.487634003162384033e-01
-4.002050757408142090e-01 3.530273735523223877e-01 -4.530582726001739502e-01
-4.626875817775726318e-01 2.181679755449295044e-01 -4.735497236251831055e-01
-5.115930438041687012e-01 2.407305836677551270e-01 -4.696944653987884521e-01
-5.365315079689025879e-01 1.588384807109832764e-01 -4.771346151828765869e-01
-3.902125060558319092e-01 9.206416457891464233e-02 -4.398656189441680908e-01
