1.123789573465352465e-01
0.000000000000000000e+00
0.000000000000000000e+00
0.000000000000000000e+00
0.000000000000000000e+00
0.000000000000000000e+00
0.000000000000000000e+00
1.234844089318829982e-02
2.958969125090147798e-02
3.187722526372166465e-02
2.313880828763966585e-02
1.318014481222369756e-02
3.606796996313027526e-03
2.018802811724142859e-03
8.700781817855251718e-03
1.384445680924373083e-02
1.265861854734324186e-02
1.649985611718827148e-03
0.000000000000000000e+00
0.000000000000000000e+00
0.000000000000000000e+00
0.000000000000000000e+00
0.000000000000000000e+00
0.000000000000000000e+00
0.000000000000000000e+00
0.000000000000000000e+00
0.000000000000000000e+00
5.096954470746050542e-03
4.565049134885874015e-03
0.000000000000000000e+00
0.000000000000000000e+00
0.000000000000000000e+00
1.611152302946969837e-03
1.074101535297980036e-03
8.159846249205705447e-04
1.084510008745065771e-03
2.711275021862664968e-04
1.342626919122474937e-03
5.528545938574887676e-04
0.000000000000000000e+00
0.000000000000000000e+00
0.000000000000000000e+00
0.000000000000000000e+00
0.000000000000000000e+00
0.000000000000000000e+00
0.000000000000000000e+00
0.000000000000000000e+00
3.166314957414807958e-03
3.987018678347404449e-03
6.603694936772733400e-03
5.782884631895939508e-03
8.125923152483746073e-04
0.000000000000000000e+00
0.000000000000000000e+00
0.000000000000000000e+00
1.543236278643052338e-03
6.023973838360795890e-03
7.326242195716869965e-03
1.312298274035839747e-03
0.000000000000000000e+00
0.000000000000000000e+00
0.000000000000000000e+00
0.000000000000000000e+00
0.000000000000000000e+00
0.000000000000000000e+00
0.000000000000000000e+00
7.408411066075802978e-03
1.636162041687340071e-02
1.724999391644573346e-02
2.001587667082139945e-03
0.000000000000000000e+00
0.000000000000000000e+00
0.000000000000000000e+00
0.000000000000000000e+00
0.000000000000000000e+00
0.000000000000000000e+00
0.000000000000000000e+00
0.000000000000000000e+00
1.214923899302738780e-01
2.328975945249724400e-01
3.486511980114347375e-01
3.429406324233305603e-01
2.106883985350382626e-01
1.043893954870718926e-01
0.000000000000000000e+00
0.000000000000000000e+00
0.000000000000000000e+00
0.000000000000000000e+00
0.000000000000000000e+00
2.723844576661050188e-04
0.000000000000000000e+00
0.000000000000000000e+00
0.000000000000000000e+00
3.750652243202994354e-03
9.528045964318585664e-03
1.360574185201856613e-02
9.867056413032985335e-03
3.056533494892051226e-04
0.000000000000000000e+00
0.000000000000000000e+00
0.000000000000000000e+00
0.000000000000000000e+00
3.338179729778020712e-03
1.801959614909857520e-03
0.000000000000000000e+00
0.000000000000000000e+00
0.000000000000000000e+00
0.000000000000000000e+00
1.036128248696536330e-03
2.818799845015184432e-03
1.796887689289455642e-03
0.000000000000000000e+00
0.000000000000000000e+00
0.000000000000000000e+00
0.000000000000000000e+00
0.000000000000000000e+00
0.000000000000000000e+00
0.000000000000000000e+00
0.000000000000000000e+00
0.000000000000000000e+00
9.226339896073087327e-03
1.844808565662044153e-02
2.038647639541068743e-02
1.892695261666321044e-02
1.673236715379951972e-02
9.093330484332255020e-03
1.479157276330222200e-03
0.000000000000000000e+00
0.000000000000000000e+00
0.000000000000000000e+00
0.000000000000000000e+00
0.000000000000000000e+00
0.000000000000000000e+00
0.000000000000000000e+00
0.000000000000000000e+00
4.870235720205664740e-03
1.160467240342372836e-02
1.376464013627396940e-02
6.050145709623753684e-03
0.000000000000000000e+00
0.000000000000000000e+00
0.000000000000000000e+00
0.000000000000000000e+00
0.000000000000000000e+00
9.458340064813844372e-03
1.294347332648037793e-02
6.399424970065258934e-03
8.478370528783786553e-03
0.000000000000000000e+00
0.000000000000000000e+00
0.000000000000000000e+00
0.000000000000000000e+00
2.460020904639753647e-01
4.441605485124375807e-01
