2.801060968923249628e-02
0.000000000000000000e+00
0.000000000000000000e+00
0.000000000000000000e+00
7.584634019164138152e-02
2.903898303716161144e-02
1.432128764842149730e-02
1.045310639254516151e-02
5.425354304050231460e-03
6.125316792749897418e-03
7.083896033772174410e-03
7.606686604749309313e-03
6.478113323349897826e-03
1.218059690823720780e-03
0.000000000000000000e+00
0.000000000000000000e+00
1.980991238693203068e-05
6.940228227611660965e-03
7.827517511199925254e-03
9.073193469495892047e-03
2.837235192052818544e-03
0.000000000000000000e+00
0.000000000000000000e+00
0.000000000000000000e+00
0.000000000000000000e+00
0.000000000000000000e+00
0.000000000000000000e+00
0.000000000000000000e+00
0.000000000000000000e+00
0.000000000000000000e+00
0.000000000000000000e+00
0.000000000000000000e+00
0.000000000000000000e+00
0.000000000000000000e+00
1.395918891220900796e-03
3.604845407541701525e-03
3.328388708145592345e-03
2.488110294564980889e-03
0.000000000000000000e+00
0.000000000000000000e+00
0.000000000000000000e+00
0.000000000000000000e+00
0.000000000000000000e+00
0.000000000000000000e+00
3.179494613411010077e-03
3.697665321703476077e-03
4.112464305358678150e-03
1.705240198513845564e-03
1.898399707865905265e-03
1.886936420902112508e-03
7.954837545505672510e-05
1.601482566492420890e-03
2.050969111021067048e-03
4.805193787086641660e-03
3.306910205735716368e-03
0.000000000000000000e+00
0.000000000000000000e+00
2.801985308991025801e-03
4.805193787086641660e-03
1.002822603789230421e-03
0.000000000000000000e+00
0.000000000000000000e+00
0.000000000000000000e+00
5.042221777746756263e-03
5.314830429226517598e-03
0.000000000000000000e+00
0.000000000000000000e+00
0.000000000000000000e+00
0.000000000000000000e+00
0.000000000000000000e+00
0.000000000000000000e+00
0.000000000000000000e+00
0.000000000000000000e+00
0.000000000000000000e+00
0.000000000000000000e+00
0.000000000000000000e+00
2.810119611846708110e-01
6.868590622754144892e-01
8.411239697370840318e-01
6.876841653405265653e-01
2.756170384343430424e-01
0.000000000000000000e+00
0.000000000000000000e+00
0.000000000000000000e+00
0.000000000000000000e+00
5.640076847905840102e-03
9.979785472909044955e-04
0.000000000000000000e+00
0.000000000000000000e+00
0.000000000000000000e+00
0.000000000000000000e+00
0.000000000000000000e+00
0.000000000000000000e+00
0.000000000000000000e+00
0.000000000000000000e+00
0.000000000000000000e+00
0.000000000000000000e+00
0.000000000000000000e+00
0.000000000000000000e+00
0.000000000000000000e+00
0.000000000000000000e+00
0.000000000000000000e+00
3.832641023449323125e-03
6.645258999701082574e-03
4.794774287714297610e-03
1.052392591050133573e-02
0.000000000000000000e+00
0.000000000000000000e+00
0.000000000000000000e+00
0.000000000000000000e+00
2.120695629006047744e-01
3.638780265250611268e-01
3.187077068707344640e-01
