1.036010785839414500e-01
0.000000000000000000e+00
0.000000000000000000e+00
0.000000000000000000e+00
5.990973244052398214e-03
5.590820364453213086e-03
8.126327436410006252e-03
3.833703187582864109e-03
8.497820260945502732e-03
1.687280436385834442e-02
1.814850024133361425e-02
7.945550041126885760e-03
0.000000000000000000e+00
0.000000000000000000e+00
0.000000000000000000e+00
0.000000000000000000e+00
0.000000000000000000e+00
0.000000000000000000e+00
0.000000000000000000e+00
1.207449075413502895e-03
4.292539716733468312e-03
7.132222664194394490e-03
0.000000000000000000e+00
0.000000000000000000e+00
0.000000000000000000e+00
0.000000000000000000e+00
0.000000000000000000e+00
4.974397636153353279e-03
9.320453518798904255e-03
1.485831636421995573e-03
3.781671846272698524e-04
0.000000000000000000e+00
4.471108251655821729e-03
5.745947782269097970e-03
0.000000000000000000e+00
0.000000000000000000e+00
0.000000000000000000e+00
6.088074892524151117e-04
2.468164395766487846e-03
0.000000000000000000e+00
0.000000000000000000e+00
3.352873612843503947e-03
5.457377266318753743e-03
5.720691062802866177e-03
3.360011061796271646e-03
5.989708937955718140e-03
6.054188548886392345e-03
3.466639109694170506e-03
8.699161006841777755e-04
0.000000000000000000e+00
0.000000000000000000e+00
0.000000000000000000e+00
0.000000000000000000e+00
0.000000000000000000e+00
0.000000000000000000e+00
8.876310872713791961e-04
3.491884803235142682e-03
2.380251018346188178e-03
8.047602330041158519e-04
3.138713391176244072e-04
0.000000000000000000e+00
0.000000000000000000e+00
0.000000000000000000e+00
0.000000000000000000e+00
3.167465328950449729e-03
0.000000000000000000e+00
0.000000000000000000e+00
0.000000000000000000e+00
0.000000000000000000e+00
2.602998598138135944e-01
6.917553669582473530e-01
8.689155788234593780e-01
7.202600483584585822e-01
2.833366929940157597e-01
0.000000000000000000e+00
0.000000000000000000e+00
0.000000000000000000e+00
0.000000000000000000e+00
0.000000000000000000e+00
0.000000000000000000e+00
0.000000000000000000e+00
0.000000000000000000e+00
0.000000000000000000e+00
0.000000000000000000e+00
0.000000000000000000e+00
0.000000000000000000e+00
0.000000000000000000e+00
4.134677869452671982e-03
1.326457399726128743e-02
3.831088940703305384e-02
0.000000000000000000e+00
0.000000000000000000e+00
0.000000000000000000e+00
0.000000000000000000e+00
2.666782032147783088e-01
