9.168105369210659272e-02
0.000000000000000000e+00
0.000000000000000000e+00
0.000000000000000000e+00
1.239896168273760951e-02
0.000000000000000000e+00
3.526700999903307956e-03
8.766220684283695594e-03
1.074308822692900643e-02
1.234657016120222287e-02
1.335171555991326343e-02
1.346240114830748492e-02
6.943396343470203784e-03
0.000000000000000000e+00
0.000000000000000000e+00
0.000000000000000000e+00
0.000000000000000000e+00
0.000000000000000000e+00
0.000000000000000000e+00
0.000000000000000000e+00
0.000000000000000000e+00
0.000000000000000000e+00
0.000000000000000000e+00
0.000000000000000000e+00
0.000000000000000000e+00
0.000000000000000000e+00
0.000000000000000000e+00
0.000000000000000000e+00
1.513499358212130278e-03
4.650044317420230604e-03
7.491061401837828017e-03
1.031990954007488102e-02
8.986974409257478605e-03
7.439368188902355586e-03
4.587707411298756234e-03
3.424321608539601875e-04
0.000000000000000000e+00
0.000000000000000000e+00
0.000000000000000000e+00
0.000000000000000000e+00
0.000000000000000000e+00
0.000000000000000000e+00
0.000000000000000000e+00
2.442911351608675202e-03
8.089897779345206832e-03
8.050851302684954719e-03
2.427136927867540057e-03
0.000000000000000000e+00
0.000000000000000000e+00
0.000000000000000000e+00
0.000000000000000000e+00
2.150573644527234343e-03
3.475140098070974345e-03
3.133751724808459720e-04
0.000000000000000000e+00
0.000000000000000000e+00
7.901067783312590905e-04
5.698598783886753283e-03
7.232360117421546622e-03
3.101680983530468762e-03
0.000000000000000000e+00
0.000000000000000000e+00
0.000000000000000000e+00
0.000000000000000000e+00
0.000000000000000000e+00
0.000000000000000000e+00
3.318891711186810860e-03
5.096770705325021078e-03
2.038708282130008344e-03
0.000000000000000000e+00
0.000000000000000000e+00
0.000000000000000000e+00
0.000000000000000000e+00
0.000000000000000000e+00
0.000000000000000000e+00
0.000000000000000000e+00
0.000000000000000000e+00
4.896295200537122416e-01
8.935682834026206223e-01
8.935773209860269350e-01
4.811542955889364093e-01
0.000000000000000000e+00
0.000000000000000000e+00
0.000000000000000000e+00
0.000000000000000000e+00
0.000000000000000000e+00
0.000000000000000000e+00
0.000000000000000000e+00
0.000000000000000000e+00
0.000000000000000000e+00
0.000000000000000000e+00
0.000000000000000000e+00
0.000000000000000000e+00
0.000000000000000000e+00
0.000000000000000000e+00
0.000000000000000000e+00
1.316109568867982436e-03
7.099438913082811199e-03
8.594058211938416375e-03
0.000000000000000000e+00
0.000000000000000000e+00
0.000000000000000000e+00
0.000000000000000000e+00
0.000000000000000000e+00
0.000000000000000000e+00
0.000000000000000000e+00
2.068535651901160510e-01
3.482104697268723070e-01
