7.989358247376844580e-02
0.000000000000000000e+00
0.000000000000000000e+00
0.000000000000000000e+00
4.101535040708395585e-02
5.382797907848324223e-03
0.000000000000000000e+00
0.000000000000000000e+00
0.000000000000000000e+00
0.000000000000000000e+00
0.000000000000000000e+00
0.000000000000000000e+00
0.000000000000000000e+00
0.000000000000000000e+00
8.525142503744101430e-03
2.232681872297226713e-02
2.385639755552443689e-02
1.717879216641382198e-02
6.633310572025776473e-03
0.000000000000000000e+00
0.000000000000000000e+00
0.000000000000000000e+00
0.000000000000000000e+00
0.000000000000000000e+00
0.000000000000000000e+00
0.000000000000000000e+00
0.000000000000000000e+00
0.000000000000000000e+00
0.000000000000000000e+00
2.667623383751422175e-03
1.778415589167615073e-03
0.000000000000000000e+00
0.000000000000000000e+00
0.000000000000000000e+00
0.000000000000000000e+00
0.000000000000000000e+00
1.185610392778409976e-03
1.482012990973012633e-03
1.190799928268270506e-05
0.000000000000000000e+00
0.000000000000000000e+00
0.000000000000000000e+00
3.051718840861087061e-04
3.169181697982856381e-04
0.000000000000000000e+00
0.000000000000000000e+00
0.000000000000000000e+00
0.000000000000000000e+00
0.000000000000000000e+00
0.000000000000000000e+00
1.195449193420305284e-03
4.570565772825165365e-03
7.629991735444214239e-03
4.793271086570276111e-03
3.104187543873305772e-03
2.266636209140764861e-03
1.420793378611393595e-03
1.409738050882285588e-03
0.000000000000000000e+00
0.000000000000000000e+00
0.000000000000000000e+00
0.000000000000000000e+00
2.247289385614826066e-03
6.446101387006636027e-03
7.291944217536008160e-03
4.220922656850025975e-03
1.381915966138486791e-05
0.000000000000000000e+00
0.000000000000000000e+00
0.000000000000000000e+00
0.000000000000000000e+00
0.000000000000000000e+00
0.000000000000000000e+00
0.000000000000000000e+00
0.000000000000000000e+00
0.000000000000000000e+00
0.000000000000000000e+00
0.000000000000000000e+00
7.304249958695965272e-01
1.000000000000000000e+00
7.250064592626666027e-01
0.000000000000000000e+00
0.000000000000000000e+00
0.000000000000000000e+00
0.000000000000000000e+00
0.000000000000000000e+00
0.000000000000000000e+00
0.000000000000000000e+00
0.000000000000000000e+00
0.000000000000000000e+00
0.000000000000000000e+00
0.000000000000000000e+00
0.000000000000000000e+00
0.000000000000000000e+00
0.000000000000000000e+00
0.000000000000000000e+00
0.000000000000000000e+00
0.000000000000000000e+00
4.093213039851675838e-03
8.618620298113159606e-03
1.031904584259604914e-02
6.766599307206569089e-03
0.000000000000000000e+00
0.000000000000000000e+00
0.000000000000000000e+00
0.000000000000000000e+00
2.166923254036189767e-02
4.053534042612239735e-02
3.078991466996011672e-02
1.002575623063367560e-02
0.000000000000000000e+00
0.000000000000000000e+00
0.000000000000000000e+00
0.000000000000000000e+00
0.000000000000000000e+00
0.000000000000000000e+00
0.000000000000000000e+00
3.924907913953047389e-01
7.374483007687470115e-01
7.503003103698727694e-01
4.100945153706893054e-01
0.000000000000000000e+00
0.000000000000000000e+00
0.000000000000000000e+00
0.000000000000000000e+00
0.000000000000000000e+00
0.000000000000000000e+00
0.000000000000000000e+00
8.302312229512691030e-03
8.193949436040279255e-03
0.000000000000000000e+00
0.000000000000000000e+00
0.000000000000000000e+00
0.000000000000000000e+00
0.000000000000000000e+00
2.177679044129023859e-03
1.053376838645165778e-02
1.272877283447529546e-02
8.275151700284599093e-03
1.300268989575278098e-03
0.000000000000000000e+00
0.000000000000000000e+00
0.000000000000000000e+00
0.000000000000000000e+00
2.821734064245839946e-01
