4.374679923057556152e-01 4.408794045448303223e-01 -5.307120084762573242e-01
3.558199107646942139e-01 4.395010173320770264e-01 -5.243766903877258301e-01
4.125436544418334961e-01 4.641455113887786865e-01 -5.122367739677429199e-01
5.258917212486267090e-01 3.764730393886566162e-01 -5.334019064903259277e-01
5.240824818611145020e-01 3.657798767089843750e-01 -5.211960673332214355e-01
5.211223363876342773e-01 4.980733692646026611e-01 -4.911940991878509521e-01
5.291436910629272461e-01 4.584645330905914307e-01 -5.034282803535461426e-01
5.009702444076538086e-01 3.584497272968292236e-01 -5.018810033798217773e-01
4.094902276992797852e-01 1.292467564344406128e-01 -4.900414943695068359e-01
2.982072532176971436e-01 -3.419328108429908752e-02 -4.072675406932830811e-01
2.161732763051986694e-01 -8.348719775676727295e-02 -3.272582292556762695e-01
4.198417440056800842e-02 -1.820836812257766724e-01 -2.589338719844818115e-01
-4.462282359600067139e-02 -2.309393882751464844e-01 -1.026497185230255127e-01
-7.550342381000518799e-02 -1.639907360076904297e-01 1.331156194210052490e-01
6.138866767287254333e-02 -1.879502683877944946e-01 3.670935928821563721e-01
1.842219084501266479e-01 -2.471766024827957153e-01 4.564507901668548584e-01
1.963767111301422119e-01 -2.100305631756782532e-02 5.295954346656799316e-01
1.679302752017974854e-01 -1.242863237857818604e-01 4.951148927211761475e-01
1.059016734361648560e-01 -8.804174512624740601e-02 4.831073880195617676e-01
3.601923352107405663e-03 -5.296422168612480164e-02 5.383949875831604004e-01
8.715912699699401855e-02 -1.011053919792175293e-01 4.914204180240631104e-01
2.094833180308341980e-02 -3.892641142010688782e-02 5.357270240783691406e-01
-5.489389970898628235e-02 2.727164141833782196e-02 5.516014099121093750e-01
-2.312153205275535583e-02 -6.852477043867111206e-02 5.552095770835876465e-01
-5.990944430232048035e-02 -3.496093675494194031e-02 5.718080997467041016e-01
4.830672964453697205e-02 -1.334152519702911377e-01 5.513036251068115234e-01
-1.717259548604488373e-02 -2.235951572656631470e-01 5.517733693122863770e-01
1.248215138912200928e-01 -2.219726592302322388e-01 5.402644872665405273e-01
1.248775795102119446e-02 -1.384543925523757935e-01 5.338400602340698242e-01
3.020742721855640411e-02 -2.032330632209777832e-01 4.961744546890258789e-01
-1.240716576576232910e-01 -1.542223095893859863e-01 5.391002893447875977e-01
-1.901097446680068970e-01 -2.490998655557632446e-01 4.977009296417236328e-01
-2.341072261333465576e-01 -2.646764814853668213e-01 4.727910161018371582e-01
-3.567943274974822998e-01 -3.664947748184204102e-01 4.214600026607513428e-01
-4.123772382736206055e-01 -4.235557913780212402e-01 3.081260025501251221e-01
-3.835598230361938477e-01 -4.022926390171051025e-01 2.668247520923614502e-01
-4.767418205738067627e-01 -3.205842077732086182e-01 2.228608280420303345e-01
-5.351321101188659668e-01 -4.364822804927825928e-02 1.180771216750144958e-01
-3.842092752456665039e-01 2.306156605482101440e-01 4.066842421889305115e-02
-3.223639726638793945e-01 4.063982069492340088e-01 1.816719397902488708e-02
-2.771119475364685059e-01 5.232093334197998047e-01 -2.385677304118871689e-03
-3.909875452518463135e-01 4.652248322963714600e-01 -9.170846641063690186e-02
-4.449055194854736328e-01 3.841145932674407959e-01 -1.382517963647842407e-01
-4.108507931232452393e-01 4.329911470413208008e-01 -6.455723196268081665e-02
-4.136235415935516357e-01 4.069433212280273438e-01 1.571360742673277855e-03
-2.350768595933914185e-01 4.413265287876129150e-01 7.534386962652206421e-02
-1.712801307439804077e-01 4.411855041980743408e-01 1.373654752969741821e-01
-2.383340746164321899e-01 1.890276670455932617e-01 1.106687188148498535e-01
-3.998895287513732910e-01 -6.987646967172622681e-02 7.007683068513870239e-02
-3.348092138767242432e-01 -2.151186764240264893e-01 1.627843379974365234e-01
-2.598637342453002930e-01 -4.493489265441894531e-01 1.157237961888313293e-01
-2.453270554542541504e-01 -5.415735244750976562e-01 1.360262036323547363e-01
-1.232683137059211731e-01 -5.397374033927917480e-01 1.757019162178039551e-01
-1.194770336151123047e-01 -5.464372038841247559e-01 2.275864481925964355e-01
-1.910263895988464355e-01 -5.224599242210388184e-01 2.818461656570434570e-01
-1.079326197504997253e-01 -4.153322577476501465e-01 3.690450191497802734e-01
-1.711577624082565308e-01 -3.858874142169952393e-01 3.835204541683197021e-01
-1.534306257963180542e-01 -3.101057410240173340e-01 4.852367043495178223e-01
-2.037642896175384521e-01 -2.040896117687225342e-01 5.343643426895141602e-01
-9.988924860954284668e-02 -3.280465304851531982e-01 5.706090331077575684e-01
1.787771135568618774e-01 -1.192176565527915955e-01 6.159657239913940430e-01
2.318922281265258789e-01 -2.113876342773437500e-01 6.062789559364318848e-01
1.297350525856018066e-01 -4.335010051727294922e-01 5.677458643913269043e-01
4.390674531459808350e-01 -1.419119387865066528e-01 3.920282125473022461e-01
3.645882606506347656e-01 -1.605092920362949371e-02 3.299731314182281494e-01
3.637095913290977478e-02 -6.893005967140197754e-02 6.170803904533386230e-01
2.171790599822998047e-02 5.263146944344043732e-03 6.664126515388488770e-01
1.863223612308502197e-01 -9.457502514123916626e-02 6.241282224655151367e-01
2.121186107397079468e-01 -2.169094830751419067e-01 5.512923598289489746e-01
-1.303658485412597656e-01 -7.924228161573410034e-02 5.942347645759582520e-01
-1.359789222478866577e-01 -1.109271543100476265e-03 5.880602598190307617e-01
-2.444083839654922485e-01 -1.148406043648719788e-01 5.709696412086486816e-01
-2.723772823810577393e-01 2.605460770428180695e-02 5.953088402748107910e-01
-2.469595670700073242e-01 -5.225935205817222595e-02 5.878784060478210449e-01
-2.539162635803222656e-01 -2.808904647827148438e-02 5.600597858428955078e-01
-1.842158883810043335e-01 -1.178563088178634644e-01 5.443986654281616211e-01
-1.167253404855728149e-01 -2.397753745317459106e-01 5.090868473052978516e-01
-8.548169583082199097e-02 -1.513967514038085938e-01 4.769658148288726807e-01
-1.887314207851886749e-02 -2.924329042434692383e-01 3.867268264293670654e-01
2.584409341216087341e-02 -3.777824044227600098e-01 2.065469324588775635e-01
-4.736996442079544067e-02 -4.155190885066986084e-01 2.200448140501976013e-02
-7.119665294885635376e-02 -4.787958562374114990e-01 -9.939045459032058716e-02
-1.261678487062454224e-01 -4.817490279674530029e-01 -2.134806215763092041e-01
-9.212615340948104858e-02 -4.839847385883331299e-01 -2.325206845998764038e-01
-3.773264354094862938e-03 -5.001682639122009277e-01 -2.803458273410797119e-01
4.995269700884819031e-02 -4.322407543659210205e-01 -2.863193750381469727e-01
1.135933920741081238e-01 -3.083354532718658447e-01 -2.218856066465377808e-01
-6.356863770633935928e-03 -4.178930222988128662e-01 -2.491647452116012573e-01
1.152979657053947449e-01 -6.316070556640625000e-01 -2.396732717752456665e-01
3.531110286712646484e-01 -6.583849787712097168e-01 -1.867413371801376343e-01
2.579548954963684082e-01 -1.869230568408966064e-01 -8.309811353683471680e-02
