5.540521144866943359e-01 3.677087128162384033e-01 -3.934029042720794678e-01
5.765402913093566895e-01 3.803619146347045898e-01 -4.360914826393127441e-01
5.771232247352600098e-01 3.943221867084503174e-01 -4.804224669933319092e-01
6.043847799301147461e-01 3.769879639148712158e-01 -4.427492022514343262e-01
5.924355983734130859e-01 3.591246604919433594e-01 -3.847511112689971924e-01
6.418142318725585938e-01 3.215968012809753418e-01 -3.929986953735351562e-01
6.363523006439208984e-01 2.249452918767929077e-01 -3.922039866447448730e-01
5.238587260246276855e-01 1.902675181627273560e-01 -3.986102044582366943e-01
4.749540984630584717e-01 3.022861294448375702e-02 -4.362171292304992676e-01
4.290632605552673340e-01 -1.409458816051483154e-01 -4.333689510822296143e-01
3.763454854488372803e-01 -3.365150094032287598e-01 -3.512647151947021484e-01
1.669907867908477783e-01 -3.915268182754516602e-01 -2.454833984375000000e-01
5.403047055006027222e-02 -5.498787164688110352e-01 -2.026452571153640747e-01
2.596881687641143799e-01 -5.100786685943603516e-01 7.972688972949981689e-02
3.506693840026855469e-01 -4.710504114627838135e-01 2.185909003019332886e-01
2.042720317840576172e-01 -3.606704175472259521e-01 3.420170545578002930e-01
3.028586506843566895e-01 -3.042043745517730713e-01 3.440105617046356201e-01
2.139231413602828979e-01 -3.994426727294921875e-01 3.488855957984924316e-01
1.479361057281494141e-01 -3.576529324054718018e-01 3.601793646812438965e-01
-4.669618606567382812e-02 -4.236779808998107910e-01 3.005791306495666504e-01
7.195867598056793213e-02 -4.021926224231719971e-01 3.273412585258483887e-01
8.132609724998474121e-02 -3.430995345115661621e-01 3.798650503158569336e-01
4.724819958209991455e-02 -2.901038825511932373e-01 3.742749989032745361e-01
6.236899644136428833e-02 -4.362757802009582520e-01 3.077990114688873291e-01
2.623688876628875732e-01 -3.981237411499023438e-01 3.700470030307769775e-01
1.196085140109062195e-01 -4.108203351497650146e-01 3.668332397937774658e-01
1.424429416656494141e-01 -4.173316955566406250e-01 3.420135676860809326e-01
2.708961963653564453e-01 -4.156891405582427979e-01 3.470037877559661865e-01
1.712946593761444092e-01 -4.030260145664215088e-01 3.718747794628143311e-01
1.844089776277542114e-01 -3.855457901954650879e-01 3.684731423854827881e-01
2.851326763629913330e-01 -2.803245186805725098e-01 4.201369881629943848e-01
2.321941256523132324e-01 -3.400874733924865723e-01 4.147167801856994629e-01
1.826108545064926147e-01 -3.394459486007690430e-01 3.777934014797210693e-01
2.145376056432723999e-01 -3.324327468872070312e-01 3.399525284767150879e-01
1.665980517864227295e-01 -4.949091076850891113e-01 1.982897520065307617e-01
1.305311024188995361e-01 -6.034124493598937988e-01 6.956130266189575195e-02
1.142753437161445618e-01 -5.814003348350524902e-01 -3.225687891244888306e-02
-1.137073035351932049e-03 -4.978070855140686035e-01 -3.985245898365974426e-02
5.089846998453140259e-02 -1.358074396848678589e-01 -2.588141337037086487e-02
1.488099694252014160e-01 1.598422527313232422e-01 -2.667240053415298462e-02
2.218356579542160034e-01 3.477824032306671143e-01 -1.225723102688789368e-01
1.517464369535446167e-01 3.273776471614837646e-01 -2.109002619981765747e-01
-8.631442487239837646e-02 3.522998392581939697e-01 -2.378071397542953491e-01
-2.255032807588577271e-01 3.590874671936035156e-01 -2.067252397537231445e-01
-2.964716255664825439e-01 2.835463285446166992e-01 -2.624989151954650879e-01
-2.463724017143249512e-01 3.395788669586181641e-01 -2.689428627490997314e-01
-1.768598109483718872e-01 4.203805625438690186e-01 -1.487883925437927246e-01
4.681750014424324036e-02 5.338170528411865234e-01 -1.622477546334266663e-02
1.212728247046470642e-01 4.121846556663513184e-01 1.944715715944766998e-02
1.766895055770874023e-01 3.461118936538696289e-01 7.489081472158432007e-02
1.271373927593231201e-01 2.182295173406600952e-01 1.665091961622238159e-01
2.266934812068939209e-01 4.920398071408271790e-02 1.079447492957115173e-01
1.168504431843757629e-01 -1.829766035079956055e-01 1.602999418973922729e-01
1.140274852514266968e-01 -4.317830204963684082e-01 1.127345860004425049e-01
1.581596583127975464e-01 -6.167433857917785645e-01 -7.023489102721214294e-03
1.691951453685760498e-01 -5.865609645843505859e-01 6.152027472853660583e-02
1.238653138279914856e-01 -5.781694650650024414e-01 1.389014273881912231e-01
2.091764807701110840e-01 -5.514169931411743164e-01 2.238676548004150391e-01
2.840858995914459229e-01 -4.237624704837799072e-01 3.107100129127502441e-01
1.239608675241470337e-01 -4.440239071846008301e-01 3.037342429161071777e-01
1.350082010030746460e-01 -4.470162689685821533e-01 3.294022083282470703e-01
4.284324124455451965e-02 -3.992395102977752686e-01 3.984794616699218750e-01
9.026999026536941528e-02 -3.239578306674957275e-01 4.749551713466644287e-01
1.229858845472335815e-01 -4.083738327026367188e-01 4.682466983795166016e-01
1.935229748487472534e-01 -4.213221073150634766e-01 4.299395382404327393e-01
2.829983532428741455e-01 -4.376351833343505859e-01 4.076649248600006104e-01
2.380575686693191528e-01 -5.814829468727111816e-01 4.582760632038116455e-01
2.585314512252807617e-01 -6.151738166809082031e-01 5.455009937286376953e-01
3.390430510044097900e-01 -6.016588211059570312e-01 4.377820491790771484e-01
3.864676058292388916e-01 -5.067131519317626953e-01 -1.923529952764511108e-01
5.714399218559265137e-01 -1.012419387698173523e-01 -4.214799702167510986e-01
5.288940072059631348e-01 2.459027320146560669e-01 -4.544632732868194580e-01
5.364673137664794922e-01 2.675847113132476807e-01 -4.435639679431915283e-01
4.487635791301727295e-01 2.226390391588211060e-01 -4.723295867443084717e-01
4.846967756748199463e-01 2.477556318044662476e-01 -4.705926775932312012e-01
4.838881492614746094e-01 2.983035445213317871e-01 -4.522310197353363037e-01
4.193956553936004639e-01 2.493289411067962646e-01 -4.631193876266479492e-01
3.779366016387939453e-01 2.355847656726837158e-01 -4.528855383396148682e-01
3.940297365188598633e-01 1.995286643505096436e-01 -4.392167925834655762e-01
3.577411770820617676e-01 1.197882667183876038e-01 -4.100736677646636963e-01
3.918814957141876221e-01 1.115330383181571960e-01 -4.110415279865264893e-01
2.997882664203643799e-01 1.869169026613235474e-01 -3.150451481342315674e-01
1.086581349372863770e-01 2.874236702919006348e-01 -2.134023755788803101e-01
1.367617249488830566e-01 2.989820837974548340e-01 -1.077710315585136414e-01
1.471089273691177368e-01 3.506906330585479736e-01 3.690648451447486877e-02
1.578698456287384033e-01 3.135181963443756104e-01 1.209215670824050903e-01
1.868434548377990723e-01 2.132423520088195801e-01 1.957232505083084106e-01
2.915505468845367432e-01 3.744412660598754883e-01 2.756157815456390381e-01
3.567691445350646973e-01 3.287295699119567871e-01 3.094824254512786865e-01
2.871429920196533203e-01 3.791259527206420898e-01 3.566162586212158203e-01
3.518159687519073486e-01 4.182790219783782959e-01 3.754374682903289795e-01
2.848578393459320068e-01 4.137499630451202393e-01 4.272755682468414307e-01
2.247998416423797607e-01 3.342343866825103760e-01 3.778485059738159180e-01
1.515706181526184082e-01 3.879361152648925781e-01 4.346432685852050781e-01
2.527278661727905273e-01 4.268063008785247803e-01 4.364497065544128418e-01
3.007218539714813232e-01 3.738119900226593018e-01 3.823983967304229736e-01
2.736091315746307373e-01 3.686302602291107178e-01 4.422239363193511963e-01
2.218603044748306274e-01 3.562843203544616699e-01 3.860166072845458984e-01
1.908575296401977539e-01 3.686094582080841064e-01 4.129234850406646729e-01
2.381169348955154419e-01 3.291283845901489258e-01 4.057451486587524414e-01
3.190054893493652344e-01 3.699068129062652588e-01 3.581544160842895508e-01
3.045159578323364258e-01 3.800458908081054688e-01 3.917734324932098389e-01
2.655758261680603027e-01 3.269310295581817627e-01 3.824170827865600586e-01
2.568717300891876221e-01 1.147222369909286499e-01 3.262069821357727051e-01
3.365682363510131836e-01 -8.713975548744201660e-02 1.771758347749710083e-01
2.312481254339218140e-01 -3.847963809967041016e-01 6.405410170555114746e-02
2.653382420539855957e-01 -4.708938300609588623e-01 -3.888472169637680054e-02
3.234698176383972168e-01 -5.575928688049316406e-01 -1.511988937854766846e-01
2.075772136449813843e-01 -5.879411697387695312e-01 -2.439593821763992310e-01
2.100111842155456543e-01 -6.096453666687011719e-01 -2.733567953109741211e-01
1.600392460823059082e-01 -5.599719285964965820e-01 -2.678342759609222412e-01
3.067048788070678711e-01 -5.174097418785095215e-01 -2.612082958221435547e-01
3.639455735683441162e-01 -5.934695005416870117e-01 -2.248869538307189941e-01
4.030992090702056885e-01 -6.568300127983093262e-01 -1.645209789276123047e-01
4.474889338016510010e-01 -6.655527949333190918e-01 -1.374349594116210938e-01
4.476527571678161621e-01 -6.307047009468078613e-01 -1.413324773311614990e-01
2.615106701850891113e-01 -7.634885609149932861e-02 -1.602661162614822388e-01
