9.309410319587582694e-02
0.000000000000000000e+00
0.000000000000000000e+00
0.000000000000000000e+00
8.168633911639315917e-03
1.168351144435361222e-03
5.257286125285479811e-03
2.365693121692265949e-03
6.635817132368611315e-03
1.081929574702975710e-02
1.749171160065051550e-02
2.607838611797197795e-02
2.006804399854312040e-02
1.277711049082277429e-02
0.000000000000000000e+00
0.000000000000000000e+00
0.000000000000000000e+00
0.000000000000000000e+00
0.000000000000000000e+00
0.000000000000000000e+00
0.000000000000000000e+00
0.000000000000000000e+00
0.000000000000000000e+00
0.000000000000000000e+00
6.700495209953996785e-03
1.440148655346699599e-02
0.000000000000000000e+00
0.000000000000000000e+00
0.000000000000000000e+00
6.995618800818250360e-04
2.964103163422857762e-03
0.000000000000000000e+00
0.000000000000000000e+00
0.000000000000000000e+00
2.444315319425336298e-03
9.068676515446993805e-04
0.000000000000000000e+00
0.000000000000000000e+00
0.000000000000000000e+00
2.913394933144099891e-03
2.952540643131709806e-03
0.000000000000000000e+00
0.000000000000000000e+00
0.000000000000000000e+00
4.784942837689239517e-03
7.015832997131432602e-03
4.215130370779191296e-03
0.000000000000000000e+00
0.000000000000000000e+00
0.000000000000000000e+00
3.569871172611452110e-03
7.212609009969343961e-03
3.629341338164873611e-03
2.799827902948144598e-03
0.000000000000000000e+00
0.000000000000000000e+00
0.000000000000000000e+00
0.000000000000000000e+00
0.000000000000000000e+00
3.937567403548486618e-03
8.469626970051224307e-03
1.082490426767956232e-02
0.000000000000000000e+00
0.000000000000000000e+00
0.000000000000000000e+00
0.000000000000000000e+00
0.000000000000000000e+00
0.000000000000000000e+00
0.000000000000000000e+00
4.668265026446105082e-01
8.808649804555001017e-01
8.874998052545950422e-01
4.906424754828169199e-01
0.000000000000000000e+00
0.000000000000000000e+00
0.000000000000000000e+00
0.000000000000000000e+00
0.000000000000000000e+00
0.000000000000000000e+00
0.000000000000000000e+00
0.000000000000000000e+00
4.621700338880710619e-05
1.246289734802203493e-03
3.016498360266661825e-03
5.017718496506742842e-03
3.562818255752356941e-03
1.580842034402437984e-03
0.000000000000000000e+00
0.000000000000000000e+00
0.000000000000000000e+00
0.000000000000000000e+00
0.000000000000000000e+00
0.000000000000000000e+00
5.216585759835966861e-04
3.594216415589380521e-03
7.778128716644155732e-04
0.000000000000000000e+00
0.000000000000000000e+00
0.000000000000000000e+00
0.000000000000000000e+00
0.000000000000000000e+00
0.000000000000000000e+00
0.000000000000000000e+00
0.000000000000000000e+00
0.000000000000000000e+00
0.000000000000000000e+00
4.821857635465590878e-04
2.380700508566025234e-02
2.637906309985971545e-02
1.302414634631212688e-02
0.000000000000000000e+00
0.000000000000000000e+00
0.000000000000000000e+00
0.000000000000000000e+00
0.000000000000000000e+00
2.975767710275760702e-01
