1.323835802229728076e-01
0.000000000000000000e+00
0.000000000000000000e+00
0.000000000000000000e+00
0.000000000000000000e+00
0.000000000000000000e+00
0.000000000000000000e+00
0.000000000000000000e+00
0.000000000000000000e+00
0.000000000000000000e+00
0.000000000000000000e+00
0.000000000000000000e+00
0.000000000000000000e+00
0.000000000000000000e+00
0.000000000000000000e+00
4.683096366046517189e-03
6.321140900706877404e-03
8.346478410802806109e-04
0.000000000000000000e+00
0.000000000000000000e+00
0.000000000000000000e+00
0.000000000000000000e+00
0.000000000000000000e+00
9.564582205327581618e-03
1.559672257899890301e-02
1.526834479754525346e-02
4.716883476356921630e-03
0.000000000000000000e+00
0.000000000000000000e+00
5.715453748303537737e-03
0.000000000000000000e+00
0.000000000000000000e+00
0.000000000000000000e+00
0.000000000000000000e+00
3.676368011998735752e-01
7.136694632468222332e-01
7.411561319935418002e-01
4.263099908235266633e-01
0.000000000000000000e+00
0.000000000000000000e+00
0.000000000000000000e+00
0.000000000000000000e+00
0.000000000000000000e+00
0.000000000000000000e+00
0.000000000000000000e+00
0.000000000000000000e+00
0.000000000000000000e+00
2.049337274082329349e-03
2.958373357595172042e-03
2.902435163433927500e-03
2.109347709973577022e-03
0.000000000000000000e+00
0.000000000000000000e+00
0.000000000000000000e+00
0.000000000000000000e+00
0.000000000000000000e+00
0.000000000000000000e+00
0.000000000000000000e+00
0.000000000000000000e+00
8.285652056442195657e-03
1.019196837864603557e-02
7.802304895434738867e-03
8.972045306453077865e-03
1.147067800902618236e-02
0.000000000000000000e+00
0.000000000000000000e+00
0.000000000000000000e+00
0.000000000000000000e+00
1.892137166082655808e-01
3.474637793669134167e-01
