5.609396100044250488e-01 1.221863701939582825e-01 -5.258004665374755859e-01
4.792211353778839111e-01 3.281860053539276123e-01 -4.973454177379608154e-01
5.241926908493041992e-01 2.212153673171997070e-01 -4.909644424915313721e-01
5.789886713027954102e-01 2.413990348577499390e-01 -4.921010732650756836e-01
4.193041920661926270e-01 2.068471461534500122e-01 -5.021950006484985352e-01
4.900175333023071289e-01 1.497437506914138794e-01 -5.453924536705017090e-01
5.739949345588684082e-01 1.040797978639602661e-01 -5.876954197883605957e-01
4.853839278221130371e-01 1.810017675161361694e-01 -5.688595771789550781e-01
4.156344532966613770e-01 1.452627927064895630e-01 -5.621249079704284668e-01
3.318012058734893799e-01 1.314507573843002319e-01 -5.964588522911071777e-01
3.704842329025268555e-01 1.213175132870674133e-01 -5.988488197326660156e-01
2.907968163490295410e-01 2.431337386369705200e-01 -5.386640429496765137e-01
2.557382881641387939e-01 3.791356682777404785e-01 -4.814020097255706787e-01
2.715738117694854736e-01 3.043614625930786133e-01 -4.959454834461212158e-01
3.140242695808410645e-01 1.977128237485885620e-01 -5.529888272285461426e-01
2.299223840236663818e-01 1.621647030115127563e-01 -5.513877272605895996e-01
-7.768790423870086670e-02 1.791432499885559082e-01 -5.197587609291076660e-01
-1.888526827096939087e-01 2.750325500965118408e-01 -5.060354471206665039e-01
-1.724111586809158325e-01 3.741908371448516846e-01 -5.022033452987670898e-01
-3.416284322738647461e-01 3.599999248981475830e-01 -4.739440083503723145e-01
-3.383576273918151855e-01 3.407214283943176270e-01 -4.840441346168518066e-01
-3.437968492507934570e-01 3.156796693801879883e-01 -4.717691838741302490e-01
-3.426263630390167236e-01 2.956692278385162354e-01 -4.792927801609039307e-01
-4.297805726528167725e-01 3.730173110961914062e-01 -4.730066955089569092e-01
-5.059055089950561523e-01 3.437219262123107910e-01 -4.689001739025115967e-01
-5.251812338829040527e-01 3.953432142734527588e-01 -4.575427174568176270e-01
-5.186566114425659180e-01 3.566394746303558350e-01 -4.726428389549255371e-01
-5.274242162704467773e-01 4.033786952495574951e-01 -4.479656219482421875e-01
-5.968925356864929199e-01 4.032723903656005859e-01 -4.247674345970153809e-01
-5.627248287200927734e-01 4.177931845188140869e-01 -4.404523372650146484e-01
-4.982131719589233398e-01 4.163832664489746094e-01 -4.650995135307312012e-01
-4.445992708206176758e-01 3.827278912067413330e-01 -5.016288161277770996e-01
-5.448578000068664551e-01 3.961721658706665039e-01 -5.001483559608459473e-01
-4.150916635990142822e-01 2.235050350427627563e-01 -5.086670517921447754e-01
-2.564233243465423584e-01 1.082624495029449463e-01 -4.767852723598480225e-01
-1.932681649923324585e-01 1.124591901898384094e-01 -4.848339259624481201e-01
1.649004220962524414e-01 1.890974491834640503e-01 -5.049430131912231445e-01
4.325772225856781006e-01 1.419547796249389648e-01 -5.620089769363403320e-01
5.489991903305053711e-01 -3.394472971558570862e-02 -5.376809835433959961e-01
5.794922113418579102e-01 -1.557382345199584961e-01 -5.805872678756713867e-01
6.112022995948791504e-01 -2.477174997329711914e-02 -6.156655550003051758e-01
6.549803018569946289e-01 1.857118755578994751e-01 -6.127332448959350586e-01
5.866482853889465332e-01 2.633103728294372559e-01 -6.143051981925964355e-01
5.835529565811157227e-01 3.702471256256103516e-01 -6.074430346488952637e-01
5.541442632675170898e-01 4.476406276226043701e-01 -5.827222466468811035e-01
5.703756809234619141e-01 2.959794104099273682e-01 -6.163818240165710449e-01
6.067209243774414062e-01 2.789389491081237793e-01 -6.144574284553527832e-01
5.267186164855957031e-01 2.603231668472290039e-01 -6.105964779853820801e-01
4.558542668819427490e-01 1.140339151024818420e-01 -5.939859151840209961e-01
4.292266964912414551e-01 -4.166344180703163147e-02 -5.808727145195007324e-01
3.323757946491241455e-01 -2.609284520149230957e-01 -5.769802331924438477e-01
1.557937860488891602e-01 -1.122789308428764343e-01 -4.830972552299499512e-01
7.429896295070648193e-02 -3.189498484134674072e-01 -4.824022948741912842e-01
1.161574944853782654e-01 -3.618552088737487793e-01 -3.038125336170196533e-01
4.325334355235099792e-02 -4.818412065505981445e-01 -2.024895399808883667e-01
1.389502286911010742e-01 -5.418974161148071289e-01 -7.455718517303466797e-02
1.655062884092330933e-01 -4.901536703109741211e-01 5.891724675893783569e-02
2.255127429962158203e-01 -4.057011902332305908e-01 2.222865223884582520e-01
1.148224398493766785e-01 -2.889231145381927490e-01 3.358298540115356445e-01
2.736843526363372803e-01 -1.392026841640472412e-01 4.010964035987854004e-01
4.158537685871124268e-01 -8.931858837604522705e-02 4.599610269069671631e-01
3.742584586143493652e-01 -2.293647527694702148e-01 4.429171979427337646e-01
2.616095244884490967e-01 -3.014483451843261719e-01 3.997795283794403076e-01
3.022501170635223389e-01 -3.029249906539916992e-01 3.760741353034973145e-01
3.898948431015014648e-01 -1.023484617471694946e-01 4.615804851055145264e-01
4.031427204608917236e-01 -1.550683230161666870e-01 3.923199176788330078e-01
4.458781778812408447e-01 -3.438160568475723267e-02 4.940355420112609863e-01
4.193162918090820312e-01 -1.560768634080886841e-01 4.313574731349945068e-01
3.166178762912750244e-01 -5.580266937613487244e-02 5.276297926902770996e-01
5.013222694396972656e-01 -9.174795448780059814e-02 5.051072239875793457e-01
4.589857161045074463e-01 -1.174979135394096375e-01 4.785986244678497314e-01
4.128237366676330566e-01 -1.377076506614685059e-01 4.647272527217864990e-01
4.235503673553466797e-01 -3.148878812789916992e-01 3.383706212043762207e-01
2.213656604290008545e-01 -3.677396178245544434e-01 3.235401213169097900e-01
2.312714606523513794e-01 -3.176428973674774170e-01 2.102933973073959351e-01
7.530245929956436157e-02 -4.703035950660705566e-02 1.653980612754821777e-01
-2.507675625383853912e-02 1.537979096174240112e-01 8.591162413358688354e-02
-1.539226472377777100e-01 2.150911539793014526e-01 3.121617808938026428e-02
-1.269094198942184448e-01 4.560410380363464355e-01 -2.101157605648040771e-02
-1.570574194192886353e-02 4.994776248931884766e-01 -1.310337632894515991e-01
-7.799565047025680542e-02 5.261027812957763672e-01 -2.081841379404067993e-01
-2.931986153125762939e-01 5.176596045494079590e-01 -2.552438080310821533e-01
-3.899329006671905518e-01 4.833050966262817383e-01 -2.831194698810577393e-01
-3.616385459899902344e-01 4.727791547775268555e-01 -2.611680924892425537e-01
-2.351226061582565308e-01 4.950116872787475586e-01 -2.199069261550903320e-01
-5.177845433354377747e-02 5.058157444000244141e-01 -8.654864132404327393e-02
2.172188013792037964e-01 4.978056252002716064e-01 -2.036742120981216431e-02
3.259647190570831299e-01 4.775343537330627441e-01 1.840134151279926300e-02
2.951823174953460693e-01 2.481857985258102417e-01 9.870019555091857910e-02
1.375683099031448364e-01 -7.231415063142776489e-02 1.764585375785827637e-01
1.670945584774017334e-01 -1.986995637416839600e-01 2.237991094589233398e-01
3.023369610309600830e-01 -2.777922153472900391e-01 3.000893294811248779e-01
3.109110295772552490e-01 -4.597249627113342285e-01 3.148258626461029053e-01
4.172546267509460449e-01 -4.301904439926147461e-01 3.480884730815887451e-01
4.528356790542602539e-01 -3.374617993831634521e-01 4.382394254207611084e-01
4.303774535655975342e-01 -3.514049053192138672e-01 4.250072836875915527e-01
5.267319083213806152e-01 -2.325974851846694946e-01 5.037572383880615234e-01
4.710283577442169189e-01 -2.508748173713684082e-01 4.812301695346832275e-01
4.775352478027343750e-01 -3.650935888290405273e-01 4.659304916858673096e-01
4.103290438652038574e-01 -2.378626912832260132e-01 5.138761997222900391e-01
4.479749798774719238e-01 -2.475431561470031738e-01 4.957687854766845703e-01
4.980534613132476807e-01 -2.831698358058929443e-01 4.503801763057708740e-01
4.442641735076904297e-01 -3.474424779415130615e-01 4.395643174648284912e-01
3.407791256904602051e-01 -3.976377248764038086e-01 4.417252242565155029e-01
4.002153873443603516e-01 -5.141851305961608887e-01 4.744752645492553711e-01
4.215866327285766602e-01 -4.951918721199035645e-01 5.214251875877380371e-01
4.756517410278320312e-01 -3.728127777576446533e-01 5.169097185134887695e-01
