4.232456982135772705e-01 3.420360982418060303e-01 -5.354840755462646484e-01
4.988157153129577637e-01 2.799012959003448486e-01 -5.832160115242004395e-01
5.181155204772949219e-01 2.785459458827972412e-01 -5.622302889823913574e-01
5.203096270561218262e-01 1.210400238633155823e-01 -5.964065194129943848e-01
5.296128392219543457e-01 1.591659337282180786e-01 -5.926197767257690430e-01
5.743539929389953613e-01 1.618457436561584473e-01 -6.003455519676208496e-01
5.512766838073730469e-01 9.768807888031005859e-02 -6.144658923149108887e-01
5.614623427391052246e-01 6.289687007665634155e-02 -6.119580864906311035e-01
5.694678425788879395e-01 1.170018389821052551e-01 -6.074249148368835449e-01
5.881680250167846680e-01 1.542028933763504028e-01 -6.085082888603210449e-01
5.655208826065063477e-01 1.317664235830307007e-01 -6.173291802406311035e-01
5.114895701408386230e-01 1.410398632287979126e-01 -6.023867130279541016e-01
5.393503904342651367e-01 1.561473459005355835e-01 -5.970478653907775879e-01
4.809168875217437744e-01 1.819994896650314331e-01 -5.769817829132080078e-01
4.065523147583007812e-01 1.595086306333541870e-01 -5.877709984779357910e-01
2.943133115768432617e-01 3.033590316772460938e-01 -5.347945690155029297e-01
1.215086802840232849e-01 2.581335902214050293e-01 -5.269593596458435059e-01
3.367504570633172989e-03 2.078491300344467163e-01 -5.651599168777465820e-01
-3.315225243568420410e-02 3.115508854389190674e-01 -5.354953408241271973e-01
-1.258177012205123901e-01 3.723244071006774902e-01 -5.176063776016235352e-01
-1.666433364152908325e-01 3.953975141048431396e-01 -4.276428818702697754e-01
-1.780450642108917236e-01 3.514485657215118408e-01 -4.940982162952423096e-01
-1.862299442291259766e-01 3.723480105400085449e-01 -4.962254166603088379e-01
-3.800450563430786133e-01 4.459967613220214844e-01 -4.397917985916137695e-01
-3.381268680095672607e-01 4.492726922035217285e-01 -4.473288655281066895e-01
-3.030292093753814697e-01 4.431895315647125244e-01 -4.798817038536071777e-01
-3.732238709926605225e-01 4.240902662277221680e-01 -4.911560416221618652e-01
-4.404557347297668457e-01 3.573519289493560791e-01 -5.160223841667175293e-01
-4.692024290561676025e-01 3.541772961616516113e-01 -5.286396145820617676e-01
-4.676936566829681396e-01 1.901569515466690063e-01 -5.400656461715698242e-01
-2.486233562231063843e-01 1.353996843099594116e-01 -5.173522830009460449e-01
-2.321813702583312988e-01 6.256481260061264038e-02 -4.634102284908294678e-01
-2.757664620876312256e-01 9.829644858837127686e-02 -4.587688446044921875e-01
-3.161502182483673096e-01 2.307904958724975586e-01 -3.669846355915069580e-01
-3.029253482818603516e-01 2.452041953802108765e-01 -5.182628631591796875e-01
2.189134657382965088e-01 7.345486432313919067e-02 -3.882635235786437988e-01
3.239332735538482666e-01 2.141783833503723145e-01 -4.900189340114593506e-01
3.848791122436523438e-01 2.183875441551208496e-01 -5.096235275268554688e-01
5.468837022781372070e-01 2.516535222530364990e-01 -5.751291513442993164e-01
5.298742651939392090e-01 4.413988888263702393e-01 -5.370475649833679199e-01
5.931640863418579102e-01 3.607884645462036133e-01 -5.607083439826965332e-01
5.738853812217712402e-01 3.432960212230682373e-01 -5.639198422431945801e-01
5.323315262794494629e-01 3.932830989360809326e-01 -5.422725081443786621e-01
4.785372912883758545e-01 3.678316771984100342e-01 -5.329978466033935547e-01
4.401634335517883301e-01 3.336003720760345459e-01 -5.561623573303222656e-01
4.523001611232757568e-01 3.411998748779296875e-01 -5.775504708290100098e-01
5.136358141899108887e-01 2.861064970493316650e-01 -6.003140807151794434e-01
5.093018412590026855e-01 2.022662013769149780e-01 -6.390201449394226074e-01
2.302160412073135376e-01 2.328080832958221436e-01 -6.377686858177185059e-01
-4.479220137000083923e-02 1.900328844785690308e-01 -6.634355783462524414e-01
-1.131387576460838318e-01 1.443148404359817505e-01 -6.717840433120727539e-01
-1.864971518516540527e-01 2.672705352306365967e-01 -6.199461817741394043e-01
-2.593988776206970215e-01 3.591969609260559082e-01 -5.851999521255493164e-01
-2.872007489204406738e-01 3.209749758243560791e-01 -6.012424230575561523e-01
-2.693889439105987549e-01 4.184046387672424316e-01 -5.445807576179504395e-01
-1.914692819118499756e-01 3.556272983551025391e-01 -5.711359381675720215e-01
-3.493476808071136475e-01 3.115443289279937744e-01 -5.640097856521606445e-01
-3.679487109184265137e-01 2.422473430633544922e-01 -5.761222839355468750e-01
-4.001660645008087158e-01 2.187888473272323608e-01 -5.571869015693664551e-01
-5.284373164176940918e-01 2.242547720670700073e-01 -5.638597011566162109e-01
-5.461008548736572266e-01 2.739535868167877197e-01 -5.531113743782043457e-01
-5.143488049507141113e-01 2.128938585519790649e-01 -5.653344392776489258e-01
-4.773348569869995117e-01 1.376071721315383911e-01 -5.950804352760314941e-01
-4.920721352100372314e-01 9.947253018617630005e-02 -5.930680632591247559e-01
-3.688006997108459473e-01 6.402512080967426300e-03 -5.942755937576293945e-01
-4.304921329021453857e-01 3.698885440826416016e-03 -5.643498301506042480e-01
-3.827639818191528320e-01 -1.678517833352088928e-02 -5.696660876274108887e-01
-3.887247443199157715e-01 -1.289808452129364014e-01 -5.702539682388305664e-01
-4.928483664989471436e-01 -5.536460317671298981e-03 -5.303006172180175781e-01
-1.287319809198379517e-01 8.549819886684417725e-02 -3.498288989067077637e-01
