4.255357384681701660e-01 3.340996503829956055e-01 -4.487167000770568848e-01
4.518759548664093018e-01 2.726606130599975586e-01 -4.278174936771392822e-01
4.776159226894378662e-01 2.253976613283157349e-01 -4.474970102310180664e-01
4.418554902076721191e-01 3.041917085647583008e-01 -4.221683442592620850e-01
4.915232658386230469e-01 2.501178383827209473e-01 -5.051226615905761719e-01
5.090263485908508301e-01 3.108142018318176270e-01 -5.168203711509704590e-01
4.464871287345886230e-01 2.490257769823074341e-01 -5.301663875579833984e-01
4.658942818641662598e-01 1.822917163372039795e-01 -5.384903550148010254e-01
3.644460141658782959e-01 1.661473959684371948e-01 -5.158886313438415527e-01
3.844276964664459229e-01 1.794604659080505371e-01 -5.397852659225463867e-01
3.595517277717590332e-01 1.720752120018005371e-01 -5.437022447586059570e-01
2.948158085346221924e-01 1.545509696006774902e-01 -5.337152481079101562e-01
2.543331980705261230e-01 1.900940388441085815e-01 -5.132886767387390137e-01
9.080386161804199219e-02 9.148747473955154419e-02 -5.551298260688781738e-01
4.991862177848815918e-02 1.384048610925674438e-01 -5.448109507560729980e-01
4.103602841496467590e-02 1.923504769802093506e-01 -5.131524801254272461e-01
-1.493092328310012817e-01 2.197246402502059937e-01 -5.088214278221130371e-01
-1.229715794324874878e-01 2.314234524965286255e-01 -5.127623081207275391e-01
-1.524856090545654297e-01 1.552854627370834351e-01 -5.441040992736816406e-01
-2.154822945594787598e-01 1.077892929315567017e-01 -5.869065523147583008e-01
-2.883983552455902100e-01 1.542593240737915039e-01 -5.513859987258911133e-01
-4.060305953025817871e-01 2.680375874042510986e-01 -5.006235241889953613e-01
-3.353883624076843262e-01 2.235872298479080200e-01 -5.524836778640747070e-01
-4.487879276275634766e-01 2.945720255374908447e-01 -5.073233842849731445e-01
-4.944706559181213379e-01 2.906633913516998291e-01 -5.229114294052124023e-01
-4.894313216209411621e-01 3.371247649192810059e-01 -4.822996556758880615e-01
-4.632054567337036133e-01 3.356246352195739746e-01 -4.933327138423919678e-01
-5.364434719085693359e-01 2.903574407100677490e-01 -4.841693341732025146e-01
-4.811408817768096924e-01 2.958887517452239990e-01 -4.868357777595520020e-01
-5.179078578948974609e-01 2.747704088687896729e-01 -4.738013446331024170e-01
-5.107644796371459961e-01 2.705763876438140869e-01 -4.649576544761657715e-01
-5.233848690986633301e-01 2.281739711761474609e-01 -4.968757927417755127e-01
-5.566005110740661621e-01 2.035462260246276855e-01 -5.357018709182739258e-01
-4.660708606243133545e-01 2.326710075139999390e-01 -5.339933037757873535e-01
-4.545736610889434814e-01 6.717246025800704956e-02 -5.733445286750793457e-01
-2.071705013513565063e-01 8.363161236047744751e-02 -5.470053553581237793e-01
5.105502009391784668e-01 7.539845257997512817e-02 -4.442391991615295410e-01
5.626620650291442871e-01 1.969416588544845581e-01 -5.449069142341613770e-01
5.668589472770690918e-01 3.882895410060882568e-01 -5.836226940155029297e-01
4.723320603370666504e-01 3.847955763339996338e-01 -5.351600050926208496e-01
5.410573482513427734e-01 4.288473725318908691e-01 -5.273853540420532227e-01
5.496332049369812012e-01 4.679343402385711670e-01 -5.116749405860900879e-01
5.574270486831665039e-01 4.134726524353027344e-01 -5.430653691291809082e-01
5.261947512626647949e-01 3.529222309589385986e-01 -5.495525598526000977e-01
4.916383028030395508e-01 3.661988079547882080e-01 -5.426552891731262207e-01
4.000679850578308105e-01 2.933373153209686279e-01 -5.473108887672424316e-01
4.366457164287567139e-01 1.874408423900604248e-01 -5.715965032577514648e-01
4.272488355636596680e-01 2.154565304517745972e-01 -5.160152316093444824e-01
4.038903415203094482e-01 2.200023829936981201e-01 -5.076984763145446777e-01
2.242680788040161133e-01 2.931954264640808105e-01 -4.605139195919036865e-01
9.612593054771423340e-02 2.209522128105163574e-01 -4.262698292732238770e-01
-3.323630392551422119e-01 3.505488932132720947e-01 -1.794538050889968872e-01
-2.429849803447723389e-01 2.561552524566650391e-01 -1.869992315769195557e-01
-2.095373123884201050e-01 3.743580877780914307e-01 1.549111492931842804e-02
-1.562463492155075073e-01 4.526270627975463867e-01 1.074859052896499634e-01
-9.345678985118865967e-02 4.688619673252105713e-01 6.116135790944099426e-02
8.227764070034027100e-02 4.630467891693115234e-01 1.557607352733612061e-01
-1.929475367069244385e-02 5.225711464881896973e-01 2.546841204166412354e-01
5.776490271091461182e-02 3.994452357292175293e-01 3.119577169418334961e-01
-3.964888304471969604e-02 4.323125779628753662e-01 3.634801208972930908e-01
-4.872319102287292480e-02 4.069976806640625000e-01 4.355669319629669189e-01
-8.132977038621902466e-02 3.668004572391510010e-01 4.724108576774597168e-01
8.824323117733001709e-02 3.967905342578887939e-01 4.515230655670166016e-01
1.145886406302452087e-01 3.527849018573760986e-01 3.946027457714080811e-01
1.915032714605331421e-01 3.319593369960784912e-01 4.302681684494018555e-01
1.711722910404205322e-01 3.716708123683929443e-01 3.885760605335235596e-01
9.152554720640182495e-02 3.215004503726959229e-01 3.364054560661315918e-01
-2.928677387535572052e-02 3.091471195220947266e-01 3.189161121845245361e-01
2.334416843950748444e-02 1.871841847896575928e-01 2.888002097606658936e-01
-8.053924143314361572e-02 1.140572950243949890e-01 2.293106466531753540e-01
-1.842450648546218872e-01 -6.100273877382278442e-02 1.586688160896301270e-01
-1.465259939432144165e-01 -1.827353090047836304e-01 1.065028235316276550e-01
-1.140182688832283020e-01 -2.173372209072113037e-01 6.082583218812942505e-02
-2.246778607368469238e-01 -3.407886624336242676e-01 -1.460393238812685013e-02
-1.300077140331268311e-01 -3.886868357658386230e-01 -1.054923534393310547e-01
-7.962024211883544922e-02 -4.815345406532287598e-01 -1.877202391624450684e-01
-1.658368557691574097e-01 -5.210313796997070312e-01 -2.319049239158630371e-01
-5.311782285571098328e-02 -5.958891510963439941e-01 -2.738402485847473145e-01
2.402815781533718109e-02 -4.904844760894775391e-01 -2.778369784355163574e-01
7.150185108184814453e-02 -5.831222534179687500e-01 -3.300626873970031738e-01
5.928624793887138367e-02 -5.937767028808593750e-01 -3.297570049762725830e-01
-6.151675712317228317e-03 -5.324079990386962891e-01 -3.025024235248565674e-01
-7.437637075781822205e-03 -5.374156832695007324e-01 -3.108918368816375732e-01
2.991607785224914551e-02 -5.664939284324645996e-01 -3.676691651344299316e-01
1.498181074857711792e-01 -6.240134835243225098e-01 -3.215198218822479248e-01
2.667769193649291992e-01 -5.239578485488891602e-01 -2.580344080924987793e-01
