3.809423218082485518e-01
0.000000000000000000e+00
0.000000000000000000e+00
0.000000000000000000e+00
0.000000000000000000e+00
5.421590788227557446e-03
0.000000000000000000e+00
0.000000000000000000e+00
0.000000000000000000e+00
0.000000000000000000e+00
0.000000000000000000e+00
0.000000000000000000e+00
0.000000000000000000e+00
0.000000000000000000e+00
0.000000000000000000e+00
0.000000000000000000e+00
0.000000000000000000e+00
0.000000000000000000e+00
0.000000000000000000e+00
0.000000000000000000e+00
0.000000000000000000e+00
0.000000000000000000e+00
6.346445399182582860e-03
7.139117542791401615e-03
0.000000000000000000e+00
0.000000000000000000e+00
0.000000000000000000e+00
0.000000000000000000e+00
0.000000000000000000e+00
0.000000000000000000e+00
0.000000000000000000e+00
0.000000000000000000e+00
0.000000000000000000e+00
1.577488315468657254e-02
5.781643075958382560e-01
7.704427058577643095e-01
5.489711931494427599e-01
0.000000000000000000e+00
0.000000000000000000e+00
0.000000000000000000e+00
0.000000000000000000e+00
0.000000000000000000e+00
0.000000000000000000e+00
0.000000000000000000e+00
0.000000000000000000e+00
0.000000000000000000e+00
2.047359958152056725e-03
4.592970452957027827e-03
3.526351845603350847e-03
0.000000000000000000e+00
0.000000000000000000e+00
0.000000000000000000e+00
3.458943013861475032e-04
4.532820355345798698e-03
5.836150876835420262e-03
2.773975783517777707e-03
0.000000000000000000e+00
0.000000000000000000e+00
0.000000000000000000e+00
0.000000000000000000e+00
0.000000000000000000e+00
0.000000000000000000e+00
0.000000000000000000e+00
0.000000000000000000e+00
4.935204147156314696e-05
1.015966976824596822e-02
1.429292529333987295e-02
1.026458512241987427e-02
3.036719907196698195e-03
0.000000000000000000e+00
0.000000000000000000e+00
0.000000000000000000e+00
2.233411421018712873e-04
5.333251075030469475e-03
7.068827269247792214e-03
3.223921741598996006e-03
0.000000000000000000e+00
0.000000000000000000e+00
0.000000000000000000e+00
0.000000000000000000e+00
7.099519769868060243e-04
4.430080783756874807e-03
2.766977996284990162e-03
3.287085592115096024e-04
0.000000000000000000e+00
0.000000000000000000e+00
0.000000000000000000e+00
0.000000000000000000e+00
4.130480667236366595e-03
8.360139532202114782e-03
1.413098385371223259e-02
1.825518709416624336e-02
1.116896826547226183e-02
3.413964589410403098e-03
0.000000000000000000e+00
0.000000000000000000e+00
0.000000000000000000e+00
0.000000000000000000e+00
5.328767198757354204e-03
3.213289772646855114e-01
3.845936102506469223e-01
