1.339165734170477129e-01
0.000000000000000000e+00
0.000000000000000000e+00
0.000000000000000000e+00
0.000000000000000000e+00
0.000000000000000000e+00
0.000000000000000000e+00
0.000000000000000000e+00
0.000000000000000000e+00
0.000000000000000000e+00
1.029086357762702919e-05
1.074101535297980036e-03
2.685253838244950090e-04
0.000000000000000000e+00
0.000000000000000000e+00
0.000000000000000000e+00
0.000000000000000000e+00
0.000000000000000000e+00
0.000000000000000000e+00
0.000000000000000000e+00
0.000000000000000000e+00
0.000000000000000000e+00
0.000000000000000000e+00
0.000000000000000000e+00
1.712557737579222493e-03
7.405452442797238414e-04
0.000000000000000000e+00
0.000000000000000000e+00
0.000000000000000000e+00
0.000000000000000000e+00
0.000000000000000000e+00
0.000000000000000000e+00
0.000000000000000000e+00
0.000000000000000000e+00
1.581127973397559658e-02
5.596166137304031674e-01
7.445851028672334504e-01
5.346085288788222645e-01
0.000000000000000000e+00
0.000000000000000000e+00
0.000000000000000000e+00
0.000000000000000000e+00
0.000000000000000000e+00
0.000000000000000000e+00
0.000000000000000000e+00
2.390229480708065592e-03
4.771097950868910705e-03
6.285486733718822529e-03
6.212072448017715715e-03
1.511349302786091061e-03
0.000000000000000000e+00
0.000000000000000000e+00
0.000000000000000000e+00
0.000000000000000000e+00
2.565611523229774371e-03
6.543015594748937715e-03
3.546790235730202471e-03
9.085656440350078997e-04
0.000000000000000000e+00
6.979373937599266109e-04
2.350039983129011308e-03
0.000000000000000000e+00
0.000000000000000000e+00
0.000000000000000000e+00
0.000000000000000000e+00
1.060818970665999882e-03
9.362499047130351526e-03
1.474348502792733120e-02
1.126936666559727636e-02
3.705762026154016918e-03
0.000000000000000000e+00
0.000000000000000000e+00
0.000000000000000000e+00
0.000000000000000000e+00
0.000000000000000000e+00
0.000000000000000000e+00
0.000000000000000000e+00
0.000000000000000000e+00
7.139360113147162840e-04
4.059797135691751643e-03
0.000000000000000000e+00
0.000000000000000000e+00
0.000000000000000000e+00
0.000000000000000000e+00
2.193978559184202870e-01
3.988368508871031337e-01
