6.005050539970397949e-01 7.219686359167098999e-02 -4.555050134658813477e-01
5.832221508026123047e-01 2.012545317411422729e-01 -5.025028586387634277e-01
5.160481333732604980e-01 3.463096320629119873e-01 -5.360789895057678223e-01
4.752752780914306641e-01 3.888282179832458496e-01 -5.077698826789855957e-01
5.176905989646911621e-01 3.478341102600097656e-01 -5.381135344505310059e-01
2.742300927639007568e-01 2.530969083309173584e-01 -5.471032261848449707e-01
3.062880337238311768e-01 2.654859721660614014e-01 -5.549453496932983398e-01
2.773032486438751221e-01 2.994550764560699463e-01 -5.126668214797973633e-01
1.596428304910659790e-01 3.001618683338165283e-01 -5.320777297019958496e-01
2.076647877693176270e-01 3.140078783035278320e-01 -5.485188364982604980e-01
7.912850379943847656e-02 3.582017123699188232e-01 -5.220465660095214844e-01
4.299145191907882690e-02 2.596780657768249512e-01 -5.546729564666748047e-01
-8.281023055315017700e-02 3.250066041946411133e-01 -5.244596004486083984e-01
-2.106735110282897949e-01 3.780646026134490967e-01 -4.531334638595581055e-01
-1.292794495820999146e-01 3.356405496597290039e-01 -5.277843475341796875e-01
-2.955423593521118164e-01 2.865055799484252930e-01 -5.259311199188232422e-01
-3.885517716407775879e-01 2.377357035875320435e-01 -5.009378790855407715e-01
-3.773332834243774414e-01 2.573828995227813721e-01 -4.755610525608062744e-01
-5.177212357521057129e-01 3.132738471031188965e-01 -4.464240968227386475e-01
-4.677217900753021240e-01 2.417888939380645752e-01 -4.607369601726531982e-01
-4.920209348201751709e-01 2.674394845962524414e-01 -4.511665105819702148e-01
-4.936282336711883545e-01 2.885684370994567871e-01 -3.956917524337768555e-01
-5.102874636650085449e-01 2.765616774559020996e-01 -4.078247249126434326e-01
-4.634292721748352051e-01 3.061737120151519775e-01 -3.867193460464477539e-01
-5.195316076278686523e-01 3.217104971408843994e-01 -4.218531250953674316e-01
-4.677936434745788574e-01 2.998370230197906494e-01 -4.422279596328735352e-01
-5.171573758125305176e-01 3.188250064849853516e-01 -4.309015870094299316e-01
-5.525578260421752930e-01 3.400237262248992920e-01 -4.338239729404449463e-01
-4.910631775856018066e-01 4.001643657684326172e-01 -4.805688261985778809e-01
-4.089103937149047852e-01 3.916853368282318115e-01 -5.339701175689697266e-01
-3.835329413414001465e-01 3.906555771827697754e-01 -5.263730287551879883e-01
-3.772980272769927979e-01 3.754853010177612305e-01 -5.131015181541442871e-01
-2.013733237981796265e-01 2.733983695507049561e-01 -5.395838618278503418e-01
8.915687352418899536e-02 2.654298841953277588e-01 -4.483557939529418945e-01
2.436701357364654541e-01 1.613021083176136017e-02 -3.555269539356231689e-01
6.244153380393981934e-01 9.170451760292053223e-02 -4.743418395519256592e-01
6.117736697196960449e-01 3.098712861537933350e-01 -5.759378075599670410e-01
5.235295295715332031e-01 4.186178445816040039e-01 -5.575332641601562500e-01
4.915587902069091797e-01 3.560275435447692871e-01 -5.719030499458312988e-01
5.237259864807128906e-01 4.192601442337036133e-01 -5.268254280090332031e-01
5.002691745758056641e-01 4.379525780677795410e-01 -5.237880945205688477e-01
4.554046690464019775e-01 4.550753831863403320e-01 -5.206325054168701172e-01
5.643988251686096191e-01 2.927607893943786621e-01 -5.641400218009948730e-01
5.062912702560424805e-01 3.181153535842895508e-01 -5.350360274314880371e-01
3.395370244979858398e-01 2.764669656753540039e-01 -4.903834760189056396e-01
3.693924546241760254e-01 1.132784411311149597e-01 -4.686082601547241211e-01
2.731029391288757324e-01 -1.254516094923019409e-01 -4.802689552307128906e-01
1.080489233136177063e-01 -1.550732851028442383e-01 -4.361452758312225342e-01
-2.447272092103958130e-02 -2.218066453933715820e-01 -3.254167139530181885e-01
1.886804029345512390e-02 -3.380381464958190918e-01 -2.053931057453155518e-01
-9.424974769353866577e-02 -3.587844669818878174e-01 -5.985997989773750305e-02
1.442923396825790405e-01 -3.645773231983184814e-01 6.963240355253219604e-02
1.385299861431121826e-01 -3.234460353851318359e-01 2.736304998397827148e-01
1.780859977006912231e-01 -1.531871706247329712e-01 3.540533781051635742e-01
2.762655615806579590e-01 -9.371848404407501221e-02 4.669132232666015625e-01
1.556914299726486206e-01 -1.717493385076522827e-01 5.105654597282409668e-01
2.691303491592407227e-01 -2.000947743654251099e-01 4.991690516471862793e-01
2.976711392402648926e-01 -3.630922436714172363e-01 4.748021662235260010e-01
3.304391801357269287e-01 -2.808260619640350342e-01 4.770663678646087646e-01
2.972878515720367432e-01 -2.920907139778137207e-01 4.633481800556182861e-01
3.401802778244018555e-01 -2.817051112651824951e-01 5.013799667358398438e-01
2.819166183471679688e-01 -3.189833760261535645e-01 4.437554478645324707e-01
7.708583027124404907e-02 -2.472703158855438232e-01 5.323174595832824707e-01
2.300029695034027100e-01 -3.050335049629211426e-01 4.806403517723083496e-01
2.286814302206039429e-01 -4.458398222923278809e-01 4.145377874374389648e-01
1.717182695865631104e-01 -5.297147035598754883e-01 3.172505199909210205e-01
4.004509747028350830e-02 -4.623581469058990479e-01 4.106813967227935791e-01
1.285330802202224731e-01 -5.222498178482055664e-01 3.442500531673431396e-01
5.167121067643165588e-02 -4.219667613506317139e-01 3.858844041824340820e-01
7.597095333039760590e-03 -5.314220190048217773e-01 2.188650965690612793e-01
-9.260883182287216187e-02 -3.743175566196441650e-01 1.091108918190002441e-01
-2.491141855716705322e-01 -1.765773743391036987e-01 3.529127687215805054e-02
-1.234357506036758423e-01 2.038988918066024780e-01 2.110013738274574280e-02
-1.784681528806686401e-01 3.825993537902832031e-01 -9.182173758745193481e-02
-3.086431324481964111e-01 4.214016497135162354e-01 -1.493228822946548462e-01
-4.502175152301788330e-01 3.523088693618774414e-01 -2.591241598129272461e-01
-3.833425343036651611e-01 3.615830838680267334e-01 -3.944498002529144287e-01
-3.999269902706146240e-01 3.235305845737457275e-01 -4.616592824459075928e-01
-4.355950057506561279e-01 2.808698713779449463e-01 -4.674898684024810791e-01
-4.370919167995452881e-01 2.978731393814086914e-01 -4.543931782245635986e-01
-5.233190059661865234e-01 3.427051901817321777e-01 -3.844811320304870605e-01
-4.764660596847534180e-01 4.034492373466491699e-01 -2.496847361326217651e-01
-2.137324959039688110e-01 5.481500029563903809e-01 -1.195987388491630554e-01
-6.308890134096145630e-02 4.742678701877593994e-01 -4.670875892043113708e-02
-1.178242452442646027e-02 3.658669292926788330e-01 -1.145717408508062363e-02
-4.612855613231658936e-02 1.872110366821289062e-01 -1.081115286797285080e-02
5.378440767526626587e-02 -1.105641052126884460e-01 7.099076360464096069e-02
1.053373292088508606e-01 -5.016689300537109375e-01 9.923187643289566040e-02
1.946429014205932617e-01 -5.121384263038635254e-01 1.991663426160812378e-01
2.383011132478713989e-01 -4.576043188571929932e-01 3.373762071132659912e-01
2.154602557420730591e-01 -4.875517487525939941e-01 2.954493165016174316e-01
2.892671525478363037e-01 -3.783942461013793945e-01 3.943496346473693848e-01
3.705575466156005859e-01 -2.617470622062683105e-01 4.993454217910766602e-01
3.505331277847290039e-01 -2.762298285961151123e-01 4.692061245441436768e-01
3.774410188198089600e-01 -2.474566549062728882e-01 5.403558015823364258e-01
3.949593603610992432e-01 -2.502645850181579590e-01 4.915720224380493164e-01
3.463411629199981689e-01 -2.923565506935119629e-01 4.603441655635833740e-01
3.744191229343414307e-01 -2.465599477291107178e-01 5.070637464523315430e-01
3.120106160640716553e-01 -3.762532472610473633e-01 4.906675219535827637e-01
1.382931023836135864e-01 -4.134326279163360596e-01 4.417488276958465576e-01
3.407169878482818604e-01 -2.583200633525848389e-01 4.513253271579742432e-01
