4.298004806041717529e-01 2.555707991123199463e-01 -4.284191429615020752e-01
2.373880445957183838e-01 3.186251223087310791e-01 -4.321583807468414307e-01
3.609364628791809082e-01 3.787970244884490967e-01 -4.177613854408264160e-01
4.543414413928985596e-01 3.062159121036529541e-01 -4.870608150959014893e-01
4.151261448860168457e-01 1.810017079114913940e-01 -5.482394695281982422e-01
3.232549428939819336e-01 1.281066536903381348e-01 -5.519974827766418457e-01
3.757089674472808838e-01 6.943292915821075439e-02 -5.813615322113037109e-01
3.519632220268249512e-01 1.011369451880455017e-01 -5.799896121025085449e-01
3.313018381595611572e-01 1.335218250751495361e-01 -5.660959482192993164e-01
2.087547630071640015e-01 -6.231650337576866150e-02 -6.162954568862915039e-01
8.780787885189056396e-02 -1.055729463696479797e-01 -6.390022039413452148e-01
1.558649837970733643e-01 1.076946333050727844e-01 -5.674833059310913086e-01
5.993384495377540588e-02 1.374006420373916626e-01 -5.569422841072082520e-01
5.751181393861770630e-02 4.334313794970512390e-02 -5.938082337379455566e-01
1.767938733100891113e-01 8.095629513263702393e-02 -6.010439991950988770e-01
-3.026299737393856049e-02 9.964031726121902466e-02 -6.018912196159362793e-01
-2.613612711429595947e-01 1.590299457311630249e-01 -5.599447488784790039e-01
-3.641926944255828857e-01 1.464622616767883301e-01 -5.396926999092102051e-01
-3.929418921470642090e-01 2.097216099500656128e-01 -5.010892152786254883e-01
-3.574568927288055420e-01 3.188933730125427246e-01 -4.647189974784851074e-01
-4.865492880344390869e-01 3.288597464561462402e-01 -4.480076432228088379e-01
-4.735037088394165039e-01 2.548629045486450195e-01 -4.833868443965911865e-01
-5.128946900367736816e-01 1.900958269834518433e-01 -5.166624784469604492e-01
-4.789990186691284180e-01 1.682711690664291382e-01 -4.831025302410125732e-01
-4.179683923721313477e-01 2.447600066661834717e-01 -4.553219676017761230e-01
-4.373848736286163330e-01 3.134602904319763184e-01 -4.623838663101196289e-01
-5.547832846641540527e-01 2.911141216754913330e-01 -4.921874701976776123e-01
-5.510408878326416016e-01 2.356797456741333008e-01 -4.890450835227966309e-01
-5.139142870903015137e-01 2.948408126831054688e-01 -4.670668542385101318e-01
-4.787839055061340332e-01 2.945107221603393555e-01 -4.710019826889038086e-01
-5.258212685585021973e-01 3.544807136058807373e-01 -4.440584182739257812e-01
-5.204733014106750488e-01 2.869661748409271240e-01 -4.706777036190032959e-01
-4.209559559822082520e-01 1.202907711267471313e-01 -4.802792370319366455e-01
-4.771758615970611572e-01 1.296024173498153687e-01 -3.439360558986663818e-01
-2.898716330528259277e-01 7.425469905138015747e-02 -4.359505474567413330e-01
-2.564837932586669922e-01 2.692512869834899902e-01 -3.719596266746520996e-01
1.196934133768081665e-01 5.578182265162467957e-02 -4.944807589054107666e-01
3.379085958003997803e-01 7.086207717657089233e-02 -5.083253979682922363e-01
5.510177016258239746e-01 9.569381177425384521e-02 -5.053488612174987793e-01
5.516908764839172363e-01 2.090916335582733154e-01 -5.519040822982788086e-01
5.349420905113220215e-01 3.470446169376373291e-01 -5.692101120948791504e-01
4.683516323566436768e-01 3.852854073047637939e-01 -5.741971135139465332e-01
4.272324442863464355e-01 3.317143917083740234e-01 -6.136713027954101562e-01
4.993637204170227051e-01 2.732786536216735840e-01 -6.364415884017944336e-01
3.313849866390228271e-01 2.320319116115570068e-01 -6.381950974464416504e-01
3.034429550170898438e-01 3.117788434028625488e-01 -5.909276008605957031e-01
3.062759041786193848e-01 2.314078509807586670e-01 -6.226984858512878418e-01
2.208401560783386230e-01 1.876788884401321411e-01 -6.249992847442626953e-01
2.517108321189880371e-01 1.949800848960876465e-01 -5.979436039924621582e-01
3.402116894721984863e-01 2.853619456291198730e-01 -5.881503820419311523e-01
2.019422650337219238e-01 3.034282028675079346e-01 -5.923905968666076660e-01
-3.357050567865371704e-02 3.115082085132598877e-01 -5.654113292694091797e-01
-2.983871102333068848e-02 2.940760552883148193e-01 -5.800399184226989746e-01
-1.687832027673721313e-01 2.628837823867797852e-01 -6.050904393196105957e-01
-2.009751200675964355e-01 2.579510509967803955e-01 -5.912998914718627930e-01
-3.523255586624145508e-01 3.165232539176940918e-01 -5.533760190010070801e-01
-3.696798682212829590e-01 3.209707140922546387e-01 -5.456335544586181641e-01
-3.278372287750244141e-01 3.255100250244140625e-01 -5.553542971611022949e-01
-3.914584517478942871e-01 2.569811642169952393e-01 -5.699017047882080078e-01
-3.090354204177856445e-01 1.209082379937171936e-01 -6.021555662155151367e-01
-4.779523015022277832e-01 1.410029381513595581e-01 -5.707836747169494629e-01
-4.802993834018707275e-01 1.819256544113159180e-01 -5.509152412414550781e-01
-4.678262174129486084e-01 8.612273633480072021e-02 -5.446347594261169434e-01
-4.910443723201751709e-01 1.034503057599067688e-01 -5.488747358322143555e-01
-4.277651607990264893e-01 1.248300969600677490e-01 -5.387381315231323242e-01
-4.146662950515747070e-01 1.711459010839462280e-01 -5.618851184844970703e-01
-4.713998138904571533e-01 1.739191561937332153e-01 -5.731559395790100098e-01
-4.079431593418121338e-01 -2.080518379807472229e-02 -5.254133939743041992e-01
-2.946686744689941406e-01 -6.180834397673606873e-02 -4.329871535301208496e-01
-3.107673227787017822e-01 1.308722198009490967e-01 -4.042675495147705078e-01
-4.263926446437835693e-01 1.145353689789772034e-01 -4.165904819965362549e-01
-8.070666342973709106e-02 5.712131969630718231e-03 -3.367280960083007812e-01
