4.924452006816864014e-01 9.096010029315948486e-02 -4.905371963977813721e-01
6.024976372718811035e-01 1.402715444564819336e-01 -4.822095632553100586e-01
5.223301053047180176e-01 1.906571090221405029e-01 -4.564555287361145020e-01
6.076974272727966309e-01 2.060644477605819702e-01 -5.330592393875122070e-01
5.452563166618347168e-01 2.144290506839752197e-01 -5.465453863143920898e-01
5.572710037231445312e-01 2.248752117156982422e-01 -5.450466275215148926e-01
5.159124135971069336e-01 1.745442450046539307e-01 -5.605154633522033691e-01
4.648998379707336426e-01 1.562104374170303345e-01 -5.873574614524841309e-01
4.425276815891265869e-01 1.862399578094482422e-01 -5.837844014167785645e-01
4.467055201530456543e-01 1.555416435003280640e-01 -5.925060510635375977e-01
4.263935089111328125e-01 1.763101369142532349e-01 -5.945112705230712891e-01
4.081865549087524414e-01 2.211520373821258545e-01 -5.851224660873413086e-01
4.141077399253845215e-01 2.368499040603637695e-01 -5.823032855987548828e-01
2.966788411140441895e-01 2.244481295347213745e-01 -5.680352449417114258e-01
2.650923728942871094e-01 1.584510952234268188e-01 -5.650490522384643555e-01
1.308553069829940796e-01 1.915282756090164185e-01 -5.631316304206848145e-01
-2.274462953209877014e-02 2.364385277032852173e-01 -5.769203901290893555e-01
-4.750647395849227905e-02 2.320674806833267212e-01 -5.873945355415344238e-01
-2.657314836978912354e-01 3.469516932964324951e-01 -4.928970634937286377e-01
-2.688321471214294434e-01 3.605898022651672363e-01 -5.028110742568969727e-01
-2.977520227432250977e-01 3.412233889102935791e-01 -5.036451220512390137e-01
-4.371626377105712891e-01 4.127727746963500977e-01 -4.142430722713470459e-01
-4.362471401691436768e-01 3.175419270992279053e-01 -4.714037179946899414e-01
-5.110083818435668945e-01 3.859395384788513184e-01 -4.563449025154113770e-01
-5.702616572380065918e-01 3.879078328609466553e-01 -4.533264935016632080e-01
-4.710165858268737793e-01 3.396368622779846191e-01 -5.112904310226440430e-01
-4.505123794078826904e-01 3.924704790115356445e-01 -4.912011921405792236e-01
-4.275859296321868896e-01 3.757174909114837646e-01 -4.824146330356597900e-01
-4.737402200698852539e-01 3.355657756328582764e-01 -5.454711914062500000e-01
-4.172151982784271240e-01 3.764610290527343750e-01 -5.476421117782592773e-01
-3.424160182476043701e-01 3.314513564109802246e-01 -5.444507002830505371e-01
-2.316778451204299927e-01 3.903798758983612061e-01 -5.276012420654296875e-01
-2.224366366863250732e-01 3.311169445514678955e-01 -4.606693089008331299e-01
9.830036759376525879e-02 1.571594327688217163e-01 -4.964874982833862305e-01
4.772035032510757446e-02 3.395015001296997070e-01 -4.541236162185668945e-01
2.307222336530685425e-01 3.743773102760314941e-01 -5.212782025337219238e-01
3.569159805774688721e-01 4.402121901512145996e-01 -4.796621799468994141e-01
3.134830296039581299e-01 3.575082421302795410e-01 -5.526611804962158203e-01
6.282828450202941895e-01 1.672533452510833740e-01 -5.595961809158325195e-01
5.609533786773681641e-01 2.684546411037445068e-01 -5.767953991889953613e-01
5.527155995368957520e-01 1.728016138076782227e-01 -6.043726205825805664e-01
4.827501475811004639e-01 3.593625724315643311e-01 -5.714395642280578613e-01
5.323927402496337891e-01 3.561179637908935547e-01 -5.864781737327575684e-01
5.641369819641113281e-01 2.908171713352203369e-01 -6.062821149826049805e-01
5.457166433334350586e-01 4.407749772071838379e-01 -5.458487272262573242e-01
4.996283948421478271e-01 3.595555722713470459e-01 -5.817487835884094238e-01
4.524544179439544678e-01 2.267055958509445190e-01 -6.042896509170532227e-01
4.760673344135284424e-01 3.418299853801727295e-01 -5.772495269775390625e-01
4.808268249034881592e-01 2.956908643245697021e-01 -5.731660127639770508e-01
3.640194237232208252e-01 3.011068403720855713e-01 -5.323098897933959961e-01
2.528643012046813965e-01 2.052165269851684570e-01 -5.379359722137451172e-01
9.545772522687911987e-02 2.569265365600585938e-01 -4.568044245243072510e-01
-7.015536725521087646e-02 2.457844614982604980e-01 -3.860793411731719971e-01
-2.916590273380279541e-01 3.972708582878112793e-01 -2.288041114807128906e-01
-1.722761243581771851e-01 4.208817481994628906e-01 -1.640885025262832642e-01
1.069742590188980103e-01 4.051598906517028809e-01 -1.130092740058898926e-01
-8.555412292480468750e-02 4.576010406017303467e-01 -7.497094571590423584e-02
-1.526319086551666260e-01 5.250819325447082520e-01 1.049183681607246399e-01
-1.767345368862152100e-01 5.685958862304687500e-01 1.986333727836608887e-01
-1.009875088930130005e-01 5.468100905418395996e-01 2.010471820831298828e-01
-4.520005360245704651e-02 5.791690349578857422e-01 2.986605465412139893e-01
-4.896249249577522278e-02 6.233899593353271484e-01 3.299954533576965332e-01
-1.414807699620723724e-02 5.875594019889831543e-01 3.885751366615295410e-01
7.808445394039154053e-02 6.443371772766113281e-01 4.202525019645690918e-01
1.242011114954948425e-01 5.426526069641113281e-01 4.265647232532501221e-01
9.016937762498855591e-02 5.061029791831970215e-01 3.931203782558441162e-01
1.900122612714767456e-01 5.063436031341552734e-01 4.109010696411132812e-01
1.787650436162948608e-01 4.629927277565002441e-01 4.194469153881072998e-01
2.295074909925460815e-01 4.580631554126739502e-01 3.700584471225738525e-01
2.791024744510650635e-01 3.855290710926055908e-01 3.441582024097442627e-01
2.860054671764373779e-01 3.172554671764373779e-01 3.333090543746948242e-01
1.622928529977798462e-01 2.506843805313110352e-01 2.377549856901168823e-01
1.857816278934478760e-01 -5.175562575459480286e-02 7.379431277513504028e-02
2.626128122210502625e-02 -2.162435054779052734e-01 -8.208979852497577667e-03
-4.838798940181732178e-02 -3.206104338169097900e-01 -1.094898805022239685e-01
-8.047606796026229858e-02 -3.640838861465454102e-01 -1.938762664794921875e-01
4.383383691310882568e-02 -4.510887563228607178e-01 -2.749515771865844727e-01
1.431416813284158707e-02 -4.424398839473724365e-01 -2.594458758831024170e-01
1.012715995311737061e-01 -4.597008526325225830e-01 -2.746478915214538574e-01
2.329990267753601074e-01 -5.639841556549072266e-01 -3.439782559871673584e-01
3.068331480026245117e-01 -5.796179175376892090e-01 -2.024924159049987793e-01
2.903109788894653320e-01 -6.715358495712280273e-01 -1.412317156791687012e-01
2.285013347864151001e-01 -6.437211632728576660e-01 -7.556528598070144653e-02
3.053305447101593018e-01 -6.558620929718017578e-01 -5.227397382259368896e-02
