1.490558377075537067e-01
0.000000000000000000e+00
0.000000000000000000e+00
0.000000000000000000e+00
0.000000000000000000e+00
0.000000000000000000e+00
0.000000000000000000e+00
0.000000000000000000e+00
0.000000000000000000e+00
0.000000000000000000e+00
0.000000000000000000e+00
0.000000000000000000e+00
0.000000000000000000e+00
0.000000000000000000e+00
0.000000000000000000e+00
0.000000000000000000e+00
0.000000000000000000e+00
0.000000000000000000e+00
0.000000000000000000e+00
0.000000000000000000e+00
0.000000000000000000e+00
0.000000000000000000e+00
0.000000000000000000e+00
1.231005964735217700e-02
2.499429876969529174e-02
2.586585038262662756e-02
2.526271021895873381e-02
1.712402272033031886e-02
7.175804471445647315e-03
4.324342160496758361e-03
2.047440814937309238e-03
1.072442868607771660e-02
4.622394972172201404e-03
0.000000000000000000e+00
0.000000000000000000e+00
0.000000000000000000e+00
0.000000000000000000e+00
0.000000000000000000e+00
0.000000000000000000e+00
1.191719288293136836e-01
3.023570701130758875e-01
3.484018301727525024e-01
2.775923145684422444e-01
9.117233403941765735e-02
0.000000000000000000e+00
0.000000000000000000e+00
0.000000000000000000e+00
0.000000000000000000e+00
0.000000000000000000e+00
0.000000000000000000e+00
0.000000000000000000e+00
0.000000000000000000e+00
0.000000000000000000e+00
0.000000000000000000e+00
0.000000000000000000e+00
0.000000000000000000e+00
0.000000000000000000e+00
6.282542811673937598e-03
1.490366967012993552e-02
9.044489310731151921e-03
0.000000000000000000e+00
0.000000000000000000e+00
0.000000000000000000e+00
3.909870279290988092e-03
9.845460300753649738e-03
7.493262911581757661e-03
0.000000000000000000e+00
0.000000000000000000e+00
0.000000000000000000e+00
2.538954511255300198e-03
7.951158561776690975e-03
1.844102171383608588e-02
4.261045998877509983e-02
0.000000000000000000e+00
0.000000000000000000e+00
0.000000000000000000e+00
0.000000000000000000e+00
3.798575288007550177e-01
7.805682540626336374e-01
8.075071585176583078e-01
4.449222488319860558e-01
0.000000000000000000e+00
0.000000000000000000e+00
0.000000000000000000e+00
0.000000000000000000e+00
0.000000000000000000e+00
0.000000000000000000e+00
0.000000000000000000e+00
0.000000000000000000e+00
0.000000000000000000e+00
0.000000000000000000e+00
0.000000000000000000e+00
0.000000000000000000e+00
0.000000000000000000e+00
0.000000000000000000e+00
0.000000000000000000e+00
0.000000000000000000e+00
0.000000000000000000e+00
0.000000000000000000e+00
0.000000000000000000e+00
3.659467841288364834e-04
1.169858388418641357e-02
1.897999834309746156e-02
1.211294550613956425e-02
1.383088389524650798e-03
4.673854435492123816e-02
0.000000000000000000e+00
0.000000000000000000e+00
0.000000000000000000e+00
0.000000000000000000e+00
2.649253273438253453e-01
