3.720923066139221191e-01 1.291582286357879639e-01 -4.722365736961364746e-01
4.229015111923217773e-01 3.096571862697601318e-01 -4.697966277599334717e-01
4.499026536941528320e-01 2.067069262266159058e-01 -5.155323743820190430e-01
4.848438203334808350e-01 1.845150291919708252e-01 -5.061278343200683594e-01
4.016373753547668457e-01 2.212673574686050415e-01 -5.373665690422058105e-01
4.837925434112548828e-01 1.758133769035339355e-01 -5.579891204833984375e-01
5.025107264518737793e-01 2.038028985261917114e-01 -5.411148071289062500e-01
5.505830645561218262e-01 1.336653232574462891e-01 -5.844517350196838379e-01
3.956572115421295166e-01 4.503181204199790955e-02 -6.259172558784484863e-01
4.527629017829895020e-01 9.795525111258029938e-03 -6.419330835342407227e-01
3.574094176292419434e-01 8.340325206518173218e-02 -5.977568626403808594e-01
3.780333697795867920e-01 1.030173972249031067e-01 -5.940678119659423828e-01
2.944327592849731445e-01 -4.355725273489952087e-02 -6.274394989013671875e-01
2.600573897361755371e-01 5.010003596544265747e-02 -6.188964247703552246e-01
2.689851522445678711e-01 8.622440695762634277e-02 -6.124997735023498535e-01
8.378795534372329712e-02 1.820355504751205444e-01 -5.756981968879699707e-01
8.192865177989006042e-03 1.388358473777770996e-01 -5.783283114433288574e-01
-7.919457554817199707e-02 2.602463364601135254e-01 -5.299422144889831543e-01
-2.487018257379531860e-01 1.904022991657257080e-01 -5.467954874038696289e-01
-5.139563083648681641e-01 1.958720535039901733e-01 -5.162775516510009766e-01
-4.313372075557708740e-01 1.754750758409500122e-01 -5.493589639663696289e-01
-4.464751780033111572e-01 2.875412702560424805e-01 -4.721009135246276855e-01
-4.095332920551300049e-01 2.163974344730377197e-01 -4.978595674037933350e-01
-4.426367580890655518e-01 2.677361071109771729e-01 -4.839231967926025391e-01
-4.097183644771575928e-01 3.294887542724609375e-01 -4.765255749225616455e-01
-3.982971906661987305e-01 2.891907095909118652e-01 -4.962368905544281006e-01
-4.343550503253936768e-01 2.288411855697631836e-01 -5.233953595161437988e-01
-5.325640439987182617e-01 1.612891554832458496e-01 -5.076628327369689941e-01
-5.536109805107116699e-01 8.950469642877578735e-02 -5.281979441642761230e-01
-5.938042402267456055e-01 2.085112035274505615e-01 -5.076545476913452148e-01
-5.739827156066894531e-01 2.639961242675781250e-01 -4.958814680576324463e-01
-4.459124803543090820e-01 4.252043068408966064e-01 -4.476625919342041016e-01
-4.002348780632019043e-01 3.310995399951934814e-01 -4.463555216789245605e-01
-3.951411545276641846e-01 3.528969585895538330e-01 -4.354758858680725098e-01
-3.106271326541900635e-01 4.633847773075103760e-01 -2.134096920490264893e-01
-6.592325121164321899e-02 4.310321807861328125e-01 -3.902608156204223633e-02
2.086270600557327271e-01 2.374735474586486816e-01 1.622628271579742432e-01
3.352459669113159180e-01 -2.275180220603942871e-01 1.870336830615997314e-01
4.546193182468414307e-01 -3.913230001926422119e-01 1.718822568655014038e-01
3.053349554538726807e-01 -6.011665463447570801e-01 4.069997668266296387e-01
4.368722736835479736e-01 -3.587768077850341797e-01 5.412130355834960938e-01
4.539984464645385742e-01 -1.843473166227340698e-01 5.605704784393310547e-01
3.965798020362854004e-01 -1.456603258848190308e-01 5.201079845428466797e-01
3.348577916622161865e-01 -2.020535767078399658e-01 5.498247742652893066e-01
4.170884490013122559e-01 -1.777441054582595825e-01 5.867425799369812012e-01
3.904367387294769287e-01 -1.814482212066650391e-01 5.697675943374633789e-01
5.293671488761901855e-01 -1.241423934698104858e-01 5.943413972854614258e-01
4.457396268844604492e-01 -1.640594154596328735e-01 6.048375368118286133e-01
3.327876329421997070e-01 -1.641313880681991577e-01 5.760228633880615234e-01
3.425287902355194092e-01 -1.847069710493087769e-01 6.046658158302307129e-01
3.247568011283874512e-01 -2.669493257999420166e-01 5.704129338264465332e-01
2.723156511783599854e-01 -2.898449301719665527e-01 5.707610249519348145e-01
3.813948929309844971e-01 -2.861667871475219727e-01 5.452454686164855957e-01
2.526793181896209717e-01 -3.880740106105804443e-01 5.196100473403930664e-01
1.230766996741294861e-01 -5.470622777938842773e-01 3.843612074851989746e-01
7.763604819774627686e-02 -5.551475882530212402e-01 1.825099438428878784e-01
1.247986592352390289e-02 -5.306183695793151855e-01 8.881259709596633911e-02
5.469519272446632385e-02 -5.250155925750732422e-01 -1.407891046255826950e-02
7.164666894823312759e-04 -4.293617606163024902e-01 -5.322268698364496231e-03
3.643303364515304565e-02 -5.462347269058227539e-01 -9.383801370859146118e-02
-6.029299646615982056e-02 -5.097430348396301270e-01 -7.250361144542694092e-02
8.807735145092010498e-02 -6.082142591476440430e-01 -1.669891625642776489e-01
7.027720659971237183e-02 -5.885171294212341309e-01 -1.172385290265083313e-01
1.062873676419258118e-01 -5.905337333679199219e-01 -1.504677087068557739e-01
1.398140192031860352e-01 -6.643993258476257324e-01 -1.538927853107452393e-01
2.617291808128356934e-01 -6.532486081123352051e-01 -1.315712481737136841e-01
