5.439530611038208008e-01 2.348648160696029663e-01 -4.286738038063049316e-01
4.948007464408874512e-01 3.362854123115539551e-01 -3.651858270168304443e-01
5.214837193489074707e-01 2.990905642509460449e-01 -4.005522131919860840e-01
5.689240694046020508e-01 2.817761898040771484e-01 -4.292613565921783447e-01
5.710397958755493164e-01 3.090557157993316650e-01 -4.203649163246154785e-01
5.761627554893493652e-01 2.311815917491912842e-01 -4.454506337642669678e-01
4.552740454673767090e-01 3.255810737609863281e-01 -3.901658952236175537e-01
4.116730391979217529e-01 3.289168179035186768e-01 -3.612170219421386719e-01
5.209520459175109863e-01 2.176395356655120850e-01 -4.539096951484680176e-01
4.609729647636413574e-01 2.557922899723052979e-01 -4.238489568233489990e-01
3.856024146080017090e-01 2.751049995422363281e-01 -4.149383902549743652e-01
3.170456588268280029e-01 2.709961235523223877e-01 -4.726325571537017822e-01
2.572745084762573242e-01 2.755283415317535400e-01 -5.053793191909790039e-01
3.407269716262817383e-01 2.614869773387908936e-01 -5.391445159912109375e-01
1.576872617006301880e-01 2.702062427997589111e-01 -5.357937216758728027e-01
6.751287728548049927e-02 3.289705812931060791e-01 -4.731776118278503418e-01
-9.388342499732971191e-02 3.384472727775573730e-01 -4.562376737594604492e-01
-1.389301270246505737e-01 3.546335697174072266e-01 -4.591840505599975586e-01
-3.115518391132354736e-01 3.128386735916137695e-01 -4.801777899265289307e-01
-3.843236267566680908e-01 2.645120024681091309e-01 -5.071136355400085449e-01
-3.789765536785125732e-01 3.220677673816680908e-01 -5.041942000389099121e-01
-3.288059532642364502e-01 3.355685472488403320e-01 -4.550063014030456543e-01
-4.095411896705627441e-01 2.596809864044189453e-01 -5.234587192535400391e-01
-4.121078848838806152e-01 3.005776703357696533e-01 -4.952376782894134521e-01
-4.361919164657592773e-01 3.789027035236358643e-01 -4.693877696990966797e-01
-4.478863775730133057e-01 3.405525386333465576e-01 -4.660256803035736084e-01
-3.918389081954956055e-01 4.191887378692626953e-01 -4.478197991847991943e-01
-4.572454690933227539e-01 3.117330372333526611e-01 -4.923254549503326416e-01
-4.634984135627746582e-01 2.763413190841674805e-01 -5.187957882881164551e-01
-5.177222490310668945e-01 2.593792974948883057e-01 -5.133262276649475098e-01
-5.061982274055480957e-01 3.335418701171875000e-01 -5.051583647727966309e-01
-5.107109546661376953e-01 2.241373807191848755e-01 -5.218294262886047363e-01
-3.612590730190277100e-01 2.262970060110092163e-01 -4.823505282402038574e-01
-3.863051533699035645e-01 2.607358992099761963e-01 -4.328593611717224121e-01
-4.624841511249542236e-01 3.879684805870056152e-01 -3.855348825454711914e-01
-4.204325377941131592e-01 3.235324025154113770e-01 -3.656245172023773193e-01
-2.542802095413208008e-01 3.784863948822021484e-01 -2.192918211221694946e-01
-1.983724348247051239e-02 3.497618436813354492e-01 5.953721236437559128e-03
2.377633154392242432e-01 2.659106254577636719e-01 1.880253702402114868e-01
3.661574125289916992e-01 -1.364541947841644287e-01 8.965773135423660278e-02
3.529937863349914551e-01 -2.272467762231826782e-01 3.665571212768554688e-01
2.289635688066482544e-01 -6.132839322090148926e-01 3.890555799007415771e-01
1.480370759963989258e-01 -6.017891168594360352e-01 3.809864223003387451e-01
2.028298377990722656e-01 -4.418473839759826660e-01 4.125443994998931885e-01
2.310839444398880005e-01 -4.682410359382629395e-01 4.915247559547424316e-01
2.525569796562194824e-01 -1.553161144256591797e-01 5.649238824844360352e-01
2.785227000713348389e-01 -7.818616926670074463e-02 6.026833057403564453e-01
2.700534462928771973e-01 -6.887648999691009521e-02 5.682381391525268555e-01
3.377517461776733398e-01 -1.056689023971557617e-02 6.334279775619506836e-01
2.774990200996398926e-01 5.548777803778648376e-02 6.692649126052856445e-01
2.551401257514953613e-01 3.069221042096614838e-02 6.711813807487487793e-01
2.551393210887908936e-01 -1.845417618751525879e-01 6.372188329696655273e-01
1.748711317777633667e-01 -1.540647447109222412e-01 5.925140976905822754e-01
2.899646162986755371e-01 -8.308980613946914673e-02 5.936645269393920898e-01
2.798300683498382568e-01 -1.831515431404113770e-01 5.862357616424560547e-01
1.669281274080276489e-01 -2.817882597446441650e-01 5.529332160949707031e-01
1.464122831821441650e-01 -3.413578271865844727e-01 5.142667889595031738e-01
1.051110327243804932e-01 -4.426723122596740723e-01 4.886844456195831299e-01
-3.142194822430610657e-02 -4.677976369857788086e-01 4.288986623287200928e-01
7.760096341371536255e-02 -5.119863748550415039e-01 2.267570793628692627e-01
1.446463819593191147e-02 -4.841737449169158936e-01 2.823276631534099579e-02
-2.394949086010456085e-02 -5.753291249275207520e-01 -1.033302024006843567e-01
-1.829821121646091342e-04 -5.951351523399353027e-01 -1.733656972646713257e-01
-3.844755887985229492e-02 -6.493516564369201660e-01 -2.187305390834808350e-01
-6.063434854149818420e-02 -6.552571654319763184e-01 -2.230738103389739990e-01
-9.785231202840805054e-03 -6.382045149803161621e-01 -2.372610419988632202e-01
-6.747494637966156006e-02 -5.337389111518859863e-01 -2.490969896316528320e-01
1.021007150411605835e-01 -5.672519803047180176e-01 -2.729964256286621094e-01
-4.652677476406097412e-02 -5.487840175628662109e-01 -2.481848001480102539e-01
1.564913243055343628e-01 -5.919046401977539062e-01 -2.318327873945236206e-01
1.200398877263069153e-01 -6.584095954895019531e-01 -2.130263447761535645e-01
3.220407292246818542e-02 -6.195327043533325195e-01 -1.949560791254043579e-01
2.238157689571380615e-01 -4.157645106315612793e-01 -6.516452878713607788e-02
