3.114243745803833008e-01 2.890474796295166016e-01 -2.874073684215545654e-01
1.740693002939224243e-01 3.114675581455230713e-01 -3.454186320304870605e-01
1.258245855569839478e-01 2.306898534297943115e-01 -4.036547839641571045e-01
1.749373674392700195e-01 2.547666430473327637e-01 -3.635167479515075684e-01
1.648420691490173340e-01 3.013446331024169922e-01 -3.622882366180419922e-01
2.107217460870742798e-01 1.917894929647445679e-01 -4.159950613975524902e-01
-4.539781715720891953e-03 2.141987085342407227e-01 -3.855138719081878662e-01
2.030540630221366882e-02 2.508130371570587158e-01 -3.782579600811004639e-01
-5.869208276271820068e-02 2.699452042579650879e-01 -3.768482804298400879e-01
-7.855953276157379150e-02 3.472186923027038574e-01 -3.369112014770507812e-01
1.832172833383083344e-02 2.441131323575973511e-01 -4.243466258049011230e-01
1.471220552921295166e-01 2.077649384737014771e-01 -4.394304454326629639e-01
1.300159841775894165e-01 2.857281267642974854e-01 -4.261005520820617676e-01
9.523448348045349121e-02 2.392627745866775513e-01 -4.405706226825714111e-01
1.968186497688293457e-01 2.820698618888854980e-01 -4.401075243949890137e-01
-4.791400581598281860e-02 3.389253616333007812e-01 -3.241804242134094238e-01
-1.299979388713836670e-01 4.154514372348785400e-01 -2.740224003791809082e-01
-2.833033204078674316e-01 4.278835952281951904e-01 -3.186512291431427002e-01
-4.565139412879943848e-01 2.394702434539794922e-01 -4.198675751686096191e-01
-5.068837404251098633e-01 2.738224267959594727e-01 -4.206914901733398438e-01
-5.726543068885803223e-01 2.645302712917327881e-01 -4.255938231945037842e-01
-5.782026648521423340e-01 2.877366244792938232e-01 -4.228875041007995605e-01
-5.548357963562011719e-01 3.063876032829284668e-01 -3.965411782264709473e-01
-5.033565759658813477e-01 3.119213581085205078e-01 -4.272626936435699463e-01
-5.316694974899291992e-01 3.414910137653350830e-01 -4.036061167716979980e-01
-5.214957594871520996e-01 3.291137516498565674e-01 -4.557905495166778564e-01
-4.477026760578155518e-01 3.624347448348999023e-01 -4.584876596927642822e-01
-5.187166333198547363e-01 3.697821795940399170e-01 -4.753703773021697998e-01
-5.673132538795471191e-01 3.311641216278076172e-01 -4.703916013240814209e-01
-5.559425354003906250e-01 2.933230400085449219e-01 -4.977020919322967529e-01
-5.546863079071044922e-01 2.051209807395935059e-01 -5.025774240493774414e-01
-5.192621946334838867e-01 2.288520485162734985e-01 -4.779511690139770508e-01
-5.749163627624511719e-01 1.519438326358795166e-01 -4.546420872211456299e-01
-5.832974910736083984e-01 2.882159352302551270e-01 -4.041282236576080322e-01
-5.701659917831420898e-01 3.022018373012542725e-01 -4.165530502796173096e-01
-5.386913418769836426e-01 2.610448300838470459e-01 -4.157923161983489990e-01
-5.360755920410156250e-01 5.701658129692077637e-02 -3.395245373249053955e-01
-4.554466605186462402e-01 1.280489712953567505e-01 -2.723939418792724609e-01
-2.998933792114257812e-01 1.819684654474258423e-01 -2.996015846729278564e-01
-3.005422949790954590e-01 3.832619786262512207e-01 -2.055185288190841675e-01
-1.237645670771598816e-01 2.707580327987670898e-01 9.583697468042373657e-02
8.381371945142745972e-02 -6.951290369033813477e-02 1.478909552097320557e-01
1.439215987920761108e-01 -5.288185477256774902e-01 4.745084941387176514e-01
-2.293182536959648132e-02 -5.683094263076782227e-01 4.862839579582214355e-01
-9.509812295436859131e-02 -5.037066936492919922e-01 4.393815994262695312e-01
4.257065430283546448e-02 -3.807953298091888428e-01 5.068997740745544434e-01
-6.780946254730224609e-02 -2.403860241174697876e-01 5.717738866806030273e-01
4.170387610793113708e-02 -3.806891739368438721e-01 5.473133921623229980e-01
1.156115010380744934e-01 -4.755168855190277100e-01 5.359231829643249512e-01
-1.156865954399108887e-01 -4.120002686977386475e-01 5.775021314620971680e-01
-1.245184764266014099e-01 -3.955409228801727295e-01 6.106586456298828125e-01
-6.631629168987274170e-02 -4.175184965133666992e-01 6.246492266654968262e-01
-1.822888106107711792e-01 -3.834066987037658691e-01 6.062843203544616699e-01
-4.227145314216613770e-01 -4.132298529148101807e-01 5.996651053428649902e-01
-3.603170514106750488e-01 -3.700375556945800781e-01 6.037178039550781250e-01
-2.369723618030548096e-01 -4.552043080329895020e-01 5.534172058105468750e-01
-3.876297175884246826e-01 -4.938470721244812012e-01 4.879870116710662842e-01
-4.420963823795318604e-01 -4.932464063167572021e-01 4.144465625286102295e-01
-3.816384375095367432e-01 -5.627595186233520508e-01 3.178622722625732422e-01
-4.342482089996337891e-01 -5.809672474861145020e-01 2.859186828136444092e-01
-3.655068874359130859e-01 -6.305368542671203613e-01 1.817604005336761475e-01
-3.856041729450225830e-01 -6.290409564971923828e-01 1.420935094356536865e-01
-1.801376342773437500e-01 -6.855415701866149902e-01 -1.799043081700801849e-02
-2.999344468116760254e-01 -6.435430049896240234e-01 -9.135998785495758057e-03
-3.664714992046356201e-01 -5.829280614852905273e-01 8.277272805571556091e-03
-2.551027238368988037e-01 -5.929283499717712402e-01 -4.229373112320899963e-02
-3.156090974807739258e-01 -5.793254971504211426e-01 -5.649342387914657593e-02
-3.266580104827880859e-01 -6.270646452903747559e-01 -8.345480263233184814e-02
-1.829386949539184570e-01 -5.573886036872863770e-01 -1.041397899389266968e-01
-2.477052062749862671e-01 -5.887140035629272461e-01 -9.768737852573394775e-02
-2.068882584571838379e-01 -5.601572394371032715e-01 -3.789168596267700195e-02
-9.130099415779113770e-02 -5.839930772781372070e-01 -9.385175257921218872e-02
-9.962528198957443237e-02 -6.216719746589660645e-01 -5.894389376044273376e-02
-1.003116816282272339e-01 -6.594852209091186523e-01 -3.868982195854187012e-02
-1.968533396720886230e-01 -6.163417696952819824e-01 -3.071980550885200500e-02
-1.401818245649337769e-01 -5.416156053543090820e-01 -8.071991056203842163e-02
-5.200199410319328308e-02 -5.955452919006347656e-01 -1.043910682201385498e-01
-1.644286885857582092e-02 -6.032129526138305664e-01 -2.965741977095603943e-02
7.934109866619110107e-02 -3.648920357227325439e-01 2.170362975448369980e-03
3.640990853309631348e-01 -1.351879537105560303e-01 -3.008781969547271729e-01
4.949571788311004639e-01 -6.955513358116149902e-02 -4.466945230960845947e-01
5.335717201232910156e-01 3.517782092094421387e-01 -4.705011546611785889e-01
4.185519814491271973e-01 2.976354956626892090e-01 -4.975315928459167480e-01
5.609465241432189941e-01 3.131667673587799072e-01 -4.359682202339172363e-01
5.543966293334960938e-01 3.475076258182525635e-01 -3.893104493618011475e-01
5.808567404747009277e-01 3.738668262958526611e-01 -3.874210119247436523e-01
5.581209659576416016e-01 3.837023675441741943e-01 -3.973512947559356689e-01
5.492639541625976562e-01 3.677499592304229736e-01 -3.951563835144042969e-01
5.088014006614685059e-01 3.335357606410980225e-01 -4.293620884418487549e-01
4.573832452297210693e-01 3.116024136543273926e-01 -4.280425608158111572e-01
4.135648012161254883e-01 2.517827451229095459e-01 -4.642427563667297363e-01
3.743093013763427734e-01 3.405892550945281982e-01 -4.255720376968383789e-01
2.375819832086563110e-01 3.695068955421447754e-01 -4.116545915603637695e-01
4.767026007175445557e-02 3.359936475753784180e-01 -4.427581131458282471e-01
-6.403409689664840698e-02 2.490204423666000366e-01 -4.690659940242767334e-01
-8.963268995285034180e-02 2.266111969947814941e-01 -5.196154713630676270e-01
-1.921312958002090454e-01 2.879422903060913086e-01 -4.735623002052307129e-01
-1.523272991180419922e-01 2.648966014385223389e-01 -4.623759090900421143e-01
-2.881111800670623779e-01 2.840859591960906982e-01 -4.154300391674041748e-01
-2.674701809883117676e-01 1.925500482320785522e-01 -4.932417869567871094e-01
-3.142518699169158936e-01 2.071083784103393555e-01 -4.744516313076019287e-01
-3.561701476573944092e-01 2.436874210834503174e-01 -4.662094116210937500e-01
-4.189725220203399658e-01 1.377677917480468750e-01 -4.855093061923980713e-01
-3.439286351203918457e-01 8.315318822860717773e-02 -4.805888533592224121e-01
-2.600270807743072510e-01 1.494203805923461914e-01 -4.388667643070220947e-01
-2.928613126277923584e-01 1.777569055557250977e-01 -4.613187313079833984e-01
-4.121317267417907715e-01 8.201212435960769653e-02 -4.645477831363677979e-01
-3.305868208408355713e-01 3.431719541549682617e-02 -4.479833245277404785e-01
-3.526529073715209961e-01 1.836776882410049438e-01 -3.853010833263397217e-01
-1.949217617511749268e-01 -2.684830687940120697e-02 -3.327768146991729736e-01
-2.743788063526153564e-01 -1.035754289478063583e-02 -3.503567278385162354e-01
