1.118429760936366368e-01
0.000000000000000000e+00
0.000000000000000000e+00
0.000000000000000000e+00
1.021621806360502836e-02
5.536330241809677213e-03
3.585311143286313250e-03
4.603606795526189732e-03
3.813775665326472886e-03
0.000000000000000000e+00
0.000000000000000000e+00
0.000000000000000000e+00
0.000000000000000000e+00
0.000000000000000000e+00
0.000000000000000000e+00
0.000000000000000000e+00
0.000000000000000000e+00
0.000000000000000000e+00
0.000000000000000000e+00
0.000000000000000000e+00
0.000000000000000000e+00
0.000000000000000000e+00
0.000000000000000000e+00
0.000000000000000000e+00
0.000000000000000000e+00
0.000000000000000000e+00
2.376810562133681304e-02
3.762055255108689295e-02
2.694210932396748359e-02
1.686815142339788756e-02
7.139411567465053267e-03
0.000000000000000000e+00
0.000000000000000000e+00
0.000000000000000000e+00
0.000000000000000000e+00
0.000000000000000000e+00
0.000000000000000000e+00
0.000000000000000000e+00
0.000000000000000000e+00
2.044067874140489405e-01
3.570359731359800115e-01
4.934681224274197198e-01
5.120091419327629234e-01
4.101285450513554864e-01
2.446371250202725167e-01
0.000000000000000000e+00
0.000000000000000000e+00
0.000000000000000000e+00
0.000000000000000000e+00
0.000000000000000000e+00
0.000000000000000000e+00
0.000000000000000000e+00
0.000000000000000000e+00
0.000000000000000000e+00
2.324687705643843465e-03
0.000000000000000000e+00
0.000000000000000000e+00
0.000000000000000000e+00
0.000000000000000000e+00
0.000000000000000000e+00
0.000000000000000000e+00
1.146641832656673278e-02
1.164624014166050145e-02
7.205585495577616732e-03
1.305171851008336218e-03
0.000000000000000000e+00
0.000000000000000000e+00
0.000000000000000000e+00
0.000000000000000000e+00
0.000000000000000000e+00
0.000000000000000000e+00
2.121052317688264799e-01
3.535283910904805649e-01
