2.363737857612517035e-01
0.000000000000000000e+00
0.000000000000000000e+00
0.000000000000000000e+00
0.000000000000000000e+00
2.132341174514416210e-02
5.060697553177018367e-03
0.000000000000000000e+00
0.000000000000000000e+00
0.000000000000000000e+00
0.000000000000000000e+00
0.000000000000000000e+00
0.000000000000000000e+00
0.000000000000000000e+00
0.000000000000000000e+00
0.000000000000000000e+00
0.000000000000000000e+00
0.000000000000000000e+00
0.000000000000000000e+00
0.000000000000000000e+00
0.000000000000000000e+00
0.000000000000000000e+00
0.000000000000000000e+00
0.000000000000000000e+00
1.492873527355829824e-03
1.193654540318536683e-02
1.450814032852383410e-02
1.969504429755518371e-02
2.363716173292836065e-02
1.748462560601563714e-02
7.546323339249686249e-03
0.000000000000000000e+00
0.000000000000000000e+00
0.000000000000000000e+00
0.000000000000000000e+00
0.000000000000000000e+00
0.000000000000000000e+00
0.000000000000000000e+00
0.000000000000000000e+00
2.276695914195279447e-01
4.105286575025620111e-01
3.997481711747993827e-01
2.208236164763620890e-01
0.000000000000000000e+00
0.000000000000000000e+00
0.000000000000000000e+00
0.000000000000000000e+00
0.000000000000000000e+00
0.000000000000000000e+00
4.857563256771501269e-03
9.550792448133562165e-03
1.194656061863144311e-02
6.550994689330020236e-03
0.000000000000000000e+00
0.000000000000000000e+00
0.000000000000000000e+00
0.000000000000000000e+00
0.000000000000000000e+00
0.000000000000000000e+00
7.865553278044517052e-03
1.866391446831064393e-02
1.562265555521452978e-02
8.230415846189284915e-03
1.482498131684529662e-03
1.079691679405683650e-03
3.028292424988306402e-03
3.674962941589548018e-03
2.710753128066941808e-03
0.000000000000000000e+00
0.000000000000000000e+00
0.000000000000000000e+00
0.000000000000000000e+00
0.000000000000000000e+00
0.000000000000000000e+00
8.028974580607707578e-02
2.749093651485770007e-01
3.924673594664692677e-01
3.949434588531158252e-01
1.718803501579531656e-01
0.000000000000000000e+00
0.000000000000000000e+00
0.000000000000000000e+00
0.000000000000000000e+00
0.000000000000000000e+00
0.000000000000000000e+00
0.000000000000000000e+00
0.000000000000000000e+00
0.000000000000000000e+00
0.000000000000000000e+00
0.000000000000000000e+00
0.000000000000000000e+00
0.000000000000000000e+00
0.000000000000000000e+00
0.000000000000000000e+00
0.000000000000000000e+00
0.000000000000000000e+00
1.909455035595014139e-03
7.182339169817437280e-03
8.541780624964072366e-03
4.268315758933417803e-03
3.709308698779880883e-03
4.288860733004468129e-03
8.148235949905090550e-03
2.089976996942904258e-02
0.000000000000000000e+00
0.000000000000000000e+00
0.000000000000000000e+00
0.000000000000000000e+00
2.876162698979498056e-01
