1.913981288671493530e-01 -1.425302624702453613e-01 -4.437389671802520752e-01
2.846299707889556885e-01 2.179920673370361328e-01 -2.983029186725616455e-01
3.428972959518432617e-01 2.920093238353729248e-01 -2.411578148603439331e-01
3.915420472621917725e-01 2.849107682704925537e-01 -2.586148083209991455e-01
2.183514088392257690e-01 2.391238361597061157e-01 -2.984670996665954590e-01
3.344667553901672363e-01 2.381387799978256226e-01 -3.479721248149871826e-01
1.514846533536911011e-01 2.817756533622741699e-01 -3.201167583465576172e-01
-3.107883781194686890e-02 3.013314306735992432e-01 -3.600899279117584229e-01
-1.762126684188842773e-01 1.909011304378509521e-01 -4.231835901737213135e-01
-2.001442909240722656e-01 2.393009513616561890e-01 -4.052403867244720459e-01
-2.644173204898834229e-01 2.828221023082733154e-01 -3.491326868534088135e-01
-3.060740828514099121e-01 3.687979876995086670e-01 -2.547736167907714844e-01
-6.745517998933792114e-02 2.584015727043151855e-01 -3.607510626316070557e-01
-1.438692063093185425e-01 3.208381831645965576e-01 -2.941495478153228760e-01
-3.339074254035949707e-01 3.585106432437896729e-01 -2.833619117736816406e-01
-4.395126998424530029e-01 3.039976358413696289e-01 -2.744927704334259033e-01
-5.036585330963134766e-01 3.337523341178894043e-01 -2.777409255504608154e-01
-5.473126173019409180e-01 2.955195903778076172e-01 -3.098115026950836182e-01
-5.862826108932495117e-01 4.092630743980407715e-01 -3.025546669960021973e-01
-5.579559206962585449e-01 3.776584565639495850e-01 -3.183411955833435059e-01
-5.888715386390686035e-01 3.226012885570526123e-01 -3.643418550491333008e-01
-5.718498826026916504e-01 2.428009063005447388e-01 -4.158017635345458984e-01
-5.128790140151977539e-01 1.511371284723281860e-01 -4.439092278480529785e-01
-6.010712385177612305e-01 1.510313153266906738e-01 -4.156282246112823486e-01
-5.094121694564819336e-01 1.892203092575073242e-01 -4.273859560489654541e-01
-4.824742674827575684e-01 1.712990701198577881e-01 -4.285759627819061279e-01
-4.641037881374359131e-01 1.365178972482681274e-01 -3.513388335704803467e-01
-5.878404378890991211e-01 1.402558237314224243e-01 -3.330513834953308105e-01
-6.083756089210510254e-01 7.302675396203994751e-02 -3.102307021617889404e-01
-5.289255976676940918e-01 1.509762257337570190e-01 -2.782129943370819092e-01
-5.074430108070373535e-01 1.269956231117248535e-01 -2.453407496213912964e-01
-5.436432361602783203e-01 1.384032964706420898e-01 -2.068768441677093506e-01
-4.590173959732055664e-01 1.067095175385475159e-01 -2.263441681861877441e-01
-5.491456985473632812e-01 6.194012612104415894e-02 -2.369937598705291748e-01
-5.281298756599426270e-01 1.446161419153213501e-01 -2.553789913654327393e-01
-5.150179862976074219e-01 1.219320818781852722e-01 -2.603956162929534912e-01
-6.080672740936279297e-01 9.200206398963928223e-02 -3.607325851917266846e-01
-5.694245696067810059e-01 7.066244632005691528e-02 -4.355846047401428223e-01
-4.830380678176879883e-01 2.400054335594177246e-01 -3.086177706718444824e-01
-3.981445729732513428e-01 2.590100467205047607e-01 -3.127218484878540039e-01
-6.676690280437469482e-02 -3.222803026437759399e-02 -1.839887946844100952e-01
7.812203466892242432e-02 -4.215274453163146973e-01 1.955200582742691040e-01
-2.027912437915802002e-01 -4.995317459106445312e-01 5.338188409805297852e-01
-1.747789382934570312e-01 -4.646411538124084473e-01 5.200703740119934082e-01
-1.783569455146789551e-01 -2.160766571760177612e-01 5.816666483879089355e-01
-2.028879374265670776e-01 -2.207570821046829224e-01 5.899463891983032227e-01
-1.448427289724349976e-01 -6.039651110768318176e-02 6.576599478721618652e-01
-9.629698842763900757e-02 -4.664289951324462891e-02 7.077320218086242676e-01
-7.178674638271331787e-02 2.854515053331851959e-02 7.191652059555053711e-01
-3.427486866712570190e-02 -8.237728476524353027e-02 7.055820226669311523e-01
1.248110271990299225e-02 -1.540982723236083984e-01 6.628075242042541504e-01
-4.789450764656066895e-02 -2.421006858348846436e-01 5.971345901489257812e-01
-6.721073389053344727e-02 -2.333055883646011353e-01 6.264425516128540039e-01
-3.633747249841690063e-02 -1.918175518512725830e-01 6.668839454650878906e-01
-9.402621537446975708e-02 -2.076875865459442139e-01 6.134274005889892578e-01
-1.540285795927047729e-01 -2.979283928871154785e-01 5.809327363967895508e-01
-2.210273444652557373e-01 -4.395745098590850830e-01 5.540221929550170898e-01
-2.251838892698287964e-01 -5.664910078048706055e-01 4.614408612251281738e-01
-3.664662241935729980e-01 -5.827425718307495117e-01 3.882619738578796387e-01
-4.153973162174224854e-01 -5.552337169647216797e-01 3.420650362968444824e-01
-3.304242789745330811e-01 -5.427913665771484375e-01 2.259744256734848022e-01
-3.015352785587310791e-01 -5.138875246047973633e-01 1.682453155517578125e-01
-4.187447428703308105e-01 -4.925271570682525635e-01 1.442647129297256470e-01
-4.852842092514038086e-01 -5.291587710380554199e-01 1.279230564832687378e-01
-4.075787961483001709e-01 -5.470599532127380371e-01 9.561195224523544312e-02
-4.522514939308166504e-01 -5.241653919219970703e-01 1.160688325762748718e-01
-4.471246898174285889e-01 -5.751063227653503418e-01 9.878067672252655029e-02
-3.635220527648925781e-01 -5.657946467399597168e-01 5.311680585145950317e-02
-3.173584043979644775e-01 -6.141933798789978027e-01 -3.462628647685050964e-02
-3.008959889411926270e-01 -5.618878006935119629e-01 1.395182777196168900e-02
-2.619304955005645752e-01 -5.679411888122558594e-01 3.608262911438941956e-02
-1.342730969190597534e-01 -6.037111282348632812e-01 -1.056582760065793991e-02
-9.882964193820953369e-02 -6.181244850158691406e-01 -1.153843104839324951e-02
-1.236743927001953125e-01 -5.904974937438964844e-01 -3.984178230166435242e-02
-2.155234962701797485e-01 -5.180798172950744629e-01 -1.723828539252281189e-02
-9.613539278507232666e-02 -4.026870429515838623e-01 3.294091671705245972e-02
8.472318947315216064e-02 -3.793301880359649658e-01 5.823769047856330872e-02
2.301255315542221069e-01 1.269676834344863892e-01 -3.103655874729156494e-01
5.261924266815185547e-01 3.220336437225341797e-01 -4.385090768337249756e-01
6.156666278839111328e-01 2.845924794673919678e-01 -4.682222008705139160e-01
5.409461855888366699e-01 3.854457736015319824e-01 -4.536961019039154053e-01
6.368492245674133301e-01 3.242559134960174561e-01 -3.866232931613922119e-01
6.252281069755554199e-01 3.572067320346832275e-01 -3.003615438938140869e-01
5.832093954086303711e-01 3.459741175174713135e-01 -2.706502974033355713e-01
6.310808062553405762e-01 3.734997212886810303e-01 -2.898733913898468018e-01
5.842961668968200684e-01 4.165336191654205322e-01 -2.851803004741668701e-01
3.891710340976715088e-01 3.755860328674316406e-01 -2.712255418300628662e-01
4.299583733081817627e-01 4.237135350704193115e-01 -2.939577698707580566e-01
3.916955590248107910e-01 4.086925089359283447e-01 -2.820790410041809082e-01
2.981041967868804932e-01 3.416594564914703369e-01 -3.926534056663513184e-01
2.985171675682067871e-01 2.576344013214111328e-01 -4.726315140724182129e-01
1.049580052495002747e-01 2.667810022830963135e-01 -4.705432951450347900e-01
-4.269720520824193954e-03 2.243914455175399780e-01 -4.437981843948364258e-01
-8.213014900684356689e-02 2.356378585100173950e-01 -4.828960597515106201e-01
-2.567061483860015869e-01 1.676473617553710938e-01 -4.809476435184478760e-01
-2.409204542636871338e-01 2.200784087181091309e-01 -5.246567130088806152e-01
-4.276465177536010742e-01 2.402422130107879639e-01 -4.843405485153198242e-01
-3.524904251098632812e-01 2.052223682403564453e-01 -5.099826455116271973e-01
-3.645819425582885742e-01 1.868503540754318237e-01 -4.845721423625946045e-01
-3.411312699317932129e-01 1.485184133052825928e-01 -5.071435570716857910e-01
-3.998137414455413818e-01 1.499508321285247803e-01 -4.488521516323089600e-01
-4.784614741802215576e-01 1.619914323091506958e-01 -3.895735144615173340e-01
-4.665659964084625244e-01 8.997260034084320068e-02 -4.219062328338623047e-01
-4.825774431228637695e-01 -6.928781047463417053e-03 -4.343377053737640381e-01
-4.508256614208221436e-01 1.654096841812133789e-01 -4.147494435310363770e-01
-5.113269090652465820e-01 8.771692961454391479e-02 -3.974647819995880127e-01
-4.624640047550201416e-01 4.394942522048950195e-02 -4.219817221164703369e-01
-3.395130932331085205e-01 7.498174905776977539e-02 -3.436515331268310547e-01
1.394459158182144165e-01 -4.627806320786476135e-02 -1.580623686313629150e-01
