1.274154012086670951e-01
0.000000000000000000e+00
0.000000000000000000e+00
0.000000000000000000e+00
0.000000000000000000e+00
0.000000000000000000e+00
0.000000000000000000e+00
0.000000000000000000e+00
0.000000000000000000e+00
0.000000000000000000e+00
0.000000000000000000e+00
0.000000000000000000e+00
0.000000000000000000e+00
0.000000000000000000e+00
0.000000000000000000e+00
0.000000000000000000e+00
0.000000000000000000e+00
0.000000000000000000e+00
0.000000000000000000e+00
0.000000000000000000e+00
0.000000000000000000e+00
0.000000000000000000e+00
0.000000000000000000e+00
0.000000000000000000e+00
1.187756037834345781e-02
1.968716443630146723e-02
1.901022407954831503e-02
6.542839179944745683e-03
0.000000000000000000e+00
0.000000000000000000e+00
0.000000000000000000e+00
0.000000000000000000e+00
0.000000000000000000e+00
0.000000000000000000e+00
2.171352993016263666e-01
3.620503875302166219e-01
3.149730789722451907e-01
3.393869326077696424e-01
3.704450088060205482e-01
4.208238432428916820e-01
2.423894938309746339e-01
0.000000000000000000e+00
0.000000000000000000e+00
0.000000000000000000e+00
0.000000000000000000e+00
0.000000000000000000e+00
0.000000000000000000e+00
0.000000000000000000e+00
0.000000000000000000e+00
0.000000000000000000e+00
0.000000000000000000e+00
5.602919479773765463e-03
2.550888237696923196e-03
0.000000000000000000e+00
0.000000000000000000e+00
0.000000000000000000e+00
1.162242781840356525e-03
9.924729352768760140e-04
0.000000000000000000e+00
0.000000000000000000e+00
3.183941736599913905e-03
9.092716707826018971e-03
0.000000000000000000e+00
0.000000000000000000e+00
0.000000000000000000e+00
0.000000000000000000e+00
2.766615868146310997e-01
