6.053783893585205078e-01 -4.524846002459526062e-02 -5.174098014831542969e-01
5.956599712371826172e-01 1.578554958105087280e-01 -5.145773887634277344e-01
5.747767686843872070e-01 1.595986932516098022e-01 -4.919777214527130127e-01
5.573254227638244629e-01 1.260616034269332886e-01 -5.241848230361938477e-01
4.899203181266784668e-01 3.761064261198043823e-02 -5.660978555679321289e-01
5.522577762603759766e-01 1.349513679742813110e-01 -5.607223510742187500e-01
5.110464096069335938e-01 1.183833181858062744e-01 -5.594318509101867676e-01
4.860744178295135498e-01 1.412814408540725708e-01 -5.608847737312316895e-01
3.900158703327178955e-01 1.047177091240882874e-01 -5.744341611862182617e-01
4.215203821659088135e-01 1.777389049530029297e-01 -5.613787174224853516e-01
3.787710666656494141e-01 1.356629729270935059e-01 -5.886669158935546875e-01
3.098151385784149170e-01 1.470287591218948364e-01 -6.013532280921936035e-01
3.479520380496978760e-01 1.935646981000900269e-01 -5.797320604324340820e-01
2.113163769245147705e-01 2.773019671440124512e-01 -5.537348985671997070e-01
2.458205260336399078e-02 1.987293511629104614e-01 -5.648105740547180176e-01
8.603541180491447449e-03 2.789720594882965088e-01 -5.406135320663452148e-01
-9.578635543584823608e-02 2.404526919126510620e-01 -5.270748138427734375e-01
-2.405741512775421143e-01 2.344386279582977295e-01 -5.027855038642883301e-01
-1.726341694593429565e-01 2.111724913120269775e-01 -4.831166863441467285e-01
-1.880866438150405884e-01 2.232080698013305664e-01 -5.156826376914978027e-01
-2.878763079643249512e-01 2.073889970779418945e-01 -5.218474864959716797e-01
-2.543006539344787598e-01 2.270027697086334229e-01 -4.760862886905670166e-01
-3.679972290992736816e-01 2.547590732574462891e-01 -4.964499175548553467e-01
-1.952969580888748169e-01 3.232906162738800049e-01 -4.972651898860931396e-01
-3.943286240100860596e-01 3.504007160663604736e-01 -4.697118699550628662e-01
-4.453096091747283936e-01 3.421958982944488525e-01 -4.675212800502777100e-01
-4.245887696743011475e-01 3.207007348537445068e-01 -4.659094512462615967e-01
-4.655993580818176270e-01 2.382533550262451172e-01 -4.640847444534301758e-01
-4.628378748893737793e-01 2.049544453620910645e-01 -4.859632253646850586e-01
-5.569685101509094238e-01 2.735387980937957764e-01 -4.358108639717102051e-01
-4.975547492504119873e-01 2.889989316463470459e-01 -3.431668281555175781e-01
-4.693555831909179688e-01 3.118356168270111084e-01 -3.723651766777038574e-01
-4.251251518726348877e-01 2.882886230945587158e-01 -3.438418209552764893e-01
-4.863338768482208252e-01 1.603669822216033936e-01 -3.212231993675231934e-01
-3.942236304283142090e-01 2.797213494777679443e-01 -2.475656569004058838e-01
3.367519937455654144e-03 4.103998467326164246e-02 -1.295735090970993042e-01
2.461989223957061768e-01 -8.136457204818725586e-02 3.688677027821540833e-02
2.494205683469772339e-01 -4.819618165493011475e-02 3.286192193627357483e-02
-1.007167696952819824e-01 2.282068580389022827e-01 1.796900182962417603e-01
-5.154471471905708313e-02 3.348543345928192139e-01 2.228918671607971191e-01
-1.971652545034885406e-02 4.147471785545349121e-01 2.007540613412857056e-01
1.497286371886730194e-02 3.852798342704772949e-01 2.542196214199066162e-01
-1.144877895712852478e-01 3.478012681007385254e-01 3.330160677433013916e-01
-5.351843312382698059e-02 2.797571122646331787e-01 3.017435967922210693e-01
4.020114429295063019e-03 3.933283090591430664e-01 4.224636256694793701e-01
-6.626191735267639160e-02 3.205018341541290283e-01 4.139866232872009277e-01
4.138280078768730164e-02 3.276918828487396240e-01 4.128334522247314453e-01
1.053675040602684021e-01 3.032456636428833008e-01 4.188754558563232422e-01
-1.035212203860282898e-01 3.361770808696746826e-01 3.655117452144622803e-01
-9.550345689058303833e-02 3.291572034358978271e-01 3.986833691596984863e-01
-1.362858414649963379e-01 2.605576217174530029e-01 3.431618213653564453e-01
-1.239361763000488281e-01 2.205442041158676147e-01 2.422694563865661621e-01
-1.867166310548782349e-01 2.818124294281005859e-01 1.234318837523460388e-01
-3.736748099327087402e-01 3.552136719226837158e-01 6.028833612799644470e-02
-4.723000824451446533e-01 3.584737181663513184e-01 -1.571163684129714966e-01
-4.514336585998535156e-01 3.173386156558990479e-01 -2.927399873733520508e-01
-3.796766400337219238e-01 3.425959050655364990e-01 -3.483538329601287842e-01
-4.143889546394348145e-01 3.375614881515502930e-01 -3.937760293483734131e-01
-4.146019220352172852e-01 3.593589067459106445e-01 -4.022624194622039795e-01
-3.900530934333801270e-01 3.085593879222869873e-01 -4.591662883758544922e-01
-4.368233084678649902e-01 2.875225543975830078e-01 -4.789955615997314453e-01
-4.859352111816406250e-01 3.197531700134277344e-01 -4.393490254878997803e-01
-4.309897124767303467e-01 3.421427607536315918e-01 -4.491462111473083496e-01
-4.256679415702819824e-01 3.473155200481414795e-01 -4.643953442573547363e-01
-4.178576171398162842e-01 2.753894925117492676e-01 -4.742119610309600830e-01
-4.068332910537719727e-01 1.271629184484481812e-01 -4.437724053859710693e-01
-1.500276774168014526e-01 1.131153851747512817e-01 -3.546893596649169922e-01
