4.677979648113250732e-01 1.166886165738105774e-01 -4.963341355323791504e-01
4.693016707897186279e-01 1.316425502300262451e-01 -4.931353628635406494e-01
5.760225653648376465e-01 7.321937382221221924e-02 -4.693639278411865234e-01
5.110362768173217773e-01 1.491533666849136353e-01 -4.151654839515686035e-01
6.201854348182678223e-01 1.843353360891342163e-01 -5.038535594940185547e-01
5.860793590545654297e-01 2.643337249755859375e-01 -4.742422699928283691e-01
5.505322217941284180e-01 2.801661789417266846e-01 -4.789549410343170166e-01
5.574883818626403809e-01 2.814063727855682373e-01 -5.283439159393310547e-01
5.053858757019042969e-01 1.216936483979225159e-01 -5.295019745826721191e-01
4.491064548492431641e-01 1.809123754501342773e-01 -5.481654405593872070e-01
4.235747456550598145e-01 3.240536451339721680e-01 -5.427967905998229980e-01
4.198592305183410645e-01 3.062854707241058350e-01 -5.175604224205017090e-01
3.355320096015930176e-01 2.637611329555511475e-01 -5.478313565254211426e-01
2.033302485942840576e-01 2.315438091754913330e-01 -5.590084195137023926e-01
2.024010866880416870e-01 3.019590973854064941e-01 -5.532563924789428711e-01
1.401627510786056519e-01 3.668588697910308838e-01 -5.033023357391357422e-01
9.755125269293785095e-03 3.303065896034240723e-01 -5.165216922760009766e-01
-6.974440813064575195e-02 3.862223029136657715e-01 -4.488609731197357178e-01
-2.247120589017868042e-01 3.831530809402465820e-01 -4.636316597461700439e-01
-2.877118289470672607e-01 2.809539139270782471e-01 -5.209088921546936035e-01
-2.507785558700561523e-01 3.064900040626525879e-01 -5.056923627853393555e-01
-3.350214660167694092e-01 2.136453688144683838e-01 -4.842570126056671143e-01
-3.958990275859832764e-01 3.338257670402526855e-01 -4.590272903442382812e-01
-4.597305655479431152e-01 3.088772892951965332e-01 -4.357981085777282715e-01
-5.082450509071350098e-01 3.431868553161621094e-01 -4.483849704265594482e-01
-5.070341229438781738e-01 2.720233798027038574e-01 -4.288637042045593262e-01
-4.535942077636718750e-01 2.630629837512969971e-01 -4.206010997295379639e-01
-4.699640870094299316e-01 2.660660445690155029e-01 -4.378516077995300293e-01
-4.620693027973175049e-01 2.686693668365478516e-01 -4.728630185127258301e-01
-4.196983575820922852e-01 2.620225846767425537e-01 -5.148058533668518066e-01
-5.276207327842712402e-01 2.307003140449523926e-01 -5.158029794692993164e-01
-5.022162199020385742e-01 2.754519581794738770e-01 -5.023611187934875488e-01
-4.761088192462921143e-01 2.043712139129638672e-01 -4.855420291423797607e-01
-4.485163688659667969e-01 2.743564248085021973e-01 -4.012125134468078613e-01
-4.030722379684448242e-01 3.080705106258392334e-01 -3.850104808807373047e-01
-4.717366695404052734e-01 3.408002555370330811e-01 -4.101829826831817627e-01
-5.299110412597656250e-01 3.532937765121459961e-01 -3.707052767276763916e-01
-4.756041765213012695e-01 2.293201833963394165e-01 -2.516240477561950684e-01
-3.538554906845092773e-01 3.571126759052276611e-01 -1.784916520118713379e-01
1.905414611101150513e-01 3.014430217444896698e-02 -2.672007121145725250e-02
3.259195685386657715e-01 -5.334505811333656311e-02 -1.663983985781669617e-02
1.298737227916717529e-01 3.207939863204956055e-01 1.822833418846130371e-01
9.320313483476638794e-02 4.210694134235382080e-01 2.611167132854461670e-01
1.465691626071929932e-01 3.997382521629333496e-01 4.297600984573364258e-01
2.023999579250812531e-02 4.006713330745697021e-01 4.300198554992675781e-01
-8.166763931512832642e-02 2.766677737236022949e-01 3.854904472827911377e-01
9.502635896205902100e-02 2.999378144741058350e-01 4.791539907455444336e-01
1.302872598171234131e-01 2.721065878868103027e-01 4.522994756698608398e-01
7.202327996492385864e-02 3.630555868148803711e-01 4.959259331226348877e-01
1.330651789903640747e-01 2.789979875087738037e-01 3.533707857131958008e-01
1.169090941548347473e-01 3.498047292232513428e-01 4.049537777900695801e-01
1.441349387168884277e-01 3.444676995277404785e-01 3.780924081802368164e-01
5.196936056017875671e-02 4.097121357917785645e-01 3.844535052776336670e-01
-9.230333566665649414e-02 4.222812056541442871e-01 2.995068132877349854e-01
-3.027933537960052490e-01 3.895410895347595215e-01 1.380067169666290283e-01
-2.680011689662933350e-01 4.036040902137756348e-01 -5.062915384769439697e-02
-3.026472032070159912e-01 4.279137551784515381e-01 -2.178709208965301514e-01
-3.685508966445922852e-01 3.779631257057189941e-01 -3.105580806732177734e-01
-5.608440041542053223e-01 4.283100664615631104e-01 -3.394690454006195068e-01
-4.474736154079437256e-01 3.207111954689025879e-01 -4.641325473785400391e-01
-3.851159512996673584e-01 2.298280000686645508e-01 -5.192855596542358398e-01
-3.441381454467773438e-01 2.713512182235717773e-01 -5.308849811553955078e-01
-4.063973128795623779e-01 3.007593154907226562e-01 -5.072478055953979492e-01
-4.217134118080139160e-01 2.873283326625823975e-01 -5.174421072006225586e-01
-4.881625771522521973e-01 1.201126351952552795e-01 -5.221448540687561035e-01
-4.953221082687377930e-01 7.926449179649353027e-02 -5.133531093597412109e-01
-4.346159100532531738e-01 1.214667316526174545e-02 -4.551190733909606934e-01
-2.156109958887100220e-01 9.194967895746231079e-02 -3.872086107730865479e-01
