9.244322445113303810e-02
0.000000000000000000e+00
0.000000000000000000e+00
0.000000000000000000e+00
2.171842286826295571e-02
1.536116103639860279e-02
7.905110622575230866e-03
7.632064609393422044e-03
5.517950024398353762e-03
3.014487966560605581e-03
5.245253165516509638e-04
0.000000000000000000e+00
0.000000000000000000e+00
0.000000000000000000e+00
0.000000000000000000e+00
0.000000000000000000e+00
1.102151489163839858e-04
2.803168758302453361e-03
3.478837458342079383e-03
0.000000000000000000e+00
0.000000000000000000e+00
0.000000000000000000e+00
0.000000000000000000e+00
5.071164831558833477e-03
7.480211891380274779e-03
8.945921214199587662e-03
7.122222149981993940e-03
1.191626872662901243e-03
0.000000000000000000e+00
0.000000000000000000e+00
0.000000000000000000e+00
3.108311239921198680e-03
1.060189757864396683e-02
3.279496080226602071e-03
0.000000000000000000e+00
0.000000000000000000e+00
0.000000000000000000e+00
0.000000000000000000e+00
0.000000000000000000e+00
0.000000000000000000e+00
0.000000000000000000e+00
1.607288818735255059e-02
2.955080281250330870e-02
1.886575138084369344e-02
2.959343639018203933e-03
0.000000000000000000e+00
0.000000000000000000e+00
0.000000000000000000e+00
0.000000000000000000e+00
0.000000000000000000e+00
4.354050413521997620e-01
7.662527844274420463e-01
7.504083607621295782e-01
3.918208782282516789e-01
0.000000000000000000e+00
0.000000000000000000e+00
0.000000000000000000e+00
0.000000000000000000e+00
0.000000000000000000e+00
0.000000000000000000e+00
0.000000000000000000e+00
0.000000000000000000e+00
2.812452587372840911e-03
1.461672731580990724e-02
2.347479395752392548e-02
2.804180938241480903e-02
2.695608284658253598e-02
1.670643050227547943e-02
2.303091593364507434e-03
0.000000000000000000e+00
0.000000000000000000e+00
0.000000000000000000e+00
0.000000000000000000e+00
0.000000000000000000e+00
5.633237098935138867e-03
3.895580680151767856e-03
3.446994586186165679e-03
0.000000000000000000e+00
0.000000000000000000e+00
0.000000000000000000e+00
0.000000000000000000e+00
0.000000000000000000e+00
0.000000000000000000e+00
0.000000000000000000e+00
0.000000000000000000e+00
0.000000000000000000e+00
0.000000000000000000e+00
0.000000000000000000e+00
0.000000000000000000e+00
0.000000000000000000e+00
0.000000000000000000e+00
0.000000000000000000e+00
6.704420439347177560e-03
3.120074064521266566e-02
4.123783887763226436e-02
2.880596480798834624e-02
3.065446117811960157e-03
0.000000000000000000e+00
0.000000000000000000e+00
0.000000000000000000e+00
0.000000000000000000e+00
0.000000000000000000e+00
0.000000000000000000e+00
1.595705091914520202e-01
3.186221530413201330e-01
