1.140957674159570612e-01
0.000000000000000000e+00
0.000000000000000000e+00
0.000000000000000000e+00
0.000000000000000000e+00
9.390266002247842948e-04
9.590820232142110990e-03
1.292483951278803472e-02
1.753931052000546123e-02
1.581447357699307735e-02
1.010052670514197462e-02
2.697860146127521925e-04
0.000000000000000000e+00
0.000000000000000000e+00
0.000000000000000000e+00
2.978278828001040563e-03
4.197029476807829888e-03
0.000000000000000000e+00
0.000000000000000000e+00
0.000000000000000000e+00
0.000000000000000000e+00
0.000000000000000000e+00
0.000000000000000000e+00
3.658659273435848377e-04
0.000000000000000000e+00
0.000000000000000000e+00
0.000000000000000000e+00
0.000000000000000000e+00
0.000000000000000000e+00
0.000000000000000000e+00
1.900395400338281008e-03
0.000000000000000000e+00
0.000000000000000000e+00
0.000000000000000000e+00
0.000000000000000000e+00
0.000000000000000000e+00
0.000000000000000000e+00
1.512132143479691740e-04
6.928404760422644110e-03
1.030616388658190698e-02
1.438833262462973876e-02
1.540362554988999877e-02
1.528814000869850066e-02
1.059139354717794461e-02
5.949545167535606575e-03
0.000000000000000000e+00
0.000000000000000000e+00
0.000000000000000000e+00
0.000000000000000000e+00
0.000000000000000000e+00
0.000000000000000000e+00
0.000000000000000000e+00
0.000000000000000000e+00
2.253087846203808142e-01
3.815833176486483902e-01
3.328565416974454405e-01
3.436917919583288850e-01
3.655911171823613137e-01
4.232540380273651093e-01
2.536404104483006017e-01
0.000000000000000000e+00
0.000000000000000000e+00
0.000000000000000000e+00
0.000000000000000000e+00
0.000000000000000000e+00
0.000000000000000000e+00
0.000000000000000000e+00
0.000000000000000000e+00
0.000000000000000000e+00
0.000000000000000000e+00
0.000000000000000000e+00
0.000000000000000000e+00
0.000000000000000000e+00
0.000000000000000000e+00
0.000000000000000000e+00
0.000000000000000000e+00
0.000000000000000000e+00
0.000000000000000000e+00
0.000000000000000000e+00
0.000000000000000000e+00
0.000000000000000000e+00
0.000000000000000000e+00
0.000000000000000000e+00
0.000000000000000000e+00
0.000000000000000000e+00
0.000000000000000000e+00
2.824776080272470291e-01
