3.670417070388793945e-01 1.525577604770660400e-01 -5.431419610977172852e-01
2.222432047128677368e-01 2.952019870281219482e-01 -5.014230012893676758e-01
2.866204679012298584e-01 3.015410900115966797e-01 -4.764481186866760254e-01
1.954956054687500000e-01 3.556744158267974854e-01 -5.148388743400573730e-01
9.399006515741348267e-02 2.632871270179748535e-01 -5.010765194892883301e-01
1.753413826227188110e-01 1.606596261262893677e-01 -5.546522736549377441e-01
3.057184815406799316e-01 1.367101073265075684e-01 -4.117964208126068115e-01
2.222848683595657349e-01 7.373721152544021606e-02 -4.739383757114410400e-01
8.566540479660034180e-02 1.033923998475074768e-01 -5.057708621025085449e-01
4.612459242343902588e-02 1.844744682312011719e-01 -3.660548925399780273e-01
4.229211062192916870e-02 2.264860123395919800e-01 -3.120232522487640381e-01
-1.747207343578338623e-01 3.020847439765930176e-01 -2.147777378559112549e-01
-5.586405470967292786e-02 2.700060009956359863e-01 -1.325607746839523315e-01
-7.115677744150161743e-02 3.719288408756256104e-01 7.195014506578445435e-02
-3.887179866433143616e-02 4.166908860206604004e-01 2.452276349067687988e-01
8.216335624456405640e-02 4.229287505149841309e-01 3.192061781883239746e-01
1.408073455095291138e-01 4.280555844306945801e-01 4.065912961959838867e-01
1.023252587765455246e-02 4.525513947010040283e-01 3.973569869995117188e-01
-3.003888949751853943e-02 4.941291809082031250e-01 4.030490517616271973e-01
-9.889002144336700439e-02 4.378830790519714355e-01 3.637548387050628662e-01
-3.432783484458923340e-02 4.838635623455047607e-01 3.919036090373992920e-01
-5.635946244001388550e-02 4.568872451782226562e-01 3.384806513786315918e-01
-3.854988841339945793e-03 3.385320305824279785e-01 2.714750766754150391e-01
2.131550759077072144e-02 3.775947988033294678e-01 3.557362854480743408e-01
8.462388813495635986e-02 4.374980926513671875e-01 3.404685258865356445e-01
1.627096384763717651e-01 4.453148543834686279e-01 2.828336656093597412e-01
1.774754822254180908e-01 4.649115800857543945e-01 3.024576604366302490e-01
2.343199849128723145e-01 4.501824975013732910e-01 2.606036663055419922e-01
2.082383185625076294e-01 4.465782642364501953e-01 2.429097145795822144e-01
1.890480220317840576e-01 4.003360271453857422e-01 2.141926437616348267e-01
1.330944597721099854e-01 3.347027897834777832e-01 1.965797096490859985e-01
6.784959137439727783e-02 2.488145679235458374e-01 1.575243175029754639e-01
8.274987339973449707e-02 2.231251895427703857e-01 1.492123901844024658e-01
1.268513351678848267e-01 2.681401669979095459e-01 1.177078858017921448e-01
3.572921454906463623e-02 2.203067392110824585e-01 9.889457374811172485e-02
2.738467603921890259e-02 2.026380002498626709e-01 9.308979660272598267e-02
4.026876017451286316e-02 4.853126406669616699e-02 7.257405668497085571e-02
-1.539558619260787964e-01 -3.076629936695098877e-01 -1.688841916620731354e-02
-5.668340995907783508e-02 -3.440521657466888428e-01 -5.631417967379093170e-03
9.757599234580993652e-02 -4.573957324028015137e-01 -2.000952139496803284e-02
1.453943103551864624e-01 -5.347200632095336914e-01 -8.602792024612426758e-02
-4.962725564837455750e-02 -5.530330538749694824e-01 -1.278678774833679199e-01
4.030440468341112137e-03 -6.401502490043640137e-01 -2.775048613548278809e-01
5.704175680875778198e-02 -6.210271716117858887e-01 -2.702932953834533691e-01
1.045936271548271179e-01 -6.762311458587646484e-01 -3.213324546813964844e-01
-8.951614610850811005e-03 -6.702007055282592773e-01 -3.106799721717834473e-01
-8.911309763789176941e-03 -6.615181565284729004e-01 -2.821140289306640625e-01
1.583204977214336395e-02 -6.441591978073120117e-01 -2.898445129394531250e-01
-4.924413189291954041e-02 -6.139830350875854492e-01 -3.078109920024871826e-01
4.383162781596183777e-02 -5.634760260581970215e-01 -2.501695454120635986e-01
6.383933871984481812e-02 -6.192939281463623047e-01 -2.426133006811141968e-01
6.396688520908355713e-02 -6.881396770477294922e-01 -1.889727115631103516e-01
1.772640645503997803e-01 -4.783365428447723389e-01 -1.705573648214340210e-01
3.190034031867980957e-01 -3.665449023246765137e-01 -4.349314868450164795e-01
5.140659213066101074e-01 -1.423777043819427490e-01 -4.809686541557312012e-01
4.318061470985412598e-01 1.076910793781280518e-01 -5.055597424507141113e-01
2.563506662845611572e-01 1.017136275768280029e-01 -5.599321722984313965e-01
3.798991143703460693e-01 1.835722327232360840e-01 -5.420811176300048828e-01
4.154599010944366455e-01 1.780283302068710327e-01 -5.430781245231628418e-01
3.175918757915496826e-01 1.566123813390731812e-01 -5.388386249542236328e-01
3.761902153491973877e-01 1.565778404474258423e-01 -5.418710112571716309e-01
3.964135944843292236e-01 2.171321958303451538e-01 -5.376052260398864746e-01
2.380344122648239136e-01 7.209451496601104736e-02 -5.837858915328979492e-01
2.868662476539611816e-01 -1.845227181911468506e-01 -5.869724154472351074e-01
1.268706917762756348e-01 -3.636335432529449463e-01 -5.720825791358947754e-01
7.558413781225681305e-03 -3.908897936344146729e-01 -5.442371964454650879e-01
-7.420487701892852783e-02 -2.628230750560760498e-01 -3.853367567062377930e-01
6.279805302619934082e-02 -4.604908525943756104e-01 -3.602098226547241211e-01
1.074223071336746216e-01 -5.174645781517028809e-01 -2.389931827783584595e-01
1.021272316575050354e-01 -5.118123292922973633e-01 -7.590797543525695801e-02
-8.923918008804321289e-02 -5.614966154098510742e-01 2.997878240421414375e-03
-1.217820122838020325e-02 -4.736747443675994873e-01 1.333691924810409546e-01
4.231153056025505066e-02 -4.177255332469940186e-01 2.841864824295043945e-01
7.871346920728683472e-02 -4.274757802486419678e-01 3.639741837978363037e-01
1.619009226560592651e-01 -3.145861625671386719e-01 4.553346633911132812e-01
4.915768280625343323e-02 -3.987903594970703125e-01 4.528008103370666504e-01
6.491819769144058228e-02 -2.838516831398010254e-01 4.962528049945831299e-01
5.991986021399497986e-02 -2.963908314704895020e-01 4.319673180580139160e-01
2.364432252943515778e-02 -2.308979481458663940e-01 4.216561317443847656e-01
1.062755957245826721e-01 -2.893199622631072998e-01 4.264087975025177002e-01
7.022998481988906860e-02 -3.561100661754608154e-01 3.955368995666503906e-01
3.577435389161109924e-02 -3.904524147510528564e-01 4.413392245769500732e-01
2.765432000160217285e-01 -1.957742273807525635e-01 5.465233922004699707e-01
2.839345037937164307e-01 -2.277671247720718384e-01 5.443266034126281738e-01
1.738988161087036133e-01 -3.367017209529876709e-01 4.687574207782745361e-01
3.119370043277740479e-01 -3.211227953433990479e-01 4.702577590942382812e-01
3.117881417274475098e-01 -3.258847594261169434e-01 4.509538114070892334e-01
1.158162206411361694e-02 -5.714778304100036621e-01 2.886038422584533691e-01
3.982697799801826477e-02 -5.970779657363891602e-01 1.901608556509017944e-01
3.644608333706855774e-02 -5.465884208679199219e-01 6.471921503543853760e-02
-6.119892001152038574e-02 -4.053474962711334229e-01 -3.275282680988311768e-02
-1.210793182253837585e-01 -1.696725338697433472e-01 -8.558265119791030884e-02
-2.848532609641551971e-02 5.613660812377929688e-02 -1.274601519107818604e-01
-8.155990391969680786e-02 2.241088598966598511e-01 -1.760737895965576172e-01
-1.799967326223850250e-02 3.562627434730529785e-01 -2.324433177709579468e-01
-1.383548378944396973e-01 3.709838688373565674e-01 -2.710044085979461670e-01
-1.600829809904098511e-01 3.547221720218658447e-01 -3.056293725967407227e-01
-1.391606926918029785e-01 3.236030638217926025e-01 -2.967511117458343506e-01
-2.728924751281738281e-01 2.984201312065124512e-01 -2.793687880039215088e-01
-2.446339428424835205e-01 2.928872406482696533e-01 -2.532077729701995850e-01
-5.329160764813423157e-02 3.966296315193176270e-01 -1.645361334085464478e-01
1.034249514341354370e-01 4.354625940322875977e-01 -7.405808568000793457e-02
9.474265575408935547e-02 1.732053607702255249e-01 -8.376460522413253784e-02
6.026482582092285156e-02 -1.082934625446796417e-02 -8.075813204050064087e-02
-8.148954808712005615e-02 -2.229636907577514648e-01 1.484135817736387253e-02
5.314145982265472412e-02 -4.649316370487213135e-01 3.753590956330299377e-02
1.293637901544570923e-01 -5.388695597648620605e-01 6.105267629027366638e-02
1.362476348876953125e-01 -5.674526691436767578e-01 1.233547255396842957e-01
1.290934830904006958e-01 -4.562770426273345947e-01 2.660287916660308838e-01
-1.710219308733940125e-02 -4.901887774467468262e-01 3.669522702693939209e-01
1.890525519847869873e-01 -4.759886860847473145e-01 4.484008252620697021e-01
1.838566064834594727e-01 -3.907935917377471924e-01 4.707564115524291992e-01
2.231225669384002686e-01 -4.004439711570739746e-01 4.576637148857116699e-01
2.638582587242126465e-01 -3.774756193161010742e-01 4.545364677906036377e-01
2.093034088611602783e-01 -2.324614077806472778e-01 5.403082370758056641e-01
3.297150433063507080e-01 -2.220246344804763794e-01 5.720754861831665039e-01
3.555710315704345703e-01 -3.544119298458099365e-01 5.232090353965759277e-01
2.961885631084442139e-01 -4.298931956291198730e-01 4.600153565406799316e-01
2.747475504875183105e-01 -4.063194990158081055e-01 5.019719004631042480e-01
4.102658927440643311e-01 -4.524176120758056641e-01 5.666055679321289062e-01
3.139168620109558105e-01 -4.252304136753082275e-01 5.434520840644836426e-01
