1.186667631998674505e-01
0.000000000000000000e+00
0.000000000000000000e+00
0.000000000000000000e+00
0.000000000000000000e+00
0.000000000000000000e+00
4.249817931652634731e-03
2.269036185539404036e-03
2.871261197410558772e-03
4.879681262846558183e-03
1.107506781063483624e-02
1.383581983445536338e-02
6.817557458457924532e-03
0.000000000000000000e+00
0.000000000000000000e+00
0.000000000000000000e+00
3.088729196656339777e-03
3.617242222844320801e-03
0.000000000000000000e+00
0.000000000000000000e+00
3.369754304419234157e-03
1.038122103514701501e-02
1.061600341236215370e-02
0.000000000000000000e+00
0.000000000000000000e+00
0.000000000000000000e+00
0.000000000000000000e+00
4.536392755130604082e-03
2.668465029379736130e-03
0.000000000000000000e+00
0.000000000000000000e+00
0.000000000000000000e+00
0.000000000000000000e+00
0.000000000000000000e+00
0.000000000000000000e+00
0.000000000000000000e+00
0.000000000000000000e+00
0.000000000000000000e+00
0.000000000000000000e+00
0.000000000000000000e+00
0.000000000000000000e+00
8.664546952136730970e-03
2.610864860750705327e-02
2.474583689453874885e-02
1.745560537072672266e-02
1.229127882132300016e-02
6.841935779211639167e-03
3.320233198760319526e-03
6.494637510008744970e-05
0.000000000000000000e+00
8.639915035101986386e-04
1.678178902613107959e-03
9.912060564643001073e-03
0.000000000000000000e+00
0.000000000000000000e+00
0.000000000000000000e+00
0.000000000000000000e+00
2.084105654987941647e-01
5.768876230603978694e-01
7.402167893167930224e-01
6.274532072687353246e-01
2.601800410839941735e-01
0.000000000000000000e+00
0.000000000000000000e+00
0.000000000000000000e+00
0.000000000000000000e+00
0.000000000000000000e+00
0.000000000000000000e+00
0.000000000000000000e+00
0.000000000000000000e+00
0.000000000000000000e+00
0.000000000000000000e+00
0.000000000000000000e+00
0.000000000000000000e+00
0.000000000000000000e+00
0.000000000000000000e+00
0.000000000000000000e+00
0.000000000000000000e+00
0.000000000000000000e+00
0.000000000000000000e+00
0.000000000000000000e+00
0.000000000000000000e+00
6.245315612681870063e-03
6.994450052740497012e-03
6.810853695898786905e-03
1.695147801590931582e-03
0.000000000000000000e+00
0.000000000000000000e+00
0.000000000000000000e+00
0.000000000000000000e+00
0.000000000000000000e+00
0.000000000000000000e+00
0.000000000000000000e+00
0.000000000000000000e+00
4.026501083339422693e-01
7.419498038210411428e-01
7.462073068226011685e-01
4.012436449828628016e-01
0.000000000000000000e+00
0.000000000000000000e+00
0.000000000000000000e+00
0.000000000000000000e+00
0.000000000000000000e+00
0.000000000000000000e+00
0.000000000000000000e+00
0.000000000000000000e+00
0.000000000000000000e+00
0.000000000000000000e+00
0.000000000000000000e+00
0.000000000000000000e+00
0.000000000000000000e+00
0.000000000000000000e+00
8.612916219444419208e-03
3.572436537889021532e-03
0.000000000000000000e+00
0.000000000000000000e+00
1.576222171717766912e-03
0.000000000000000000e+00
0.000000000000000000e+00
0.000000000000000000e+00
0.000000000000000000e+00
2.011338186815772588e-01
3.561440162106975782e-01
