3.287061750888824463e-01 2.109739631414413452e-01 -3.431585729122161865e-01
2.606719434261322021e-01 2.812224626541137695e-01 -2.239750921726226807e-01
3.710422813892364502e-01 3.101171851158142090e-01 -1.748446822166442871e-01
4.145930409431457520e-01 2.660793662071228027e-01 -1.972465664148330688e-01
3.480027318000793457e-01 2.692939639091491699e-01 -1.878214180469512939e-01
3.468246161937713623e-01 2.799243927001953125e-01 -2.139593511819839478e-01
2.918958067893981934e-01 2.576117515563964844e-01 -2.417259514331817627e-01
1.873352825641632080e-01 2.101911306381225586e-01 -2.181678861379623413e-01
1.757910102605819702e-02 2.016896009445190430e-01 -1.844214349985122681e-01
-4.378816485404968262e-02 1.793987900018692017e-01 -1.462696790695190430e-01
-1.375134736299514771e-01 2.246177941560745239e-01 -2.624184638261795044e-02
-2.037551254034042358e-01 2.132161259651184082e-01 -4.868209362030029297e-02
-2.768206000328063965e-01 2.722975015640258789e-01 -2.703599259257316589e-02
-2.864367663860321045e-01 2.738371789455413818e-01 -1.274382043629884720e-02
-4.107419848442077637e-01 3.202846348285675049e-01 1.472827941179275513e-01
-2.175692170858383179e-01 3.777188956737518311e-01 1.914138346910476685e-01
-9.482657164335250854e-02 3.500917255878448486e-01 2.937690019607543945e-01
-1.338514536619186401e-01 4.008196592330932617e-01 4.168495237827301025e-01
-1.672256290912628174e-01 3.800500929355621338e-01 4.660974144935607910e-01
-6.917161494493484497e-02 4.390050470829010010e-01 4.291411340236663818e-01
1.405741423368453979e-01 4.596226215362548828e-01 4.201435744762420654e-01
2.132421173155307770e-02 5.419388413429260254e-01 4.119707345962524414e-01
5.688638892024755478e-03 5.020978450775146484e-01 4.369148313999176025e-01
1.370202004909515381e-01 3.863703012466430664e-01 4.199430942535400391e-01
1.196952611207962036e-01 3.367647528648376465e-01 4.063772559165954590e-01
9.114262461662292480e-02 4.086016118526458740e-01 3.811817467212677002e-01
3.898032754659652710e-02 4.606172740459442139e-01 4.078118205070495605e-01
3.446426615118980408e-02 4.760368764400482178e-01 4.216924309730529785e-01
9.610192477703094482e-02 3.794251382350921631e-01 3.876131176948547363e-01
1.496569663286209106e-01 3.639032840728759766e-01 4.163443744182586670e-01
1.353624910116195679e-01 2.802777290344238281e-01 4.210031926631927490e-01
4.066388681530952454e-02 2.904942929744720459e-01 4.585301578044891357e-01
-9.965915232896804810e-02 2.567005753517150879e-01 4.549377858638763428e-01
-4.144615679979324341e-02 2.963893413543701172e-01 4.790795147418975830e-01
-2.559084631502628326e-02 3.585783243179321289e-01 4.655824601650238037e-01
4.014092683792114258e-02 3.186230957508087158e-01 4.492515027523040771e-01
3.004739806056022644e-02 2.628608942031860352e-01 4.753876924514770508e-01
-4.449424892663955688e-02 2.502320408821105957e-01 4.576520919799804688e-01
-1.861651539802551270e-01 1.502095907926559448e-01 4.389061331748962402e-01
-3.000693321228027344e-01 -5.685041472315788269e-02 3.942044079303741455e-01
-4.980650246143341064e-01 -3.270393610000610352e-01 2.823002636432647705e-01
-3.779329061508178711e-01 -3.732303678989410400e-01 2.436229586601257324e-01
-2.634733617305755615e-01 -3.783149719238281250e-01 2.186021655797958374e-01
-4.178359210491180420e-01 -3.583411872386932373e-01 2.524155974388122559e-01
-4.011574387550354004e-01 -5.153028964996337891e-01 1.235313490033149719e-01
-3.734278082847595215e-01 -4.998216032981872559e-01 1.012759655714035034e-01
-3.899387419223785400e-01 -5.526859164237976074e-01 5.082518607378005981e-02
-3.522028625011444092e-01 -6.218726038932800293e-01 1.003504823893308640e-02
-2.946039438247680664e-01 -6.378613710403442383e-01 -2.286973223090171814e-02
-3.454506695270538330e-01 -6.186388731002807617e-01 -3.831375017762184143e-02
-3.853772580623626709e-01 -5.896220207214355469e-01 -7.681768387556076050e-02
-4.390527904033660889e-01 -5.311529040336608887e-01 -8.652691729366779327e-03
-2.309422343969345093e-01 -5.704352259635925293e-01 -4.217603430151939392e-02
-1.755112707614898682e-01 -5.617644786834716797e-01 -1.147215440869331360e-02
-2.405990958213806152e-01 -6.375157833099365234e-01 2.736926451325416565e-02
-1.600220501422882080e-01 -6.500727534294128418e-01 3.925154730677604675e-02
-1.587315350770950317e-01 -6.396034359931945801e-01 -7.069714367389678955e-02
-1.178413257002830505e-01 -5.703504085540771484e-01 -5.443465337157249451e-02
1.625272780656814575e-01 -4.362056851387023926e-01 -2.572506964206695557e-01
3.424222171306610107e-01 -3.012385070323944092e-01 -2.163066864013671875e-01
3.401551842689514160e-01 -1.331115961074829102e-01 -3.377945423126220703e-01
4.090864956378936768e-01 1.260482147336006165e-02 -4.663570821285247803e-01
5.998957753181457520e-01 2.517492473125457764e-01 -4.739409983158111572e-01
5.436834692955017090e-01 3.547142744064331055e-01 -4.707584381103515625e-01
4.684543013572692871e-01 2.889007925987243652e-01 -4.807131290435791016e-01
4.711833596229553223e-01 2.314697206020355225e-01 -5.268725156784057617e-01
4.428640007972717285e-01 2.048901170492172241e-01 -5.531721115112304688e-01
3.164239823818206787e-01 2.347582578659057617e-01 -5.344392657279968262e-01
1.905002295970916748e-01 1.459046006202697754e-01 -5.191392302513122559e-01
5.103330314159393311e-02 5.771476030349731445e-02 -5.728089213371276855e-01
5.780335515737533569e-02 1.205341219902038574e-01 -5.902912616729736328e-01
4.852140694856643677e-02 8.616814017295837402e-02 -5.964260697364807129e-01
-2.556981891393661499e-02 2.345981895923614502e-01 -5.517010688781738281e-01
-1.426527500152587891e-01 3.409962952136993408e-01 -5.175128579139709473e-01
-2.477370798587799072e-01 3.991366922855377197e-01 -4.951601624488830566e-01
-3.660125732421875000e-01 3.847610056400299072e-01 -4.952528774738311768e-01
-2.819384336471557617e-01 3.618304431438446045e-01 -5.062567591667175293e-01
-3.470859229564666748e-01 3.020779788494110107e-01 -4.829696714878082275e-01
-3.995146751403808594e-01 2.196572870016098022e-01 -5.013982653617858887e-01
-4.632036089897155762e-01 3.081398606300354004e-01 -4.323383569717407227e-01
-4.833183884620666504e-01 2.007537037134170532e-01 -4.421871304512023926e-01
-4.231744110584259033e-01 2.518436610698699951e-01 -4.276192486286163330e-01
-3.003928065299987793e-01 2.388864606618881226e-01 -4.979417324066162109e-01
-4.005875885486602783e-01 2.553663253784179688e-01 -4.739747941493988037e-01
-4.554647803306579590e-01 2.649888396263122559e-01 -4.538654386997222900e-01
-4.975439012050628662e-01 1.909824907779693604e-01 -4.041971862316131592e-01
-5.793898105621337891e-01 3.234775960445404053e-01 -3.876746296882629395e-01
-5.774593949317932129e-01 2.200614362955093384e-01 -4.303390085697174072e-01
-5.246160030364990234e-01 1.499796360731124878e-01 -4.271752238273620605e-01
-5.756731629371643066e-01 1.093576848506927490e-01 -4.959535002708435059e-01
-5.685527920722961426e-01 1.049751415848731995e-01 -5.094586014747619629e-01
-5.328755378723144531e-01 1.414587795734405518e-01 -4.836833477020263672e-01
-4.044933617115020752e-01 1.030173450708389282e-01 -3.844293653964996338e-01
-4.537782967090606689e-01 1.185918077826499939e-01 -3.072070181369781494e-01
-2.188542336225509644e-01 1.430291831493377686e-01 -1.286784559488296509e-01
1.248835697770118713e-01 -1.224037110805511475e-01 -1.407076418399810791e-01
2.382198274135589600e-01 -3.931892514228820801e-01 1.461572945117950439e-01
-7.266344875097274780e-02 -6.821720600128173828e-01 4.486269950866699219e-01
-1.128050312399864197e-01 -5.082242488861083984e-01 5.190227031707763672e-01
-6.040089949965476990e-02 -4.355517029762268066e-01 5.581917166709899902e-01
-1.028392314910888672e-01 -3.511558771133422852e-01 5.885983109474182129e-01
-1.845996081829071045e-02 -3.680605888366699219e-01 5.901808738708496094e-01
2.037370949983596802e-02 -2.790413200855255127e-01 6.070030927658081055e-01
1.886179149150848389e-01 -1.056640297174453735e-01 6.538760066032409668e-01
6.787113845348358154e-02 -1.742298156023025513e-01 6.306400895118713379e-01
1.006067395210266113e-01 -2.991825342178344727e-01 6.085522770881652832e-01
7.367219775915145874e-02 -3.224779665470123291e-01 5.895643830299377441e-01
2.277567386627197266e-01 -3.867120444774627686e-01 5.955702662467956543e-01
-3.388848155736923218e-02 -4.726996123790740967e-01 5.750005841255187988e-01
-1.088069751858711243e-01 -5.024932026863098145e-01 5.434927344322204590e-01
-1.404408365488052368e-01 -5.183505415916442871e-01 5.283210873603820801e-01
-2.641903162002563477e-01 -5.281841158866882324e-01 4.572687149047851562e-01
-4.346113502979278564e-01 -5.106831192970275879e-01 3.453032076358795166e-01
-3.786070942878723145e-01 -5.825855731964111328e-01 1.939490139484405518e-01
-4.280156195163726807e-01 -5.879714488983154297e-01 1.199764534831047058e-01
-4.693779945373535156e-01 -5.683011412620544434e-01 9.218142926692962646e-02
-4.359039366245269775e-01 -5.817267894744873047e-01 4.616720974445343018e-02
-1.839364469051361084e-01 -5.960786342620849609e-01 -2.286734804511070251e-02
-2.237348109483718872e-01 -5.987484455108642578e-01 1.629180088639259338e-02
-1.315994709730148315e-01 -6.065686941146850586e-01 2.290944755077362061e-02
-1.459163427352905273e-01 -6.630163788795471191e-01 3.707903623580932617e-02
-1.493690460920333862e-01 -5.538422465324401855e-01 -3.384977579116821289e-02
2.259969115257263184e-01 -5.058805942535400391e-01 1.031094118952751160e-01
