1.079127262291535161e-01
0.000000000000000000e+00
0.000000000000000000e+00
0.000000000000000000e+00
0.000000000000000000e+00
0.000000000000000000e+00
5.871011177204614462e-04
1.180195560882367663e-02
9.844706862527429631e-03
2.906257484191332192e-03
0.000000000000000000e+00
0.000000000000000000e+00
0.000000000000000000e+00
3.434259642508849780e-03
6.030798886097814455e-03
7.881989257301356272e-03
9.442808211428468934e-03
7.959358174863007465e-03
5.111240394576849026e-03
0.000000000000000000e+00
0.000000000000000000e+00
0.000000000000000000e+00
0.000000000000000000e+00
0.000000000000000000e+00
0.000000000000000000e+00
0.000000000000000000e+00
0.000000000000000000e+00
0.000000000000000000e+00
0.000000000000000000e+00
0.000000000000000000e+00
0.000000000000000000e+00
0.000000000000000000e+00
0.000000000000000000e+00
0.000000000000000000e+00
0.000000000000000000e+00
0.000000000000000000e+00
0.000000000000000000e+00
0.000000000000000000e+00
0.000000000000000000e+00
6.912505376195220153e-03
2.296333436240743930e-02
2.786877218666543657e-02
2.225856824560207281e-02
1.013555239439011685e-02
1.113416309472935878e-03
0.000000000000000000e+00
0.000000000000000000e+00
0.000000000000000000e+00
0.000000000000000000e+00
0.000000000000000000e+00
0.000000000000000000e+00
4.076267368823068837e-01
7.371882469708319618e-01
7.344475878581466777e-01
4.064503845914400615e-01
0.000000000000000000e+00
0.000000000000000000e+00
0.000000000000000000e+00
0.000000000000000000e+00
0.000000000000000000e+00
0.000000000000000000e+00
0.000000000000000000e+00
1.758076432368119515e-03
0.000000000000000000e+00
0.000000000000000000e+00
0.000000000000000000e+00
4.332424163713615231e-03
5.042666490065647253e-03
0.000000000000000000e+00
0.000000000000000000e+00
0.000000000000000000e+00
0.000000000000000000e+00
0.000000000000000000e+00
0.000000000000000000e+00
0.000000000000000000e+00
1.190946940605091609e-04
5.545801511609514678e-03
1.195923308206560572e-02
1.294091163651123200e-02
1.049688666645112213e-02
2.731536997185327921e-03
0.000000000000000000e+00
0.000000000000000000e+00
0.000000000000000000e+00
0.000000000000000000e+00
6.984714160734373234e-03
1.195383037868735267e-02
1.049733505407843270e-02
6.072237988539866578e-03
2.209768161949113383e-03
0.000000000000000000e+00
0.000000000000000000e+00
0.000000000000000000e+00
0.000000000000000000e+00
0.000000000000000000e+00
5.396859637865465903e-04
0.000000000000000000e+00
0.000000000000000000e+00
0.000000000000000000e+00
0.000000000000000000e+00
1.102313202734360497e-03
6.118726964751797226e-03
8.970604585552210963e-03
5.393368094865914550e-03
0.000000000000000000e+00
0.000000000000000000e+00
0.000000000000000000e+00
0.000000000000000000e+00
0.000000000000000000e+00
7.483670356604040126e-03
1.350878721588363515e-02
1.084639012070627920e-02
5.295663695813186515e-03
0.000000000000000000e+00
0.000000000000000000e+00
0.000000000000000000e+00
0.000000000000000000e+00
0.000000000000000000e+00
0.000000000000000000e+00
0.000000000000000000e+00
3.133704974885349603e-01
