3.626312613487243652e-01 2.713959515094757080e-01 -5.718775987625122070e-01
3.903825581073760986e-01 3.459000289440155029e-01 -5.550674200057983398e-01
4.660759270191192627e-01 2.786005139350891113e-01 -5.558261871337890625e-01
5.237940549850463867e-01 2.499560415744781494e-01 -5.919597148895263672e-01
4.498760104179382324e-01 2.786959707736968994e-01 -5.590549111366271973e-01
5.372681617736816406e-01 2.453243732452392578e-01 -5.250790119171142578e-01
5.705475807189941406e-01 2.732200324535369873e-01 -4.719009995460510254e-01
5.304250121116638184e-01 1.871926486492156982e-01 -4.915338456630706787e-01
4.881654381752014160e-01 1.968389749526977539e-01 -4.496393799781799316e-01
5.740756392478942871e-01 1.167481839656829834e-01 -3.995474278926849365e-01
5.161628723144531250e-01 2.410781830549240112e-01 -4.064975082874298096e-01
4.769466221332550049e-01 3.386788070201873779e-01 -3.422009646892547607e-01
2.783757448196411133e-01 3.894855082035064697e-01 -2.713370025157928467e-01
1.096791252493858337e-01 3.495782911777496338e-01 -2.785063683986663818e-01
1.700609773397445679e-01 3.413623571395874023e-01 -2.550345063209533691e-01
1.567651480436325073e-01 3.918260633945465088e-01 -1.357121169567108154e-01
4.377819225192070007e-02 2.795645892620086670e-01 -5.490496009588241577e-02
-6.451024115085601807e-02 4.094676673412322998e-01 1.255664974451065063e-01
-4.004495963454246521e-02 3.970801830291748047e-01 1.421854645013809204e-01
3.127568215131759644e-02 4.572504460811614990e-01 2.433927804231643677e-01
-6.061153113842010498e-02 3.940997421741485596e-01 2.758264839649200439e-01
-1.860498040914535522e-01 3.896717429161071777e-01 3.279275596141815186e-01
-6.848613917827606201e-02 4.906410872936248779e-01 3.401420414447784424e-01
2.071500755846500397e-03 3.922602236270904541e-01 3.258166611194610596e-01
-1.156523823738098145e-02 3.691288828849792480e-01 3.056981265544891357e-01
-5.577344074845314026e-02 2.794632613658905029e-01 2.503984570503234863e-01
4.355272278189659119e-02 3.878861069679260254e-01 3.260242938995361328e-01
-1.230877339839935303e-01 3.868398368358612061e-01 3.391677737236022949e-01
-7.555336225777864456e-03 3.247832059860229492e-01 3.137525022029876709e-01
-1.040269136428833008e-01 3.229704797267913818e-01 2.846269011497497559e-01
-6.652726978063583374e-02 4.056508541107177734e-01 3.246665298938751221e-01
-8.032955974340438843e-02 3.985317051410675049e-01 3.384838402271270752e-01
-1.180057674646377563e-01 3.116758763790130615e-01 3.410322368144989014e-01
-3.622194379568099976e-02 3.112650215625762939e-01 3.297076821327209473e-01
-1.155064329504966736e-01 2.878617048263549805e-01 3.117748498916625977e-01
-1.405685096979141235e-01 1.508479118347167969e-01 2.952396273612976074e-01
-1.201628670096397400e-01 6.089365854859352112e-02 2.355444580316543579e-01
-1.828899681568145752e-01 -1.000520586967468262e-01 2.010267972946166992e-01
-2.056068927049636841e-01 -2.878451943397521973e-01 1.623186022043228149e-01
-2.202257364988327026e-01 -2.880626618862152100e-01 1.470187455415725708e-01
-2.899423837661743164e-01 -2.951428592205047607e-01 1.249573826789855957e-01
-2.197063118219375610e-01 -2.362254559993743896e-01 1.397824287414550781e-01
-9.846304357051849365e-02 -3.614116013050079346e-01 5.431469157338142395e-02
-9.513585269451141357e-02 -4.263567626476287842e-01 -4.295396804809570312e-02
-7.963182032108306885e-02 -4.226412773132324219e-01 -8.823552727699279785e-02
-5.838421732187271118e-02 -5.490156412124633789e-01 -1.928944736719131470e-01
-1.596268713474273682e-01 -5.077233314514160156e-01 -2.151952385902404785e-01
-1.690544486045837402e-01 -5.691978335380554199e-01 -2.157636284828186035e-01
-1.105122417211532593e-01 -5.622457861900329590e-01 -2.325222790241241455e-01
-1.658192723989486694e-01 -5.661423206329345703e-01 -2.224497646093368530e-01
-1.780806481838226318e-01 -5.727488398551940918e-01 -2.128211706876754761e-01
-9.669714421033859253e-02 -5.695405602455139160e-01 -2.106722295284271240e-01
-5.562049522995948792e-02 -6.355105042457580566e-01 -1.624118983745574951e-01
-8.545882254838943481e-02 -6.801088452339172363e-01 -1.248818188905715942e-01
4.096831660717725754e-03 -7.315877079963684082e-01 -9.297052025794982910e-02
2.801156342029571533e-01 -5.956389307975769043e-01 1.133416742086410522e-01
3.705365657806396484e-01 -2.857524454593658447e-01 5.912552401423454285e-02
4.041856527328491211e-01 -2.651802003383636475e-01 2.925462126731872559e-01
1.755985021591186523e-01 -4.542036056518554688e-01 3.627097606658935547e-01
2.210867106914520264e-01 -4.460005164146423340e-01 3.948747217655181885e-01
2.136751860380172729e-01 -3.486217260360717773e-01 4.477532207965850830e-01
4.198256433010101318e-01 -2.580026984214782715e-01 5.079479813575744629e-01
4.319576919078826904e-01 -2.256031781435012817e-01 5.309122204780578613e-01
4.711335301399230957e-01 -1.719494014978408813e-01 5.634949803352355957e-01
3.752960860729217529e-01 -1.329495757818222046e-01 6.243689656257629395e-01
2.833255231380462646e-01 -7.507680356502532959e-02 6.154932975769042969e-01
3.584219515323638916e-01 -1.287706792354583740e-01 6.311443448066711426e-01
4.331360757350921631e-01 -1.138080731034278870e-01 5.915766954421997070e-01
2.895154058933258057e-01 -1.401334851980209351e-01 5.931909084320068359e-01
1.741627305746078491e-01 -2.205603420734405518e-01 5.569298267364501953e-01
2.057743966579437256e-01 -1.840417683124542236e-01 5.532445311546325684e-01
8.070036768913269043e-02 -1.961766481399536133e-01 5.288015007972717285e-01
1.266292333602905273e-01 -4.277174174785614014e-01 3.922229111194610596e-01
7.371906656771898270e-03 -5.083556175231933594e-01 1.777566820383071899e-01
-7.885649055242538452e-02 -4.835935533046722412e-01 -2.727272547781467438e-02
-1.155575588345527649e-01 -5.102145671844482422e-01 -1.580564230680465698e-01
-3.094766438007354736e-01 -6.008594036102294922e-01 -2.245620191097259521e-01
-1.679226905107498169e-01 -5.390580892562866211e-01 -2.778025269508361816e-01
-4.317610710859298706e-02 -5.501802563667297363e-01 -3.078911900520324707e-01
-2.510430216789245605e-01 -4.914934635162353516e-01 -2.902204394340515137e-01
-1.498834192752838135e-01 -5.364094972610473633e-01 -3.106012344360351562e-01
-1.257250756025314331e-01 -5.595032572746276855e-01 -3.083666563034057617e-01
-1.904167979955673218e-01 -5.361746549606323242e-01 -2.299970984458923340e-01
-4.138161614537239075e-02 -5.642158389091491699e-01 -2.473396211862564087e-01
3.349438682198524475e-02 -5.672258734703063965e-01 -2.405525892972946167e-01
-5.193606391549110413e-02 -6.173309087753295898e-01 -2.385091483592987061e-01
2.007111459970474243e-01 -2.807065844535827637e-01 -1.016442701220512390e-01
