9.765520137420959090e-02
0.000000000000000000e+00
0.000000000000000000e+00
0.000000000000000000e+00
8.629855715954875758e-03
7.703769876678957795e-03
1.385320771859313051e-02
1.739027676355089577e-02
1.470410042289238203e-02
9.501657249858812618e-03
5.067687989792963275e-03
6.348650584234929485e-03
7.606190438112532884e-03
6.110369313403395293e-03
2.232613879091445517e-03
0.000000000000000000e+00
0.000000000000000000e+00
0.000000000000000000e+00
0.000000000000000000e+00
0.000000000000000000e+00
3.735723140398591446e-03
7.090000721058759524e-03
4.784226152547227384e-03
0.000000000000000000e+00
0.000000000000000000e+00
0.000000000000000000e+00
0.000000000000000000e+00
0.000000000000000000e+00
0.000000000000000000e+00
0.000000000000000000e+00
0.000000000000000000e+00
0.000000000000000000e+00
0.000000000000000000e+00
0.000000000000000000e+00
0.000000000000000000e+00
0.000000000000000000e+00
0.000000000000000000e+00
0.000000000000000000e+00
0.000000000000000000e+00
4.528259297595860905e-03
2.318873367722483828e-02
3.154570876887682895e-02
3.020845515066524975e-02
2.239881801493144933e-02
1.838190437789103890e-02
1.235567390016000140e-02
4.942495959062710199e-03
0.000000000000000000e+00
0.000000000000000000e+00
0.000000000000000000e+00
0.000000000000000000e+00
0.000000000000000000e+00
0.000000000000000000e+00
0.000000000000000000e+00
0.000000000000000000e+00
5.423618786660949764e-01
8.359198028444013717e-01
7.079247283163317972e-01
1.680107741225312090e-01
0.000000000000000000e+00
0.000000000000000000e+00
0.000000000000000000e+00
0.000000000000000000e+00
5.331832405980126144e-03
2.615121602963422446e-03
0.000000000000000000e+00
0.000000000000000000e+00
0.000000000000000000e+00
0.000000000000000000e+00
0.000000000000000000e+00
0.000000000000000000e+00
0.000000000000000000e+00
0.000000000000000000e+00
0.000000000000000000e+00
0.000000000000000000e+00
0.000000000000000000e+00
0.000000000000000000e+00
0.000000000000000000e+00
0.000000000000000000e+00
0.000000000000000000e+00
0.000000000000000000e+00
0.000000000000000000e+00
4.550700730811923535e-03
8.366299349115006653e-03
7.089794903787212561e-03
6.805936133232069534e-04
0.000000000000000000e+00
0.000000000000000000e+00
0.000000000000000000e+00
0.000000000000000000e+00
0.000000000000000000e+00
0.000000000000000000e+00
0.000000000000000000e+00
1.518596349435961113e-01
4.569825712721597988e-01
5.797222708353225729e-01
4.964224235432848076e-01
1.027977259940624361e-01
0.000000000000000000e+00
0.000000000000000000e+00
0.000000000000000000e+00
0.000000000000000000e+00
0.000000000000000000e+00
0.000000000000000000e+00
0.000000000000000000e+00
0.000000000000000000e+00
0.000000000000000000e+00
0.000000000000000000e+00
0.000000000000000000e+00
0.000000000000000000e+00
0.000000000000000000e+00
0.000000000000000000e+00
6.883374881653693024e-03
1.325274685476385619e-02
1.647328731261591891e-02
3.331435906357096272e-02
0.000000000000000000e+00
0.000000000000000000e+00
0.000000000000000000e+00
0.000000000000000000e+00
0.000000000000000000e+00
5.769715266763311007e-02
2.833845491849601439e-01
2.989669086586514424e-01
