1.033401206601549382e-01
0.000000000000000000e+00
0.000000000000000000e+00
0.000000000000000000e+00
1.349253500204783537e-03
5.153936452498739454e-03
8.823224717886910679e-03
1.056060916384715838e-02
2.727688949268980510e-03
1.038421641150978972e-03
1.776486052246808306e-03
0.000000000000000000e+00
0.000000000000000000e+00
0.000000000000000000e+00
0.000000000000000000e+00
0.000000000000000000e+00
0.000000000000000000e+00
0.000000000000000000e+00
1.666682537873528762e-03
3.415140688104988023e-03
4.525252895307822244e-03
0.000000000000000000e+00
0.000000000000000000e+00
5.487500094133838935e-03
1.010515024313506788e-02
1.176627938998509905e-02
4.922605189890523480e-03
0.000000000000000000e+00
0.000000000000000000e+00
0.000000000000000000e+00
0.000000000000000000e+00
0.000000000000000000e+00
0.000000000000000000e+00
0.000000000000000000e+00
0.000000000000000000e+00
0.000000000000000000e+00
0.000000000000000000e+00
0.000000000000000000e+00
0.000000000000000000e+00
0.000000000000000000e+00
0.000000000000000000e+00
0.000000000000000000e+00
1.482036880477746732e-02
2.086002518416887885e-02
1.832568686028982624e-02
1.367395925161297640e-02
5.431848574029396470e-03
0.000000000000000000e+00
0.000000000000000000e+00
0.000000000000000000e+00
0.000000000000000000e+00
6.653995207816803918e-03
0.000000000000000000e+00
0.000000000000000000e+00
0.000000000000000000e+00
0.000000000000000000e+00
5.974504995587627265e-01
8.056253307754608350e-01
5.713467354361466688e-01
0.000000000000000000e+00
0.000000000000000000e+00
0.000000000000000000e+00
0.000000000000000000e+00
1.220551549932874253e-03
0.000000000000000000e+00
0.000000000000000000e+00
0.000000000000000000e+00
1.183317000323967335e-03
1.102641040245476260e-02
9.170850089539149888e-03
6.446468917848694087e-03
2.730915870062249669e-03
4.288540981171875925e-03
8.972148215088853948e-03
9.707529651037660745e-03
1.031183856278328377e-02
9.033977928648290537e-03
4.904456516909695349e-03
0.000000000000000000e+00
0.000000000000000000e+00
0.000000000000000000e+00
0.000000000000000000e+00
0.000000000000000000e+00
0.000000000000000000e+00
0.000000000000000000e+00
0.000000000000000000e+00
0.000000000000000000e+00
0.000000000000000000e+00
0.000000000000000000e+00
0.000000000000000000e+00
0.000000000000000000e+00
0.000000000000000000e+00
0.000000000000000000e+00
0.000000000000000000e+00
0.000000000000000000e+00
0.000000000000000000e+00
0.000000000000000000e+00
1.272027184609848816e-02
1.573177178691316166e-02
1.136887196577608672e-02
9.051156320206083308e-03
1.360223193247691274e-02
1.120415934359932780e-02
0.000000000000000000e+00
0.000000000000000000e+00
0.000000000000000000e+00
0.000000000000000000e+00
2.042606167228539771e-01
3.566227104312445495e-01
