1.016944976395313394e-01
0.000000000000000000e+00
0.000000000000000000e+00
0.000000000000000000e+00
2.351572586740393808e-02
2.253044551070614021e-02
1.291024853835832410e-02
0.000000000000000000e+00
0.000000000000000000e+00
0.000000000000000000e+00
0.000000000000000000e+00
1.171790498055341051e-02
6.967587223494465902e-03
2.458851164228735824e-03
0.000000000000000000e+00
0.000000000000000000e+00
0.000000000000000000e+00
0.000000000000000000e+00
0.000000000000000000e+00
0.000000000000000000e+00
0.000000000000000000e+00
0.000000000000000000e+00
0.000000000000000000e+00
0.000000000000000000e+00
0.000000000000000000e+00
3.490403653941648548e-04
9.065552503289503548e-04
0.000000000000000000e+00
0.000000000000000000e+00
2.116746105824207115e-03
3.880489863776862090e-03
0.000000000000000000e+00
0.000000000000000000e+00
0.000000000000000000e+00
0.000000000000000000e+00
0.000000000000000000e+00
0.000000000000000000e+00
0.000000000000000000e+00
0.000000000000000000e+00
0.000000000000000000e+00
0.000000000000000000e+00
0.000000000000000000e+00
0.000000000000000000e+00
8.877799372624114310e-03
1.938054815600607009e-02
2.232252596273702483e-02
1.769589335995589222e-02
1.404562114033581013e-02
1.200825802108773654e-02
2.045143747174443544e-03
0.000000000000000000e+00
0.000000000000000000e+00
0.000000000000000000e+00
8.002039531551215223e-03
1.933635992286542385e-02
2.386956251028696241e-02
2.171582442520960873e-02
1.346942466269921215e-02
7.241842413146646305e-03
3.592117814481228261e-03
0.000000000000000000e+00
0.000000000000000000e+00
3.091316613784431903e-03
6.989962501158963025e-03
1.112060855727425683e-02
1.432350018409068830e-02
1.043511943313483667e-02
3.916834988747988112e-03
0.000000000000000000e+00
0.000000000000000000e+00
0.000000000000000000e+00
0.000000000000000000e+00
0.000000000000000000e+00
0.000000000000000000e+00
0.000000000000000000e+00
0.000000000000000000e+00
0.000000000000000000e+00
6.914659106929677002e-03
1.564336224285608687e-02
1.679067959720045855e-02
1.015453903769083371e-02
0.000000000000000000e+00
0.000000000000000000e+00
0.000000000000000000e+00
0.000000000000000000e+00
0.000000000000000000e+00
0.000000000000000000e+00
0.000000000000000000e+00
0.000000000000000000e+00
0.000000000000000000e+00
0.000000000000000000e+00
2.126790981009244463e-01
3.672069444776192015e-01
