4.783262014389038086e-01 3.343955278396606445e-01 -4.847998321056365967e-01
5.063574910163879395e-01 2.954649329185485840e-01 -5.135633349418640137e-01
4.961902797222137451e-01 3.102969825267791748e-01 -5.250627994537353516e-01
3.315230011940002441e-01 3.680855035781860352e-01 -5.057503581047058105e-01
3.860583901405334473e-01 3.470070660114288330e-01 -5.168550610542297363e-01
3.858908712863922119e-01 3.562875688076019287e-01 -5.058999657630920410e-01
4.129285514354705811e-01 3.377374410629272461e-01 -5.552963018417358398e-01
3.637910485267639160e-01 2.753075957298278809e-01 -5.799769759178161621e-01
3.160631656646728516e-01 1.292904168367385864e-01 -6.299445629119873047e-01
2.760679721832275391e-01 2.080748379230499268e-01 -5.435705184936523438e-01
1.873120963573455811e-01 2.639230787754058838e-01 -4.715469777584075928e-01
1.176279857754707336e-01 1.038073673844337463e-01 -5.098869204521179199e-01
8.622188866138458252e-02 1.568190604448318481e-01 -4.324208498001098633e-01
1.542743742465972900e-01 1.623375862836837769e-01 -4.122216403484344482e-01
8.093340694904327393e-02 1.883464753627777100e-01 -3.899392783641815186e-01
-1.005733013153076172e-01 2.632192969322204590e-01 -2.246055603027343750e-01
-1.179060190916061401e-01 3.641873598098754883e-01 3.666877001523971558e-02
-3.449991345405578613e-02 3.813196718692779541e-01 1.345394104719161987e-01
6.632785778492689133e-03 3.714476823806762695e-01 2.828764021396636963e-01
3.700239956378936768e-02 3.818179368972778320e-01 3.156923949718475342e-01
-2.596751227974891663e-02 4.251180887222290039e-01 4.234513044357299805e-01
1.224393583834171295e-02 4.477023184299468994e-01 4.559031128883361816e-01
-1.332981325685977936e-02 4.364179670810699463e-01 4.205049276351928711e-01
5.781079083681106567e-02 4.430382549762725830e-01 3.994667232036590576e-01
8.055064082145690918e-02 5.076898932456970215e-01 4.011465907096862793e-01
1.833366155624389648e-01 4.395500123500823975e-01 3.937284946441650391e-01
1.856346577405929565e-01 3.227710127830505371e-01 3.303305506706237793e-01
2.287457883358001709e-01 4.156849682331085205e-01 3.319173157215118408e-01
8.959794789552688599e-02 4.826772809028625488e-01 3.646927475929260254e-01
-1.606987975537776947e-02 4.423600435256958008e-01 3.319617211818695068e-01
5.612092837691307068e-02 4.836220443248748779e-01 3.436862528324127197e-01
-3.229370340704917908e-02 4.881762266159057617e-01 3.321977853775024414e-01
-7.671543397009372711e-03 5.297960638999938965e-01 3.577199876308441162e-01
-1.557643860578536987e-01 5.537952184677124023e-01 4.056568741798400879e-01
-1.465895920991897583e-01 5.222733616828918457e-01 3.637557029724121094e-01
-1.500829756259918213e-01 4.786468148231506348e-01 3.631524443626403809e-01
-2.166980654001235962e-01 3.087647557258605957e-01 2.996805310249328613e-01
-1.921432912349700928e-01 2.590155601501464844e-01 2.774111032485961914e-01
-2.702610194683074951e-01 6.773241609334945679e-02 1.994651556015014648e-01
-3.674860000610351562e-01 -1.129186525940895081e-01 1.943984776735305786e-01
-2.239639759063720703e-01 -3.710530102252960205e-01 1.472629723139107227e-03
8.455601520836353302e-03 -4.433439373970031738e-01 2.130226464942097664e-03
-4.160634800791740417e-02 -4.399413168430328369e-01 2.909915521740913391e-02
-3.888483345508575439e-02 -4.768374860286712646e-01 -1.768811419606208801e-02
-9.923247620463371277e-03 -4.498174190521240234e-01 -5.037094652652740479e-02
-2.138693816959857941e-02 -5.433070659637451172e-01 -1.436197012662887573e-01
-1.221805661916732788e-01 -5.789418220520019531e-01 -1.772604733705520630e-01
-1.444503515958786011e-01 -6.267850399017333984e-01 -1.919536888599395752e-01
-8.593171834945678711e-02 -5.757170915603637695e-01 -1.545746922492980957e-01
-9.849894046783447266e-02 -6.180115938186645508e-01 -1.979446262121200562e-01
-8.549412339925765991e-02 -5.698094367980957031e-01 -2.350614815950393677e-01
-1.319444552063941956e-02 -6.088234782218933105e-01 -2.491077333688735962e-01
-4.427628964185714722e-02 -5.824326872825622559e-01 -2.837325036525726318e-01
-8.744384977035224438e-04 -5.842543840408325195e-01 -2.542138397693634033e-01
1.712130159139633179e-01 -6.786638498306274414e-01 -2.399903535842895508e-01
2.800410389900207520e-01 -5.754504203796386719e-01 -1.971068829298019409e-01
3.107711374759674072e-01 -2.972692549228668213e-01 -2.670532763004302979e-01
4.131399095058441162e-01 -2.699987888336181641e-01 -4.434510469436645508e-01
5.263382792472839355e-01 -2.208252698183059692e-01 -4.249020516872406006e-01
5.770143270492553711e-01 -1.079467907547950745e-01 -4.417212605476379395e-01
5.263831019401550293e-01 2.176917642354965210e-01 -4.727930724620819092e-01
5.692861676216125488e-01 2.191549986600875854e-01 -4.783249199390411377e-01
5.719984173774719238e-01 3.485826849937438965e-01 -4.727811217308044434e-01
5.340241193771362305e-01 3.913546502590179443e-01 -4.826674163341522217e-01
6.392859816551208496e-01 2.693792879581451416e-01 -4.974704086780548096e-01
4.803931713104248047e-01 3.954415619373321533e-01 -4.788261950016021729e-01
5.215684771537780762e-01 3.380420506000518799e-01 -5.101916790008544922e-01
4.446584880352020264e-01 2.498656213283538818e-01 -5.210509896278381348e-01
3.401966691017150879e-01 1.352741122245788574e-01 -5.252120494842529297e-01
3.328545093536376953e-01 2.572732418775558472e-02 -5.123128890991210938e-01
1.117713674902915955e-01 1.700627505779266357e-01 -4.385578930377960205e-01
2.938800305128097534e-02 1.960553228855133057e-01 -4.151171147823333740e-01
1.574177294969558716e-02 1.258420050144195557e-01 -4.090567529201507568e-01
-1.372165679931640625e-01 2.500438094139099121e-01 -2.554712891578674316e-01
-1.159907430410385132e-01 2.131866514682769775e-01 -1.756673902273178101e-01
-1.165348812937736511e-01 3.971636593341827393e-01 -3.588692098855972290e-02
4.957303032279014587e-02 3.550075590610504150e-01 2.790068462491035461e-02
1.321984529495239258e-01 3.915920853614807129e-01 1.128569990396499634e-01
2.379816770553588867e-01 4.423983693122863770e-01 2.498834133148193359e-01
2.152652144432067871e-01 4.608650207519531250e-01 2.997027337551116943e-01
1.880381256341934204e-01 4.433832168579101562e-01 3.963304460048675537e-01
1.315683424472808838e-01 4.123010933399200439e-01 4.103235602378845215e-01
1.498630940914154053e-01 4.831509888172149658e-01 4.387947022914886475e-01
1.472736001014709473e-01 4.030111134052276611e-01 4.512427151203155518e-01
1.470696777105331421e-01 4.386193156242370605e-01 4.566022455692291260e-01
1.732851862907409668e-01 4.719536900520324707e-01 4.933979809284210205e-01
2.373175024986267090e-01 4.093711972236633301e-01 5.083894729614257812e-01
1.871127337217330933e-01 4.130761325359344482e-01 5.211920738220214844e-01
2.315266877412796021e-01 4.802357852458953857e-01 5.378517508506774902e-01
1.050653159618377686e-01 4.999805092811584473e-01 5.444793701171875000e-01
8.221774548292160034e-02 4.903634190559387207e-01 5.483013987541198730e-01
2.093462049961090088e-01 3.928859829902648926e-01 5.158306956291198730e-01
5.863295868039131165e-02 3.399161398410797119e-01 5.505777597427368164e-01
1.700981259346008301e-01 -1.479204595088958740e-01 3.321165144443511963e-01
1.260614097118377686e-01 -1.968221962451934814e-01 2.295843809843063354e-01
1.123191490769386292e-01 -4.098936021327972412e-01 9.983927011489868164e-03
1.710925996303558350e-01 -5.723928809165954590e-01 -1.910663396120071411e-01
6.781765818595886230e-02 -6.033280491828918457e-01 -1.948168724775314331e-01
-6.835813820362091064e-02 -5.601083636283874512e-01 -2.062478810548782349e-01
4.048242419958114624e-02 -5.080019235610961914e-01 -1.788920909166336060e-01
4.477875307202339172e-02 -5.292849540710449219e-01 -1.793220490217208862e-01
9.155488759279251099e-02 -5.254630446434020996e-01 -1.652041524648666382e-01
1.195729076862335205e-01 -5.437342524528503418e-01 -1.539400070905685425e-01
1.513014733791351318e-01 -5.871385335922241211e-01 -1.900651901960372925e-01
2.660903632640838623e-01 -6.542186737060546875e-01 -1.838560104370117188e-01
2.122418731451034546e-01 -6.820830702781677246e-01 -1.903787404298782349e-01
-3.703504055738449097e-02 -5.341503024101257324e-01 -2.240024507045745850e-01
4.041222110390663147e-02 -4.445003271102905273e-01 -1.887718290090560913e-01
4.031539559364318848e-01 -3.736425042152404785e-01 1.202722359448671341e-02
