2.566934823989868164e-01 5.051430314779281616e-02 -3.587163686752319336e-01
3.421681821346282959e-01 2.644998766481876373e-02 -4.106946289539337158e-01
3.607356846332550049e-01 2.322437912225723267e-01 -3.434799313545227051e-01
2.591867446899414062e-01 8.139888197183609009e-02 -4.116621315479278564e-01
2.310965657234191895e-01 6.630744785070419312e-02 -4.150460660457611084e-01
2.415777295827865601e-01 1.221714355051517487e-02 -3.976328969001770020e-01
3.161615729331970215e-01 1.033966019749641418e-01 -3.186102211475372314e-01
3.126810789108276367e-01 5.985070765018463135e-02 -3.123196363449096680e-01
2.339064925909042358e-01 1.331814676523208618e-01 -2.940593659877777100e-01
2.851602435111999512e-01 1.607154160737991333e-01 -1.351680904626846313e-01
1.817742437124252319e-01 2.656765878200531006e-01 -6.915863603353500366e-02
1.071745604276657104e-01 2.081449180841445923e-01 -6.855777651071548462e-02
9.998431801795959473e-02 1.066495850682258606e-01 -9.139821678400039673e-02
1.231539025902748108e-01 2.349328547716140747e-01 1.506368815898895264e-02
-1.052658190019428730e-03 2.385411411523818970e-01 4.224982485175132751e-02
6.553336512297391891e-03 2.090465724468231201e-01 2.592241466045379639e-01
5.623962357640266418e-02 2.344636321067810059e-01 2.453763186931610107e-01
1.339363008737564087e-01 3.395456373691558838e-01 3.284472227096557617e-01
1.260953843593597412e-01 2.765011191368103027e-01 3.622815907001495361e-01
1.448808461427688599e-01 4.012158215045928955e-01 4.764620661735534668e-01
9.390302002429962158e-04 3.863156437873840332e-01 4.872787296772003174e-01
5.841657891869544983e-02 4.026188552379608154e-01 5.408294796943664551e-01
1.997818984091281891e-02 4.805441200733184814e-01 5.065433382987976074e-01
6.205572281032800674e-03 4.318691492080688477e-01 5.130975842475891113e-01
9.830527007579803467e-02 3.828386962413787842e-01 4.839982986450195312e-01
8.846779912710189819e-02 3.172736465930938721e-01 4.604637920856475830e-01
2.407870888710021973e-01 3.722993433475494385e-01 4.833683371543884277e-01
3.020907044410705566e-01 3.237338066101074219e-01 4.376283586025238037e-01
2.788480222225189209e-01 3.035207092761993408e-01 4.272952973842620850e-01
2.878321409225463867e-01 3.733574151992797852e-01 3.864128887653350830e-01
2.223990857601165771e-01 3.454874157905578613e-01 3.607825338840484619e-01
2.247016429901123047e-01 3.980037569999694824e-01 3.942447900772094727e-01
6.133785471320152283e-02 3.861394524574279785e-01 4.233829379081726074e-01
6.290929764509201050e-02 2.701276540756225586e-01 4.076737463474273682e-01
1.154443100094795227e-01 1.657532751560211182e-01 3.391658365726470947e-01
7.980871200561523438e-02 6.697199493646621704e-02 3.443427383899688721e-01
-2.737355977296829224e-02 3.104578889906406403e-02 2.858940362930297852e-01
-1.154979392886161804e-01 -2.891048491001129150e-01 2.248772829771041870e-01
-8.159137517213821411e-02 -4.536696970462799072e-01 1.362213790416717529e-01
-2.406869828701019287e-01 -5.187312364578247070e-01 1.010492816567420959e-01
-6.563084572553634644e-02 -5.558227896690368652e-01 7.496603578329086304e-02
1.131881996989250183e-01 -6.287776827812194824e-01 3.641092684119939804e-03
-5.715173855423927307e-02 -5.599412322044372559e-01 6.647714227437973022e-02
-1.442744135856628418e-01 -5.167220234870910645e-01 8.913531154394149780e-02
-2.075210958719253540e-01 -6.526539325714111328e-01 -2.627758681774139404e-02
-1.084557324647903442e-01 -6.844547986984252930e-01 -5.170596763491630554e-02
-1.235819533467292786e-01 -6.159390211105346680e-01 -3.650841861963272095e-02
-1.935995072126388550e-01 -6.870401501655578613e-01 -7.916893810033798218e-02
-2.014397978782653809e-01 -7.155777215957641602e-01 -1.363381743431091309e-02
-2.202537059783935547e-01 -6.654834151268005371e-01 4.207698255777359009e-02
-1.994007676839828491e-01 -5.987041592597961426e-01 6.717004347592592239e-03
5.544390529394149780e-02 -5.424173474311828613e-01 3.275824710726737976e-02
2.419236749410629272e-01 -2.935539186000823975e-01 -2.364817857742309570e-01
3.707894682884216309e-01 -3.515785932540893555e-01 -3.831752836704254150e-01
3.860280811786651611e-01 -1.032729260623455048e-02 -4.907447397708892822e-01
2.995157837867736816e-01 1.354913860559463501e-01 -4.824667870998382568e-01
3.416887223720550537e-01 2.106167823076248169e-01 -4.084523618221282959e-01
3.907602131366729736e-01 2.535494267940521240e-01 -3.092202246189117432e-01
5.092163681983947754e-01 2.194782048463821411e-01 -3.647246658802032471e-01
3.794357776641845703e-01 2.790788114070892334e-01 -3.653660714626312256e-01
4.581344723701477051e-01 2.448138743638992310e-01 -3.961243331432342529e-01
3.805099427700042725e-01 1.041106060147285461e-01 -4.528834819793701172e-01
4.169574081897735596e-01 1.320856511592864990e-01 -4.543451070785522461e-01
3.259538412094116211e-01 3.903439640998840332e-02 -5.189719796180725098e-01
2.573244273662567139e-01 1.863177120685577393e-02 -5.173234343528747559e-01
1.019711047410964966e-01 1.381769776344299316e-01 -4.085055887699127197e-01
1.550278514623641968e-01 1.589926332235336304e-01 -3.398132920265197754e-01
2.155894786119461060e-01 2.288030982017517090e-01 -2.747852206230163574e-01
2.837668173015117645e-02 2.783036231994628906e-01 -1.535519808530807495e-01
7.417592406272888184e-02 2.787274718284606934e-01 -6.397828925400972366e-03
1.215595230460166931e-01 3.816446065902709961e-01 1.446096003055572510e-01
-5.135534703731536865e-02 3.665488660335540771e-01 1.000902429223060608e-01
-7.221011817455291748e-02 2.590196430683135986e-01 1.318993419408798218e-01
2.134054005146026611e-01 4.658751189708709717e-01 3.476748466491699219e-01
2.618156075477600098e-01 5.040140151977539062e-01 4.247238039970397949e-01
2.107650339603424072e-01 4.972662627696990967e-01 4.850957989692687988e-01
1.143336221575737000e-01 4.276417493820190430e-01 4.839314520359039307e-01
8.276510238647460938e-02 4.418987929821014404e-01 4.816502630710601807e-01
7.923933118581771851e-02 5.057108998298645020e-01 4.851979017257690430e-01
7.370357960462570190e-02 4.841611087322235107e-01 5.170831680297851562e-01
2.641099393367767334e-01 4.232657253742218018e-01 5.059669017791748047e-01
3.144765198230743408e-01 4.024921655654907227e-01 5.104401111602783203e-01
2.793873548507690430e-01 3.844903111457824707e-01 4.800578951835632324e-01
2.768829762935638428e-01 4.405167698860168457e-01 5.340901017189025879e-01
2.230385243892669678e-01 3.865418434143066406e-01 4.916453063488006592e-01
2.331922501325607300e-01 3.424738347530364990e-01 5.491559505462646484e-01
2.452064901590347290e-01 3.774218857288360596e-01 5.305482745170593262e-01
2.284904867410659790e-01 2.265476286411285400e-01 5.145245790481567383e-01
2.242728024721145630e-01 2.616566121578216553e-01 5.222793221473693848e-01
-4.895520210266113281e-02 2.816796302795410156e-01 5.415935516357421875e-01
-3.029338419437408447e-01 1.588492840528488159e-01 4.790413081645965576e-01
-2.864832282066345215e-01 -1.579217910766601562e-01 3.957083821296691895e-01
-2.773610949516296387e-01 -4.766216278076171875e-01 1.803106516599655151e-01
-2.590970098972320557e-01 -5.305028557777404785e-01 7.224441319704055786e-02
-3.025361895561218262e-01 -5.993207693099975586e-01 -3.971395269036293030e-02
-3.165303766727447510e-01 -6.157540678977966309e-01 -2.329733967781066895e-02
-2.063745111227035522e-01 -6.473294496536254883e-01 -6.123068556189537048e-02
-2.972708344459533691e-01 -5.842725634574890137e-01 6.434900220483541489e-03
-3.588013052940368652e-01 -6.113671064376831055e-01 7.641945499926805496e-03
-2.166809290647506714e-01 -6.670377850532531738e-01 -1.130103785544633865e-02
-1.899445652961730957e-01 -7.062456607818603516e-01 1.341452822089195251e-02
-2.884353697299957275e-01 -5.781612992286682129e-01 5.483454465866088867e-02
-1.544276624917984009e-01 -5.520044565200805664e-01 1.388844288885593414e-02
-1.236497759819030762e-01 -5.685251951217651367e-01 6.833935528993606567e-02
-2.841562218964099884e-02 -5.833051204681396484e-01 1.418919265270233154e-01
