2.286107987165451050e-01 2.900826930999755859e-01 -5.610887408256530762e-01
1.354217231273651123e-01 3.401320874691009521e-01 -5.304687619209289551e-01
1.996672600507736206e-01 1.910971999168395996e-01 -5.727412700653076172e-01
2.776965498924255371e-01 9.123358130455017090e-02 -5.990238189697265625e-01
2.989496290683746338e-01 2.503167986869812012e-01 -5.352091789245605469e-01
2.289470136165618896e-01 2.292982041835784912e-01 -4.885838925838470459e-01
2.415171563625335693e-01 1.541040837764739990e-01 -4.758146703243255615e-01
2.779978811740875244e-01 1.351728439331054688e-01 -4.860029220581054688e-01
1.967269629240036011e-01 1.407648026943206787e-01 -4.408074319362640381e-01
2.017103135585784912e-01 1.994160264730453491e-01 -3.313473463058471680e-01
3.724257275462150574e-02 2.339406013488769531e-01 -2.845230400562286377e-01
3.660816326737403870e-02 2.001704871654510498e-01 -2.526705861091613770e-01
-9.429706633090972900e-02 1.907355785369873047e-01 -1.239643990993499756e-01
-7.666373252868652344e-02 2.044184654951095581e-01 1.545953750610351562e-02
1.582968831062316895e-01 2.796719372272491455e-01 1.160963103175163269e-01
-5.554162338376045227e-02 3.530718386173248291e-01 2.642709016799926758e-01
-2.748822569847106934e-01 4.107681512832641602e-01 3.824103176593780518e-01
-3.195638358592987061e-01 3.258830904960632324e-01 3.528562486171722412e-01
-4.203094244003295898e-01 2.755389511585235596e-01 3.575123548507690430e-01
-1.657737344503402710e-01 2.220656126737594604e-01 3.693180978298187256e-01
-1.726223528385162354e-01 3.764867186546325684e-01 3.951847255229949951e-01
-1.807492971420288086e-01 3.624759614467620850e-01 3.529784083366394043e-01
-2.611592710018157959e-01 3.034758567810058594e-01 3.645572662353515625e-01
-2.445274740457534790e-01 2.686935365200042725e-01 3.271719813346862793e-01
-5.824975296854972839e-02 2.375872433185577393e-01 3.579314351081848145e-01
-1.315443664789199829e-01 3.338297307491302490e-01 3.582201898097991943e-01
-9.245529072359204292e-04 3.587002754211425781e-01 3.479990661144256592e-01
5.379028245806694031e-02 4.104709029197692871e-01 3.459889292716979980e-01
4.223083704710006714e-02 4.866425096988677979e-01 3.637194931507110596e-01
7.877004891633987427e-02 4.140595495700836182e-01 3.016916811466217041e-01
7.817956805229187012e-02 3.653866648674011230e-01 2.951576411724090576e-01
-1.006459817290306091e-01 3.016453087329864502e-01 2.710340917110443115e-01
-7.901136577129364014e-02 3.148741424083709717e-01 2.952540516853332520e-01
-7.030022144317626953e-02 3.412561714649200439e-01 3.058643639087677002e-01
-1.216822266578674316e-01 2.562705576419830322e-01 3.196696043014526367e-01
-1.404023170471191406e-01 7.752181589603424072e-02 3.321024775505065918e-01
-2.756632566452026367e-01 -1.101612523198127747e-01 2.892922163009643555e-01
-8.676031231880187988e-02 -2.461422830820083618e-01 1.863981485366821289e-01
-3.499246388673782349e-02 -3.642024099826812744e-01 6.683307886123657227e-02
-6.586007773876190186e-02 -5.128864049911499023e-01 -6.480729579925537109e-02
-1.011086404323577881e-01 -5.806539058685302734e-01 -1.489747762680053711e-01
-5.945818871259689331e-02 -6.238203048706054688e-01 -1.942370831966400146e-01
-2.671638503670692444e-02 -6.378182768821716309e-01 -1.840571016073226929e-01
-9.358636289834976196e-02 -5.609775781631469727e-01 -1.501910388469696045e-01
-1.348665654659271240e-01 -5.721378326416015625e-01 -2.079634666442871094e-01
-6.875676661729812622e-02 -5.554197430610656738e-01 -2.440463304519653320e-01
-5.059157032519578934e-03 -6.105545163154602051e-01 -2.690119743347167969e-01
-1.490275748074054718e-02 -6.177590489387512207e-01 -2.544180452823638916e-01
-3.392193838953971863e-02 -6.408953070640563965e-01 -2.521301507949829102e-01
1.088870689272880554e-02 -5.876800417900085449e-01 -2.585860490798950195e-01
-9.367165155708789825e-03 -5.859749913215637207e-01 -2.481419444084167480e-01
-4.378980025649070740e-02 -5.966032743453979492e-01 -2.497912198305130005e-01
-1.112541928887367249e-01 -6.288477182388305664e-01 -2.657249569892883301e-01
-1.457074731588363647e-01 -5.446164608001708984e-01 -3.148377239704132080e-01
-6.876891106367111206e-02 -5.828387141227722168e-01 -4.178541302680969238e-01
3.498158231377601624e-02 -4.282525777816772461e-01 -4.099477231502532959e-01
1.557922959327697754e-01 -4.878564476966857910e-01 -4.657908380031585693e-01
2.933634519577026367e-01 -2.391688078641891479e-01 -4.711616933345794678e-01
4.242384433746337891e-01 -1.546552628278732300e-01 -4.878143072128295898e-01
5.389910340309143066e-01 -6.918467581272125244e-02 -5.256068706512451172e-01
5.473053455352783203e-01 3.327587246894836426e-01 -5.342120528221130371e-01
6.086428165435791016e-01 3.527417480945587158e-01 -5.541512370109558105e-01
6.302630305290222168e-01 3.693512976169586182e-01 -5.559516549110412598e-01
5.983473658561706543e-01 3.549561202526092529e-01 -5.628428459167480469e-01
5.636551380157470703e-01 3.981210291385650635e-01 -5.697106122970581055e-01
5.579079985618591309e-01 3.790748119354248047e-01 -5.778533816337585449e-01
5.592696070671081543e-01 3.655735850334167480e-01 -5.969201326370239258e-01
5.061017870903015137e-01 3.189718723297119141e-01 -5.974785089492797852e-01
4.324387907981872559e-01 3.543081879615783691e-01 -5.867169499397277832e-01
4.432671666145324707e-01 2.440910488367080688e-01 -6.189752221107482910e-01
2.800141274929046631e-01 2.033024728298187256e-01 -6.257774233818054199e-01
9.771373122930526733e-02 2.290071099996566772e-01 -6.295794844627380371e-01
-6.416703015565872192e-02 2.357393652200698853e-01 -6.102496385574340820e-01
-1.825562864542007446e-01 3.176659047603607178e-01 -5.662770867347717285e-01
-2.507412135601043701e-01 2.835802733898162842e-01 -5.602699518203735352e-01
-3.934413790702819824e-01 3.393267691135406494e-01 -5.047523975372314453e-01
-5.097775459289550781e-01 3.879692852497100830e-01 -4.842416048049926758e-01
-4.573899805545806885e-01 3.209913671016693115e-01 -5.243427157402038574e-01
-4.430919289588928223e-01 2.742695212364196777e-01 -5.345453619956970215e-01
-4.749135971069335938e-01 2.151951193809509277e-01 -5.021162629127502441e-01
-5.054458975791931152e-01 2.582283616065979004e-01 -5.080663561820983887e-01
-4.664561450481414795e-01 2.627151012420654297e-01 -5.202815532684326172e-01
-4.510952830314636230e-01 2.488576173782348633e-01 -5.362123250961303711e-01
-4.511432647705078125e-01 2.229164540767669678e-01 -5.254570841789245605e-01
-5.287975072860717773e-01 1.542040109634399414e-01 -5.070981383323669434e-01
-4.747999012470245361e-01 1.537668555974960327e-01 -3.900689482688903809e-01
-1.477305442094802856e-01 8.412325382232666016e-02 -3.274868428707122803e-01
