9.805412302548786874e-02
0.000000000000000000e+00
0.000000000000000000e+00
0.000000000000000000e+00
3.735513647818620997e-03
0.000000000000000000e+00
0.000000000000000000e+00
0.000000000000000000e+00
1.146673440309089673e-02
2.245943487671209216e-02
2.695236343446090824e-02
1.731784010988966435e-02
0.000000000000000000e+00
0.000000000000000000e+00
0.000000000000000000e+00
1.763405629577963771e-03
9.195283539919172147e-03
0.000000000000000000e+00
0.000000000000000000e+00
0.000000000000000000e+00
0.000000000000000000e+00
1.639400723467555887e-03
8.818693062604333888e-03
9.104628382417120566e-03
3.011371305019950369e-03
0.000000000000000000e+00
0.000000000000000000e+00
0.000000000000000000e+00
0.000000000000000000e+00
0.000000000000000000e+00
0.000000000000000000e+00
3.764985946043249507e-05
0.000000000000000000e+00
0.000000000000000000e+00
0.000000000000000000e+00
0.000000000000000000e+00
0.000000000000000000e+00
0.000000000000000000e+00
0.000000000000000000e+00
0.000000000000000000e+00
3.040017761442485866e-02
5.070780026767198606e-02
3.860676643612351300e-02
1.798646691899545222e-02
0.000000000000000000e+00
0.000000000000000000e+00
0.000000000000000000e+00
0.000000000000000000e+00
0.000000000000000000e+00
0.000000000000000000e+00
0.000000000000000000e+00
0.000000000000000000e+00
0.000000000000000000e+00
4.106885334188571934e-01
7.579861594426929861e-01
7.681966256486197908e-01
4.257715324127526735e-01
0.000000000000000000e+00
0.000000000000000000e+00
0.000000000000000000e+00
0.000000000000000000e+00
0.000000000000000000e+00
0.000000000000000000e+00
0.000000000000000000e+00
0.000000000000000000e+00
0.000000000000000000e+00
0.000000000000000000e+00
0.000000000000000000e+00
0.000000000000000000e+00
0.000000000000000000e+00
0.000000000000000000e+00
0.000000000000000000e+00
0.000000000000000000e+00
0.000000000000000000e+00
0.000000000000000000e+00
0.000000000000000000e+00
0.000000000000000000e+00
0.000000000000000000e+00
8.533103221783079964e-03
1.469723862207115289e-02
0.000000000000000000e+00
0.000000000000000000e+00
0.000000000000000000e+00
0.000000000000000000e+00
2.108744775627180434e-01
3.636576256296956133e-01
