4.989563226699829102e-01 1.606701016426086426e-01 -4.315769672393798828e-01
4.076335728168487549e-01 3.635681271553039551e-01 -4.746988713741302490e-01
2.935479283332824707e-01 3.426269590854644775e-01 -4.926449954509735107e-01
2.968654930591583252e-01 3.889288902282714844e-01 -4.729097485542297363e-01
2.232687920331954956e-01 3.573051095008850098e-01 -4.750958681106567383e-01
2.163624614477157593e-01 3.113666474819183350e-01 -5.214732289314270020e-01
1.382075548171997070e-01 1.689772307872772217e-01 -5.396819114685058594e-01
1.919517517089843750e-01 6.828782707452774048e-02 -5.891340970993041992e-01
1.766511499881744385e-01 2.491422891616821289e-01 -4.967230856418609619e-01
2.091206312179565430e-01 1.811279058456420898e-01 -4.673361778259277344e-01
1.987025141716003418e-01 2.053952217102050781e-01 -4.241622388362884521e-01
1.034304872155189514e-01 2.125657349824905396e-01 -3.770543336868286133e-01
7.891226559877395630e-02 1.370284855365753174e-01 -3.945048749446868896e-01
7.204416394233703613e-02 1.529445499181747437e-01 -3.104217946529388428e-01
2.144303470849990845e-01 9.137292951345443726e-02 -2.108974158763885498e-01
2.619698047637939453e-01 2.678132355213165283e-01 -5.484735965728759766e-02
7.955296337604522705e-02 5.100475549697875977e-01 2.487767189741134644e-01
-2.476705238223075867e-02 4.478744566440582275e-01 2.542498409748077393e-01
-1.116222664713859558e-01 4.877354204654693604e-01 3.431273400783538818e-01
-2.260623872280120850e-01 4.720210731029510498e-01 3.505326509475708008e-01
-1.010854467749595642e-01 5.383759737014770508e-01 4.218048155307769775e-01
-6.715963035821914673e-02 4.656002223491668701e-01 3.886941373348236084e-01
-1.179572846740484238e-02 4.201318025588989258e-01 4.010470211505889893e-01
1.620672345161437988e-01 3.602043092250823975e-01 3.648341000080108643e-01
1.253220438957214355e-01 3.889659047126770020e-01 3.396206796169281006e-01
1.132207810878753662e-01 3.731065392494201660e-01 3.492908477783203125e-01
2.069618254899978638e-01 3.879326283931732178e-01 3.346127271652221680e-01
1.906992495059967041e-01 4.204180836677551270e-01 3.024167716503143311e-01
1.437965184450149536e-01 4.179169535636901855e-01 3.293770551681518555e-01
2.457403987646102905e-01 3.824061155319213867e-01 2.955844700336456299e-01
2.410701662302017212e-01 4.490613937377929688e-01 2.684515416622161865e-01
1.275767534971237183e-01 5.162953734397888184e-01 2.480795681476593018e-01
2.237850129604339600e-01 4.233986735343933105e-01 2.084344029426574707e-01
9.752872586250305176e-02 4.633408486843109131e-01 2.453230470418930054e-01
-4.467005282640457153e-02 4.188386201858520508e-01 2.580909430980682373e-01
-1.297329664230346680e-01 3.254448473453521729e-01 2.545613646507263184e-01
-1.561702191829681396e-01 1.958584487438201904e-01 2.561653256416320801e-01
-1.641938537359237671e-01 -9.325400739908218384e-02 1.130671426653862000e-01
2.295562066137790680e-02 -3.292699456214904785e-01 6.574402749538421631e-02
8.009128272533416748e-02 -3.513865768909454346e-01 2.602450316771864891e-03
6.359527260065078735e-02 -4.166126549243927002e-01 -1.280763596296310425e-01
1.968811266124248505e-02 -6.106105446815490723e-01 -2.470393776893615723e-01
-5.017011612653732300e-02 -6.188254356384277344e-01 -2.325685024261474609e-01
3.485435619950294495e-02 -6.503030657768249512e-01 -2.910753190517425537e-01
-1.119421273469924927e-01 -6.145725250244140625e-01 -2.759009301662445068e-01
-8.351856470108032227e-02 -5.934495925903320312e-01 -2.904374599456787109e-01
-4.557153582572937012e-02 -6.412321925163269043e-01 -2.897541821002960205e-01
-2.092180252075195312e-01 -5.884868502616882324e-01 -2.779328525066375732e-01
-1.648400425910949707e-01 -6.204518079757690430e-01 -2.800402641296386719e-01
-1.049955785274505615e-01 -5.740851163864135742e-01 -3.420124650001525879e-01
-1.192235574126243591e-01 -5.561705827713012695e-01 -3.178117871284484863e-01
7.563897967338562012e-02 -5.948187708854675293e-01 -3.088459372520446777e-01
8.173443377017974854e-02 -6.051558852195739746e-01 -3.298748433589935303e-01
-6.863697618246078491e-02 -4.320635795593261719e-01 -3.044281899929046631e-01
4.709700942039489746e-01 -4.083102941513061523e-01 -2.590357363224029541e-01
3.882240951061248779e-01 -1.653490215539932251e-01 -4.298526346683502197e-01
5.676385760307312012e-01 1.527488976716995239e-01 -4.985699057579040527e-01
4.641276001930236816e-01 3.159803748130798340e-01 -5.281596183776855469e-01
5.173302292823791504e-01 3.985220193862915039e-01 -5.452004671096801758e-01
5.373333096504211426e-01 3.849768936634063721e-01 -5.526203513145446777e-01
5.069043636322021484e-01 4.318521618843078613e-01 -5.463169217109680176e-01
4.358903467655181885e-01 4.023701250553131104e-01 -5.329618453979492188e-01
4.336732923984527588e-01 3.868835866451263428e-01 -5.217204689979553223e-01
3.809146881103515625e-01 4.229994416236877441e-01 -5.130447149276733398e-01
2.143260985612869263e-01 4.613548815250396729e-01 -4.919781684875488281e-01
1.587764769792556763e-01 4.287713766098022461e-01 -5.248608589172363281e-01
1.248160079121589661e-01 3.372424840927124023e-01 -5.523757338523864746e-01
-2.646885812282562256e-02 4.276304841041564941e-01 -5.500462651252746582e-01
-8.353662490844726562e-02 3.482666909694671631e-01 -5.721217989921569824e-01
-1.279009133577346802e-01 3.373668491840362549e-01 -5.705140829086303711e-01
-6.852373480796813965e-02 2.457974255084991455e-01 -6.109827160835266113e-01
-3.060791492462158203e-01 3.529691398143768311e-01 -5.543566942214965820e-01
-3.958834707736968994e-01 3.575438261032104492e-01 -5.402709841728210449e-01
-3.356438279151916504e-01 3.364320397377014160e-01 -5.568519234657287598e-01
-4.354045391082763672e-01 3.358611166477203369e-01 -5.417519807815551758e-01
-4.415990710258483887e-01 3.399437963962554932e-01 -5.083357095718383789e-01
-4.888295233249664307e-01 3.071968555450439453e-01 -5.265813469886779785e-01
-5.304153561592102051e-01 2.859006524085998535e-01 -5.032184123992919922e-01
-5.147466063499450684e-01 1.611867994070053101e-01 -4.871565103530883789e-01
-5.787268280982971191e-01 2.568090260028839111e-01 -4.678075313568115234e-01
-4.324012994766235352e-01 2.120438069105148315e-01 -5.075882077217102051e-01
-5.067512989044189453e-01 2.448076009750366211e-01 -5.218088030815124512e-01
-5.177384018898010254e-01 2.416527420282363892e-01 -4.998780190944671631e-01
-3.973892629146575928e-01 1.755501776933670044e-01 -4.885574281215667725e-01
-4.507590234279632568e-01 7.812272012233734131e-02 -5.065654516220092773e-01
5.907082930207252502e-03 1.122572831809520721e-02 -3.568292558193206787e-01
