1.089712150542808677e-01
0.000000000000000000e+00
0.000000000000000000e+00
0.000000000000000000e+00
1.316039738007992793e-03
0.000000000000000000e+00
0.000000000000000000e+00
0.000000000000000000e+00
0.000000000000000000e+00
0.000000000000000000e+00
1.734477276999568792e-03
7.203262700655806150e-03
8.924280998219206659e-03
5.330634255435015047e-03
0.000000000000000000e+00
0.000000000000000000e+00
0.000000000000000000e+00
0.000000000000000000e+00
7.218989345387471536e-03
1.016143024097942472e-02
6.652760304187490918e-03
1.391067484105742427e-04
0.000000000000000000e+00
0.000000000000000000e+00
0.000000000000000000e+00
0.000000000000000000e+00
0.000000000000000000e+00
0.000000000000000000e+00
0.000000000000000000e+00
0.000000000000000000e+00
0.000000000000000000e+00
0.000000000000000000e+00
0.000000000000000000e+00
0.000000000000000000e+00
0.000000000000000000e+00
0.000000000000000000e+00
0.000000000000000000e+00
0.000000000000000000e+00
0.000000000000000000e+00
0.000000000000000000e+00
0.000000000000000000e+00
1.123720036630034870e-02
2.422504201603398535e-02
2.118799500638784972e-02
1.032892139632214309e-02
0.000000000000000000e+00
6.932109471310570533e-04
2.127463305178618497e-03
0.000000000000000000e+00
0.000000000000000000e+00
0.000000000000000000e+00
0.000000000000000000e+00
0.000000000000000000e+00
0.000000000000000000e+00
2.447708805196227855e-01
5.679995769278971540e-01
7.013123559763780879e-01
5.896785527108819869e-01
2.584651458502594257e-01
0.000000000000000000e+00
0.000000000000000000e+00
0.000000000000000000e+00
0.000000000000000000e+00
0.000000000000000000e+00
0.000000000000000000e+00
0.000000000000000000e+00
0.000000000000000000e+00
0.000000000000000000e+00
0.000000000000000000e+00
0.000000000000000000e+00
0.000000000000000000e+00
0.000000000000000000e+00
0.000000000000000000e+00
3.024043768454114274e-03
1.492120456660452933e-02
2.109228629980750003e-02
2.345852336714601347e-02
1.556005770219519302e-02
3.279485054301340720e-03
0.000000000000000000e+00
0.000000000000000000e+00
1.557588725556263362e-02
0.000000000000000000e+00
0.000000000000000000e+00
0.000000000000000000e+00
0.000000000000000000e+00
2.748487041830953159e-01
