1.005787181067439584e-01
0.000000000000000000e+00
0.000000000000000000e+00
0.000000000000000000e+00
3.059462715703254246e-03
3.166476670985313852e-03
6.275144415823307072e-03
1.238572322180667325e-02
1.752581111217666257e-02
1.708161333646523658e-02
1.136544657832810543e-02
4.630877584006902123e-03
0.000000000000000000e+00
0.000000000000000000e+00
0.000000000000000000e+00
1.261648848691812553e-03
2.736704480824665633e-03
0.000000000000000000e+00
2.513668389321700464e-03
0.000000000000000000e+00
0.000000000000000000e+00
0.000000000000000000e+00
0.000000000000000000e+00
0.000000000000000000e+00
0.000000000000000000e+00
0.000000000000000000e+00
0.000000000000000000e+00
0.000000000000000000e+00
0.000000000000000000e+00
0.000000000000000000e+00
0.000000000000000000e+00
0.000000000000000000e+00
0.000000000000000000e+00
0.000000000000000000e+00
0.000000000000000000e+00
0.000000000000000000e+00
0.000000000000000000e+00
0.000000000000000000e+00
0.000000000000000000e+00
9.509386423467294097e-03
3.020090974247779253e-02
3.428652224451570613e-02
2.527841113653146732e-02
1.258234119638249916e-02
5.766066420563361293e-03
0.000000000000000000e+00
0.000000000000000000e+00
0.000000000000000000e+00
0.000000000000000000e+00
0.000000000000000000e+00
0.000000000000000000e+00
0.000000000000000000e+00
2.443701689931436494e-01
4.027956174696215585e-01
3.477512142125617767e-01
3.470901879412697788e-01
3.536285028165487843e-01
4.029300749528800241e-01
2.330048584012270607e-01
0.000000000000000000e+00
0.000000000000000000e+00
0.000000000000000000e+00
0.000000000000000000e+00
0.000000000000000000e+00
1.010353310743000851e-03
1.332255198759594791e-03
0.000000000000000000e+00
0.000000000000000000e+00
0.000000000000000000e+00
0.000000000000000000e+00
0.000000000000000000e+00
0.000000000000000000e+00
0.000000000000000000e+00
0.000000000000000000e+00
1.369721292798999198e-03
0.000000000000000000e+00
0.000000000000000000e+00
0.000000000000000000e+00
5.494780880115008107e-03
1.112713590502920936e-02
6.771193442732295273e-03
3.882316492061890605e-03
0.000000000000000000e+00
0.000000000000000000e+00
0.000000000000000000e+00
0.000000000000000000e+00
4.756018160419267157e-03
1.595530772036132111e-02
1.144417903531379406e-02
0.000000000000000000e+00
0.000000000000000000e+00
0.000000000000000000e+00
5.849216598270585163e-04
1.580132699877265234e-03
2.964283253535463522e-04
0.000000000000000000e+00
1.075310711768351184e-03
1.999132561057191410e-03
1.637879145781435605e-03
1.976286843914859277e-03
3.075718604847484453e-03
6.350094980444217704e-03
3.462820464245186698e-03
0.000000000000000000e+00
0.000000000000000000e+00
0.000000000000000000e+00
1.252063644330937003e-03
7.069635837100319078e-03
8.363678854211131775e-03
0.000000000000000000e+00
0.000000000000000000e+00
0.000000000000000000e+00
0.000000000000000000e+00
1.295950502181096272e-04
0.000000000000000000e+00
0.000000000000000000e+00
0.000000000000000000e+00
2.194879487537339767e-03
3.514315210525947863e-03
0.000000000000000000e+00
0.000000000000000000e+00
0.000000000000000000e+00
0.000000000000000000e+00
0.000000000000000000e+00
3.121418345329179389e-01
