2.857601344585418701e-01 3.400853276252746582e-01 -5.200133919715881348e-01
3.010062873363494873e-01 3.799670040607452393e-01 -5.366911292076110840e-01
2.217407226562500000e-01 2.780614495277404785e-01 -5.765532255172729492e-01
1.685307472944259644e-01 6.654398888349533081e-02 -6.182374358177185059e-01
1.512532234191894531e-01 8.461340516805648804e-02 -6.282252073287963867e-01
1.658803820610046387e-01 1.313418596982955933e-01 -5.864745378494262695e-01
1.442138552665710449e-01 1.722535789012908936e-01 -5.822940468788146973e-01
9.062271565198898315e-02 2.544810473918914795e-01 -5.219128131866455078e-01
1.819648146629333496e-01 1.248350441455841064e-01 -5.411639213562011719e-01
1.281752437353134155e-01 2.121172994375228882e-01 -4.953470230102539062e-01
-2.473316900432109833e-02 1.076819673180580139e-01 -5.000020265579223633e-01
-1.074497178196907043e-01 2.265444993972778320e-01 -4.066265523433685303e-01
-7.492897659540176392e-02 1.181684806942939758e-01 -4.329838156700134277e-01
-5.047492682933807373e-02 1.417031437158584595e-01 -3.393035233020782471e-01
3.155231475830078125e-02 2.649991512298583984e-01 -6.559390574693679810e-02
4.448063671588897705e-02 3.627876341342926025e-01 9.014160931110382080e-02
-5.444900598376989365e-03 4.504827857017517090e-01 2.647326588630676270e-01
-5.044908449053764343e-02 3.757597804069519043e-01 2.782594263553619385e-01
8.153732866048812866e-02 3.991993665695190430e-01 2.865414619445800781e-01
-3.302248567342758179e-02 3.743326663970947266e-01 2.575214207172393799e-01
-6.838638335466384888e-02 3.653714358806610107e-01 1.885754317045211792e-01
6.106572225689888000e-03 4.219597280025482178e-01 2.673961818218231201e-01
6.118838116526603699e-02 4.197961986064910889e-01 2.690001726150512695e-01
1.160208955407142639e-01 3.954954445362091064e-01 2.158965170383453369e-01
3.482146859169006348e-01 3.402729332447052002e-01 2.202375829219818115e-01
2.394144982099533081e-01 3.435969948768615723e-01 2.594034969806671143e-01
4.092560410499572754e-01 2.839771509170532227e-01 1.995621174573898315e-01
4.143465459346771240e-01 3.186394274234771729e-01 2.529516816139221191e-01
3.478308320045471191e-01 3.577951192855834961e-01 2.590140402317047119e-01
2.936717271804809570e-01 3.757125735282897949e-01 2.046058326959609985e-01
2.969949841499328613e-01 4.078569114208221436e-01 2.362061142921447754e-01
2.134324610233306885e-01 4.198852181434631348e-01 2.888558506965637207e-01
1.581831127405166626e-01 4.386811852455139160e-01 2.617542743682861328e-01
1.039939969778060913e-01 4.540261030197143555e-01 2.803775668144226074e-01
-7.814483344554901123e-02 4.044184088706970215e-01 3.057860732078552246e-01
-1.645064502954483032e-01 3.013247847557067871e-01 2.532632350921630859e-01
-3.296166360378265381e-01 -6.269852072000503540e-02 1.949452012777328491e-01
-2.779063880443572998e-01 -3.644661903381347656e-01 1.311878487467765808e-02
6.976569537073373795e-03 -5.000460743904113770e-01 -2.935757488012313843e-02
1.306896805763244629e-01 -4.756828248500823975e-01 -3.251704201102256775e-02
-4.433955624699592590e-02 -5.388893485069274902e-01 -1.446176916360855103e-01
5.134319141507148743e-02 -5.330766439437866211e-01 -1.874746829271316528e-01
1.060504582710564137e-03 -6.097682714462280273e-01 -2.803477048873901367e-01
-8.315771818161010742e-02 -5.690871477127075195e-01 -2.113373875617980957e-01
-8.887066692113876343e-02 -6.556086540222167969e-01 -2.563944160938262939e-01
-1.598314940929412842e-01 -6.443875432014465332e-01 -2.249438166618347168e-01
1.787072978913784027e-02 -6.385444402694702148e-01 -2.793817222118377686e-01
6.448913365602493286e-03 -6.708051562309265137e-01 -2.975411117076873779e-01
-1.060402244329452515e-01 -6.927163600921630859e-01 -2.737888097763061523e-01
1.728298701345920563e-02 -6.120625138282775879e-01 -2.988248765468597412e-01
8.912382274866104126e-02 -6.149842143058776855e-01 -2.922800779342651367e-01
1.623407602310180664e-01 -5.356034636497497559e-01 -1.682426631450653076e-01
1.934071034193038940e-01 -6.200898885726928711e-01 -1.857178658246994019e-01
-9.447407722473144531e-02 -5.358027219772338867e-01 -3.066643774509429932e-01
2.465534396469593048e-02 -3.831538856029510498e-01 -3.013499379158020020e-01
3.904299139976501465e-01 -3.553393781185150146e-01 -2.123230546712875366e-01
3.997443020343780518e-01 -3.200607895851135254e-01 -4.233867824077606201e-01
4.697009325027465820e-01 -1.057900488376617432e-01 -4.562234580516815186e-01
4.140765070915222168e-01 1.614980101585388184e-01 -4.680049419403076172e-01
4.568150043487548828e-01 3.274638056755065918e-01 -5.003890991210937500e-01
3.408603668212890625e-01 3.687566518783569336e-01 -5.325538516044616699e-01
4.326020479202270508e-01 3.537291288375854492e-01 -5.275697112083435059e-01
4.042849540710449219e-01 2.210044860839843750e-01 -5.364621877670288086e-01
3.776787519454956055e-01 1.464447379112243652e-01 -5.631270408630371094e-01
3.153453767299652100e-01 -3.228814806789159775e-03 -5.857553482055664062e-01
2.076331377029418945e-01 -1.500997394323348999e-01 -5.854501128196716309e-01
1.329662501811981201e-01 -3.053248524665832520e-01 -5.790373682975769043e-01
4.735432192683219910e-02 -3.969706892967224121e-01 -4.801470935344696045e-01
1.065144967287778854e-02 -4.512242674827575684e-01 -4.200261235237121582e-01
-7.049766834825277328e-03 -4.421671330928802490e-01 -3.478729724884033203e-01
-7.051230221986770630e-02 -4.905617237091064453e-01 -1.714448481798171997e-01
-6.004926748573780060e-03 -4.670894742012023926e-01 -5.452637001872062683e-02
1.062456816434860229e-01 -5.148748159408569336e-01 4.545770585536956787e-02
1.256321668624877930e-01 -5.171454548835754395e-01 1.203147470951080322e-01
8.219674974679946899e-02 -4.356459677219390869e-01 1.983465701341629028e-01
-1.225504577159881592e-01 -4.006561040878295898e-01 2.949706017971038818e-01
-1.611626893281936646e-01 -4.281305372714996338e-01 2.953884899616241455e-01
8.511576801538467407e-02 -4.219623804092407227e-01 3.220780789852142334e-01
1.657174378633499146e-01 -4.293704032897949219e-01 3.772682249546051025e-01
2.558225989341735840e-01 -3.665652573108673096e-01 4.805537462234497070e-01
1.769623011350631714e-01 -3.233528435230255127e-01 4.341234564781188965e-01
1.428670138120651245e-01 -3.823908865451812744e-01 3.513762056827545166e-01
1.499399244785308838e-01 -3.857237696647644043e-01 3.587758839130401611e-01
1.728514581918716431e-01 -3.527826964855194092e-01 4.094615876674652100e-01
2.312168031930923462e-01 -3.637953102588653564e-01 3.951126635074615479e-01
3.066844344139099121e-01 -3.064695894718170166e-01 4.820167720317840576e-01
3.405994176864624023e-01 -3.156316876411437988e-01 4.561414122581481934e-01
1.946943849325180054e-01 -2.539787888526916504e-01 4.505558311939239502e-01
2.007843852043151855e-01 -3.146112263202667236e-01 4.551735818386077881e-01
3.204159140586853027e-01 -3.959281444549560547e-01 4.323351085186004639e-01
2.992240488529205322e-01 -4.542446434497833252e-01 3.599760234355926514e-01
8.896360546350479126e-02 -5.820565819740295410e-01 2.193897366523742676e-01
7.984623312950134277e-02 -5.293056368827819824e-01 1.316524595022201538e-01
5.695881694555282593e-02 -5.282301902770996094e-01 -4.907616972923278809e-02
-2.482934594154357910e-01 -3.123407065868377686e-01 -7.767639309167861938e-02
-1.419946253299713135e-01 -8.934437483549118042e-02 -1.341454535722732544e-01
-5.824984237551689148e-02 2.803086638450622559e-01 -1.650471091270446777e-01
-4.383681342005729675e-02 3.206945955753326416e-01 -2.555466890335083008e-01
-7.457260787487030029e-02 4.335180521011352539e-01 -2.433484941720962524e-01
-2.634754776954650879e-01 3.878684937953948975e-01 -2.931072115898132324e-01
-3.654069900512695312e-01 3.583860993385314941e-01 -3.084609508514404297e-01
-2.425816208124160767e-01 2.870434820652008057e-01 -3.426459133625030518e-01
-3.119023740291595459e-01 3.191213309764862061e-01 -2.852991223335266113e-01
-2.456431239843368530e-01 3.665041923522949219e-01 -1.978824734687805176e-01
-7.547827810049057007e-02 4.468214511871337891e-01 -9.749668091535568237e-02
3.651002794504165649e-02 4.437164664268493652e-01 -2.335796691477298737e-02
9.843923896551132202e-02 2.229187041521072388e-01 -2.893692813813686371e-02
2.421667426824569702e-01 -1.408976167440414429e-01 -4.482070356607437134e-02
1.351004540920257568e-01 -3.774683773517608643e-01 1.383649371564388275e-02
2.430411875247955322e-01 -5.555582046508789062e-01 3.765157982707023621e-02
2.444445341825485229e-01 -5.914973020553588867e-01 8.853849023580551147e-02
1.839101612567901611e-01 -5.669357180595397949e-01 1.761923730373382568e-01
2.538424134254455566e-01 -4.662571549415588379e-01 3.018311858177185059e-01
3.072741925716400146e-01 -4.298954010009765625e-01 3.621332943439483643e-01
3.181741535663604736e-01 -3.995614051818847656e-01 3.555701375007629395e-01
3.603445887565612793e-01 -3.981221020221710205e-01 3.830145299434661865e-01
2.561970055103302002e-01 -4.351687431335449219e-01 3.913104832172393799e-01
3.051670491695404053e-01 -3.666932880878448486e-01 4.558316469192504883e-01
3.268194794654846191e-01 -2.916108071804046631e-01 4.606055319309234619e-01
3.247676491737365723e-01 -3.750421106815338135e-01 4.905222356319427490e-01
2.645095288753509521e-01 -2.617178857326507568e-01 5.532221198081970215e-01
2.295912206172943115e-01 -3.344934880733489990e-01 5.091300606727600098e-01
2.786382436752319336e-01 -2.541072964668273926e-01 5.082816481590270996e-01
2.163054198026657104e-01 -3.711717426776885986e-01 5.445219874382019043e-01
3.290540575981140137e-01 -4.982945621013641357e-01 5.426146984100341797e-01
