5.565231442451477051e-01 4.018560051918029785e-01 -4.287243783473968506e-01
6.069530844688415527e-01 4.016539454460144043e-01 -5.067000985145568848e-01
6.060139536857604980e-01 3.275399506092071533e-01 -5.014696717262268066e-01
5.947978496551513672e-01 3.936086893081665039e-01 -4.666413068771362305e-01
5.753606557846069336e-01 3.663038015365600586e-01 -4.868184030055999756e-01
5.217586755752563477e-01 3.516348600387573242e-01 -4.544796943664550781e-01
5.367511510848999023e-01 3.264678716659545898e-01 -4.880833923816680908e-01
5.651223063468933105e-01 2.395405024290084839e-01 -4.603300988674163818e-01
4.455871582031250000e-01 2.063325792551040649e-01 -4.342719018459320068e-01
3.762583732604980469e-01 2.692707180976867676e-01 -3.116766512393951416e-01
4.432883262634277344e-01 1.836668401956558228e-01 -3.537198305130004883e-01
4.032150804996490479e-01 1.579742282629013062e-01 -3.519095480442047119e-01
1.785914748907089233e-01 2.982235848903656006e-01 -2.560942471027374268e-01
4.084475338459014893e-02 4.946227669715881348e-01 -3.390124812722206116e-02
-5.158182606101036072e-02 5.395871996879577637e-01 1.558864116668701172e-01
2.311816252768039703e-02 5.201676487922668457e-01 2.503854930400848389e-01
-2.121092565357685089e-02 4.627082049846649170e-01 3.196535706520080566e-01
4.488079249858856201e-02 4.909921884536743164e-01 3.717524111270904541e-01
8.876658231019973755e-02 5.127139091491699219e-01 4.154225587844848633e-01
1.588909178972244263e-01 4.957567155361175537e-01 3.787355720996856689e-01
2.066393047571182251e-01 4.918684065341949463e-01 3.945479094982147217e-01
2.527591586112976074e-01 5.241860747337341309e-01 4.067694246768951416e-01
2.469164580106735229e-01 4.947764575481414795e-01 4.013782441616058350e-01
2.007134556770324707e-01 5.083482265472412109e-01 3.543799519538879395e-01
4.010946154594421387e-01 3.554238379001617432e-01 3.542934060096740723e-01
3.798209130764007568e-01 2.791488766670227051e-01 3.852297663688659668e-01
3.725719153881072998e-01 2.769646942615509033e-01 3.942516744136810303e-01
3.753828108310699463e-01 2.745287716388702393e-01 3.790601789951324463e-01
3.694258928298950195e-01 3.178461790084838867e-01 3.490750193595886230e-01
3.588729202747344971e-01 3.635611534118652344e-01 3.136680722236633301e-01
3.118500709533691406e-01 3.968385159969329834e-01 2.744394838809967041e-01
1.393278688192367554e-01 4.215060472488403320e-01 2.541354298591613770e-01
8.840984106063842773e-02 4.441404640674591064e-01 2.603112459182739258e-01
3.396952152252197266e-02 4.548417925834655762e-01 2.320151180028915405e-01
4.907588590867817402e-04 3.149887919425964355e-01 2.147766947746276855e-01
-8.929285407066345215e-02 1.038839742541313171e-01 1.592118740081787109e-01
-1.238836348056793213e-01 -5.077715590596199036e-02 1.385419368743896484e-01
-1.189622133970260620e-01 -2.570017874240875244e-01 2.345135994255542755e-02
1.734438724815845490e-02 -3.589426279067993164e-01 -4.531495273113250732e-02
-3.338814526796340942e-02 -3.743948638439178467e-01 -6.586579233407974243e-02
4.390309005975723267e-02 -4.643729627132415771e-01 -1.519404798746109009e-01
-6.730063352733850479e-03 -5.665329694747924805e-01 -2.038750499486923218e-01
-5.056016519665718079e-02 -5.381984710693359375e-01 -2.823414504528045654e-01
-5.589453130960464478e-02 -5.686484575271606445e-01 -2.968990802764892578e-01
-2.754241600632667542e-02 -5.928231477737426758e-01 -2.873796224594116211e-01
-5.564247816801071167e-02 -5.628486275672912598e-01 -2.892837822437286377e-01
1.446267869323492050e-02 -5.908191800117492676e-01 -2.872032523155212402e-01
-5.170207004994153976e-03 -5.747787952423095703e-01 -2.533397376537322998e-01
-1.433243602514266968e-01 -5.541284680366516113e-01 -1.633785516023635864e-01
1.056991890072822571e-01 -7.069588303565979004e-01 -1.664838194847106934e-01
1.932595111429691315e-02 -7.174903750419616699e-01 -1.318535953760147095e-01
4.935408011078834534e-02 -6.372058987617492676e-01 -1.201380267739295959e-01
-9.665741771459579468e-02 -6.839634776115417480e-01 -7.447271794080734253e-02
2.431350797414779663e-01 -5.521686077117919922e-01 8.297999948263168335e-02
4.275728166103363037e-01 -3.977892398834228516e-01 1.814996749162673950e-01
2.579347491264343262e-01 -5.563001632690429688e-01 3.424883484840393066e-01
-1.189310941845178604e-02 -4.397486746311187744e-01 3.248961865901947021e-01
8.253448456525802612e-02 -4.044947922229766846e-01 4.394211471080780029e-01
1.471375077962875366e-01 -4.178173542022705078e-01 5.265039801597595215e-01
2.381911873817443848e-01 -2.828512191772460938e-01 5.194525122642517090e-01
9.180911630392074585e-02 -3.744893372058868408e-01 4.913353919982910156e-01
1.781406104564666748e-01 -4.449871480464935303e-01 4.522908926010131836e-01
1.770855337381362915e-01 -3.031474351882934570e-01 5.694814324378967285e-01
1.871991604566574097e-01 -1.522628813982009888e-01 5.962149500846862793e-01
1.667114645242691040e-01 -1.232799738645553589e-01 5.990803837776184082e-01
3.237544894218444824e-01 -1.339628398418426514e-01 6.388368606567382812e-01
1.956708282232284546e-01 -1.390202343463897705e-01 6.013545989990234375e-01
1.800901591777801514e-01 -1.140975356101989746e-01 5.861575007438659668e-01
1.118415072560310364e-01 -2.366006188094615936e-02 6.184780597686767578e-01
1.045973300933837891e-01 -2.016229331493377686e-01 5.780729651451110840e-01
-4.831301514059305191e-03 -4.413239061832427979e-01 4.420520365238189697e-01
-4.210561513900756836e-02 -5.426805615425109863e-01 2.714686095714569092e-01
-9.988211095333099365e-02 -6.052664518356323242e-01 7.511828839778900146e-02
-1.195503920316696167e-01 -6.056992411613464355e-01 -5.929027125239372253e-02
-1.504458934068679810e-01 -5.509749650955200195e-01 -1.292688548564910889e-01
-8.560895919799804688e-02 -5.891562104225158691e-01 -2.057130634784698486e-01
-8.544573187828063965e-02 -5.998328328132629395e-01 -2.310797721147537231e-01
-1.742439568042755127e-01 -5.093563795089721680e-01 -1.517851203680038452e-01
5.289704538881778717e-03 -5.176202654838562012e-01 -1.637712717056274414e-01
1.893190592527389526e-01 -6.661848425865173340e-01 -1.768889427185058594e-01
1.048480421304702759e-01 -6.308782696723937988e-01 -9.426718950271606445e-02
3.909790143370628357e-02 -6.563836336135864258e-01 -1.681642532348632812e-01
2.320335060358047485e-01 -5.514747500419616699e-01 -2.257432043552398682e-01
1.527801752090454102e-01 -1.610030978918075562e-01 3.214741125702857971e-02
