2.812580764293670654e-01 1.832719743251800537e-01 -4.196960330009460449e-01
3.093973994255065918e-01 2.617260813713073730e-01 -4.377298653125762939e-01
2.640060484409332275e-01 2.770845890045166016e-01 -3.784330785274505615e-01
3.889436125755310059e-01 1.942775398492813110e-01 -3.791821599006652832e-01
3.978595733642578125e-01 1.555045247077941895e-01 -4.011959433555603027e-01
3.871437907218933105e-01 1.515341103076934814e-01 -3.867724835872650146e-01
3.319482505321502686e-01 2.388916313648223877e-01 -2.954391241073608398e-01
3.333954513072967529e-01 2.378742992877960205e-01 -2.517781555652618408e-01
2.667035162448883057e-01 1.797567903995513916e-01 -2.023854702711105347e-01
5.084320157766342163e-02 1.573607325553894043e-01 -1.677937805652618408e-01
-9.239074587821960449e-02 1.320212483406066895e-01 -1.431397497653961182e-01
2.894081920385360718e-02 1.818487793207168579e-01 -1.410691440105438232e-01
-1.641048938035964966e-01 1.140136495232582092e-01 -1.988640129566192627e-01
-2.894219160079956055e-01 1.662490218877792358e-01 -4.283567890524864197e-02
-3.450013399124145508e-01 1.932778358459472656e-01 1.268340833485126495e-02
-2.750788629055023193e-01 1.361100226640701294e-01 1.435088813304901123e-01
-1.993663758039474487e-01 2.374694794416427612e-01 1.991162151098251343e-01
-2.835220992565155029e-01 2.878635227680206299e-01 2.963793575763702393e-01
-2.942957580089569092e-01 2.544681429862976074e-01 3.185779154300689697e-01
-2.023953050374984741e-01 2.657848000526428223e-01 3.483970165252685547e-01
-2.233331203460693359e-01 2.463350892066955566e-01 3.342177271842956543e-01
-2.639744579792022705e-01 3.203746378421783447e-01 2.859084606170654297e-01
-2.343669682741165161e-01 3.391954898834228516e-01 3.161876797676086426e-01
-2.459903061389923096e-01 5.077640414237976074e-01 3.683607876300811768e-01
-8.463270217180252075e-02 4.461743533611297607e-01 3.877896368503570557e-01
-6.264679133892059326e-02 3.748404681682586670e-01 3.480266332626342773e-01
-1.813317984342575073e-01 3.449403047561645508e-01 3.162166774272918701e-01
-2.273306548595428467e-01 3.063212633132934570e-01 3.714744746685028076e-01
-1.260673701763153076e-01 3.011480867862701416e-01 3.709039092063903809e-01
-1.595949232578277588e-01 3.719545304775238037e-01 3.784179389476776123e-01
-1.429765671491622925e-01 3.954489231109619141e-01 4.110071957111358643e-01
-1.022759154438972473e-01 3.349946141242980957e-01 3.215527534484863281e-01
6.572997663170099258e-03 3.349376320838928223e-01 2.756640613079071045e-01
-4.869551863521337509e-03 2.907204627990722656e-01 2.643130719661712646e-01
4.573496058583259583e-03 3.557323515415191650e-01 2.734921276569366455e-01
-1.611138880252838135e-01 3.459332585334777832e-01 3.201491832733154297e-01
-2.971686124801635742e-01 1.700059920549392700e-01 3.073064684867858887e-01
-2.829879820346832275e-01 -8.996398188173770905e-03 3.197967112064361572e-01
-3.852195143699645996e-01 -2.524653375148773193e-01 2.552437186241149902e-01
-4.409123659133911133e-01 -1.483947187662124634e-01 2.481840401887893677e-01
-4.069550037384033203e-01 -3.338151276111602783e-01 1.576594710350036621e-01
-3.973166048526763916e-01 -4.358262419700622559e-01 1.236334666609764099e-01
-3.692436218261718750e-01 -5.192986130714416504e-01 5.257907882332801819e-02
-3.771008551120758057e-01 -5.361554026603698730e-01 -8.061517961323261261e-03
-3.936463296413421631e-01 -5.427426099777221680e-01 -1.630703732371330261e-02
-3.523707985877990723e-01 -5.924241542816162109e-01 -7.996387779712677002e-02
-2.495135664939880371e-01 -6.190338730812072754e-01 -6.099354848265647888e-02
-3.322313725948333740e-01 -5.949811935424804688e-01 -4.232539981603622437e-02
-4.000355303287506104e-01 -5.712686777114868164e-01 -1.500522904098033905e-02
-3.740522563457489014e-01 -5.916324853897094727e-01 -7.546472549438476562e-02
-3.865619599819183350e-01 -5.702550411224365234e-01 -3.906484693288803101e-02
-3.492686152458190918e-01 -6.077797412872314453e-01 -9.880315512418746948e-02
-2.717881202697753906e-01 -5.342059135437011719e-01 -9.105985611677169800e-02
-2.156083285808563232e-01 -5.184655189514160156e-01 5.800868384540081024e-03
-7.417004555463790894e-02 -5.001783370971679688e-01 1.668579643592238426e-03
-7.392428070306777954e-02 -4.114448726177215576e-01 -1.034524757415056229e-02
1.647027134895324707e-01 -2.262433022260665894e-01 -2.150936871767044067e-01
3.677464127540588379e-01 1.150113940238952637e-01 -3.400130569934844971e-01
3.062881231307983398e-01 3.296769261360168457e-01 -3.868691325187683105e-01
3.871221840381622314e-01 2.668994665145874023e-01 -3.573719263076782227e-01
3.324542045593261719e-01 1.899373233318328857e-01 -3.755004405975341797e-01
3.717681765556335449e-01 9.915577620267868042e-02 -3.845135867595672607e-01
3.162111341953277588e-01 9.472565352916717529e-02 -3.767568469047546387e-01
3.642467856407165527e-01 1.158779114484786987e-01 -4.349404573440551758e-01
4.379253387451171875e-01 9.536111354827880859e-02 -4.627409577369689941e-01
4.116393923759460449e-01 1.078163012862205505e-01 -4.496225118637084961e-01
3.787109553813934326e-01 6.321127712726593018e-02 -4.496408700942993164e-01
3.170389831066131592e-01 3.877472132444381714e-02 -4.997850358486175537e-01
2.168735414743423462e-01 -2.115898579359054565e-02 -5.335820913314819336e-01
1.182371228933334351e-01 1.081610005348920822e-02 -5.111605525016784668e-01
6.109597161412239075e-03 2.740751765668392181e-02 -5.182911157608032227e-01
-9.637816250324249268e-02 7.116796821355819702e-02 -5.184031128883361816e-01
-2.129604518413543701e-01 1.154974400997161865e-01 -4.907752573490142822e-01
-2.743535041809082031e-01 1.480052769184112549e-01 -5.026863813400268555e-01
-4.245625734329223633e-01 1.376908868551254272e-01 -5.025207996368408203e-01
-3.625518679618835449e-01 2.397403568029403687e-01 -4.812449514865875244e-01
-4.025830924510955811e-01 2.177333533763885498e-01 -4.983192384243011475e-01
-5.657829642295837402e-01 1.821575164794921875e-01 -4.671127498149871826e-01
-5.036701560020446777e-01 1.704332530498504639e-01 -4.888582825660705566e-01
-5.400511026382446289e-01 1.863152980804443359e-01 -4.502418041229248047e-01
-5.088695883750915527e-01 2.893331050872802734e-01 -4.667607843875885010e-01
-3.811934292316436768e-01 2.061985433101654053e-01 -5.031950473785400391e-01
-4.427547156810760498e-01 1.082680448889732361e-01 -4.931860864162445068e-01
-4.967958033084869385e-01 2.033487856388092041e-01 -4.299958348274230957e-01
-4.928474426269531250e-01 3.107294738292694092e-01 -3.696570694446563721e-01
-5.344139337539672852e-01 1.910085082054138184e-01 -4.291245639324188232e-01
-4.359498620033264160e-01 -2.401353791356086731e-02 -4.224982857704162598e-01
-5.378183126449584961e-01 -3.034893237054347992e-02 -4.531441926956176758e-01
-5.470757484436035156e-01 -1.055111829191446304e-02 -5.078082084655761719e-01
-5.655483603477478027e-01 8.275041729211807251e-02 -4.820536077022552490e-01
-3.852034211158752441e-01 2.024557888507843018e-01 -4.503906369209289551e-01
-3.691056370735168457e-01 2.886210680007934570e-01 -3.665662407875061035e-01
-3.874998390674591064e-01 2.891978621482849121e-01 -2.313992828130722046e-01
-3.792783915996551514e-01 2.132344841957092285e-01 -1.271951049566268921e-01
1.722176522016525269e-01 -7.186523079872131348e-02 1.002975478768348694e-01
2.068829685449600220e-01 -4.692316353321075439e-01 2.750810980796813965e-01
7.255223393440246582e-02 -6.477876901626586914e-01 3.842668831348419189e-01
-7.256697118282318115e-02 -6.030453443527221680e-01 5.049892663955688477e-01
-2.581796348094940186e-01 -5.731361508369445801e-01 4.938854575157165527e-01
-1.411057822406291962e-02 -4.716419875621795654e-01 5.004904866218566895e-01
-4.781994968652725220e-03 -3.616110682487487793e-01 5.872768163681030273e-01
-4.819517582654953003e-02 -2.095968425273895264e-01 6.137328743934631348e-01
1.016340553760528564e-01 -1.562512516975402832e-01 6.297577619552612305e-01
3.689587116241455078e-02 -1.634693294763565063e-01 6.435201168060302734e-01
7.745506614446640015e-02 -1.933303177356719971e-01 6.206583976745605469e-01
-5.981449037790298462e-02 -8.364288508892059326e-02 6.693048477172851562e-01
-8.983916603028774261e-03 -9.127178788185119629e-02 6.661882400512695312e-01
-1.211223080754280090e-01 -2.311091274023056030e-01 6.480506658554077148e-01
-2.437726408243179321e-02 -2.884195446968078613e-01 6.490775942802429199e-01
-2.279210835695266724e-01 -3.458842337131500244e-01 6.283823847770690918e-01
-2.400179356336593628e-01 -4.299533069133758545e-01 5.580809116363525391e-01
-3.215511143207550049e-01 -4.858391880989074707e-01 5.183700919151306152e-01
-3.930084705352783203e-01 -5.094286203384399414e-01 4.386021494865417480e-01
-2.494855970144271851e-01 -5.951933860778808594e-01 1.761090010404586792e-01
-4.288465380668640137e-01 -5.965414643287658691e-01 8.817681670188903809e-02
-3.980760276317596436e-01 -5.890259146690368652e-01 4.400182515382766724e-02
-2.538763284683227539e-01 -5.730854868888854980e-01 8.385650813579559326e-02
-2.034784704446792603e-01 -6.119502782821655273e-01 9.099485725164413452e-02
-1.284976601600646973e-01 -5.971392989158630371e-01 1.299805790185928345e-01
-2.462737858295440674e-01 -5.545973777770996094e-01 1.432743966579437256e-01
-4.037187099456787109e-01 -5.308477282524108887e-01 1.527025401592254639e-01
-2.945745289325714111e-01 -5.815498828887939453e-01 1.123465374112129211e-01
-1.961826086044311523e-01 -6.033348441123962402e-01 9.428394585847854614e-02
-1.977711021900177002e-01 -5.366111993789672852e-01 5.898468941450119019e-02
