1.373187439417364597e-01
0.000000000000000000e+00
0.000000000000000000e+00
0.000000000000000000e+00
0.000000000000000000e+00
0.000000000000000000e+00
2.027175164306225293e-03
1.597638193884493366e-02
1.811094226458369663e-02
1.346197848783911577e-02
7.900057073496932758e-03
1.998651095654097216e-03
7.892283796187420401e-04
0.000000000000000000e+00
1.880497280549255123e-03
7.467546778562951341e-03
4.269010392224908100e-03
0.000000000000000000e+00
0.000000000000000000e+00
0.000000000000000000e+00
2.219055666327920950e-03
5.615253814833237080e-03
4.823713666217949170e-03
0.000000000000000000e+00
0.000000000000000000e+00
0.000000000000000000e+00
0.000000000000000000e+00
0.000000000000000000e+00
0.000000000000000000e+00
0.000000000000000000e+00
0.000000000000000000e+00
0.000000000000000000e+00
0.000000000000000000e+00
0.000000000000000000e+00
0.000000000000000000e+00
0.000000000000000000e+00
0.000000000000000000e+00
0.000000000000000000e+00
0.000000000000000000e+00
0.000000000000000000e+00
3.061705756432335154e-02
4.605312873695023568e-02
3.813727151255322939e-02
1.399801854567244916e-02
0.000000000000000000e+00
0.000000000000000000e+00
0.000000000000000000e+00
0.000000000000000000e+00
0.000000000000000000e+00
0.000000000000000000e+00
0.000000000000000000e+00
1.071390756442754388e-01
2.217492061490012045e-01
2.257094722573551870e-01
1.426784884775166851e-01
1.312526271793710841e-01
2.060506113712006482e-01
2.032503387559336239e-01
9.900653142367199511e-02
0.000000000000000000e+00
0.000000000000000000e+00
0.000000000000000000e+00
0.000000000000000000e+00
0.000000000000000000e+00
0.000000000000000000e+00
0.000000000000000000e+00
0.000000000000000000e+00
1.053560236535351028e-03
0.000000000000000000e+00
0.000000000000000000e+00
0.000000000000000000e+00
0.000000000000000000e+00
2.321383970904582900e-02
2.908582116767348749e-02
1.875701370591238704e-02
0.000000000000000000e+00
0.000000000000000000e+00
0.000000000000000000e+00
0.000000000000000000e+00
0.000000000000000000e+00
0.000000000000000000e+00
0.000000000000000000e+00
2.060990059948286379e-01
3.688438790691366265e-01
