-7.176975160837173462e-02 -4.529032483696937561e-02 5.686234831809997559e-01
-2.648071646690368652e-01 -1.726352125406265259e-01 5.538985729217529297e-01
-1.620280593633651733e-01 -1.540776938199996948e-01 5.035599470138549805e-01
-2.402865886688232422e-01 -1.844909489154815674e-01 5.064213871955871582e-01
-7.262963801622390747e-02 -1.663573086261749268e-01 5.206131339073181152e-01
-7.541262358427047729e-02 -1.640587002038955688e-01 5.245197415351867676e-01
-2.337984144687652588e-01 -1.737722605466842651e-01 4.999649524688720703e-01
-2.693825066089630127e-01 -3.431423008441925049e-02 5.355011224746704102e-01
-2.616859078407287598e-01 -7.281762361526489258e-02 5.314933061599731445e-01
-1.176647394895553589e-01 -3.070714883506298065e-02 5.720407366752624512e-01
-1.584067642688751221e-01 -1.649437658488750458e-02 5.672703981399536133e-01
-8.637274056673049927e-02 -8.272349089384078979e-02 5.350092053413391113e-01
-2.159344404935836792e-01 -1.176384314894676208e-01 5.260617733001708984e-01
-1.519213318824768066e-01 -1.772430390119552612e-01 4.390510022640228271e-01
-3.047358989715576172e-01 -2.859490513801574707e-01 3.510148525238037109e-01
-4.260644316673278809e-01 -2.894015312194824219e-01 3.177970349788665771e-01
-3.980313539505004883e-01 -2.924404740333557129e-01 2.366520911455154419e-01
-2.955627739429473877e-01 -3.738708496093750000e-01 1.764399260282516479e-01
-2.868929207324981689e-01 -3.191584050655364990e-01 1.729776859283447266e-01
-2.148987203836441040e-01 -3.424980640411376953e-01 1.202540695667266846e-01
-2.934056222438812256e-01 -2.471067309379577637e-01 1.414737701416015625e-01
-2.233716994524002075e-01 -3.780894875526428223e-01 2.381310798227787018e-02
-2.968415617942810059e-01 -2.923752665519714355e-01 6.461159884929656982e-02
-1.459318250417709351e-01 -3.661838173866271973e-01 -2.210869826376438141e-02
-1.505743712186813354e-01 -4.317498207092285156e-01 -1.319350004196166992e-01
-8.929505944252014160e-02 -3.724742829799652100e-01 -1.127388104796409607e-01
-5.158973485231399536e-02 -3.670943081378936768e-01 -2.048544585704803467e-01
-1.130025759339332581e-01 -4.773113131523132324e-01 -3.000757694244384766e-01
-1.009963527321815491e-01 -4.884031414985656738e-01 -3.107229471206665039e-01
2.930606948211789131e-03 -4.091653227806091309e-01 -3.465541601181030273e-01
9.192416071891784668e-02 -3.994351029396057129e-01 -3.585174381732940674e-01
6.313646212220191956e-03 -4.672183394432067871e-01 -3.753405511379241943e-01
-1.063288152217864990e-01 -3.412881791591644287e-01 -3.478498160839080811e-01
2.175245899707078934e-03 -5.381923913955688477e-01 -3.265419602394104004e-01
1.112111434340476990e-01 -6.126486659049987793e-01 -2.791585028171539307e-01
1.555218100547790527e-01 -5.002056360244750977e-01 -3.715617358684539795e-01
1.074489131569862366e-01 -3.775726556777954102e-01 -4.011172056198120117e-01
2.221261262893676758e-01 -2.135018110275268555e-01 -3.713861703872680664e-01
3.467365205287933350e-01 -9.060880541801452637e-02 -4.324153959751129150e-01
6.509262919425964355e-01 2.992737889289855957e-01 -4.977406263351440430e-01
6.665838956832885742e-01 3.394902050495147705e-01 -5.291667580604553223e-01
5.681049227714538574e-01 4.805454909801483154e-01 -5.629775524139404297e-01
5.387077331542968750e-01 5.401926040649414062e-01 -5.353845953941345215e-01
5.318980216979980469e-01 5.384947061538696289e-01 -4.853392839431762695e-01
5.559301972389221191e-01 5.321717858314514160e-01 -4.898593425750732422e-01
5.174770951271057129e-01 5.826198458671569824e-01 -4.608462750911712646e-01
5.135970115661621094e-01 5.724295973777770996e-01 -4.679661393165588379e-01
5.443953275680541992e-01 5.290682315826416016e-01 -5.129497051239013672e-01
4.808686971664428711e-01 5.056370496749877930e-01 -5.272351503372192383e-01
5.080230832099914551e-01 4.732854068279266357e-01 -5.383299589157104492e-01
4.024621844291687012e-01 4.217596352100372314e-01 -5.747122764587402344e-01
3.484201133251190186e-01 4.214738607406616211e-01 -5.883718729019165039e-01
2.818270623683929443e-01 4.378480017185211182e-01 -6.066352725028991699e-01
1.656467020511627197e-01 4.285766184329986572e-01 -6.141850352287292480e-01
9.318527579307556152e-02 4.994700253009796143e-01 -5.790890455245971680e-01
-2.222275882959365845e-01 4.453272819519042969e-01 -6.031094193458557129e-01
-2.641088962554931641e-01 4.206553697586059570e-01 -6.106311678886413574e-01
-2.734586000442504883e-01 3.953215479850769043e-01 -6.212546825408935547e-01
-2.565675377845764160e-01 3.781704306602478027e-01 -6.159098148345947266e-01
-4.001882374286651611e-01 3.197468817234039307e-01 -6.068835854530334473e-01
-3.824349343776702881e-01 4.003142118453979492e-01 -5.808090567588806152e-01
-3.925865590572357178e-01 3.515056967735290527e-01 -5.678931474685668945e-01
-4.580077528953552246e-01 2.770747840404510498e-01 -5.878309011459350586e-01
-4.856854975223541260e-01 3.002665638923645020e-01 -5.646017789840698242e-01
-4.647791087627410889e-01 2.297313362360000610e-01 -5.736673474311828613e-01
-4.975336492061614990e-01 1.955883353948593140e-01 -5.835554003715515137e-01
-5.565557479858398438e-01 1.846824735403060913e-01 -5.538713932037353516e-01
-4.836951494216918945e-01 1.065317913889884949e-01 -5.509275197982788086e-01
-4.394607543945312500e-01 1.550426483154296875e-01 -5.336042046546936035e-01
-5.335921645164489746e-01 2.145801186561584473e-01 -4.178305864334106445e-01
-5.461130291223526001e-02 -1.037133205682039261e-02 -2.889145612716674805e-01
1.675137579441070557e-01 -1.713136285543441772e-01 -2.234599143266677856e-01
