4.239746369421482086e-03 -4.365309178829193115e-01 4.080328345298767090e-01
1.356274448335170746e-02 -3.555584549903869629e-01 3.517578244209289551e-01
1.770224720239639282e-01 -2.018020898103713989e-01 4.999903738498687744e-01
2.349155992269515991e-01 -2.174075543880462646e-01 4.915708601474761963e-01
5.030675977468490601e-02 -1.127815768122673035e-01 5.335231423377990723e-01
7.610520720481872559e-02 -1.513322442770004272e-01 5.012376308441162109e-01
-4.227568954229354858e-02 -7.740886509418487549e-02 5.442496538162231445e-01
-6.195486336946487427e-02 -1.281118094921112061e-01 5.344309210777282715e-01
-3.741081431508064270e-02 -1.764468103647232056e-01 5.183978080749511719e-01
1.185383414849638939e-03 -1.309892535209655762e-01 4.859453439712524414e-01
1.044608801603317261e-01 -1.236299276351928711e-01 4.799816608428955078e-01
4.598623141646385193e-02 -1.995028257369995117e-01 4.451630413532257080e-01
1.717528551816940308e-01 -2.252543121576309204e-01 4.085195958614349365e-01
1.898822039365768433e-01 -1.792196333408355713e-01 4.395225644111633301e-01
1.617346704006195068e-01 -1.551447659730911255e-01 4.681225419044494629e-01
1.092371344566345215e-01 -1.673660725355148315e-01 4.578502178192138672e-01
1.479285806417465210e-01 -2.054971456527709961e-01 4.725342988967895508e-01
1.075941789895296097e-02 -2.922769486904144287e-01 4.950351119041442871e-01
-2.172630578279495239e-01 -2.427140474319458008e-01 4.921362102031707764e-01
-2.272877693176269531e-01 -2.105791866779327393e-01 4.146740138530731201e-01
-5.573983862996101379e-02 -4.405305385589599609e-01 2.274956554174423218e-01
-1.684662699699401855e-01 -5.035912394523620605e-01 8.285055309534072876e-02
-2.347421050071716309e-01 -5.086094141006469727e-01 -2.798649109899997711e-02
-1.414052546024322510e-01 -5.273578166961669922e-01 -8.856756985187530518e-02
-1.135653406381607056e-01 -5.232421159744262695e-01 -1.331443190574645996e-01
-1.986572593450546265e-01 -5.234479904174804688e-01 -1.888967007398605347e-01
-3.194629251956939697e-01 -5.097778439521789551e-01 -1.204644069075584412e-01
-1.455630511045455933e-01 -4.811460375785827637e-01 -1.544316411018371582e-01
-1.597393900156021118e-01 -5.208497643470764160e-01 -1.461046189069747925e-01
-1.452825218439102173e-01 -5.350716114044189453e-01 -2.085755765438079834e-01
-5.457941070199012756e-02 -6.005392074584960938e-01 -1.672935336828231812e-01
8.231689780950546265e-02 -6.571561694145202637e-01 -2.215555459260940552e-01
5.730453133583068848e-02 -5.689427852630615234e-01 -1.772803068161010742e-01
5.117259547114372253e-02 -4.878199696540832520e-01 -2.365643233060836792e-01
6.161916628479957581e-02 -3.610365688800811768e-01 -2.182593196630477905e-01
3.698758482933044434e-01 -4.825941920280456543e-01 -1.501398682594299316e-01
3.446544408798217773e-01 -3.926298618316650391e-01 -2.375781536102294922e-01
4.428394436836242676e-01 -4.153203591704368591e-02 -3.154302239418029785e-01
5.771818757057189941e-01 1.653842926025390625e-01 -4.153983592987060547e-01
5.356125831604003906e-01 2.111509591341018677e-01 -4.135636091232299805e-01
5.835645794868469238e-01 3.393768370151519775e-01 -4.593254029750823975e-01
5.232504010200500488e-01 4.398820102214813232e-01 -4.427478909492492676e-01
5.167975425720214844e-01 4.109709858894348145e-01 -4.032926261425018311e-01
5.715994238853454590e-01 3.496034741401672363e-01 -3.913808465003967285e-01
4.765529632568359375e-01 5.048898458480834961e-01 -4.145716130733489990e-01
5.027856230735778809e-01 4.495062232017517090e-01 -4.519363045692443848e-01
5.179596543312072754e-01 4.448331594467163086e-01 -4.516356587409973145e-01
5.118969082832336426e-01 4.825024902820587158e-01 -4.511226117610931396e-01
4.744234383106231689e-01 4.487260282039642334e-01 -4.566853344440460205e-01
3.319106698036193848e-01 4.642856121063232422e-01 -4.742445647716522217e-01
2.775149941444396973e-01 3.555094599723815918e-01 -5.545713901519775391e-01
2.594466209411621094e-01 3.628111779689788818e-01 -5.717276930809020996e-01
3.067553639411926270e-01 4.444198012351989746e-01 -5.365899205207824707e-01
1.374805271625518799e-01 3.623251020908355713e-01 -5.840570926666259766e-01
-7.390419486910104752e-03 4.567125737667083740e-01 -5.498186945915222168e-01
-1.220450401306152344e-01 4.584454298019409180e-01 -5.532857179641723633e-01
-1.667171865701675415e-01 4.010453522205352783e-01 -5.620178580284118652e-01
-3.220297396183013916e-01 3.620526492595672607e-01 -5.771452188491821289e-01
-3.374879658222198486e-01 3.558020293712615967e-01 -5.658969283103942871e-01
-3.515346944332122803e-01 3.101927340030670166e-01 -5.787221789360046387e-01
-3.778945803642272949e-01 2.904683649539947510e-01 -5.601657629013061523e-01
-3.677705824375152588e-01 2.255764007568359375e-01 -5.218729376792907715e-01
-4.290354251861572266e-01 1.329386532306671143e-01 -4.976169466972351074e-01
-3.985096216201782227e-01 1.604838818311691284e-01 -4.828518331050872803e-01
-4.115740954875946045e-01 1.834787726402282715e-01 -4.714502692222595215e-01
-3.089797198772430420e-01 1.073585897684097290e-01 -4.805369377136230469e-01
-2.681494057178497314e-01 8.849631249904632568e-02 -4.681321382522583008e-01
-3.208944499492645264e-01 2.039841562509536743e-02 -4.633369743824005127e-01
-4.169864952564239502e-01 1.314436495304107666e-01 -4.439359009265899658e-01
-4.168992340564727783e-01 8.464281260967254639e-02 -4.819745719432830811e-01
-4.143889248371124268e-01 1.195411384105682373e-01 -4.627413749694824219e-01
-3.113695979118347168e-01 1.136173009872436523e-01 -4.827446937561035156e-01
-2.033114433288574219e-01 7.075198739767074585e-02 -3.074226975440979004e-01
