3.860078560673069759e-01
0.000000000000000000e+00
0.000000000000000000e+00
0.000000000000000000e+00
0.000000000000000000e+00
1.241711770633528202e-02
0.000000000000000000e+00
0.000000000000000000e+00
0.000000000000000000e+00
0.000000000000000000e+00
1.726663571297413049e-03
3.745760407695199537e-03
2.869695516023390916e-03
0.000000000000000000e+00
0.000000000000000000e+00
0.000000000000000000e+00
0.000000000000000000e+00
0.000000000000000000e+00
0.000000000000000000e+00
8.853821660488246995e-03
8.771825529625080359e-03
0.000000000000000000e+00
0.000000000000000000e+00
0.000000000000000000e+00
2.640264387868615937e-03
8.821732542668155735e-03
3.363888512179983095e-03
0.000000000000000000e+00
0.000000000000000000e+00
0.000000000000000000e+00
0.000000000000000000e+00
0.000000000000000000e+00
0.000000000000000000e+00
6.417999978822874069e-03
0.000000000000000000e+00
0.000000000000000000e+00
0.000000000000000000e+00
0.000000000000000000e+00
2.353244227269326028e-01
5.877449545742721160e-01
7.054063702334654185e-01
5.639623608871414673e-01
2.086310987052627519e-01
0.000000000000000000e+00
0.000000000000000000e+00
0.000000000000000000e+00
0.000000000000000000e+00
0.000000000000000000e+00
0.000000000000000000e+00
0.000000000000000000e+00
3.367979130452089997e-04
6.900251897920999314e-03
8.067309333792316642e-03
5.180130375612220818e-03
4.200561448200006848e-03
1.087027227482321654e-02
1.486522226874223591e-02
1.213245404323601284e-02
2.820387578252874991e-03
0.000000000000000000e+00
0.000000000000000000e+00
0.000000000000000000e+00
2.385264139031858729e-03
4.638680263783794347e-03
3.302231538116318088e-03
0.000000000000000000e+00
0.000000000000000000e+00
0.000000000000000000e+00
0.000000000000000000e+00
1.142256454649235925e-03
0.000000000000000000e+00
0.000000000000000000e+00
0.000000000000000000e+00
0.000000000000000000e+00
0.000000000000000000e+00
0.000000000000000000e+00
0.000000000000000000e+00
0.000000000000000000e+00
0.000000000000000000e+00
0.000000000000000000e+00
0.000000000000000000e+00
1.770676859757239555e-02
3.194929806184925586e-02
2.923890878931596077e-02
0.000000000000000000e+00
0.000000000000000000e+00
0.000000000000000000e+00
0.000000000000000000e+00
2.184466750732486640e-01
3.852178485223030635e-01
3.403577138727482132e-01
1.638320035779568529e-01
0.000000000000000000e+00
