4.853376746177673340e-02 -3.697400391101837158e-01 4.241777360439300537e-01
1.336467117071151733e-01 -3.214460015296936035e-01 4.151416718959808350e-01
1.380898058414459229e-01 -2.332198172807693481e-01 4.886431097984313965e-01
1.956833004951477051e-01 -2.004559636116027832e-01 5.423468947410583496e-01
1.534926295280456543e-01 -2.974342405796051025e-01 5.205768942832946777e-01
3.656653687357902527e-02 -8.269082754850387573e-02 5.573199391365051270e-01
-6.691126525402069092e-02 -1.246332973241806030e-01 5.267029404640197754e-01
-1.914886981248855591e-01 -6.055395677685737610e-02 5.098226666450500488e-01
-8.240121603012084961e-02 -5.711799860000610352e-02 5.017291307449340820e-01
-1.147499904036521912e-01 -1.327275577932596207e-02 5.005830526351928711e-01
-1.367428600788116455e-01 -3.859563916921615601e-02 4.987197816371917725e-01
-1.438138186931610107e-01 -1.921789050102233887e-01 4.325732886791229248e-01
-1.257906705141067505e-01 -2.736482024192810059e-01 3.967711627483367920e-01
-1.898159831762313843e-01 -2.958708405494689941e-01 3.906525671482086182e-01
-1.009387373924255371e-01 -4.201042354106903076e-01 2.616651654243469238e-01
-3.717111647129058838e-01 -2.868646979331970215e-01 3.517314791679382324e-01
-3.918273150920867920e-01 -3.542473018169403076e-01 2.625615894794464111e-01
-3.706422150135040283e-01 -3.865323662757873535e-01 2.384382486343383789e-01
-2.740971148014068604e-01 -3.145866394042968750e-01 2.468458116054534912e-01
-3.478281199932098389e-01 -2.888902127742767334e-01 2.030680775642395020e-01
-2.590866386890411377e-01 -3.376953601837158203e-01 1.612019240856170654e-01
-2.610359489917755127e-01 -3.077217042446136475e-01 1.366160511970520020e-01
-1.828784793615341187e-01 -3.080765306949615479e-01 1.679238080978393555e-01
-2.284077852964401245e-01 -3.714702129364013672e-01 8.724939823150634766e-02
-2.486118525266647339e-01 -2.746350467205047607e-01 4.703851044178009033e-02
-1.652363687753677368e-01 -4.599049091339111328e-01 -1.048132702708244324e-01
-2.040280103683471680e-01 -4.622908532619476318e-01 -1.289676278829574585e-01
-2.583963274955749512e-01 -3.006576299667358398e-01 -1.212392747402191162e-01
-1.210097745060920715e-01 -2.987022995948791504e-01 -1.620452553033828735e-01
-1.230779960751533508e-01 -4.540029466152191162e-01 -1.440351009368896484e-01
-6.069583445787429810e-02 -5.793326497077941895e-01 -1.777542084455490112e-01
-3.750603646039962769e-02 -5.460862517356872559e-01 -1.729054450988769531e-01
-7.538633793592453003e-02 -4.981126785278320312e-01 -1.602190434932708740e-01
1.564397513866424561e-01 -4.002815783023834229e-01 -1.618198305368423462e-01
1.031025946140289307e-01 -3.851435780525207520e-01 -2.084348946809768677e-01
3.016012310981750488e-01 -3.734463453292846680e-01 -2.789420783519744873e-01
4.685150682926177979e-01 -1.289258897304534912e-01 -3.052201867103576660e-01
5.970869660377502441e-01 -4.845683649182319641e-02 -3.967756330966949463e-01
6.099897623062133789e-01 2.025875896215438843e-01 -3.309077024459838867e-01
5.127740502357482910e-01 3.660220801830291748e-01 -3.761986494064331055e-01
4.837967455387115479e-01 4.381971359252929688e-01 -4.037009477615356445e-01
5.449092388153076172e-01 4.596520960330963135e-01 -3.706522881984710693e-01
5.724104642868041992e-01 4.384871125221252441e-01 -3.540805578231811523e-01
5.607525110244750977e-01 4.521038830280303955e-01 -3.578879237174987793e-01
5.068273544311523438e-01 4.947504401206970215e-01 -3.353425562381744385e-01
4.905661344528198242e-01 5.088962912559509277e-01 -3.573823571205139160e-01
3.571108877658843994e-01 5.526330471038818359e-01 -3.163656592369079590e-01
3.222200274467468262e-01 4.759822189807891846e-01 -4.065997302532196045e-01
3.417541384696960449e-01 3.653649091720581055e-01 -4.506454467773437500e-01
1.371661126613616943e-01 3.684209287166595459e-01 -4.301701784133911133e-01
2.942187152802944183e-02 4.152232408523559570e-01 -3.778970837593078613e-01
-7.609527558088302612e-02 4.238440394401550293e-01 -3.344564139842987061e-01
-1.959686130285263062e-01 4.749036431312561035e-01 -2.349765151739120483e-01
-2.653336524963378906e-01 4.565487802028656006e-01 -1.511586010456085205e-01
-2.989126741886138916e-01 4.943327307701110840e-01 3.337085619568824768e-02
-3.086897432804107666e-01 5.315012931823730469e-01 1.441637575626373291e-01
-8.192791789770126343e-02 5.637601017951965332e-01 1.858309954404830933e-01
1.761198043823242188e-02 5.965224504470825195e-01 3.077005743980407715e-01
9.338687360286712646e-02 5.900294184684753418e-01 4.038782119750976562e-01
8.095413446426391602e-02 5.663443803787231445e-01 5.425298810005187988e-01
1.221389621496200562e-01 4.640667140483856201e-01 4.955353438854217529e-01
-7.240826636552810669e-02 3.854269981384277344e-01 5.440320372581481934e-01
-7.837907969951629639e-02 3.753886520862579346e-01 5.481170415878295898e-01
5.954089760780334473e-02 4.982706010341644287e-01 5.829778909683227539e-01
1.577881276607513428e-01 4.435907602310180664e-01 5.503090023994445801e-01
1.684648692607879639e-01 4.295147955417633057e-01 5.485043525695800781e-01
2.745640277862548828e-01 4.335471093654632568e-01 5.660219192504882812e-01
1.989271342754364014e-01 4.354547560214996338e-01 5.239542722702026367e-01
1.903521716594696045e-01 4.370675086975097656e-01 5.383409261703491211e-01
6.982250511646270752e-02 3.983661532402038574e-01 5.420607924461364746e-01
-3.883863613009452820e-02 4.494708478450775146e-01 5.498529672622680664e-01
-3.497327491641044617e-02 3.598179817199707031e-01 5.166336297988891602e-01
-5.493036285042762756e-02 2.847813665866851807e-01 4.900560379028320312e-01
-1.852708011865615845e-01 3.255555033683776855e-01 4.139735698699951172e-01
-2.284321039915084839e-01 -1.087019667029380798e-01 1.531757116317749023e-01
-3.035111129283905029e-01 -2.301011383533477783e-01 1.449692398309707642e-01
-1.070497259497642517e-01 -4.664698839187622070e-01 -2.697897516191005707e-02
-5.604596436023712158e-02 -5.191366672515869141e-01 -3.169151023030281067e-02
-1.188221499323844910e-01 -5.638064742088317871e-01 -3.417106345295906067e-02
4.024500399827957153e-02 -5.659965872764587402e-01 -7.431828975677490234e-02
3.347033262252807617e-01 -5.433769822120666504e-01 -1.089101061224937439e-01
2.320715039968490601e-01 -5.824962258338928223e-01 -1.412535011768341064e-01
3.665821161121129990e-03 -5.523704290390014648e-01 -1.312279254198074341e-01
-2.033748850226402283e-02 -4.805772304534912109e-01 -6.247600540518760681e-02
1.978067904710769653e-01 -5.582602024078369141e-01 -7.813535630702972412e-02
4.045422673225402832e-01 -3.389453887939453125e-01 2.123378030955791473e-02
