6.953613460063934326e-02 -4.072112441062927246e-01 4.098831117153167725e-01
3.371206670999526978e-02 -4.498624503612518311e-01 3.961679041385650635e-01
7.756698876619338989e-02 -2.957496643066406250e-01 4.809373021125793457e-01
-5.374904721975326538e-02 -2.210489511489868164e-01 4.433913230895996094e-01
-1.672237366437911987e-01 -1.206857413053512573e-01 4.373708367347717285e-01
-1.748864054679870605e-01 -1.486745327711105347e-01 4.448270201683044434e-01
-1.149150952696800232e-01 -6.794892251491546631e-02 4.582291543483734131e-01
-2.557636201381683350e-01 5.740094929933547974e-02 5.062551498413085938e-01
-7.904341071844100952e-02 -1.575373560190200806e-01 3.837621808052062988e-01
-1.084927171468734741e-01 -1.639291942119598389e-01 3.694891631603240967e-01
-1.320010870695114136e-01 -2.180984318256378174e-01 3.473535776138305664e-01
-1.584030240774154663e-01 -2.729385495185852051e-01 3.481309711933135986e-01
-3.087935149669647217e-01 -1.394445449113845825e-01 3.547098934650421143e-01
-3.284209668636322021e-01 -3.126797378063201904e-01 2.514231204986572266e-01
-2.598847448825836182e-01 -3.281784653663635254e-01 1.694338023662567139e-01
-2.572272419929504395e-01 -3.919955492019653320e-01 8.910270035266876221e-02
-1.849807500839233398e-01 -4.183471798896789551e-01 1.496658939868211746e-02
-1.008184552192687988e-01 -4.064333438873291016e-01 5.794161185622215271e-02
-1.398265063762664795e-01 -4.231318533420562744e-01 2.438811026513576508e-02
-1.592900902032852173e-01 -4.681574702262878418e-01 1.907921582460403442e-02
-1.240660101175308228e-01 -4.549672305583953857e-01 2.195987105369567871e-02
-1.370127350091934204e-01 -5.034463405609130859e-01 3.801298886537551880e-02
-5.137832462787628174e-02 -4.185302853584289551e-01 2.887782081961631775e-02
-1.683735400438308716e-01 -3.846049308776855469e-01 -2.388204075396060944e-02
-1.906499080359935760e-02 -3.350471556186676025e-01 1.633785851299762726e-02
-1.788680851459503174e-01 -4.691062271595001221e-01 -1.071694120764732361e-01
-8.509763330221176147e-02 -4.541126191616058350e-01 -1.803826093673706055e-01
-1.270576119422912598e-01 -4.975509345531463623e-01 -2.411704957485198975e-01
-1.506496071815490723e-01 -5.083932280540466309e-01 -2.545028328895568848e-01
-4.943969100713729858e-02 -4.646071195602416992e-01 -3.267713785171508789e-01
3.354022279381752014e-02 -5.611415505409240723e-01 -2.636862993240356445e-01
1.422457545995712280e-01 -5.756358504295349121e-01 -2.806071639060974121e-01
2.423686236143112183e-01 -4.118097424507141113e-01 -3.086802065372467041e-01
4.183273911476135254e-01 -1.566737294197082520e-01 -2.866894602775573730e-01
6.335100531578063965e-01 -2.875595539808273315e-02 -4.517393708229064941e-01
6.363779902458190918e-01 2.329532355070114136e-01 -4.768659174442291260e-01
6.600903868675231934e-01 2.752667367458343506e-01 -4.892649352550506592e-01
5.516502857208251953e-01 4.609781503677368164e-01 -4.613471329212188721e-01
4.589726030826568604e-01 4.729692637920379639e-01 -4.310511350631713867e-01
4.140164256095886230e-01 5.904659628868103027e-01 -3.971893191337585449e-01
4.149720370769500732e-01 5.898166298866271973e-01 -4.011027812957763672e-01
4.343947172164916992e-01 5.227676630020141602e-01 -4.416947364807128906e-01
4.356031417846679688e-01 5.168016552925109863e-01 -4.686496555805206299e-01
5.307521820068359375e-01 4.565820693969726562e-01 -5.039420723915100098e-01
3.614211678504943848e-01 3.433119952678680420e-01 -5.226240158081054688e-01
3.961464762687683105e-01 2.489191889762878418e-01 -5.441529154777526855e-01
3.343109488487243652e-01 1.475553363561630249e-01 -5.485266447067260742e-01
1.767883449792861938e-01 -1.775615848600864410e-02 -5.352063179016113281e-01
1.867237985134124756e-01 -1.858937144279479980e-01 -4.548408389091491699e-01
1.648675464093685150e-02 -3.195876479148864746e-01 -2.812857329845428467e-01
1.525114290416240692e-03 -3.898829817771911621e-01 -1.547659635543823242e-01
4.887114837765693665e-02 -3.332821726799011230e-01 4.122520610690116882e-02
2.648095488548278809e-01 -3.737716674804687500e-01 1.857896596193313599e-01
3.627725839614868164e-01 -2.702729403972625732e-01 3.543176352977752686e-01
2.662935853004455566e-01 -2.369382828474044800e-01 4.321484267711639404e-01
2.446638345718383789e-01 -9.976075589656829834e-02 6.066377162933349609e-01
3.156827092170715332e-01 -2.365156263113021851e-02 6.691062450408935547e-01
4.073296189308166504e-01 -2.956200763583183289e-02 6.339817643165588379e-01
3.090503513813018799e-01 -5.799149349331855774e-02 6.008611917495727539e-01
2.539079785346984863e-01 5.864385142922401428e-02 6.285030245780944824e-01
2.445828765630722046e-01 -4.221807792782783508e-02 5.982550382614135742e-01
2.582561671733856201e-01 7.592620700597763062e-02 5.669959187507629395e-01
7.559813559055328369e-02 1.224653348326683044e-01 5.844526886940002441e-01
1.265683770179748535e-01 2.357969246804714203e-02 5.929851531982421875e-01
3.473335206508636475e-01 -3.774306550621986389e-02 5.872514843940734863e-01
3.569595217704772949e-01 -5.991123989224433899e-02 5.769716501235961914e-01
3.855914771556854248e-01 -1.104073524475097656e-01 5.604420304298400879e-01
3.586597442626953125e-01 -7.604994624853134155e-02 5.447813272476196289e-01
9.008681774139404297e-02 -2.428938597440719604e-01 4.625827670097351074e-01
7.926956750452518463e-03 -4.359752833843231201e-01 2.553349435329437256e-01
-3.238577544689178467e-01 -2.419647723436355591e-01 1.982184350490570068e-01
-2.488733977079391479e-01 1.166978180408477783e-01 1.245399713516235352e-01
-1.334274709224700928e-01 2.652788162231445312e-01 4.232127591967582703e-02
-1.163948178291320801e-01 4.449962675571441650e-01 -7.243473082780838013e-02
-9.152375161647796631e-02 4.831092059612274170e-01 -1.633940786123275757e-01
-2.899032235145568848e-01 5.217232704162597656e-01 -2.406435012817382812e-01
-3.788149356842041016e-01 5.420344471931457520e-01 -2.846324741840362549e-01
-3.256860077381134033e-01 4.670788645744323730e-01 -3.430855870246887207e-01
-3.466216921806335449e-01 4.511470496654510498e-01 -3.299398422241210938e-01
-3.515013754367828369e-01 4.933750629425048828e-01 -3.066160678863525391e-01
-3.000977635383605957e-01 4.981940090656280518e-01 -2.314703613519668579e-01
-1.562461815774440765e-02 5.520650148391723633e-01 -1.155687272548675537e-01
-1.418935484252870083e-03 4.514605700969696045e-01 -9.414317458868026733e-02
3.276111185550689697e-02 3.578371703624725342e-01 -2.664501033723354340e-02
7.119024638086557388e-03 9.849315136671066284e-02 5.140950903296470642e-02
2.142233401536941528e-01 -2.358959466218948364e-01 6.514020264148712158e-03
3.226424455642700195e-01 -4.901901781558990479e-01 -9.356636554002761841e-02
1.565550118684768677e-01 -4.577335715293884277e-01 1.146205589175224304e-01
1.959101110696792603e-01 -4.487977623939514160e-01 2.164280861616134644e-01
1.731541454792022705e-01 -4.420944452285766602e-01 2.966243922710418701e-01
7.513320446014404297e-02 -3.118525147438049316e-01 4.222009181976318359e-01
2.516959309577941895e-01 -2.794233560562133789e-01 4.332949519157409668e-01
3.528038263320922852e-01 -2.344117164611816406e-01 4.597802460193634033e-01
3.316196203231811523e-01 -1.720458567142486572e-01 4.564845561981201172e-01
2.503433823585510254e-01 -1.260605007410049438e-01 4.760626852512359619e-01
2.788548171520233154e-01 -1.387489438056945801e-01 4.951496422290802002e-01
3.351294696331024170e-01 -9.615188837051391602e-02 5.333869457244873047e-01
3.557438552379608154e-01 -2.469074167311191559e-02 5.803393721580505371e-01
2.151037603616714478e-01 -2.913653254508972168e-01 5.188412070274353027e-01
2.922423183917999268e-01 -4.565102159976959229e-01 5.517082810401916504e-01
3.786287605762481689e-01 -3.271909058094024658e-01 6.126616001129150391e-01
