1.203336368537788609e-01
0.000000000000000000e+00
0.000000000000000000e+00
0.000000000000000000e+00
2.318160357888890931e-03
0.000000000000000000e+00
0.000000000000000000e+00
0.000000000000000000e+00
0.000000000000000000e+00
0.000000000000000000e+00
0.000000000000000000e+00
0.000000000000000000e+00
0.000000000000000000e+00
0.000000000000000000e+00
0.000000000000000000e+00
0.000000000000000000e+00
5.937846660832899783e-03
3.015983817087780541e-03
0.000000000000000000e+00
0.000000000000000000e+00
0.000000000000000000e+00
1.355742257221318608e-02
1.284471043860252286e-02
4.071319227590271608e-03
0.000000000000000000e+00
0.000000000000000000e+00
0.000000000000000000e+00
0.000000000000000000e+00
0.000000000000000000e+00
0.000000000000000000e+00
0.000000000000000000e+00
0.000000000000000000e+00
0.000000000000000000e+00
2.767621965449903465e-01
4.522746573860032537e-01
3.500884659600413396e-01
4.235378839343408031e-02
0.000000000000000000e+00
0.000000000000000000e+00
0.000000000000000000e+00
0.000000000000000000e+00
0.000000000000000000e+00
0.000000000000000000e+00
0.000000000000000000e+00
0.000000000000000000e+00
0.000000000000000000e+00
5.000036587695324717e-04
5.926236361532282067e-03
5.348705746939012851e-03
0.000000000000000000e+00
0.000000000000000000e+00
0.000000000000000000e+00
0.000000000000000000e+00
0.000000000000000000e+00
1.769175863798273796e-03
2.160048589635493125e-03
2.470163763547284039e-03
5.431150265429488325e-03
1.568415816632453370e-03
9.828326012896900204e-04
0.000000000000000000e+00
0.000000000000000000e+00
5.043475057918174985e-03
4.037998881449284330e-03
4.109854836380065490e-03
0.000000000000000000e+00
0.000000000000000000e+00
0.000000000000000000e+00
0.000000000000000000e+00
3.509180804662395941e-03
2.919312179701235958e-03
0.000000000000000000e+00
0.000000000000000000e+00
0.000000000000000000e+00
9.511047662873396702e-03
1.125053070994179796e-02
7.197040403499764018e-03
3.137166086331179011e-03
0.000000000000000000e+00
0.000000000000000000e+00
0.000000000000000000e+00
0.000000000000000000e+00
0.000000000000000000e+00
0.000000000000000000e+00
0.000000000000000000e+00
2.765651209945161129e-03
1.836375202960179162e-03
0.000000000000000000e+00
1.778239174363427594e-03
1.770369236442436919e-02
2.209577780972927716e-02
1.573473041019172666e-02
0.000000000000000000e+00
0.000000000000000000e+00
0.000000000000000000e+00
0.000000000000000000e+00
0.000000000000000000e+00
0.000000000000000000e+00
0.000000000000000000e+00
8.787783718787245402e-02
3.643286046361907116e-01
