1.294259492776786147e-01
0.000000000000000000e+00
0.000000000000000000e+00
0.000000000000000000e+00
0.000000000000000000e+00
0.000000000000000000e+00
0.000000000000000000e+00
0.000000000000000000e+00
0.000000000000000000e+00
0.000000000000000000e+00
0.000000000000000000e+00
0.000000000000000000e+00
0.000000000000000000e+00
0.000000000000000000e+00
0.000000000000000000e+00
0.000000000000000000e+00
0.000000000000000000e+00
6.772931863615233626e-04
1.111137985783017604e-02
8.977510490074482041e-03
4.097491098853213790e-04
0.000000000000000000e+00
0.000000000000000000e+00
0.000000000000000000e+00
0.000000000000000000e+00
0.000000000000000000e+00
0.000000000000000000e+00
0.000000000000000000e+00
0.000000000000000000e+00
0.000000000000000000e+00
0.000000000000000000e+00
0.000000000000000000e+00
2.468346838076485028e-01
4.162738702231469912e-01
3.653552946928630973e-01
1.830346521051731123e-01
0.000000000000000000e+00
1.768040781545661966e-01
3.542792970291978594e-01
3.984803165678393877e-01
2.274034568238310350e-01
0.000000000000000000e+00
0.000000000000000000e+00
0.000000000000000000e+00
0.000000000000000000e+00
0.000000000000000000e+00
0.000000000000000000e+00
0.000000000000000000e+00
0.000000000000000000e+00
0.000000000000000000e+00
0.000000000000000000e+00
0.000000000000000000e+00
8.146453425321109609e-03
1.285907354391015688e-02
9.464977671821412156e-03
1.885021585214989711e-03
0.000000000000000000e+00
0.000000000000000000e+00
0.000000000000000000e+00
8.274185094169987219e-04
3.968230501701399391e-04
1.950816956560224766e-04
0.000000000000000000e+00
0.000000000000000000e+00
0.000000000000000000e+00
0.000000000000000000e+00
0.000000000000000000e+00
0.000000000000000000e+00
0.000000000000000000e+00
0.000000000000000000e+00
0.000000000000000000e+00
0.000000000000000000e+00
0.000000000000000000e+00
3.377281336064581318e-03
1.957764024536814626e-02
2.870138390688070987e-02
2.197473520220585841e-02
1.131831442314257426e-02
2.805028464363266798e-03
3.038292939200706519e-03
1.521397228477117287e-02
0.000000000000000000e+00
0.000000000000000000e+00
0.000000000000000000e+00
0.000000000000000000e+00
2.669333210734845530e-01
