1.300340805101816155e-01
0.000000000000000000e+00
0.000000000000000000e+00
0.000000000000000000e+00
0.000000000000000000e+00
0.000000000000000000e+00
0.000000000000000000e+00
0.000000000000000000e+00
0.000000000000000000e+00
0.000000000000000000e+00
0.000000000000000000e+00
0.000000000000000000e+00
0.000000000000000000e+00
0.000000000000000000e+00
0.000000000000000000e+00
0.000000000000000000e+00
9.729125763316999811e-03
1.622066498832727688e-02
1.198853631610289662e-02
3.211190473230103159e-03
0.000000000000000000e+00
0.000000000000000000e+00
0.000000000000000000e+00
2.910991281437027471e-04
2.492458184426525614e-03
0.000000000000000000e+00
0.000000000000000000e+00
0.000000000000000000e+00
0.000000000000000000e+00
0.000000000000000000e+00
2.409858273896031133e-01
4.156964719196568625e-01
3.640993094944474096e-01
3.597637392667257794e-01
3.660918853052823052e-01
4.165734225606580465e-01
2.378891007218235931e-01
0.000000000000000000e+00
0.000000000000000000e+00
0.000000000000000000e+00
0.000000000000000000e+00
0.000000000000000000e+00
0.000000000000000000e+00
0.000000000000000000e+00
0.000000000000000000e+00
0.000000000000000000e+00
0.000000000000000000e+00
0.000000000000000000e+00
0.000000000000000000e+00
7.111832053077006338e-04
1.575979601362008506e-03
0.000000000000000000e+00
0.000000000000000000e+00
0.000000000000000000e+00
0.000000000000000000e+00
5.045595710876849514e-03
1.307160927925551941e-02
2.597466156372634297e-02
2.193496468978674979e-02
7.313775549554259528e-03
0.000000000000000000e+00
0.000000000000000000e+00
0.000000000000000000e+00
0.000000000000000000e+00
0.000000000000000000e+00
0.000000000000000000e+00
0.000000000000000000e+00
0.000000000000000000e+00
2.226318075766990526e-04
5.059488376706646785e-03
9.329160324447261995e-03
1.325409569295421010e-02
5.401891135093242827e-03
0.000000000000000000e+00
0.000000000000000000e+00
0.000000000000000000e+00
0.000000000000000000e+00
2.624942027063214851e-03
5.553155803759098064e-03
5.172349747685851297e-03
0.000000000000000000e+00
0.000000000000000000e+00
0.000000000000000000e+00
2.219114471262651194e-03
9.886300327923147613e-03
7.511191066057351824e-03
1.357596450319501716e-03
0.000000000000000000e+00
0.000000000000000000e+00
0.000000000000000000e+00
0.000000000000000000e+00
0.000000000000000000e+00
2.051031591264216875e-03
2.216233029460916090e-03
5.477356242893033876e-03
6.783869581474878327e-03
6.152017908425420900e-03
0.000000000000000000e+00
0.000000000000000000e+00
0.000000000000000000e+00
0.000000000000000000e+00
2.157546292650424080e-01
4.006121167369543490e-01
