2.732831537723541260e-01 -4.262562990188598633e-01 4.729100763797760010e-01
9.445956349372863770e-02 -4.264204204082489014e-01 4.612778723239898682e-01
1.588662415742874146e-01 -4.912641346454620361e-01 3.791563808917999268e-01
3.589428961277008057e-02 -4.449851512908935547e-01 3.886345624923706055e-01
-6.675751507282257080e-02 -2.976257801055908203e-01 4.055647552013397217e-01
6.695839762687683105e-02 -3.189807236194610596e-01 4.401345551013946533e-01
7.312362641096115112e-02 -4.033813774585723877e-01 3.948749601840972900e-01
1.726852059364318848e-01 -4.160232245922088623e-01 3.968631625175476074e-01
1.705784201622009277e-01 -3.704441785812377930e-01 4.081605374813079834e-01
-2.673375047743320465e-02 -3.875951468944549561e-01 4.217082560062408447e-01
3.938091918826103210e-03 -5.101751089096069336e-01 3.026234805583953857e-01
-8.717139810323715210e-02 -5.482898950576782227e-01 2.621457874774932861e-01
-2.783223688602447510e-01 -5.307733416557312012e-01 3.129164576530456543e-01
-1.884926110506057739e-01 -5.946850180625915527e-01 1.371467411518096924e-01
-1.214154884219169617e-01 -6.092356443405151367e-01 9.274090826511383057e-02
-4.754919186234474182e-02 -5.791779160499572754e-01 7.931046932935714722e-02
-2.231367677450180054e-01 -5.506747364997863770e-01 8.676609396934509277e-02
-1.481175273656845093e-01 -5.105140805244445801e-01 1.219514012336730957e-01
-2.013017386198043823e-01 -4.667110741138458252e-01 1.032711640000343323e-01
-1.659852862358093262e-01 -4.595988392829895020e-01 5.667718872427940369e-02
-2.294119745492935181e-01 -5.720388293266296387e-01 -7.782589644193649292e-02
-3.535313010215759277e-01 -5.699720978736877441e-01 -1.163348332047462463e-01
-3.364870846271514893e-01 -5.521778464317321777e-01 -1.773832887411117554e-01
-2.660754024982452393e-01 -5.399556159973144531e-01 -1.774920672178268433e-01
-1.221911311149597168e-01 -5.774739980697631836e-01 -2.571961879730224609e-01
-2.509728968143463135e-01 -5.738419890403747559e-01 -2.294843941926956177e-01
-4.788893088698387146e-02 -5.039392113685607910e-01 -2.679184973239898682e-01
2.173240296542644501e-02 -5.379041433334350586e-01 -2.857122421264648438e-01
8.410206064581871033e-03 -5.977910161018371582e-01 -2.436384260654449463e-01
1.006455570459365845e-01 -6.002693176269531250e-01 -1.338478326797485352e-01
1.373820155858993530e-01 -4.131330549716949463e-01 -1.908719539642333984e-01
3.927859961986541748e-01 -4.262092709541320801e-01 -1.897569298744201660e-01
6.986743956804275513e-02 -3.498530387878417969e-01 -3.866639137268066406e-01
3.311792910099029541e-01 -2.369098216295242310e-01 -3.865776956081390381e-01
5.746316313743591309e-01 -1.308345794677734375e-01 -4.963507056236267090e-01
5.430328249931335449e-01 1.052901428192853928e-02 -4.759074449539184570e-01
5.254551768302917480e-01 1.086611598730087280e-01 -5.339128971099853516e-01
4.669719934463500977e-01 3.351566791534423828e-01 -5.365647077560424805e-01
5.445616245269775391e-01 3.344631791114807129e-01 -5.266150832176208496e-01
4.746643900871276855e-01 4.613435268402099609e-01 -4.671032726764678955e-01
5.198996067047119141e-01 4.396217465400695801e-01 -4.403407275676727295e-01
4.890832006931304932e-01 4.625583291053771973e-01 -3.849258124828338623e-01
5.174719095230102539e-01 4.407151639461517334e-01 -4.040026664733886719e-01
5.336193442344665527e-01 4.519035518169403076e-01 -3.883650302886962891e-01
5.582683682441711426e-01 4.590213894844055176e-01 -4.009363651275634766e-01
5.317689180374145508e-01 4.170272946357727051e-01 -4.172763526439666748e-01
4.381491243839263916e-01 2.623850405216217041e-01 -4.042242467403411865e-01
4.207788109779357910e-01 2.539350837469100952e-02 -4.619275927543640137e-01
3.737721741199493408e-01 -2.564935386180877686e-01 -4.458981752395629883e-01
7.575377821922302246e-02 -3.384352624416351318e-01 -3.787936866283416748e-01
1.797188818454742432e-02 -3.186874091625213623e-01 -3.368453383445739746e-01
-3.243804723024368286e-02 -3.628416061401367188e-01 -2.442732304334640503e-01
-1.532771252095699310e-02 -5.255399942398071289e-01 -1.253632605075836182e-01
-2.706645056605339050e-02 -4.574787616729736328e-01 3.834233433008193970e-02
-9.463014453649520874e-02 -3.670930266380310059e-01 1.633164733648300171e-01
-1.986987702548503876e-02 -3.289640545845031738e-01 1.988789886236190796e-01
-1.164595503360033035e-02 -2.179827690124511719e-01 3.418318629264831543e-01
2.243713587522506714e-01 -2.703015506267547607e-01 3.748734295368194580e-01
1.186449155211448669e-01 -3.306632936000823975e-01 2.865835130214691162e-01
2.602354586124420166e-01 -1.236853301525115967e-01 4.855977892875671387e-01
1.221121624112129211e-01 -2.395322620868682861e-01 4.464332759380340576e-01
-2.300248108804225922e-02 -1.747601777315139771e-01 4.055839478969573975e-01
9.941904991865158081e-02 -1.885868608951568604e-01 4.528886377811431885e-01
2.592040002346038818e-01 -2.859304249286651611e-01 4.384596049785614014e-01
1.630302667617797852e-01 -2.657990753650665283e-01 4.641021192073822021e-01
2.567770183086395264e-01 -2.722639739513397217e-01 4.567973017692565918e-01
1.024872735142707825e-01 -2.801937162876129150e-01 3.830354809761047363e-01
1.727519184350967407e-01 -2.354863882064819336e-01 4.372575283050537109e-01
2.252408713102340698e-01 -2.826698422431945801e-01 4.545016884803771973e-01
1.905723065137863159e-01 -4.586829543113708496e-01 3.282498121261596680e-01
7.907183468341827393e-02 -4.405141472816467285e-01 3.209308683872222900e-01
3.222743794322013855e-02 -4.523055553436279297e-01 1.889999061822891235e-01
-2.132073193788528442e-01 -3.148267269134521484e-01 1.756459027528762817e-01
-1.170849278569221497e-01 -1.423445492982864380e-01 7.972678542137145996e-02
-7.894219458103179932e-02 8.390465378761291504e-02 -6.975360214710235596e-02
-2.143034040927886963e-01 3.851226866245269775e-01 -2.150450833141803741e-02
-2.192609757184982300e-01 4.530463516712188721e-01 -1.205892413854598999e-01
-3.919623196125030518e-01 5.200397968292236328e-01 -1.666132658720016479e-01
-4.495849907398223877e-01 4.464982151985168457e-01 -2.948855757713317871e-01
-4.254403114318847656e-01 3.084825873374938965e-01 -3.855552077293395996e-01
-2.769088447093963623e-01 3.926621973514556885e-01 -3.870383203029632568e-01
-3.034593164920806885e-01 4.216147363185882568e-01 -3.616037666797637939e-01
-3.829836249351501465e-01 4.857504665851593018e-01 -2.487539649009704590e-01
-1.445716768503189087e-01 5.046601891517639160e-01 -1.270078420639038086e-01
-1.269189827144145966e-02 4.759723246097564697e-01 -2.118349261581897736e-02
-7.438122481107711792e-02 3.864837288856506348e-01 3.479770570993423462e-02
1.353359594941139221e-02 -1.314704958349466324e-02 3.982726857066154480e-02
-4.514098912477493286e-02 -3.306075334548950195e-01 6.098192185163497925e-02
1.634322404861450195e-01 -4.665523171424865723e-01 8.765079081058502197e-02
2.505455613136291504e-01 -5.219987630844116211e-01 1.611949801445007324e-01
9.848579764366149902e-02 -4.702090024948120117e-01 2.660231590270996094e-01
2.900177836418151855e-01 -2.854819595813751221e-01 4.165538549423217773e-01
1.952331364154815674e-01 -3.484516739845275879e-01 4.415329694747924805e-01
2.112815380096435547e-01 -1.897412389516830444e-01 4.825865328311920166e-01
2.740804255008697510e-01 -3.867126703262329102e-01 4.258580803871154785e-01
2.387277334928512573e-01 -4.267301261425018311e-01 4.324149489402770996e-01
2.730913758277893066e-01 -3.121725916862487793e-01 4.656074345111846924e-01
1.996818780899047852e-01 -1.540212482213973999e-01 4.832837283611297607e-01
1.591007262468338013e-01 -1.752590239048004150e-01 4.379892349243164062e-01
1.826926022768020630e-01 -2.720003128051757812e-01 3.800972998142242432e-01
2.195253670215606689e-01 -2.759488523006439209e-01 4.495545625686645508e-01
3.098783195018768311e-01 -3.830850720405578613e-01 5.377060770988464355e-01
3.924890160560607910e-01 -2.189420014619827271e-01 4.167049825191497803e-01
