8.808590471744537354e-02 -2.691127955913543701e-01 5.070125460624694824e-01
1.261110603809356689e-01 3.943832591176033020e-02 5.665020942687988281e-01
1.590923368930816650e-01 -1.299424469470977783e-01 5.948200821876525879e-01
1.396234054118394852e-02 -1.648941189050674438e-01 5.233947038650512695e-01
-1.152153164148330688e-01 -8.580960333347320557e-02 5.675889849662780762e-01
-7.908459007740020752e-02 -8.830866217613220215e-02 5.441258549690246582e-01
-2.277316749095916748e-01 -1.149500533938407898e-01 5.301518440246582031e-01
-2.391612678766250610e-01 -1.874027848243713379e-01 5.099838972091674805e-01
-1.812984496355056763e-01 -1.735427826642990112e-01 4.969591200351715088e-01
-2.891233563423156738e-01 -1.318268775939941406e-01 4.830886721611022949e-01
-2.068453431129455566e-01 -1.689223945140838623e-01 4.784483015537261963e-01
-2.834515869617462158e-01 -1.568776965141296387e-01 4.799211025238037109e-01
-2.994038462638854980e-01 -2.388158291578292847e-01 4.129432737827301025e-01
-2.759363353252410889e-01 -3.017727434635162354e-01 3.755294084548950195e-01
-3.387154936790466309e-01 -3.216571509838104248e-01 3.825747966766357422e-01
-4.308380484580993652e-01 -3.808583617210388184e-01 3.200924694538116455e-01
-3.396258950233459473e-01 -3.108584582805633545e-01 3.640563189983367920e-01
-4.585664868354797363e-01 -3.127506077289581299e-01 3.600238561630249023e-01
-3.962889611721038818e-01 -4.094204902648925781e-01 3.006834089756011963e-01
-4.145900309085845947e-01 -4.334500730037689209e-01 2.590582072734832764e-01
-2.789410054683685303e-01 -4.270765185356140137e-01 1.979947239160537720e-01
-2.819574475288391113e-01 -4.629656076431274414e-01 1.401400864124298096e-01
-1.859818249940872192e-01 -5.541267395019531250e-01 4.997413232922554016e-02
-1.376236975193023682e-01 -5.628274083137512207e-01 6.994885206222534180e-02
-2.791712284088134766e-01 -5.389676094055175781e-01 1.154270023107528687e-01
-3.044058978557586670e-01 -4.941475391387939453e-01 1.250301450490951538e-01
-1.929683685302734375e-01 -4.772954583168029785e-01 7.742460072040557861e-02
-2.139741778373718262e-01 -4.698271453380584717e-01 7.965762913227081299e-02
-2.709850072860717773e-01 -5.444353222846984863e-01 -2.258318476378917694e-02
-2.699755430221557617e-01 -4.996011853218078613e-01 -7.206552475690841675e-02
-3.609029352664947510e-01 -4.135364890098571777e-01 -3.827453404664993286e-02
-1.976383626461029053e-01 -5.303996801376342773e-01 -1.196570694446563721e-01
-3.559494316577911377e-01 -4.909559190273284912e-01 -1.235325261950492859e-01
-1.952068656682968140e-01 -4.473352134227752686e-01 -2.087339758872985840e-01
-2.791884839534759521e-01 -3.305832743644714355e-01 -2.164276242256164551e-01
-1.065106093883514404e-01 -3.159082829952239990e-01 -2.834223210811614990e-01
-3.941819444298744202e-02 -4.906075596809387207e-01 -2.784422039985656738e-01
9.606986492872238159e-02 -4.050917625427246094e-01 -2.825245261192321777e-01
2.050307542085647583e-01 -3.269210159778594971e-01 -3.337767720222473145e-01
4.653135240077972412e-01 -3.408118709921836853e-02 -3.173330128192901611e-01
5.206968188285827637e-01 -5.517117306590080261e-02 -3.871653974056243896e-01
4.656070768833160400e-01 3.056965209543704987e-02 -3.567049801349639893e-01
4.747143685817718506e-01 3.977218866348266602e-01 -4.366262853145599365e-01
5.113283395767211914e-01 4.621220827102661133e-01 -4.548052251338958740e-01
5.604070425033569336e-01 4.066880643367767334e-01 -4.157331287860870361e-01
5.931079387664794922e-01 4.148163497447967529e-01 -4.037220478057861328e-01
5.542114377021789551e-01 4.031651318073272705e-01 -4.157254099845886230e-01
6.337794661521911621e-01 3.361009061336517334e-01 -4.122545719146728516e-01
5.800645351409912109e-01 2.735543251037597656e-01 -4.420696794986724854e-01
5.478977560997009277e-01 2.640208601951599121e-01 -4.335021376609802246e-01
5.624175071716308594e-01 1.992324143648147583e-01 -4.715249836444854736e-01
5.028675794601440430e-01 1.526406109333038330e-01 -4.778724908828735352e-01
3.778584897518157959e-01 3.308837115764617920e-01 -4.236001074314117432e-01
2.435790002346038818e-01 3.320458531379699707e-01 -4.383640587329864502e-01
9.760784357786178589e-02 4.095022976398468018e-01 -3.883109986782073975e-01
1.300700157880783081e-01 3.711078166961669922e-01 -3.622739315032958984e-01
1.586041301488876343e-01 3.768668174743652344e-01 -2.857809066772460938e-01
7.765581458806991577e-02 4.273460507392883301e-01 -2.110985517501831055e-01
3.152993321418762207e-02 5.000364780426025391e-01 -5.198696628212928772e-02
-7.950877398252487183e-02 4.792206287384033203e-01 1.193671599030494690e-01
3.020683536306023598e-03 5.180733203887939453e-01 2.138451039791107178e-01
1.551562398672103882e-01 5.185450911521911621e-01 2.658422291278839111e-01
6.703655421733856201e-02 5.649402737617492676e-01 3.711075782775878906e-01
-1.152183860540390015e-01 5.163512825965881348e-01 4.595552384853363037e-01
-9.898523241281509399e-02 4.309450984001159668e-01 4.802303910255432129e-01
1.603150963783264160e-01 5.263057351112365723e-01 5.077691078186035156e-01
2.486195042729377747e-02 5.182338953018188477e-01 5.477797389030456543e-01
1.741437427699565887e-02 5.109290480613708496e-01 5.349475741386413574e-01
-6.520193815231323242e-02 5.326296091079711914e-01 5.355149507522583008e-01
-8.444393426179885864e-02 5.143879652023315430e-01 5.388857126235961914e-01
-2.145148813724517822e-01 4.807571172714233398e-01 5.492357611656188965e-01
-7.510353624820709229e-02 4.389862716197967529e-01 5.536619424819946289e-01
9.491499513387680054e-02 5.177605748176574707e-01 5.217381119728088379e-01
8.082196116447448730e-02 4.694424867630004883e-01 4.786601364612579346e-01
1.670216768980026245e-01 4.410717189311981201e-01 4.656105339527130127e-01
1.043331995606422424e-01 4.366958737373352051e-01 4.687914848327636719e-01
1.422933340072631836e-01 4.543399214744567871e-01 4.879769384860992432e-01
3.457550704479217529e-02 4.108025729656219482e-01 4.334543645381927490e-01
-6.764030456542968750e-02 2.134780287742614746e-01 3.342343568801879883e-01
-3.261504173278808594e-01 1.237885504961013794e-01 2.884941399097442627e-01
-2.532835006713867188e-01 -6.087210495024919510e-03 1.548672020435333252e-01
-9.183397889137268066e-02 -2.369190603494644165e-01 -5.548328161239624023e-02
-1.208787783980369568e-01 -3.818977475166320801e-01 -1.265522837638854980e-01
-2.015779763460159302e-01 -5.201358795166015625e-01 -1.489508450031280518e-01
-8.029492571949958801e-03 -5.287646651268005371e-01 -1.564412117004394531e-01
-5.330340936779975891e-02 -5.174046754837036133e-01 -1.258710473775863647e-01
-1.219288185238838196e-01 -5.906984806060791016e-01 -1.572886258363723755e-01
7.789240777492523193e-02 -6.059597730636596680e-01 -1.894374340772628784e-01
2.683854401111602783e-01 -6.216884851455688477e-01 -1.287177801132202148e-01
1.924459040164947510e-01 -6.429343819618225098e-01 -1.425271928310394287e-01
1.844474375247955322e-01 -5.180703997611999512e-01 -1.996938586235046387e-01
1.036356762051582336e-01 -4.858707487583160400e-01 -1.660825014114379883e-01
4.110740125179290771e-01 -3.803228735923767090e-01 4.248135536909103394e-02
