3.056240921965230894e-01
2.015953528871085865e-01
0.000000000000000000e+00
0.000000000000000000e+00
0.000000000000000000e+00
0.000000000000000000e+00
0.000000000000000000e+00
0.000000000000000000e+00
4.893129216357464464e-03
2.992741166636025876e-03
0.000000000000000000e+00
0.000000000000000000e+00
0.000000000000000000e+00
0.000000000000000000e+00
0.000000000000000000e+00
0.000000000000000000e+00
0.000000000000000000e+00
0.000000000000000000e+00
0.000000000000000000e+00
0.000000000000000000e+00
1.129958505143129066e-02
1.115353197010582158e-02
3.070400433562903066e-03
0.000000000000000000e+00
0.000000000000000000e+00
2.804734439689621651e-03
1.410315074304315181e-03
0.000000000000000000e+00
0.000000000000000000e+00
0.000000000000000000e+00
0.000000000000000000e+00
0.000000000000000000e+00
0.000000000000000000e+00
2.368801844566730819e-01
4.017336407768030693e-01
3.530432320024217141e-01
1.735234684558881468e-01
1.781515197277196427e-01
3.678744980966661138e-01
4.287225735300487228e-01
2.590156776491951418e-01
0.000000000000000000e+00
0.000000000000000000e+00
0.000000000000000000e+00
0.000000000000000000e+00
0.000000000000000000e+00
9.911046179518918572e-03
1.658388836891645790e-02
4.013348587872447686e-03
0.000000000000000000e+00
0.000000000000000000e+00
0.000000000000000000e+00
0.000000000000000000e+00
2.490844724029894937e-03
2.785137695191080513e-03
0.000000000000000000e+00
0.000000000000000000e+00
2.989418687823818498e-03
3.457175190511172641e-03
3.066173828879235376e-03
2.795410182226605676e-03
1.323085304250247278e-03
0.000000000000000000e+00
0.000000000000000000e+00
0.000000000000000000e+00
0.000000000000000000e+00
0.000000000000000000e+00
0.000000000000000000e+00
0.000000000000000000e+00
0.000000000000000000e+00
0.000000000000000000e+00
1.378614105806521273e-01
2.266454777540582999e-01
