-2.849230468273162842e-01 -4.700729548931121826e-01 5.760761499404907227e-01
-3.603062927722930908e-01 -4.341791868209838867e-01 5.464660525321960449e-01
-3.417424857616424561e-01 -2.720306217670440674e-01 5.886868238449096680e-01
-1.879281401634216309e-01 -1.983624249696731567e-01 5.750376582145690918e-01
-2.821837067604064941e-01 -1.702399402856826782e-01 5.512950420379638672e-01
-3.659453988075256348e-01 -1.804480552673339844e-01 5.601159930229187012e-01
-3.621209859848022461e-01 -9.256922453641891479e-02 5.615707039833068848e-01
-4.329952597618103027e-01 -1.079772859811782837e-01 5.654779672622680664e-01
-4.690977632999420166e-01 -1.751593500375747681e-01 5.515963435173034668e-01
-3.757672905921936035e-01 -1.264454424381256104e-01 5.567821860313415527e-01
-4.257605969905853271e-01 -1.604204177856445312e-01 5.442355275154113770e-01
-4.215984046459197998e-01 -3.098559379577636719e-01 4.859455525875091553e-01
-3.951689302921295166e-01 -4.297128319740295410e-01 3.973855674266815186e-01
-5.369099974632263184e-01 -3.025965094566345215e-01 4.005112946033477783e-01
-5.120068192481994629e-01 -2.983971536159515381e-01 3.733934462070465088e-01
-5.207912325859069824e-01 -3.794466257095336914e-01 3.276778161525726318e-01
-5.161449313163757324e-01 -4.188893735408782959e-01 2.608782351016998291e-01
-5.339661836624145508e-01 -3.639151751995086670e-01 2.714901566505432129e-01
-4.881034493446350098e-01 -3.744910359382629395e-01 2.169601768255233765e-01
-3.665106594562530518e-01 -4.920162558555603027e-01 1.441209167242050171e-01
-4.405786097049713135e-01 -5.424299836158752441e-01 9.431780129671096802e-02
-4.452120959758758545e-01 -5.335510969161987305e-01 8.610884845256805420e-02
-2.639376819133758545e-01 -6.016566157341003418e-01 -2.252784930169582367e-02
-3.949455320835113525e-01 -6.194403171539306641e-01 -3.300501033663749695e-02
-3.986495137214660645e-01 -6.153692603111267090e-01 -1.989833638072013855e-02
-4.202985763549804688e-01 -5.942062735557556152e-01 -5.802916362881660461e-02
-4.273183941841125488e-01 -5.872692465782165527e-01 -1.955705322325229645e-02
-4.146311581134796143e-01 -5.743825435638427734e-01 -2.893296303227543831e-03
-3.773366212844848633e-01 -5.185784697532653809e-01 -3.683659061789512634e-02
-3.230938315391540527e-01 -6.069726943969726562e-01 -5.404100939631462097e-02
-2.592262327671051025e-01 -6.769248843193054199e-01 4.332645609974861145e-02
-2.509628534317016602e-01 -6.228618025779724121e-01 1.076314747333526611e-01
-2.218495458364486694e-01 -6.298784613609313965e-01 3.029534593224525452e-02
-6.753779947757720947e-02 -5.646494030952453613e-01 1.803235560655593872e-01
2.494516819715499878e-01 -3.373693823814392090e-01 2.647934854030609131e-01
-1.453282237052917480e-01 -2.351175397634506226e-01 5.147279500961303711e-01
-1.836789697408676147e-01 -4.896011352539062500e-01 4.177811741828918457e-01
-1.543006300926208496e-01 -2.508821189403533936e-01 4.350655972957611084e-01
-3.627717792987823486e-01 -2.876865267753601074e-01 4.632835984230041504e-01
-2.652047276496887207e-01 -1.608976274728775024e-01 5.237343311309814453e-01
-2.801592946052551270e-01 -2.924788892269134521e-01 5.261244177818298340e-01
-2.082281410694122314e-01 -2.269867509603500366e-01 5.442361235618591309e-01
-1.275272965431213379e-01 -1.789101511240005493e-01 5.834007263183593750e-01
-2.643266320228576660e-01 -2.559023499488830566e-01 5.971651077270507812e-01
-1.634702980518341064e-01 -2.810813188552856445e-01 5.463485717773437500e-01
-3.285452723503112793e-01 -3.137332797050476074e-01 5.584449172019958496e-01
-1.535373926162719727e-01 -2.516719698905944824e-01 5.614561438560485840e-01
-2.782870829105377197e-01 -4.068253040313720703e-01 5.724847316741943359e-01
-2.897621691226959229e-01 -3.942387104034423828e-01 5.472581386566162109e-01
-3.063765466213226318e-01 -4.736868441104888916e-01 5.048475265502929688e-01
-2.910003960132598877e-01 -5.007678866386413574e-01 4.113197326660156250e-01
-4.506790339946746826e-01 -5.309015512466430664e-01 3.344925940036773682e-01
-3.665846586227416992e-01 -5.244694352149963379e-01 2.016961723566055298e-01
-2.628166377544403076e-01 -5.354098081588745117e-01 6.946112215518951416e-02
-3.272536098957061768e-01 -5.484865903854370117e-01 -1.373824477195739746e-02
-3.532564043998718262e-01 -6.065813899040222168e-01 -6.997302919626235962e-02
-4.297275841236114502e-01 -6.258783936500549316e-01 -2.752124145627021790e-02
-4.158466160297393799e-01 -5.653750896453857422e-01 -3.224911168217658997e-02
-3.824193179607391357e-01 -4.711290299892425537e-01 2.812700904905796051e-02
-4.172851443290710449e-01 -4.505668282508850098e-01 -1.970411464571952820e-02
-4.209725260734558105e-01 -4.788979291915893555e-01 -1.721861958503723145e-02
-3.571185767650604248e-01 -5.774056911468505859e-01 -1.885975152254104614e-02
-4.048413038253784180e-01 -5.836929678916931152e-01 -1.958089135587215424e-02
-2.702174782752990723e-01 -6.019371747970581055e-01 -1.231238991022109985e-02
-2.083224654197692871e-01 -6.349922418594360352e-01 -1.807806454598903656e-02
-2.897043228149414062e-01 -6.033713221549987793e-01 4.352263640612363815e-03
-2.242900580167770386e-01 -5.378112792968750000e-01 8.999464660882949829e-02
-2.011229991912841797e-01 -5.700498223304748535e-01 6.771507114171981812e-02
-2.157760262489318848e-01 -5.752875208854675293e-01 1.427434384822845459e-01
-1.041768044233322144e-01 -6.689956188201904297e-01 1.120005622506141663e-01
-2.142023481428623199e-02 -5.712641477584838867e-01 1.292709708213806152e-01
2.629407942295074463e-01 -2.821682691574096680e-01 2.480859160423278809e-01
1.588966399431228638e-01 5.679709464311599731e-02 5.452627539634704590e-01
8.101277798414230347e-02 3.177898228168487549e-01 5.726545453071594238e-01
1.774153411388397217e-01 3.771162033081054688e-01 5.699760913848876953e-01
2.413161993026733398e-01 4.301450550556182861e-01 5.475814938545227051e-01
4.109509289264678955e-02 4.620527327060699463e-01 5.848564505577087402e-01
1.180430315434932709e-02 4.066269397735595703e-01 5.901440382003784180e-01
-4.564949311316013336e-03 3.508103787899017334e-01 5.544342398643493652e-01
6.699844729155302048e-03 3.601666688919067383e-01 5.197805762290954590e-01
-6.362138688564300537e-02 2.782973945140838623e-01 4.907825887203216553e-01
-2.309303283691406250e-01 3.723994493484497070e-01 4.918766915798187256e-01
-1.286975443363189697e-01 2.629126310348510742e-01 3.466473519802093506e-01
-1.102551445364952087e-01 4.037200808525085449e-01 2.907812297344207764e-01
-2.398271709680557251e-01 4.091713428497314453e-01 1.363254338502883911e-01
-3.701172769069671631e-01 3.281142711639404297e-01 -6.496389210224151611e-02
-4.138510227203369141e-01 3.312195241451263428e-01 -1.860456466674804688e-01
-3.751064240932464600e-01 3.476922214031219482e-01 -2.928488552570343018e-01
-4.296055138111114502e-01 3.125123977661132812e-01 -3.888043463230133057e-01
-4.991745054721832275e-01 2.497634142637252808e-01 -4.579379260540008545e-01
-6.285144090652465820e-01 2.421957850456237793e-01 -4.474675655364990234e-01
-6.014133095741271973e-01 1.466793864965438843e-01 -4.762176573276519775e-01
-5.231294631958007812e-01 1.167998686432838440e-01 -5.015880465507507324e-01
-5.035053491592407227e-01 6.247825920581817627e-02 -5.280703902244567871e-01
-4.630048871040344238e-01 -6.278056651353836060e-02 -5.164602994918823242e-01
-4.439938664436340332e-01 3.587393462657928467e-02 -5.143389105796813965e-01
-5.339429974555969238e-01 5.824020877480506897e-02 -5.232753753662109375e-01
-5.310230851173400879e-01 6.662141531705856323e-02 -4.771197438240051270e-01
-4.537526071071624756e-01 1.074092276394367218e-02 -4.240628778934478760e-01
1.698293834924697876e-01 -6.980858743190765381e-03 -3.856741189956665039e-01
