-3.761574923992156982e-01 -4.511246681213378906e-01 5.205600261688232422e-01
-4.128738641738891602e-01 -4.626484811305999756e-01 4.914537966251373291e-01
-4.676557779312133789e-01 -3.584355413913726807e-01 4.728484153747558594e-01
-4.721039831638336182e-01 -1.091013178229331970e-01 5.243177413940429688e-01
-4.707274138927459717e-01 -1.368637233972549438e-01 5.108477473258972168e-01
-4.740241765975952148e-01 -2.195662260055541992e-01 4.642010927200317383e-01
-4.525209665298461914e-01 -2.934597134590148926e-01 4.327732324600219727e-01
-5.249798893928527832e-01 -1.568462699651718140e-01 4.909484386444091797e-01
-4.793659150600433350e-01 -1.501080840826034546e-01 5.117830634117126465e-01
-5.266057848930358887e-01 -2.503548264503479004e-01 4.994389712810516357e-01
-4.908725321292877197e-01 -2.020730525255203247e-01 5.092414021492004395e-01
-5.513491630554199219e-01 -2.442740350961685181e-01 4.959087073802947998e-01
-5.379048585891723633e-01 -2.324337959289550781e-01 5.157696604728698730e-01
-4.577034115791320801e-01 -3.144605755805969238e-01 4.643587470054626465e-01
-5.506732463836669922e-01 -3.571386039257049561e-01 4.604691863059997559e-01
-4.362032711505889893e-01 -4.057371020317077637e-01 4.599176049232482910e-01
-4.628325104713439941e-01 -4.554126560688018799e-01 4.129838347434997559e-01
-4.410625100135803223e-01 -4.764117300510406494e-01 4.234696924686431885e-01
-4.751030504703521729e-01 -5.162141323089599609e-01 3.468780219554901123e-01
-4.564785659313201904e-01 -5.060285925865173340e-01 2.361934334039688110e-01
-4.596219658851623535e-01 -5.254945158958435059e-01 1.757086664438247681e-01
-4.090326428413391113e-01 -5.321832299232482910e-01 1.691539138555526733e-01
-4.287426769733428955e-01 -5.988622903823852539e-01 1.000122129917144775e-01
-4.585849940776824951e-01 -5.825530290603637695e-01 1.107287481427192688e-01
-4.171259403228759766e-01 -6.152587532997131348e-01 4.830177873373031616e-02
-4.223539531230926514e-01 -6.112909913063049316e-01 5.872717127203941345e-02
-4.216880500316619873e-01 -5.571268200874328613e-01 1.016162112355232239e-01
-4.339220225811004639e-01 -5.404228568077087402e-01 9.572520107030868530e-02
-4.525981843471527100e-01 -5.817095637321472168e-01 1.006345823407173157e-01
-4.149740338325500488e-01 -5.195028781890869141e-01 7.655434310436248779e-02
-3.179778754711151123e-01 -5.364109277725219727e-01 4.020562022924423218e-02
-3.651778101921081543e-01 -5.514283180236816406e-01 4.543314501643180847e-02
-3.683224320411682129e-01 -6.176080107688903809e-01 4.553466290235519409e-02
-2.363279163837432861e-01 -6.208370327949523926e-01 7.596481591463088989e-03
-2.972365617752075195e-01 -5.289494395256042480e-01 9.209746122360229492e-02
-1.342517882585525513e-01 -6.253356337547302246e-01 1.322826594114303589e-01
1.062173470854759216e-01 -4.917677640914916992e-01 3.211239576339721680e-01
2.408113926649093628e-01 -4.280289411544799805e-01 4.546585679054260254e-01
6.715717911720275879e-02 -5.770938396453857422e-01 5.820708870887756348e-01
6.428812444210052490e-02 -4.180784821510314941e-01 6.031553149223327637e-01
-7.974534481763839722e-02 -3.253383040428161621e-01 5.870452523231506348e-01
-3.919032867997884750e-03 -3.106761872768402100e-01 6.065803766250610352e-01
9.872859716415405273e-02 -1.836116015911102295e-01 6.140841841697692871e-01
2.160088568925857544e-01 -4.094353318214416504e-02 6.278482079505920410e-01
1.274783909320831299e-01 2.229622565209865570e-02 6.799656152725219727e-01
3.605958819389343262e-02 -6.057771295309066772e-02 6.907939314842224121e-01
3.484872728586196899e-02 -1.358271390199661255e-01 6.978660225868225098e-01
1.175088658928871155e-01 -2.160771936178207397e-01 6.542382240295410156e-01
1.647177338600158691e-01 -2.549493610858917236e-01 6.415468454360961914e-01
5.655355006456375122e-02 -3.086694180965423584e-01 6.414182186126708984e-01
4.297896474599838257e-02 -2.506731152534484863e-01 6.593160629272460938e-01
-1.684430800378322601e-02 -3.067074418067932129e-01 6.229270100593566895e-01
-4.886259790509939194e-03 -3.263017237186431885e-01 6.036624312400817871e-01
-1.413977593183517456e-01 -3.179920613765716553e-01 6.156898140907287598e-01
-2.623701393604278564e-01 -5.085455775260925293e-01 5.365148782730102539e-01
-2.387175858020782471e-01 -5.281254649162292480e-01 4.433453977108001709e-01
-3.073560893535614014e-01 -5.790780186653137207e-01 2.963809967041015625e-01
-3.837262988090515137e-01 -5.897410511970520020e-01 1.799393743276596069e-01
-5.010027885437011719e-01 -5.177139043807983398e-01 1.723984181880950928e-01
-5.322363972663879395e-01 -5.473142862319946289e-01 8.664908260107040405e-02
-5.090848207473754883e-01 -5.211083889007568359e-01 7.279522716999053955e-02
-3.975872099399566650e-01 -5.181947350502014160e-01 -6.696539465337991714e-03
-3.541550934314727783e-01 -5.618749260902404785e-01 -6.198726221919059753e-02
-3.449823558330535889e-01 -4.956699013710021973e-01 2.164756413549184799e-03
-3.646313250064849854e-01 -5.153650641441345215e-01 -3.490747138857841492e-02
-2.942520081996917725e-01 -5.974889397621154785e-01 -6.153434514999389648e-02
-3.320085704326629639e-01 -6.201544404029846191e-01 -4.648573324084281921e-02
-1.280535161495208740e-01 -6.811344623565673828e-01 -2.530960366129875183e-02
-2.694656550884246826e-01 -6.285057067871093750e-01 4.793491587042808533e-02
-2.912708520889282227e-01 -4.972820878028869629e-01 8.808596432209014893e-02
-2.853975594043731689e-01 -5.829524993896484375e-01 1.337181497365236282e-02
-2.169217765331268311e-01 -5.729568004608154297e-01 5.575945600867271423e-02
1.778815835714340210e-01 -2.578547000885009766e-01 1.030260846018791199e-01
1.847466230392456055e-01 1.385756582021713257e-01 4.234912097454071045e-01
3.331992030143737793e-02 3.549227416515350342e-01 5.587184429168701172e-01
8.898749202489852905e-02 4.635797142982482910e-01 5.485509634017944336e-01
3.881202638149261475e-02 4.243045151233673096e-01 5.373207926750183105e-01
5.637987703084945679e-02 3.710629642009735107e-01 5.344107747077941895e-01
-9.555482119321823120e-02 4.083997011184692383e-01 5.565098524093627930e-01
-7.791407406330108643e-02 3.652799129486083984e-01 5.380576848983764648e-01
-4.322651028633117676e-02 3.674699664115905762e-01 5.241171717643737793e-01
-1.392207145690917969e-01 3.991698324680328369e-01 5.038501024246215820e-01
-1.646241247653961182e-01 3.525560796260833740e-01 4.620433747768402100e-01
-2.019985020160675049e-01 3.793442547321319580e-01 4.164860546588897705e-01
-1.916086673736572266e-01 4.068645238876342773e-01 3.125306069850921631e-01
-1.240376681089401245e-01 3.441014885902404785e-01 2.028768956661224365e-01
-2.755762338638305664e-01 3.878523111343383789e-01 1.203207150101661682e-01
-4.035434424877166748e-01 4.203610718250274658e-01 -5.350994691252708435e-02
-3.765022158622741699e-01 4.093362987041473389e-01 -2.016620784997940063e-01
-4.786918163299560547e-01 3.808262348175048828e-01 -2.805851697921752930e-01
-5.567074418067932129e-01 3.324240446090698242e-01 -3.378160893917083740e-01
-6.034059524536132812e-01 3.395012617111206055e-01 -3.616368770599365234e-01
-5.668754577636718750e-01 3.294363915920257568e-01 -4.370489120483398438e-01
-5.328878164291381836e-01 3.503194153308868408e-01 -4.738172590732574463e-01
-5.399296879768371582e-01 2.488155066967010498e-01 -5.168381333351135254e-01
-5.325542092323303223e-01 1.280770748853683472e-01 -5.279086232185363770e-01
-5.625411868095397949e-01 1.211554706096649170e-01 -4.489786028861999512e-01
-5.444062352180480957e-01 1.692390590906143188e-01 -4.846416711807250977e-01
-5.307122468948364258e-01 1.189009100198745728e-01 -4.483294785022735596e-01
-5.769915580749511719e-01 5.560613796114921570e-02 -4.400691390037536621e-01
-4.675534367561340332e-01 -9.624077210901305079e-05 -3.805769085884094238e-01
