3.845336861845035092e-01
0.000000000000000000e+00
0.000000000000000000e+00
0.000000000000000000e+00
0.000000000000000000e+00
0.000000000000000000e+00
0.000000000000000000e+00
4.907268127851440592e-03
0.000000000000000000e+00
0.000000000000000000e+00
0.000000000000000000e+00
0.000000000000000000e+00
0.000000000000000000e+00
0.000000000000000000e+00
0.000000000000000000e+00
0.000000000000000000e+00
0.000000000000000000e+00
0.000000000000000000e+00
0.000000000000000000e+00
1.656773906371645112e-03
6.175617063793970539e-03
8.593786239115296099e-03
1.260801690100868400e-02
4.245797144240517039e-03
0.000000000000000000e+00
0.000000000000000000e+00
0.000000000000000000e+00
1.061307419155094883e-02
1.642442776247271183e-02
4.092860210243298713e-03
0.000000000000000000e+00
0.000000000000000000e+00
0.000000000000000000e+00
0.000000000000000000e+00
0.000000000000000000e+00
2.361299216969292569e-01
3.984352756631451831e-01
3.464627980926428541e-01
3.569336047705415349e-01
3.812225273222336064e-01
4.395169911143795849e-01
2.559009382948463363e-01
0.000000000000000000e+00
0.000000000000000000e+00
0.000000000000000000e+00
0.000000000000000000e+00
0.000000000000000000e+00
0.000000000000000000e+00
0.000000000000000000e+00
0.000000000000000000e+00
0.000000000000000000e+00
0.000000000000000000e+00
0.000000000000000000e+00
0.000000000000000000e+00
0.000000000000000000e+00
3.671078140588993934e-03
6.878255177023820735e-03
9.232826815435407966e-03
9.586446615121618775e-03
4.620777836467145072e-03
2.046341897719555509e-03
0.000000000000000000e+00
0.000000000000000000e+00
1.093551267459682256e-04
1.015057337990502885e-02
5.998643980256994357e-02
0.000000000000000000e+00
0.000000000000000000e+00
0.000000000000000000e+00
0.000000000000000000e+00
2.594273930490854640e-01
