7.722112536430358887e-02 -6.516314744949340820e-01 3.539872467517852783e-01
3.253822028636932373e-02 -5.653954744338989258e-01 4.039742946624755859e-01
2.787516713142395020e-01 -4.796949923038482666e-01 4.522224962711334229e-01
2.873237729072570801e-01 -4.753237366676330566e-01 4.866095185279846191e-01
1.560641527175903320e-01 -5.318867564201354980e-01 4.475868046283721924e-01
2.331084161996841431e-01 -5.378958582878112793e-01 3.825216293334960938e-01
1.141616106033325195e-01 -4.659115374088287354e-01 4.055870175361633301e-01
-1.105637699365615845e-01 -3.822598755359649658e-01 4.142870306968688965e-01
-1.847290545701980591e-01 -2.617007195949554443e-01 4.285654127597808838e-01
2.909353189170360565e-02 -2.373582720756530762e-01 4.127468168735504150e-01
1.408138722181320190e-01 -2.971092164516448975e-01 3.419070243835449219e-01
1.151458770036697388e-01 -4.203265607357025146e-01 2.462744712829589844e-01
1.566495746374130249e-01 -3.187457919120788574e-01 3.055499792098999023e-01
2.008451819419860840e-01 -4.502714574337005615e-01 2.415630370378494263e-01
3.141394257545471191e-01 -3.298171460628509521e-01 3.381502628326416016e-01
7.029542326927185059e-02 -2.888848781585693359e-01 3.764373958110809326e-01
1.338874455541372299e-02 -3.035209476947784424e-01 3.687597811222076416e-01
-1.419492252171039581e-02 -4.506998360157012939e-01 2.848585247993469238e-01
-6.496814638376235962e-02 -4.917805194854736328e-01 2.181186378002166748e-01
-1.554451733827590942e-01 -5.126157999038696289e-01 1.031760126352310181e-01
-1.843885481357574463e-01 -5.387163162231445312e-01 4.176415130496025085e-02
-3.206544369459152222e-02 -6.440882086753845215e-01 -1.660066395998001099e-01
-2.938748896121978760e-02 -6.353472471237182617e-01 -1.800958216190338135e-01
1.064763069152832031e-01 -6.273073554039001465e-01 -1.947050392627716064e-01
3.307034820318222046e-02 -6.115400195121765137e-01 -1.721750497817993164e-01
4.588773474097251892e-02 -6.326695084571838379e-01 -2.147530913352966309e-01
3.331663087010383606e-02 -6.197226643562316895e-01 -2.249992489814758301e-01
7.455715537071228027e-02 -6.333445906639099121e-01 -2.324017137289047241e-01
-6.751614063978195190e-02 -6.329392194747924805e-01 -2.039154022932052612e-01
-8.080272376537322998e-02 -5.544801950454711914e-01 -2.120789140462875366e-01
-1.457710713148117065e-01 -5.416412949562072754e-01 -1.863264739513397217e-01
5.195351317524909973e-03 -5.597811937332153320e-01 -2.062273323535919189e-01
-5.939611420035362244e-02 -6.443512439727783203e-01 -2.009852230548858643e-01
9.190850704908370972e-02 -7.134549617767333984e-01 -1.573783904314041138e-01
-7.853711396455764771e-02 -7.111058235168457031e-01 -7.659117132425308228e-02
1.251757591962814331e-01 -6.692305207252502441e-01 -3.938998654484748840e-02
2.136644721031188965e-02 -4.320619702339172363e-01 4.437981545925140381e-02
3.248861730098724365e-01 -4.692430198192596436e-01 9.703174233436584473e-02
4.200364947319030762e-01 -3.439555466175079346e-01 7.855623960494995117e-02
4.282013773918151855e-01 -4.642210304737091064e-01 4.042851030826568604e-01
2.634982168674468994e-01 -4.750760495662689209e-01 4.165022075176239014e-01
2.752403318881988525e-01 -5.033704042434692383e-01 3.581340312957763672e-01
3.154767155647277832e-01 -3.280477523803710938e-01 4.489240348339080811e-01
2.761675119400024414e-01 -2.125361561775207520e-01 5.090630054473876953e-01
2.682493329048156738e-01 -2.489717453718185425e-01 4.798461198806762695e-01
2.171247303485870361e-01 -1.280314177274703979e-01 5.710154175758361816e-01
2.645434141159057617e-01 -1.299748867750167847e-01 5.842851400375366211e-01
3.348087072372436523e-01 -1.803451180458068848e-01 5.058287382125854492e-01
3.426449596881866455e-01 -1.736013740301132202e-01 4.807659685611724854e-01
2.681247591972351074e-01 -2.421213239431381226e-01 4.566348493099212646e-01
2.220968455076217651e-01 -2.907432019710540771e-01 4.727870523929595947e-01
2.252621650695800781e-01 -2.658129930496215820e-01 4.402123689651489258e-01
1.081519499421119690e-01 -3.059054017066955566e-01 4.422596395015716553e-01
2.565468549728393555e-01 -4.775806665420532227e-01 3.013542592525482178e-01
9.481856226921081543e-02 -5.728051066398620605e-01 2.223017662763595581e-01
1.364763677120208740e-01 -5.808842778205871582e-01 9.660352766513824463e-02
9.623265266418457031e-02 -6.520316004753112793e-01 -7.179815322160720825e-02
-6.382939219474792480e-02 -6.331009864807128906e-01 -1.449999213218688965e-01
4.090777412056922913e-02 -6.333925724029541016e-01 -2.311684191226959229e-01
7.633272558450698853e-03 -6.189767718315124512e-01 -2.413647472858428955e-01
-6.177562847733497620e-02 -5.968701839447021484e-01 -2.197207510471343994e-01
1.132140979170799255e-01 -5.493023991584777832e-01 -2.176331579685211182e-01
5.917938426136970520e-02 -5.236196517944335938e-01 -2.009488046169281006e-01
-1.344888284802436829e-02 -5.183476209640502930e-01 -2.042374312877655029e-01
-1.465332135558128357e-02 -5.330776572227478027e-01 -1.493745595216751099e-01
1.453153043985366821e-01 -6.394928693771362305e-01 -1.795832514762878418e-01
1.878184974193572998e-01 -6.982082724571228027e-01 -1.160114631056785583e-01
1.371370404958724976e-01 -6.812927722930908203e-01 -1.307521909475326538e-01
3.283097967505455017e-02 -6.217491626739501953e-01 -1.651968657970428467e-01
-1.564680933952331543e-01 -5.293232202529907227e-01 -1.762079149484634399e-01
1.229237243533134460e-01 -5.053282380104064941e-01 -1.476508677005767822e-01
