1.159340354027538350e-01
0.000000000000000000e+00
0.000000000000000000e+00
0.000000000000000000e+00
3.011415408720997510e-03
0.000000000000000000e+00
1.635549000242789272e-04
6.983776957087123663e-03
1.058699052769008879e-02
1.078189213323350361e-02
0.000000000000000000e+00
0.000000000000000000e+00
0.000000000000000000e+00
0.000000000000000000e+00
0.000000000000000000e+00
0.000000000000000000e+00
0.000000000000000000e+00
2.781539568247330674e-03
1.682559870250439904e-02
1.462951371380510554e-02
3.405915663969328114e-03
0.000000000000000000e+00
0.000000000000000000e+00
0.000000000000000000e+00
4.856287924749563313e-03
7.992737325938723686e-03
2.748601454182089329e-03
0.000000000000000000e+00
0.000000000000000000e+00
0.000000000000000000e+00
0.000000000000000000e+00
0.000000000000000000e+00
1.136253812300947880e-01
3.167871303518586812e-01
4.394120867861309732e-01
3.803046980633245644e-01
1.465762449402534251e-01
0.000000000000000000e+00
0.000000000000000000e+00
0.000000000000000000e+00
0.000000000000000000e+00
0.000000000000000000e+00
0.000000000000000000e+00
0.000000000000000000e+00
0.000000000000000000e+00
0.000000000000000000e+00
3.527406659120057436e-03
0.000000000000000000e+00
0.000000000000000000e+00
0.000000000000000000e+00
0.000000000000000000e+00
0.000000000000000000e+00
2.087362015001663698e-03
2.107671034272107918e-02
2.159903782483722084e-02
9.985739472550386395e-03
0.000000000000000000e+00
0.000000000000000000e+00
0.000000000000000000e+00
1.029737622414829933e-02
1.905737093596753320e-02
1.472804138194404658e-02
1.984985563884690898e-02
0.000000000000000000e+00
0.000000000000000000e+00
0.000000000000000000e+00
0.000000000000000000e+00
8.484444711010481754e-02
2.200770804793567847e-01
2.286198001456223317e-01
2.184682289194811167e-01
1.543884456036105912e-01
1.479945501350641013e-01
1.113214608546814338e-01
0.000000000000000000e+00
0.000000000000000000e+00
0.000000000000000000e+00
0.000000000000000000e+00
0.000000000000000000e+00
0.000000000000000000e+00
0.000000000000000000e+00
0.000000000000000000e+00
0.000000000000000000e+00
0.000000000000000000e+00
0.000000000000000000e+00
0.000000000000000000e+00
1.368622375581246770e-03
7.745778651926197959e-03
6.965124766852677334e-03
4.976165459503653285e-03
1.519188735647190175e-03
0.000000000000000000e+00
6.709790064949655228e-04
0.000000000000000000e+00
0.000000000000000000e+00
0.000000000000000000e+00
0.000000000000000000e+00
0.000000000000000000e+00
2.218561851888533054e-01
3.661865318477290909e-01
