-1.955623030662536621e-01 -3.160471022129058838e-01 3.306809365749359131e-01
-7.184814661741256714e-02 -1.734653711318969727e-01 4.903489947319030762e-01
-2.079350054264068604e-01 -1.474528759717941284e-01 4.801796376705169678e-01
-3.197992146015167236e-01 -1.610177457332611084e-01 4.179706275463104248e-01
-4.203419685363769531e-01 -1.115685999393463135e-01 4.669757783412933350e-01
-3.967156112194061279e-01 -1.091942936182022095e-01 4.454769790172576904e-01
-2.973015308380126953e-01 -9.855201095342636108e-02 4.682832658290863037e-01
-3.878642618656158447e-01 4.893850907683372498e-02 5.567505359649658203e-01
-2.157986909151077271e-01 6.552420556545257568e-02 5.485526919364929199e-01
-1.546104550361633301e-01 -2.216442255303263664e-03 5.428745746612548828e-01
-9.798149019479751587e-02 2.790366113185882568e-02 5.516378283500671387e-01
-2.020406574010848999e-01 -4.345253109931945801e-03 5.802963376045227051e-01
-8.733719587326049805e-02 -9.619805216789245605e-02 5.699553489685058594e-01
-2.595683559775352478e-02 -8.054673671722412109e-02 5.550947189331054688e-01
-1.433428823947906494e-01 -1.756440103054046631e-01 4.666496515274047852e-01
-2.393571883440017700e-01 -1.098515167832374573e-01 4.638530015945434570e-01
-2.987368702888488770e-01 -1.869979053735733032e-01 3.852646946907043457e-01
-1.609612405300140381e-01 -1.670343279838562012e-01 2.766191065311431885e-01
-1.672973185777664185e-01 -2.737001776695251465e-01 9.724212437868118286e-02
-3.067316710948944092e-01 -1.879130452871322632e-01 2.695948630571365356e-02
-3.158190846443176270e-01 -2.068565785884857178e-01 -1.197754740715026855e-01
-1.691889613866806030e-01 -3.365279138088226318e-01 -2.396405190229415894e-01
-1.125316321849822998e-01 -3.535243868827819824e-01 -2.729995250701904297e-01
-1.733080297708511353e-01 -3.766932487487792969e-01 -2.688158750534057617e-01
-1.950266808271408081e-01 -3.460309505462646484e-01 -2.644132375717163086e-01
-4.978839308023452759e-02 -2.828217446804046631e-01 -2.799976766109466553e-01
-7.055374979972839355e-02 -3.231219649314880371e-01 -2.571257650852203369e-01
-1.536251902580261230e-01 -2.888986468315124512e-01 -2.739441990852355957e-01
-1.936749964952468872e-01 -3.898337483406066895e-01 -2.702779769897460938e-01
-1.033239066600799561e-01 -3.822588026523590088e-01 -2.967500388622283936e-01
-1.293551176786422729e-01 -1.778832226991653442e-01 -2.346174567937850952e-01
-1.311461329460144043e-01 -2.412223368883132935e-01 -1.883853375911712646e-01
-1.495311856269836426e-01 -4.690845310688018799e-01 -1.532772332429885864e-01
-4.407852515578269958e-02 -5.754711031913757324e-01 -4.369214922189712524e-02
-1.016087979078292847e-01 -3.273504376411437988e-01 -2.164025232195854187e-02
1.082108691334724426e-01 -3.253928720951080322e-01 1.464859992265701294e-01
2.929742634296417236e-01 -2.616577148437500000e-01 1.293170005083084106e-01
3.370300829410552979e-01 -1.882862746715545654e-01 2.881758809089660645e-01
1.435207724571228027e-01 -3.425961136817932129e-01 4.895267784595489502e-01
2.894189208745956421e-02 -3.158495426177978516e-01 4.543497264385223389e-01
2.694272100925445557e-01 -1.068982332944869995e-01 5.426199436187744141e-01
2.194679528474807739e-01 -1.307556033134460449e-01 5.708538889884948730e-01
1.116330698132514954e-01 -3.472873270511627197e-01 5.348554253578186035e-01
2.624199986457824707e-01 -4.691936671733856201e-01 5.091398954391479492e-01
2.463862299919128418e-01 -4.872881472110748291e-01 5.004745125770568848e-01
2.321590036153793335e-01 -4.285338521003723145e-01 5.227210521697998047e-01
2.226054668426513672e-01 -3.043258786201477051e-01 5.677637457847595215e-01
2.414277195930480957e-01 -3.014128208160400391e-01 5.373813509941101074e-01
8.599653840065002441e-02 -2.043435126543045044e-01 5.312314033508300781e-01
6.807167828083038330e-02 -2.540616989135742188e-01 5.092009305953979492e-01
7.325869798660278320e-02 -2.819008827209472656e-01 4.714784026145935059e-01
9.322794154286384583e-03 -3.957896232604980469e-01 3.634883463382720947e-01
5.632999818772077560e-03 -2.680248320102691650e-01 3.088355958461761475e-01
-9.325526654720306396e-02 -2.226270437240600586e-01 2.526627182960510254e-01
1.217221766710281372e-01 -3.045445978641510010e-01 9.955114126205444336e-02
2.480573020875453949e-02 -4.247186779975891113e-01 -6.631717085838317871e-02
-5.144260451197624207e-02 -4.332185387611389160e-01 -1.567534059286117554e-01
-3.285787627100944519e-02 -4.474208354949951172e-01 -2.239527702331542969e-01
-9.274949133396148682e-02 -3.822780549526214600e-01 -2.374295592308044434e-01
-1.411793529987335205e-01 -2.275935560464859009e-01 -2.664312124252319336e-01
-6.110930442810058594e-02 -3.181092441082000732e-01 -3.180760443210601807e-01
-1.350041031837463379e-01 -2.929367721080780029e-01 -2.847687005996704102e-01
-1.586180180311203003e-01 -2.272852659225463867e-01 -2.415663897991180420e-01
-1.953749954700469971e-01 -1.963690519332885742e-01 -2.035873085260391235e-01
-2.425620518624782562e-02 -2.567689418792724609e-01 -2.303961515426635742e-01
4.365450516343116760e-02 -4.943723082542419434e-01 -2.137255221605300903e-01
1.132265552878379822e-01 -6.019933819770812988e-01 -1.255512237548828125e-01
1.403561830520629883e-01 -5.286029577255249023e-01 1.837146701291203499e-03
4.102943539619445801e-01 -3.165410161018371582e-01 3.194096311926841736e-02
