1.640362441421969741e-01
0.000000000000000000e+00
0.000000000000000000e+00
0.000000000000000000e+00
0.000000000000000000e+00
0.000000000000000000e+00
0.000000000000000000e+00
0.000000000000000000e+00
4.575325297229818761e-03
6.769473398391464593e-03
2.792297195994373083e-03
3.192255284247269998e-03
5.184823744465304370e-03
0.000000000000000000e+00
0.000000000000000000e+00
0.000000000000000000e+00
0.000000000000000000e+00
0.000000000000000000e+00
5.810177472227173734e-03
1.107657101177885080e-02
1.129364207771521404e-02
1.130932829405425187e-02
7.929470566786840646e-03
0.000000000000000000e+00
0.000000000000000000e+00
0.000000000000000000e+00
1.063926076404759363e-02
1.456311926718731158e-02
1.292789736939395492e-03
0.000000000000000000e+00
0.000000000000000000e+00
0.000000000000000000e+00
0.000000000000000000e+00
0.000000000000000000e+00
2.343217434601718441e-01
3.994111582562115959e-01
5.388798363388100920e-01
5.588364376354243435e-01
4.414740634458716451e-01
2.557268793633560300e-01
0.000000000000000000e+00
0.000000000000000000e+00
0.000000000000000000e+00
0.000000000000000000e+00
0.000000000000000000e+00
0.000000000000000000e+00
0.000000000000000000e+00
0.000000000000000000e+00
0.000000000000000000e+00
2.103702436239564266e-03
5.870232011819467681e-03
4.845173792085723762e-03
8.443139022264086737e-04
5.827818952645961482e-03
1.269190949101686380e-02
1.238450669471946076e-02
1.035370767631054595e-02
5.872731221545464224e-03
3.366259086111259534e-03
3.500826828622414892e-03
4.995809983011658111e-04
0.000000000000000000e+00
0.000000000000000000e+00
0.000000000000000000e+00
0.000000000000000000e+00
0.000000000000000000e+00
0.000000000000000000e+00
2.155507709328780830e-01
3.847766350970291960e-01
