2.084477245807647705e-01 -4.010965526103973389e-01 4.908740520477294922e-01
3.979017212986946106e-02 -2.245236039161682129e-01 3.874012827873229980e-01
1.102153658866882324e-01 -1.971042752265930176e-01 5.209597349166870117e-01
2.089076340198516846e-01 -2.597530484199523926e-01 5.331895351409912109e-01
2.394632548093795776e-01 -1.288077235221862793e-01 4.990754425525665283e-01
1.885593086481094360e-01 -4.186248034238815308e-02 5.614042282104492188e-01
3.990947082638740540e-02 -5.591372773051261902e-02 5.590072870254516602e-01
9.035157971084117889e-03 -2.653238773345947266e-01 4.945999085903167725e-01
2.289811819791793823e-01 -2.747007310390472412e-01 5.120451450347900391e-01
2.342535108327865601e-01 -2.295947372913360596e-01 5.407891273498535156e-01
1.657252162694931030e-01 -2.175309658050537109e-01 5.946610569953918457e-01
5.807070806622505188e-02 -8.055379241704940796e-02 5.931493043899536133e-01
5.877271294593811035e-02 -2.695748507976531982e-01 5.235799551010131836e-01
4.568919539451599121e-02 -2.939032316207885742e-01 5.249375700950622559e-01
-4.741214215755462646e-02 -2.955986559391021729e-01 4.724891185760498047e-01
2.929966524243354797e-02 -3.338555991649627686e-01 4.479003548622131348e-01
9.726741351187229156e-03 -3.350144326686859131e-01 3.590705096721649170e-01
9.186488576233386993e-03 -3.908195197582244873e-01 1.974925398826599121e-01
7.874291390180587769e-02 -3.918403089046478271e-01 7.053079456090927124e-02
-1.156068034470081329e-02 -4.257868230342864990e-01 -2.726322412490844727e-02
-6.744515150785446167e-02 -5.491777658462524414e-01 -1.667138040065765381e-01
-1.254054009914398193e-01 -5.191989541053771973e-01 -1.674826741218566895e-01
-6.502702087163925171e-02 -5.171692967414855957e-01 -2.175553292036056519e-01
-2.664716541767120361e-02 -5.342535376548767090e-01 -2.421020865440368652e-01
-2.435414865612983704e-02 -4.546468555927276611e-01 -2.125681638717651367e-01
-9.221823886036872864e-03 -5.085279345512390137e-01 -2.608637511730194092e-01
-5.373456701636314392e-02 -4.738604724407196045e-01 -2.450260370969772339e-01
-1.045774221420288086e-01 -3.604234158992767334e-01 -2.209898233413696289e-01
-7.887274026870727539e-02 -3.991629779338836670e-01 -1.816119253635406494e-01
-1.182611510157585144e-01 -4.079377353191375732e-01 -1.809602230787277222e-01
7.941447198390960693e-03 -5.176250338554382324e-01 -1.854670196771621704e-01
5.017282441258430481e-02 -6.054174304008483887e-01 -1.897709220647811890e-01
1.308077871799468994e-01 -7.025417089462280273e-01 -8.948054909706115723e-02
1.414966881275177002e-01 -6.859718561172485352e-01 -9.168151766061782837e-02
2.897263169288635254e-01 -2.796321213245391846e-01 1.976779103279113770e-01
2.895142734050750732e-01 -1.483223289251327515e-01 1.523765772581100464e-01
2.208490669727325439e-01 -3.784914687275886536e-02 3.112543523311614990e-01
1.787907183170318604e-01 1.480445414781570435e-01 5.240123867988586426e-01
1.823132485151290894e-01 1.930253505706787109e-01 4.942521750926971436e-01
3.293712064623832703e-02 2.676172852516174316e-01 5.373556017875671387e-01
-4.957346990704536438e-02 2.269157618284225464e-01 5.341279506683349609e-01
5.513133853673934937e-02 2.920854687690734863e-01 5.363255143165588379e-01
-6.066444888710975647e-02 3.172893524169921875e-01 5.680415034294128418e-01
-3.469688445329666138e-02 3.534111976623535156e-01 5.581547021865844727e-01
-1.953672915697097778e-01 2.678604423999786377e-01 5.525074005126953125e-01
2.000127136707305908e-01 3.178464174270629883e-01 4.807665646076202393e-01
1.613254547119140625e-01 3.526559174060821533e-01 4.201100170612335205e-01
1.222471371293067932e-01 4.580771625041961670e-01 4.064186513423919678e-01
4.569583386182785034e-02 4.810454249382019043e-01 3.977816700935363770e-01
-7.068533916026353836e-03 4.519930481910705566e-01 3.479975759983062744e-01
-2.827236056327819824e-01 4.178641736507415771e-01 1.984918266534805298e-01
-4.247991144657135010e-01 4.675190746784210205e-01 1.296014040708541870e-01
-3.867374062538146973e-01 5.003036856651306152e-01 4.370112344622612000e-02
-3.743677735328674316e-01 3.719005286693572998e-01 -1.448245793581008911e-01
-3.889512717723846436e-01 3.848333656787872314e-01 -2.554653882980346680e-01
-4.037031829357147217e-01 2.897835075855255127e-01 -3.546243011951446533e-01
-5.563971400260925293e-01 3.417784869670867920e-01 -3.422093987464904785e-01
-5.201483368873596191e-01 3.161013126373291016e-01 -4.227969050407409668e-01
-5.701456665992736816e-01 3.032951056957244873e-01 -4.441549777984619141e-01
-5.730077028274536133e-01 2.639765739440917969e-01 -4.746687710285186768e-01
-5.870168209075927734e-01 2.775024175643920898e-01 -4.917678833007812500e-01
-4.943798184394836426e-01 2.504332661628723145e-01 -5.365183353424072266e-01
-4.529334306716918945e-01 2.158209085464477539e-01 -5.219561457633972168e-01
-5.313257575035095215e-01 2.229231446981430054e-01 -5.204730629920959473e-01
-5.338574051856994629e-01 1.850993931293487549e-01 -5.472476482391357422e-01
-5.131181478500366211e-01 2.006541341543197632e-01 -5.234861373901367188e-01
-4.927246868610382080e-01 1.845460385084152222e-01 -5.235131978988647461e-01
-5.450289845466613770e-01 2.300311177968978882e-01 -5.008893609046936035e-01
-4.722747504711151123e-01 8.726495504379272461e-02 -4.307854175567626953e-01
-9.871879965066909790e-02 9.258908033370971680e-02 -4.153001606464385986e-01
