4.906914342662874184e-01
2.873074668091441519e-01
0.000000000000000000e+00
0.000000000000000000e+00
0.000000000000000000e+00
0.000000000000000000e+00
0.000000000000000000e+00
0.000000000000000000e+00
0.000000000000000000e+00
6.038840460922046370e-03
1.051208774207864662e-02
9.210014176068861622e-03
0.000000000000000000e+00
0.000000000000000000e+00
0.000000000000000000e+00
0.000000000000000000e+00
0.000000000000000000e+00
0.000000000000000000e+00
3.211980664540528205e-03
3.361370925911889504e-03
0.000000000000000000e+00
0.000000000000000000e+00
5.282605324994866201e-03
1.231226483240452016e-02
1.020034808184495934e-02
6.773027421634164255e-03
5.828910519246875178e-03
6.604632140419982970e-03
1.579816623353094782e-03
0.000000000000000000e+00
0.000000000000000000e+00
0.000000000000000000e+00
0.000000000000000000e+00
0.000000000000000000e+00
2.323597756178635843e-01
5.707958985866119495e-01
7.046849218917389246e-01
5.808109008648070226e-01
2.336725259548351197e-01
0.000000000000000000e+00
0.000000000000000000e+00
0.000000000000000000e+00
0.000000000000000000e+00
0.000000000000000000e+00
0.000000000000000000e+00
0.000000000000000000e+00
0.000000000000000000e+00
1.580180478886733910e-03
7.445421421871051791e-03
7.442396643040915215e-03
1.580272361597241377e-04
0.000000000000000000e+00
0.000000000000000000e+00
0.000000000000000000e+00
1.834985936377200085e-03
3.441172897647963060e-03
7.170056289075854572e-03
7.519798638378352197e-03
6.145115679211567671e-03
3.706945475465443177e-03
0.000000000000000000e+00
0.000000000000000000e+00
0.000000000000000000e+00
0.000000000000000000e+00
0.000000000000000000e+00
0.000000000000000000e+00
0.000000000000000000e+00
0.000000000000000000e+00
2.085600035391750318e-01
3.744093471561045772e-01
