3.963370604623775439e-01
0.000000000000000000e+00
0.000000000000000000e+00
0.000000000000000000e+00
0.000000000000000000e+00
0.000000000000000000e+00
0.000000000000000000e+00
0.000000000000000000e+00
0.000000000000000000e+00
0.000000000000000000e+00
1.486967306723954892e-03
3.493840067314890867e-03
0.000000000000000000e+00
0.000000000000000000e+00
0.000000000000000000e+00
0.000000000000000000e+00
0.000000000000000000e+00
0.000000000000000000e+00
3.915636838202887424e-04
2.650952184755665016e-03
0.000000000000000000e+00
0.000000000000000000e+00
0.000000000000000000e+00
0.000000000000000000e+00
4.028002042545301628e-03
7.394801398994392538e-03
7.525774689870220677e-03
9.736197056718192896e-03
9.067717259949221315e-03
1.437766687959321499e-02
0.000000000000000000e+00
0.000000000000000000e+00
0.000000000000000000e+00
0.000000000000000000e+00
2.212516888363782186e-01
3.885864634811119211e-01
5.155186057361736962e-01
5.289098859912345629e-01
4.154913125283116182e-01
2.496863556111773574e-01
0.000000000000000000e+00
0.000000000000000000e+00
0.000000000000000000e+00
0.000000000000000000e+00
0.000000000000000000e+00
0.000000000000000000e+00
0.000000000000000000e+00
0.000000000000000000e+00
0.000000000000000000e+00
0.000000000000000000e+00
9.044713504544816315e-04
2.569496324230329323e-03
3.366997823103796972e-03
4.246249207176248930e-03
4.249163726753771124e-03
3.948839574474407275e-03
7.886557665668139303e-03
7.740500909034246299e-03
4.801492751507117039e-03
0.000000000000000000e+00
0.000000000000000000e+00
0.000000000000000000e+00
0.000000000000000000e+00
0.000000000000000000e+00
0.000000000000000000e+00
0.000000000000000000e+00
0.000000000000000000e+00
0.000000000000000000e+00
2.894077622344778944e-01
