8.000994473695755005e-02 -4.899585545063018799e-01 5.132590532302856445e-01
1.676561683416366577e-01 -5.246036648750305176e-01 4.342430830001831055e-01
1.504022330045700073e-01 -1.932616233825683594e-01 4.873026013374328613e-01
2.312993407249450684e-01 -1.599081158638000488e-01 5.387493968009948730e-01
2.612773478031158447e-01 -2.140165120363235474e-01 5.449422597885131836e-01
2.183868139982223511e-01 -2.071607857942581177e-01 5.098909139633178711e-01
9.141290187835693359e-02 -3.269269764423370361e-01 5.145489573478698730e-01
5.727306474000215530e-03 -3.727377057075500488e-01 4.724248349666595459e-01
-3.844568505883216858e-02 -3.466782271862030029e-01 4.811257123947143555e-01
-2.205976285040378571e-02 -1.672527343034744263e-01 5.051204562187194824e-01
-6.320545822381973267e-02 -1.035727635025978088e-01 5.383471250534057617e-01
5.158003047108650208e-02 -2.903531491756439209e-01 4.550926387310028076e-01
-1.086686253547668457e-01 -2.259508520364761353e-01 4.405561089515686035e-01
-1.976545453071594238e-01 -2.315888851881027222e-01 4.304916858673095703e-01
-1.389184892177581787e-01 -4.150750935077667236e-01 3.575571477413177490e-01
-1.322234123945236206e-01 -4.515528976917266846e-01 3.520595133304595947e-01
-4.215512797236442566e-02 -4.500352144241333008e-01 3.430593907833099365e-01
-5.352626368403434753e-02 -4.982972741127014160e-01 2.322408705949783325e-01
7.916605472564697266e-02 -5.036120414733886719e-01 1.905704289674758911e-01
1.129826810210943222e-02 -5.469703674316406250e-01 3.861910104751586914e-02
-8.911719918251037598e-02 -5.599275231361389160e-01 -6.226810440421104431e-02
-3.032937832176685333e-02 -5.790607929229736328e-01 -1.234597191214561462e-01
-1.670228540897369385e-01 -5.073145627975463867e-01 -1.583808213472366333e-01
-7.706928998231887817e-02 -4.622267782688140869e-01 -1.914785504341125488e-01
-7.287402451038360596e-02 -5.102826952934265137e-01 -2.184534668922424316e-01
1.765185967087745667e-02 -5.503056049346923828e-01 -2.839916646480560303e-01
-1.450752615928649902e-01 -5.856834053993225098e-01 -2.646689414978027344e-01
-1.131931468844413757e-01 -5.448316931724548340e-01 -2.236692458391189575e-01
1.536767631769180298e-01 -6.070342659950256348e-01 -2.454283386468887329e-01
1.482917070388793945e-01 -5.693700313568115234e-01 -2.121804058551788330e-01
-1.267695054411888123e-02 -5.767645835876464844e-01 -9.604858607053756714e-02
1.833215653896331787e-01 -6.668323874473571777e-01 -1.092285662889480591e-01
2.270999252796173096e-01 -6.939054727554321289e-01 -3.670857101678848267e-02
1.325396597385406494e-01 -6.603635549545288086e-01 -1.005873307585716248e-01
6.561258435249328613e-02 -4.640074968338012695e-01 -3.301709517836570740e-02
2.565501928329467773e-01 -5.556518435478210449e-01 -2.663510665297508240e-02
4.100485444068908691e-01 -4.519768357276916504e-01 1.141322627663612366e-01
4.370993971824645996e-01 -3.491070568561553955e-01 1.116462051868438721e-01
4.144943356513977051e-01 -1.146963834762573242e-01 4.366833865642547607e-01
1.381391882896423340e-01 4.397191479802131653e-02 4.747081995010375977e-01
6.189135462045669556e-02 2.761993706226348877e-01 4.962751865386962891e-01
7.416903227567672729e-02 2.101321965456008911e-01 4.847114980220794678e-01
1.501430273056030273e-01 3.604742288589477539e-01 5.335406661033630371e-01
2.071831971406936646e-01 3.643617630004882812e-01 5.457382202148437500e-01
1.917111277580261230e-01 3.581697344779968262e-01 5.333902835845947266e-01
1.606325954198837280e-01 4.224868118762969971e-01 5.143628120422363281e-01
1.656974554061889648e-01 4.564328789710998535e-01 4.979920089244842529e-01
2.359485328197479248e-01 4.465441703796386719e-01 4.538948535919189453e-01
9.462451934814453125e-02 4.360152781009674072e-01 4.009228348731994629e-01
-5.376926064491271973e-02 4.911777973175048828e-01 4.079261720180511475e-01
-2.457469701766967773e-01 4.570512473583221436e-01 3.557737469673156738e-01
-1.857709884643554688e-01 4.674808681011199951e-01 3.202523291110992432e-01
-1.157345622777938843e-01 4.561849832534790039e-01 2.294339835643768311e-01
-3.080720603466033936e-01 4.226850569248199463e-01 1.233010217547416687e-01
-3.158943355083465576e-01 4.323903620243072510e-01 -7.428418379276990891e-03
-3.583492934703826904e-01 3.390152156352996826e-01 -1.976122707128524780e-01
-4.340000450611114502e-01 4.305927455425262451e-01 -2.089498937129974365e-01
-5.077817440032958984e-01 3.693314194679260254e-01 -3.447082340717315674e-01
-3.932639956474304199e-01 3.695890307426452637e-01 -4.234758913516998291e-01
-5.225726366043090820e-01 3.803996443748474121e-01 -4.492094218730926514e-01
-5.407307744026184082e-01 3.323679566383361816e-01 -4.877873659133911133e-01
-5.816070437431335449e-01 2.767449319362640381e-01 -5.037102103233337402e-01
-5.526185631752014160e-01 2.551681697368621826e-01 -5.164834260940551758e-01
-4.311272799968719482e-01 2.426199465990066528e-01 -5.173853635787963867e-01
-4.753768444061279297e-01 1.975398808717727661e-01 -5.187507867813110352e-01
-4.105358123779296875e-01 1.453684717416763306e-01 -5.373103022575378418e-01
-4.366926550865173340e-01 1.024783402681350708e-01 -5.083510279655456543e-01
-3.659288585186004639e-01 1.225765421986579895e-01 -4.124661386013031006e-01
-2.475908696651458740e-01 8.445883542299270630e-02 -3.878495693206787109e-01
