-1.328856647014617920e-01 3.513243794441223145e-01 5.033447146415710449e-01
-4.433916509151458740e-02 4.464535713195800781e-01 4.977571964263916016e-01
-7.906356826424598694e-03 3.722758293151855469e-01 4.981976747512817383e-01
-5.186646059155464172e-02 4.506742656230926514e-01 5.127310752868652344e-01
-6.312799453735351562e-02 4.609917998313903809e-01 5.140311121940612793e-01
-7.974436134099960327e-02 4.055339097976684570e-01 5.062471628189086914e-01
2.195571316406130791e-03 3.790285885334014893e-01 4.395082890987396240e-01
-4.796694591641426086e-02 4.436392188072204590e-01 4.360085427761077881e-01
-5.804862454533576965e-02 4.744603037834167480e-01 4.346068501472473145e-01
-2.319502681493759155e-01 5.360173583030700684e-01 4.064143598079681396e-01
5.450169742107391357e-02 5.107540488243103027e-01 2.824068069458007812e-01
-1.800956726074218750e-01 4.989416003227233887e-01 1.920376718044281006e-01
-3.766774237155914307e-01 5.011512637138366699e-01 1.078330352902412415e-01
-5.063583850860595703e-01 4.761036336421966553e-01 4.953472688794136047e-02
-5.479397773742675781e-01 4.754390716552734375e-01 -3.670010715723037720e-02
-5.810654163360595703e-01 4.493222534656524658e-01 -1.242781281471252441e-01
-5.573716163635253906e-01 4.706764519214630127e-01 -1.885364204645156860e-01
-5.283094048500061035e-01 4.397530555725097656e-01 -2.937535345554351807e-01
-5.409084558486938477e-01 3.995211720466613770e-01 -3.457096815109252930e-01
-4.493904113769531250e-01 3.556533157825469971e-01 -4.053291082382202148e-01
-5.140484571456909180e-01 3.841027617454528809e-01 -3.862490057945251465e-01
-5.621747374534606934e-01 4.251342415809631348e-01 -3.874788880348205566e-01
-5.212624669075012207e-01 3.877025544643402100e-01 -4.556455612182617188e-01
-5.892125368118286133e-01 4.102046787738800049e-01 -4.624291360378265381e-01
-5.332573056221008301e-01 3.821518719196319580e-01 -4.723884463310241699e-01
-4.514016211032867432e-01 2.715656161308288574e-01 -5.418191552162170410e-01
-5.133278369903564453e-01 3.794084191322326660e-01 -4.844310283660888672e-01
-4.470674693584442139e-01 4.275869727134704590e-01 -5.188276171684265137e-01
-3.603098094463348389e-01 3.582760393619537354e-01 -5.725364089012145996e-01
-3.126899302005767822e-01 2.788094282150268555e-01 -5.797186493873596191e-01
-3.391834795475006104e-01 1.681091040372848511e-01 -4.541678726673126221e-01
-9.031550586223602295e-02 1.072158142924308777e-01 -3.995750248432159424e-01
3.203229010105133057e-01 -7.088387757539749146e-02 -3.406865596771240234e-01
5.373792648315429688e-01 -1.249447558075189590e-02 -3.760282099246978760e-01
6.362411379814147949e-01 9.082145243883132935e-02 -5.499978661537170410e-01
6.885098218917846680e-01 2.458688914775848389e-01 -5.669071078300476074e-01
6.377552747726440430e-01 4.554577469825744629e-01 -5.072808861732482910e-01
6.158050298690795898e-01 4.341764152050018311e-01 -4.753379225730895996e-01
6.397698521614074707e-01 4.655106961727142334e-01 -4.446498751640319824e-01
6.410919427871704102e-01 4.313647150993347168e-01 -4.286672770977020264e-01
6.709070205688476562e-01 4.115062654018402100e-01 -4.666678905487060547e-01
6.246865391731262207e-01 3.997753560543060303e-01 -4.437176287174224854e-01
6.141883730888366699e-01 2.261032313108444214e-01 -4.610351622104644775e-01
5.612861514091491699e-01 6.797265261411666870e-02 -4.591901898384094238e-01
4.483611881732940674e-01 -8.693255484104156494e-02 -4.803019464015960693e-01
3.819328844547271729e-01 -1.332152634859085083e-01 -4.261162877082824707e-01
3.365978896617889404e-01 -2.924198210239410400e-01 -4.182421267032623291e-01
2.481394857168197632e-01 -1.766043156385421753e-01 -2.672057449817657471e-01
1.711563467979431152e-01 -3.766876757144927979e-01 -2.253262102603912354e-01
1.156495958566665649e-01 -4.443697035312652588e-01 -1.208672448992729187e-01
2.214015722274780273e-01 -3.877611458301544189e-01 -2.486173249781131744e-02
2.691085934638977051e-01 -3.242414891719818115e-01 1.243915557861328125e-01
3.525306582450866699e-01 -2.396339923143386841e-01 2.803545296192169189e-01
3.277891278266906738e-01 -9.103617817163467407e-02 4.456714987754821777e-01
2.575963735580444336e-01 -3.118299320340156555e-02 5.757773518562316895e-01
3.512320816516876221e-01 9.113367646932601929e-02 5.930076837539672852e-01
3.007437586784362793e-01 -3.070880845189094543e-02 5.494650602340698242e-01
2.525222003459930420e-01 -7.770672440528869629e-02 4.849438667297363281e-01
1.684943288564682007e-01 5.584237352013587952e-02 4.895361363887786865e-01
2.281249463558197021e-01 -2.357216551899909973e-02 5.459900498390197754e-01
1.465135365724563599e-01 -1.171710416674613953e-01 5.151002407073974609e-01
1.023016348481178284e-01 -1.872422248125076294e-01 4.256626963615417480e-01
1.696815341711044312e-01 -2.027797512710094452e-02 5.385715365409851074e-01
2.272179424762725830e-01 -1.307428628206253052e-01 5.072273612022399902e-01
2.202563434839248657e-01 -8.211062848567962646e-02 5.227407217025756836e-01
2.918652296066284180e-01 -7.467049639672040939e-03 5.502102971076965332e-01
1.046660840511322021e-01 -1.847274154424667358e-01 4.915683567523956299e-01
8.008839935064315796e-02 -3.141147792339324951e-01 4.077307581901550293e-01
1.577493697404861450e-01 -4.736033678054809570e-01 2.789098620414733887e-01
-1.142869587056338787e-03 -5.585685372352600098e-01 1.917273551225662231e-01
-4.060054942965507507e-02 -4.941697716712951660e-01 1.253126412630081177e-01
-1.583587229251861572e-01 -4.150126874446868896e-01 -4.421601071953773499e-02
-2.683278322219848633e-01 -1.939223259687423706e-01 -3.147356957197189331e-02
1.707291044294834137e-02 3.863911330699920654e-02 -1.630829125642776489e-01
-2.310048416256904602e-02 2.934405505657196045e-01 -1.491988003253936768e-01
-4.579577594995498657e-02 4.094903171062469482e-01 -1.595382094383239746e-01
-1.341848820447921753e-01 4.130243659019470215e-01 -3.004649877548217773e-01
-2.601168155670166016e-01 3.280250132083892822e-01 -4.264085590839385986e-01
-4.303424954414367676e-01 3.010361492633819580e-01 -4.403540492057800293e-01
-4.363352656364440918e-01 3.813295662403106689e-01 -4.259883165359497070e-01
-3.939636349678039551e-01 3.191083371639251709e-01 -4.195537865161895752e-01
-3.884057104587554932e-01 3.420667946338653564e-01 -3.608272671699523926e-01
-2.895561754703521729e-01 4.138080179691314697e-01 -1.927157640457153320e-01
3.435515239834785461e-02 4.964258968830108643e-01 2.346894145011901855e-02
1.198212951421737671e-01 4.236531555652618408e-01 8.068601042032241821e-02
8.959002792835235596e-02 2.011941522359848022e-01 1.304535567760467529e-01
2.885434031486511230e-01 -1.828855834901332855e-02 1.517478227615356445e-01
2.685150504112243652e-01 -2.409304678440093994e-01 2.626417577266693115e-01
3.535528481006622314e-01 -3.694190084934234619e-01 3.099426329135894775e-01
3.027501404285430908e-01 -3.630549609661102295e-01 3.931511342525482178e-01
1.935221105813980103e-01 -4.244392514228820801e-01 3.707122802734375000e-01
1.743103414773941040e-01 -2.852905988693237305e-01 4.167079329490661621e-01
3.152431547641754150e-01 -2.598273158073425293e-01 4.534375667572021484e-01
2.725520431995391846e-01 -1.323014199733734131e-01 5.145329236984252930e-01
2.226094901561737061e-01 -8.474396914243698120e-02 5.418145656585693359e-01
2.618310153484344482e-01 -9.393581748008728027e-02 4.920083582401275635e-01
1.723997741937637329e-01 -1.466872096061706543e-01 4.594433605670928955e-01
1.435888707637786865e-01 -1.007165834307670593e-01 4.307257533073425293e-01
2.416170686483383179e-01 -1.137341037392616272e-01 4.619942605495452881e-01
3.555072247982025146e-01 -2.466569691896438599e-01 5.478655099868774414e-01
4.889010190963745117e-01 -1.446231603622436523e-01 3.544170856475830078e-01
