3.976211286924349886e-01
0.000000000000000000e+00
0.000000000000000000e+00
0.000000000000000000e+00
0.000000000000000000e+00
0.000000000000000000e+00
6.147262059329191425e-03
0.000000000000000000e+00
0.000000000000000000e+00
0.000000000000000000e+00
0.000000000000000000e+00
0.000000000000000000e+00
0.000000000000000000e+00
0.000000000000000000e+00
0.000000000000000000e+00
0.000000000000000000e+00
0.000000000000000000e+00
0.000000000000000000e+00
0.000000000000000000e+00
0.000000000000000000e+00
0.000000000000000000e+00
0.000000000000000000e+00
0.000000000000000000e+00
2.087207652048295953e-05
5.923064570365324001e-03
5.643737455092734563e-03
0.000000000000000000e+00
0.000000000000000000e+00
0.000000000000000000e+00
0.000000000000000000e+00
0.000000000000000000e+00
0.000000000000000000e+00
0.000000000000000000e+00
0.000000000000000000e+00
2.348416415634219379e-01
3.987843013273056902e-01
3.489906752243185362e-01
1.748209111332880428e-01
0.000000000000000000e+00
1.795197635465335395e-01
3.590395270930670790e-01
4.018749233077986149e-01
2.196394743692977047e-01
0.000000000000000000e+00
0.000000000000000000e+00
0.000000000000000000e+00
0.000000000000000000e+00
2.029257226526484312e-02
1.854455147673543178e-02
1.169768343362337371e-02
3.374708620170172729e-03
0.000000000000000000e+00
0.000000000000000000e+00
0.000000000000000000e+00
0.000000000000000000e+00
0.000000000000000000e+00
0.000000000000000000e+00
0.000000000000000000e+00
6.108472854258376701e-04
2.378733115968487480e-03
0.000000000000000000e+00
0.000000000000000000e+00
0.000000000000000000e+00
0.000000000000000000e+00
0.000000000000000000e+00
0.000000000000000000e+00
4.326800941830125612e-03
4.602463774607388862e-03
4.332747590854621163e-04
0.000000000000000000e+00
0.000000000000000000e+00
2.650371486025214756e-03
4.290411713157952882e-03
4.968594324157256381e-03
1.475886251835903948e-03
4.054265796518776756e-03
8.101805778627889712e-03
6.867560029519931622e-03
1.422506072335384241e-03
0.000000000000000000e+00
0.000000000000000000e+00
1.105870901285482778e-03
1.238519397739411103e-02
1.728948878073330309e-02
1.112018222149746723e-02
0.000000000000000000e+00
0.000000000000000000e+00
0.000000000000000000e+00
0.000000000000000000e+00
0.000000000000000000e+00
0.000000000000000000e+00
0.000000000000000000e+00
3.171457669475390428e-01
