-2.111111283302307129e-01 3.832308948040008545e-01 6.213787794113159180e-01
-1.403870135545730591e-01 3.753525614738464355e-01 6.755845546722412109e-01
-9.258815646171569824e-02 4.531603157520294189e-01 6.775484681129455566e-01
-1.481919586658477783e-01 4.245675802230834961e-01 6.705045104026794434e-01
-2.309960722923278809e-01 4.134218990802764893e-01 6.561159491539001465e-01
-1.657778322696685791e-01 4.483375251293182373e-01 6.196036934852600098e-01
-1.793737709522247314e-01 4.025855064392089844e-01 6.051573753356933594e-01
-1.812944859266281128e-01 4.439011216163635254e-01 6.013026833534240723e-01
-1.624352484941482544e-01 5.053817629814147949e-01 5.788881182670593262e-01
-1.032847911119461060e-01 4.908068180084228516e-01 5.605444908142089844e-01
-6.562837213277816772e-02 4.207125008106231689e-01 5.146374106407165527e-01
-1.128228753805160522e-01 3.914707005023956299e-01 4.858904480934143066e-01
-1.773153245449066162e-01 3.690755665302276611e-01 4.613078534603118896e-01
-2.440594434738159180e-01 3.933463990688323975e-01 4.106118083000183105e-01
-1.042961776256561279e-01 4.216871857643127441e-01 3.799677491188049316e-01
-8.637122809886932373e-02 3.991553783416748047e-01 2.943424582481384277e-01
-2.231189012527465820e-01 4.424383342266082764e-01 2.405813634395599365e-01
-3.202093541622161865e-01 4.631409943103790283e-01 1.607090383768081665e-01
-4.523208439350128174e-01 3.942176401615142822e-01 5.885638669133186340e-02
-5.785803794860839844e-01 3.797838389873504639e-01 -7.945498079061508179e-02
-5.895541906356811523e-01 4.478946030139923096e-01 -1.713006943464279175e-01
-5.685002207756042480e-01 3.899223506450653076e-01 -2.544322311878204346e-01
-5.599163770675659180e-01 3.803554177284240723e-01 -2.760845720767974854e-01
-5.594630241394042969e-01 4.453794956207275391e-01 -3.458755612373352051e-01
-4.029268026351928711e-01 3.848899304866790771e-01 -4.276888668537139893e-01
-4.273262917995452881e-01 3.994987607002258301e-01 -4.246261417865753174e-01
-4.989613890647888184e-01 3.720276951789855957e-01 -4.450077414512634277e-01
-3.954572975635528564e-01 3.159984648227691650e-01 -4.207725822925567627e-01
-4.858565032482147217e-01 3.075920343399047852e-01 -4.704036414623260498e-01
-4.217366874217987061e-01 3.088274598121643066e-01 -4.573312997817993164e-01
-4.401012063026428223e-01 2.573788464069366455e-01 -5.135475397109985352e-01
-5.134643912315368652e-01 3.195464015007019043e-01 -4.938772022724151611e-01
-5.043724179267883301e-01 1.231821551918983459e-01 -5.028917789459228516e-01
-3.684430122375488281e-01 -3.710718452930450439e-02 -4.670391380786895752e-01
-3.399651944637298584e-01 1.131413429975509644e-01 -4.008857309818267822e-01
-4.209984838962554932e-01 2.054553180932998657e-01 -4.533778429031372070e-01
-6.723598390817642212e-02 9.871742874383926392e-02 -4.360188841819763184e-01
2.637037038803100586e-01 -9.250182658433914185e-03 -3.500094711780548096e-01
2.671995759010314941e-01 6.887225061655044556e-02 -3.707609772682189941e-01
4.136107265949249268e-01 2.236206531524658203e-01 -4.756451547145843506e-01
3.462309539318084717e-01 3.438168466091156006e-01 -4.725302159786224365e-01
5.324635505676269531e-01 3.616452813148498535e-01 -4.548012018203735352e-01
4.269999563694000244e-01 3.760901987552642822e-01 -4.535115957260131836e-01
2.376062124967575073e-01 3.872986435890197754e-01 -4.404923021793365479e-01
3.842920660972595215e-01 3.259716033935546875e-01 -5.014325380325317383e-01
4.680837392807006836e-01 2.717378139495849609e-01 -5.292602181434631348e-01
4.699208438396453857e-01 2.668183147907257080e-01 -5.056409239768981934e-01
4.906313121318817139e-01 3.136063218116760254e-01 -4.543548822402954102e-01
4.114723205566406250e-01 2.947443723678588867e-01 -4.166379570960998535e-01
3.658412098884582520e-01 3.100544810295104980e-01 -4.210002422332763672e-01
2.548945546150207520e-01 2.214173376560211182e-01 -3.794777691364288330e-01
1.435642540454864502e-01 1.723584532737731934e-01 -4.253175258636474609e-01
1.378454118967056274e-01 1.753794550895690918e-01 -3.719311952590942383e-01
5.954882502555847168e-02 2.098724395036697388e-01 -3.158661127090454102e-01
-1.948257982730865479e-01 1.595854908227920532e-01 -2.870756387710571289e-01
-1.200357005000114441e-01 1.534258276224136353e-01 -1.644301116466522217e-01
-4.624106362462043762e-02 4.310010373592376709e-01 8.759407699108123779e-02
-4.198808968067169189e-02 4.252453148365020752e-01 1.604877412319183350e-01
-9.586641937494277954e-02 4.412708580493927002e-01 1.813354045152664185e-01
5.419299006462097168e-02 5.522704720497131348e-01 2.703147232532501221e-01
1.344658136367797852e-01 6.448028087615966797e-01 4.206104874610900879e-01
1.342215090990066528e-01 5.721625685691833496e-01 4.645389318466186523e-01
1.214646697044372559e-01 4.608278870582580566e-01 4.456908106803894043e-01
1.692010313272476196e-01 5.332528948783874512e-01 4.741569757461547852e-01
1.289927661418914795e-01 5.410500764846801758e-01 5.075863599777221680e-01
4.738485440611839294e-03 4.760328829288482666e-01 5.469759106636047363e-01
6.863631308078765869e-02 4.226063787937164307e-01 5.734674930572509766e-01
1.526317447423934937e-01 4.465550780296325684e-01 5.271344780921936035e-01
1.529352664947509766e-01 4.051695466041564941e-01 5.150341391563415527e-01
2.645964622497558594e-01 3.969552814960479736e-01 5.021779537200927734e-01
2.166996300220489502e-01 4.142813980579376221e-01 5.168182253837585449e-01
6.923526525497436523e-02 3.381121158599853516e-01 5.339305996894836426e-01
8.867498487234115601e-02 3.621204495429992676e-01 5.703368186950683594e-01
7.245992124080657959e-02 3.185228705406188965e-01 5.677713155746459961e-01
1.471290141344070435e-01 3.663259446620941162e-01 5.491012930870056152e-01
9.189214557409286499e-02 3.388748764991760254e-01 5.623679757118225098e-01
-3.653845936059951782e-02 2.900341153144836426e-01 5.584946870803833008e-01
-2.505638636648654938e-02 1.565332561731338501e-01 5.041825771331787109e-01
-8.201700448989868164e-02 1.108763087540864944e-02 5.154165625572204590e-01
-2.024753764271736145e-02 -1.495999991893768311e-01 4.094386696815490723e-01
-3.175300359725952148e-01 -2.871254980564117432e-01 3.443962037563323975e-01
-1.872113645076751709e-01 -4.442186355590820312e-01 9.193502366542816162e-02
-1.201240047812461853e-01 -6.172149777412414551e-01 -9.353907406330108643e-02
-1.653605103492736816e-01 -6.420623064041137695e-01 -9.585050493478775024e-02
-1.468817740678787231e-01 -6.107236742973327637e-01 -7.972515374422073364e-02
-1.166863068938255310e-01 -6.193388700485229492e-01 -6.835731118917465210e-02
-8.373727649450302124e-02 -6.524441838264465332e-01 -6.975027918815612793e-02
6.277970969676971436e-02 -6.856036186218261719e-01 -1.331758946180343628e-01
-1.074609067291021347e-02 -6.833987236022949219e-01 -8.878626674413681030e-02
-8.078521490097045898e-02 -6.714585423469543457e-01 -1.586186885833740234e-02
-5.804644152522087097e-02 -7.045084238052368164e-01 -1.658188179135322571e-02
-2.050452977418899536e-01 -7.342358827590942383e-01 -3.843279182910919189e-02
-1.944053322076797485e-01 -7.239632606506347656e-01 1.442476175725460052e-02
-2.254757583141326904e-01 -7.080260515213012695e-01 3.855702653527259827e-02
-2.028544247150421143e-01 -7.335532307624816895e-01 2.480932883918285370e-02
-1.789999455213546753e-01 -7.071623206138610840e-01 7.336014509201049805e-02
-2.027831375598907471e-01 -6.635581254959106445e-01 1.685827523469924927e-01
-1.532343626022338867e-01 -6.417865157127380371e-01 1.616048812866210938e-01
-2.352521121501922607e-01 -5.687884092330932617e-01 3.031628131866455078e-01
-1.722734272480010986e-01 -5.388517379760742188e-01 3.623406291007995605e-01
-1.169499307870864868e-01 -4.822048544883728027e-01 4.334772825241088867e-01
-7.222058624029159546e-02 -4.763637781143188477e-01 4.729154109954833984e-01
-6.629119813442230225e-02 -5.900490283966064453e-01 4.891014397144317627e-01
-9.718041121959686279e-02 -4.022532999515533447e-01 5.161601901054382324e-01
-1.877714544534683228e-01 -3.610024750232696533e-01 5.301815867424011230e-01
6.853815168142318726e-02 -3.409134745597839355e-01 5.651336908340454102e-01
-4.967135936021804810e-02 -4.537691175937652588e-01 5.223762392997741699e-01
-2.622670531272888184e-01 -3.699853122234344482e-01 5.377472639083862305e-01
-1.647860854864120483e-01 -4.243797659873962402e-01 5.240914821624755859e-01
-7.978116720914840698e-02 -4.282012879848480225e-01 5.403369665145874023e-01
-1.715868264436721802e-01 -3.430161178112030029e-01 5.602322816848754883e-01
-1.928131878376007080e-01 -4.283517599105834961e-01 5.289180278778076172e-01
-2.098169773817062378e-01 -4.010752141475677490e-01 5.341789722442626953e-01
-8.889889717102050781e-02 -4.046883583068847656e-01 5.496695637702941895e-01
-1.313277482986450195e-01 -3.718045055866241455e-01 5.762887597084045410e-01
-1.569823920726776123e-01 -4.398717582225799561e-01 5.600986480712890625e-01
-1.590408384799957275e-01 -4.087733924388885498e-01 5.866798758506774902e-01
-2.560523450374603271e-01 -4.762542843818664551e-01 5.448406934738159180e-01
-1.493203788995742798e-01 -4.758081734180450439e-01 5.065850615501403809e-01
-7.007450610399246216e-02 -5.037252306938171387e-01 4.487834572792053223e-01
-3.361675143241882324e-01 -5.173435211181640625e-01 3.290196955204010010e-01
-3.803325891494750977e-01 -5.583196878433227539e-01 1.779411435127258301e-01
-4.631181061267852783e-01 -5.633254051208496094e-01 1.742364019155502319e-01
-3.656669855117797852e-01 -5.695394277572631836e-01 6.968763470649719238e-02
-3.452095687389373779e-01 -5.431617498397827148e-01 4.320196807384490967e-03
-4.279682636260986328e-01 -5.866661667823791504e-01 3.156040608882904053e-02
-2.779091894626617432e-01 -6.217878460884094238e-01 2.059810608625411987e-02
-1.192027702927589417e-01 -6.101520657539367676e-01 -1.672105118632316589e-02
-2.206916809082031250e-01 -5.464568734169006348e-01 -1.318572089076042175e-02
-2.321331799030303955e-01 -5.598548054695129395e-01 -2.767699770629405975e-02
-2.737693190574645996e-01 -6.196740269660949707e-01 9.354622662067413330e-02
-1.409752517938613892e-01 -4.897459745407104492e-01 1.555596739053726196e-01
