-1.085481047630310059e-01 2.145110964775085449e-01 5.950887799263000488e-01
-6.079919636249542236e-02 2.200284302234649658e-01 6.240057349205017090e-01
4.150303080677986145e-02 2.021389752626419067e-01 6.154841184616088867e-01
6.565912812948226929e-02 1.616797298192977905e-01 5.905980467796325684e-01
7.213923335075378418e-02 2.289955765008926392e-01 5.962361693382263184e-01
6.655059009790420532e-02 2.900640368461608887e-01 5.647642612457275391e-01
-5.050939321517944336e-02 3.424167335033416748e-01 5.381370782852172852e-01
-7.015817612409591675e-02 3.825511932373046875e-01 5.340564846992492676e-01
-1.216565668582916260e-01 3.835538029670715332e-01 4.945883750915527344e-01
-2.087384648621082306e-02 4.792076051235198975e-01 4.319166243076324463e-01
-3.459348157048225403e-02 5.416053533554077148e-01 3.313151299953460693e-01
-1.750087887048721313e-01 5.333370566368103027e-01 3.125938773155212402e-01
-1.961622387170791626e-01 5.469979047775268555e-01 2.020980864763259888e-01
-2.810079157352447510e-01 5.855638384819030762e-01 1.714553833007812500e-01
-3.146591782569885254e-01 5.113878846168518066e-01 1.167734037153422832e-03
-4.616816341876983643e-01 4.755347073078155518e-01 -1.542425453662872314e-01
-3.984254002571105957e-01 4.518142938613891602e-01 -2.836819887161254883e-01
-3.224160075187683105e-01 4.104111194610595703e-01 -3.835538327693939209e-01
-3.508001565933227539e-01 4.142390191555023193e-01 -4.334198832511901855e-01
-3.157292008399963379e-01 3.720961511135101318e-01 -4.931121766567230225e-01
-4.146437942981719971e-01 3.672887086868286133e-01 -4.909847676753997803e-01
-4.041651189327239990e-01 3.276117444038391113e-01 -5.168848633766174316e-01
-4.183935225009918213e-01 3.075108826160430908e-01 -4.980060160160064697e-01
-4.362314045429229736e-01 3.864006400108337402e-01 -4.798137545585632324e-01
-4.549506008625030518e-01 3.504318594932556152e-01 -5.156139731407165527e-01
-4.155874848365783691e-01 3.672885000705718994e-01 -5.133776664733886719e-01
-2.583401501178741455e-01 3.492572307586669922e-01 -5.535868406295776367e-01
-3.078049123287200928e-01 3.715161383152008057e-01 -5.498185157775878906e-01
-2.590546309947967529e-01 3.814770877361297607e-01 -5.748592019081115723e-01
-2.032680213451385498e-01 3.350432515144348145e-01 -5.988562107086181641e-01
-2.733457982540130615e-01 2.910934686660766602e-01 -5.934261679649353027e-01
-5.695065110921859741e-02 4.230330884456634521e-02 -5.580666065216064453e-01
-3.529504314064979553e-02 1.405808627605438232e-01 -4.701990783214569092e-01
-3.841868042945861816e-02 1.638296246528625488e-01 -5.502944588661193848e-01
-6.213282421231269836e-02 2.785515487194061279e-01 -5.548026561737060547e-01
-5.039176344871520996e-02 2.554065585136413574e-01 -5.511057972908020020e-01
3.844082951545715332e-01 -7.449874281883239746e-02 -4.022153615951538086e-01
5.400774478912353516e-01 -9.351254440844058990e-03 -5.185782313346862793e-01
5.836822390556335449e-01 3.700220584869384766e-01 -5.237203240394592285e-01
6.221432685852050781e-01 3.885999917984008789e-01 -4.954812228679656982e-01
6.143114566802978516e-01 3.757252693176269531e-01 -5.135940313339233398e-01
6.542862057685852051e-01 4.228662252426147461e-01 -5.135375261306762695e-01
5.987221598625183105e-01 4.566165208816528320e-01 -4.808230996131896973e-01
6.152467131614685059e-01 3.954373002052307129e-01 -5.263661742210388184e-01
5.461214780807495117e-01 4.913905560970306396e-01 -4.776747226715087891e-01
6.007906198501586914e-01 4.895527660846710205e-01 -5.040991902351379395e-01
6.583014726638793945e-01 4.267732501029968262e-01 -5.309742689132690430e-01
6.537343859672546387e-01 4.239686429500579834e-01 -5.236740112304687500e-01
5.993072986602783203e-01 2.962782084941864014e-01 -5.565940141677856445e-01
4.705248475074768066e-01 1.947161704301834106e-01 -5.694711804389953613e-01
4.680309891700744629e-01 1.736206114292144775e-01 -5.584683418273925781e-01
3.268653452396392822e-01 2.581523060798645020e-01 -4.817139804363250732e-01
3.672878444194793701e-01 2.971761226654052734e-01 -4.092470705509185791e-01
3.309231996536254883e-01 4.591647386550903320e-01 -3.166750371456146240e-01
3.001677393913269043e-01 4.552537798881530762e-01 -2.405812144279479980e-01
1.501138955354690552e-01 4.683298170566558838e-01 -1.181384623050689697e-01
6.690306961536407471e-02 5.200808644294738770e-01 6.777346879243850708e-02
1.999548822641372681e-01 4.961469471454620361e-01 1.748034954071044922e-01
2.026656568050384521e-01 5.226355791091918945e-01 2.940710783004760742e-01
2.380721718072891235e-01 4.372315406799316406e-01 2.543638348579406738e-01
2.137729823589324951e-01 4.639700949192047119e-01 3.765536844730377197e-01
2.309485673904418945e-01 5.457286834716796875e-01 4.131574630737304688e-01
2.445434331893920898e-01 5.783376693725585938e-01 4.674926400184631348e-01
2.759499549865722656e-01 4.895346462726593018e-01 4.293438792228698730e-01
2.912670075893402100e-01 4.697488248348236084e-01 4.327045083045959473e-01
3.066701591014862061e-01 4.475860893726348877e-01 4.742017388343811035e-01
2.955133020877838135e-01 4.713724553585052490e-01 4.888815581798553467e-01
2.945869863033294678e-01 4.760710000991821289e-01 4.769173562526702881e-01
3.335383236408233643e-01 4.629646539688110352e-01 4.825432002544403076e-01
3.247211277484893799e-01 4.504644572734832764e-01 4.832591414451599121e-01
2.836405336856842041e-01 4.230253696441650391e-01 4.578378200531005859e-01
2.359625697135925293e-01 3.897561728954315186e-01 4.387097656726837158e-01
2.201566249132156372e-01 4.227151870727539062e-01 4.995462894439697266e-01
2.524454593658447266e-01 4.450531601905822754e-01 4.949825704097747803e-01
1.993459612131118774e-01 4.537590146064758301e-01 5.027711391448974609e-01
2.715074419975280762e-01 3.600864708423614502e-01 4.155913889408111572e-01
1.997386664152145386e-01 2.424065321683883667e-01 3.591415286064147949e-01
2.821786403656005859e-01 2.920058369636535645e-02 2.395107597112655640e-01
2.048201560974121094e-01 -1.966145932674407959e-01 9.681591391563415527e-02
2.844094932079315186e-01 -4.168275892734527588e-01 -6.794191896915435791e-02
1.948981881141662598e-01 -5.247336626052856445e-01 -1.362781077623367310e-01
1.167114377021789551e-01 -5.576258897781372070e-01 -1.937323361635208130e-01
3.385360911488533020e-02 -5.507367253303527832e-01 -2.424368411302566528e-01
-1.195363625884056091e-01 -5.230607986450195312e-01 -2.330131381750106812e-01
4.009840078651905060e-03 -5.673754811286926270e-01 -2.597380578517913818e-01
5.031871795654296875e-02 -5.660989284515380859e-01 -2.715128362178802490e-01
1.108455806970596313e-01 -5.975569486618041992e-01 -3.052327632904052734e-01
7.748087495565414429e-02 -4.952192008495330811e-01 -3.106943070888519287e-01
1.375299841165542603e-01 -4.647841155529022217e-01 -2.966146171092987061e-01
2.120315581560134888e-01 -6.092507839202880859e-01 -3.096579313278198242e-01
2.831092178821563721e-01 -6.694030165672302246e-01 -2.873663306236267090e-01
2.969808876514434814e-01 -6.689576506614685059e-01 -2.157576829195022583e-01
3.346424698829650879e-01 -6.036243438720703125e-01 -1.366762965917587280e-01
