1.158001586182257764e-01
0.000000000000000000e+00
0.000000000000000000e+00
0.000000000000000000e+00
0.000000000000000000e+00
0.000000000000000000e+00
0.000000000000000000e+00
0.000000000000000000e+00
0.000000000000000000e+00
0.000000000000000000e+00
0.000000000000000000e+00
0.000000000000000000e+00
0.000000000000000000e+00
0.000000000000000000e+00
0.000000000000000000e+00
0.000000000000000000e+00
0.000000000000000000e+00
0.000000000000000000e+00
9.003733815655329611e-03
1.292990408779159245e-02
1.248532408000442573e-02
6.680354519809211626e-03
6.700638546982402161e-03
6.865979646899081530e-03
3.165175611804470744e-05
0.000000000000000000e+00
0.000000000000000000e+00
0.000000000000000000e+00
0.000000000000000000e+00
0.000000000000000000e+00
0.000000000000000000e+00
0.000000000000000000e+00
0.000000000000000000e+00
4.047603858969463508e-01
6.536271881587265575e-01
6.110972119113997625e-01
2.489893884988404749e-01
0.000000000000000000e+00
0.000000000000000000e+00
0.000000000000000000e+00
0.000000000000000000e+00
0.000000000000000000e+00
0.000000000000000000e+00
1.790728239907404123e-02
1.281348501826126522e-02
1.584498966280916202e-02
1.601324895761178230e-02
1.518647362716838735e-02
1.322504973050635420e-02
3.919080602192963163e-03
0.000000000000000000e+00
0.000000000000000000e+00
0.000000000000000000e+00
0.000000000000000000e+00
5.781002873984591008e-04
4.909146210454356715e-03
5.521401139005276473e-03
1.930635838022821699e-03
2.445829546494616112e-03
0.000000000000000000e+00
0.000000000000000000e+00
0.000000000000000000e+00
0.000000000000000000e+00
0.000000000000000000e+00
0.000000000000000000e+00
0.000000000000000000e+00
2.840406983219780513e-03
4.421293121323265421e-03
5.537980455290519334e-03
0.000000000000000000e+00
0.000000000000000000e+00
0.000000000000000000e+00
0.000000000000000000e+00
0.000000000000000000e+00
0.000000000000000000e+00
0.000000000000000000e+00
0.000000000000000000e+00
6.254004041788127286e-03
2.346268749158653133e-02
2.972080787880570715e-02
2.906073351239460076e-02
2.105526859339540424e-02
4.057349380283644009e-03
0.000000000000000000e+00
0.000000000000000000e+00
0.000000000000000000e+00
0.000000000000000000e+00
1.143115613122172858e-01
1.956710368742260175e-01
1.739317878707978549e-01
6.784487952116641241e-02
0.000000000000000000e+00
0.000000000000000000e+00
0.000000000000000000e+00
7.504780225579332775e-02
2.157614212350036920e-01
2.821318258227676901e-01
2.076698732421776439e-01
5.587065669370745724e-02
0.000000000000000000e+00
0.000000000000000000e+00
0.000000000000000000e+00
0.000000000000000000e+00
0.000000000000000000e+00
2.269521326250921282e-03
0.000000000000000000e+00
0.000000000000000000e+00
0.000000000000000000e+00
0.000000000000000000e+00
0.000000000000000000e+00
0.000000000000000000e+00
0.000000000000000000e+00
0.000000000000000000e+00
1.176642272701349835e-02
1.968565755984902702e-02
2.749737492014887180e-02
2.946750562245926269e-02
8.533404597073572084e-04
0.000000000000000000e+00
0.000000000000000000e+00
0.000000000000000000e+00
0.000000000000000000e+00
2.347057690864214341e-01
3.910989888495149391e-01
