4.830139502882957458e-02 3.580933213233947754e-01 5.609427690505981445e-01
3.979619964957237244e-02 5.272537469863891602e-01 5.798263549804687500e-01
4.341771826148033142e-02 5.083990693092346191e-01 6.012958288192749023e-01
7.951943576335906982e-02 4.943066835403442383e-01 5.497424602508544922e-01
9.773953258991241455e-02 4.579273164272308350e-01 4.706646800041198730e-01
3.411341458559036255e-02 4.749054908752441406e-01 4.889870285987854004e-01
4.544148594141006470e-02 4.893723130226135254e-01 4.703338742256164551e-01
1.578318476676940918e-01 4.116306006908416748e-01 3.834389150142669678e-01
2.503628730773925781e-01 4.429834187030792236e-01 3.592776954174041748e-01
3.124175667762756348e-01 3.851607441902160645e-01 3.311475813388824463e-01
3.874776363372802734e-01 3.804147243499755859e-01 2.823685705661773682e-01
4.398567974567413330e-01 3.293516039848327637e-01 2.502785027027130127e-01
4.255316853523254395e-01 3.988134264945983887e-01 2.253063619136810303e-01
2.514428496360778809e-01 4.652727246284484863e-01 2.543230354785919189e-01
3.131878003478050232e-02 4.685406386852264404e-01 2.670374810695648193e-01
-1.174464523792266846e-01 5.574893355369567871e-01 2.497148513793945312e-01
-3.319381177425384521e-01 5.557035803794860840e-01 1.131257340312004089e-01
-3.532785177230834961e-01 5.716246366500854492e-01 -7.940500974655151367e-03
-3.888167440891265869e-01 4.875487685203552246e-01 -1.758731305599212646e-01
-3.286591470241546631e-01 4.384680688381195068e-01 -2.939236462116241455e-01
-4.305963218212127686e-01 4.339953958988189697e-01 -3.323923647403717041e-01
-3.071709275245666504e-01 3.501112461090087891e-01 -4.562556147575378418e-01
-4.709629118442535400e-01 3.909943401813507080e-01 -4.541989862918853760e-01
-4.142313897609710693e-01 3.655210733413696289e-01 -5.009042620658874512e-01
-4.314365088939666748e-01 3.184331357479095459e-01 -5.455748438835144043e-01
-4.472661614418029785e-01 3.679952025413513184e-01 -5.309591889381408691e-01
-4.660548865795135498e-01 3.407645523548126221e-01 -5.513066053390502930e-01
-4.107336401939392090e-01 2.816277444362640381e-01 -5.524730682373046875e-01
-4.806545376777648926e-01 2.424862086772918701e-01 -5.399134159088134766e-01
-5.044627189636230469e-01 2.196193784475326538e-01 -5.481135249137878418e-01
-4.432203173637390137e-01 1.679733395576477051e-01 -5.552076101303100586e-01
-4.575339853763580322e-01 3.006815314292907715e-01 -5.264939665794372559e-01
-4.729427099227905273e-01 2.696978151798248291e-01 -5.151785612106323242e-01
-4.951203465461730957e-01 1.340664178133010864e-01 -4.426144659519195557e-01
-2.945741713047027588e-01 7.042892277240753174e-02 -4.908492863178253174e-01
3.001113235950469971e-01 1.420438289642333984e-01 -2.491636276245117188e-01
6.119371056556701660e-01 3.924480080604553223e-02 -4.288499057292938232e-01
5.849558711051940918e-01 3.020578622817993164e-01 -5.129771828651428223e-01
5.839378833770751953e-01 4.374161660671234131e-01 -5.707706809043884277e-01
5.548568964004516602e-01 5.305186510086059570e-01 -5.468797087669372559e-01
5.437352657318115234e-01 4.689440429210662842e-01 -5.521558523178100586e-01
5.382822155952453613e-01 4.660430848598480225e-01 -5.308731794357299805e-01
5.141509175300598145e-01 5.231093168258666992e-01 -5.071413516998291016e-01
4.877247810363769531e-01 4.842580854892730713e-01 -5.388243794441223145e-01
4.374339878559112549e-01 4.568646252155303955e-01 -5.639322996139526367e-01
4.296741485595703125e-01 4.729763567447662354e-01 -5.651972293853759766e-01
3.865527510643005371e-01 4.262647926807403564e-01 -5.737943649291992188e-01
2.883972823619842529e-01 3.531374633312225342e-01 -6.063643693923950195e-01
2.889924347400665283e-01 4.117196500301361084e-01 -5.842303037643432617e-01
1.612797081470489502e-01 5.146612524986267090e-01 -5.307383537292480469e-01
3.889542073011398315e-02 4.425288438796997070e-01 -5.614125132560729980e-01
-3.752798214554786682e-02 4.388104081153869629e-01 -5.861532688140869141e-01
-2.078673988580703735e-01 4.514381587505340576e-01 -5.595139265060424805e-01
-2.601622939109802246e-01 4.702264070510864258e-01 -5.385174751281738281e-01
-2.330987602472305298e-01 4.388642311096191406e-01 -5.721049904823303223e-01
-3.011296093463897705e-01 3.786030411720275879e-01 -5.750052928924560547e-01
-4.014595150947570801e-01 2.719185650348663330e-01 -5.594454407691955566e-01
-4.576459527015686035e-01 2.532705068588256836e-01 -5.437124967575073242e-01
-4.506370127201080322e-01 3.042944967746734619e-01 -5.155524611473083496e-01
-4.496340155601501465e-01 2.141343355178833008e-01 -5.367566943168640137e-01
-3.064072728157043457e-01 2.242860049009323120e-01 -5.248293280601501465e-01
-3.766498565673828125e-01 2.293799966573715210e-01 -5.087462663650512695e-01
-3.978866338729858398e-01 1.993970870971679688e-01 -5.044706463813781738e-01
-3.539193272590637207e-01 1.497613489627838135e-01 -5.079252123832702637e-01
-2.302179485559463501e-01 1.352387666702270508e-01 -5.144792199134826660e-01
-3.294835090637207031e-01 1.037527900189161301e-02 -4.869023859500885010e-01
-3.028528988361358643e-01 9.100203961133956909e-02 -4.760700166225433350e-01
-4.425493776798248291e-01 8.894533663988113403e-02 -4.692521989345550537e-01
