-4.475984349846839905e-02 3.874517381191253662e-01 5.547155141830444336e-01
3.672154853120446205e-03 3.946175873279571533e-01 4.994825422763824463e-01
-1.420347839593887329e-01 3.650419116020202637e-01 4.823840260505676270e-01
-1.343047171831130981e-01 3.312248289585113525e-01 4.374440312385559082e-01
-2.343411147594451904e-01 4.411624073982238770e-01 4.646374881267547607e-01
-3.006220459938049316e-01 3.774284124374389648e-01 4.205539822578430176e-01
-1.012201160192489624e-01 4.481619298458099365e-01 3.980456292629241943e-01
-2.149834632873535156e-01 5.467787981033325195e-01 4.487104117870330811e-01
-4.898951202630996704e-02 5.048679709434509277e-01 3.825081586837768555e-01
7.261454313993453979e-02 5.238394737243652344e-01 3.599967062473297119e-01
-2.057428844273090363e-02 5.045691132545471191e-01 3.274402618408203125e-01
-2.129947841167449951e-01 4.782001972198486328e-01 2.762990593910217285e-01
-3.098289370536804199e-01 5.215338468551635742e-01 1.967661082744598389e-01
-3.566580712795257568e-01 5.560658574104309082e-01 2.131588011980056763e-01
-4.131527841091156006e-01 5.231477022171020508e-01 9.670704603195190430e-02
-5.179831385612487793e-01 4.970656335353851318e-01 -5.312326550483703613e-02
-4.736926853656768799e-01 5.250688195228576660e-01 -1.086213588714599609e-01
-3.399957716464996338e-01 4.218618273735046387e-01 -2.914060652256011963e-01
-4.152580797672271729e-01 4.196476936340332031e-01 -3.995713591575622559e-01
-4.681689441204071045e-01 3.460347354412078857e-01 -4.724037051200866699e-01
-4.285894930362701416e-01 3.479265868663787842e-01 -4.925242364406585693e-01
-4.162559509277343750e-01 3.658414781093597412e-01 -4.978106617927551270e-01
-3.852214515209197998e-01 3.202708363533020020e-01 -5.399146080017089844e-01
-4.292810559272766113e-01 2.808778584003448486e-01 -5.298281311988830566e-01
-4.091832935810089111e-01 3.769023418426513672e-01 -5.231105685234069824e-01
-4.195747673511505127e-01 3.147485852241516113e-01 -5.347828269004821777e-01
-3.946705460548400879e-01 3.231551647186279297e-01 -5.569556355476379395e-01
-3.823447525501251221e-01 2.483774423599243164e-01 -5.558894872665405273e-01
-3.213679790496826172e-01 2.511574029922485352e-01 -5.672825574874877930e-01
-4.063963890075683594e-01 2.787505090236663818e-01 -5.339878797531127930e-01
-3.376246988773345947e-01 1.190275773406028748e-01 -5.669909715652465820e-01
-1.362363994121551514e-01 9.174697846174240112e-02 -5.692970156669616699e-01
-1.343535482883453369e-01 1.588063985109329224e-01 -4.834943413734436035e-01
1.315022259950637817e-02 1.652546525001525879e-01 -4.927065372467041016e-01
4.724666774272918701e-01 7.901372760534286499e-02 -3.958580195903778076e-01
4.957276880741119385e-01 3.476733267307281494e-01 -3.937909603118896484e-01
5.218842029571533203e-01 4.679970741271972656e-01 -4.802492558956146240e-01
5.841658115386962891e-01 5.050929188728332520e-01 -4.964218139648437500e-01
4.998745024204254150e-01 4.952862858772277832e-01 -5.211382508277893066e-01
5.059865117073059082e-01 4.455590248107910156e-01 -5.089097619056701660e-01
5.165378451347351074e-01 4.614559412002563477e-01 -4.711718559265136719e-01
5.321375727653503418e-01 4.744787514209747314e-01 -4.686904251575469971e-01
5.430812835693359375e-01 4.290493130683898926e-01 -4.977322220802307129e-01
5.093780755996704102e-01 4.270006418228149414e-01 -4.967282414436340332e-01
4.745596349239349365e-01 4.796559214591979980e-01 -4.805099666118621826e-01
3.578534424304962158e-01 4.335406124591827393e-01 -5.501221418380737305e-01
4.251646399497985840e-01 3.961736559867858887e-01 -5.711810588836669922e-01
3.823245465755462646e-01 3.933869600296020508e-01 -5.817914605140686035e-01
2.447095513343811035e-01 3.408929705619812012e-01 -5.999845266342163086e-01
7.973141968250274658e-02 3.790442943572998047e-01 -5.934301018714904785e-01
4.674390330910682678e-02 3.656933903694152832e-01 -6.005935668945312500e-01
-1.759732216596603394e-01 4.602544903755187988e-01 -5.562417507171630859e-01
-2.656969726085662842e-01 3.721567094326019287e-01 -5.853763818740844727e-01
-3.752074539661407471e-01 3.272389769554138184e-01 -6.081292033195495605e-01
-4.149046838283538818e-01 3.879616260528564453e-01 -5.943950414657592773e-01
-4.686587750911712646e-01 4.052202701568603516e-01 -5.839536190032958984e-01
-5.189981460571289062e-01 2.850067615509033203e-01 -5.585940480232238770e-01
-5.205193161964416504e-01 2.424122840166091919e-01 -5.001026988029479980e-01
-4.895339012145996094e-01 2.918395698070526123e-01 -4.739504456520080566e-01
-4.415624141693115234e-01 2.725213766098022461e-01 -4.590830206871032715e-01
-4.823022186756134033e-01 2.112029194831848145e-01 -4.230954945087432861e-01
-4.945541024208068848e-01 2.472354322671890259e-01 -4.034190773963928223e-01
-4.503833949565887451e-01 1.115504801273345947e-01 -4.165171086788177490e-01
-4.854116141796112061e-01 1.296257525682449341e-01 -3.826562464237213135e-01
-4.985695183277130127e-01 1.223288848996162415e-01 -4.484232962131500244e-01
-5.566110610961914062e-01 3.005140833556652069e-02 -4.213290512561798096e-01
-4.370730519294738770e-01 7.843756675720214844e-02 -2.620906829833984375e-01
-4.342691898345947266e-01 1.746457964181900024e-01 -3.078651130199432373e-01
