-9.406943619251251221e-02 2.115962207317352295e-01 5.497762560844421387e-01
-1.037098616361618042e-01 4.228928983211517334e-01 5.665682554244995117e-01
-4.324182122945785522e-02 4.026423692703247070e-01 5.047177076339721680e-01
-7.476423867046833038e-03 4.206750094890594482e-01 5.005735158920288086e-01
-1.205919384956359863e-01 4.397828280925750732e-01 4.505142271518707275e-01
-2.217166721820831299e-01 4.390887916088104248e-01 4.285306334495544434e-01
-1.658617109060287476e-01 4.576480388641357422e-01 3.807868659496307373e-01
-1.467511057853698730e-01 4.836761355400085449e-01 4.089695513248443604e-01
-8.872679620981216431e-02 4.551524817943572998e-01 3.916994333267211914e-01
-1.102873012423515320e-01 5.583440661430358887e-01 4.272388815879821777e-01
8.645653724670410156e-02 5.099145770072937012e-01 3.550966084003448486e-01
-6.445877254009246826e-02 5.185810327529907227e-01 3.603222370147705078e-01
9.146246314048767090e-02 5.027205348014831543e-01 3.343630135059356689e-01
1.148187816143035889e-01 4.956996440887451172e-01 3.079681992530822754e-01
-3.683902323246002197e-04 5.691303610801696777e-01 1.916152089834213257e-01
-2.379522770643234253e-01 5.581590533256530762e-01 1.483033597469329834e-01
-3.801650702953338623e-01 5.091532468795776367e-01 -8.414110634475946426e-04
-5.247393846511840820e-01 5.096216797828674316e-01 -1.399434208869934082e-01
-5.420619845390319824e-01 5.411292910575866699e-01 -1.656192690134048462e-01
-4.686676561832427979e-01 5.303975939750671387e-01 -2.529788315296173096e-01
-5.798644423484802246e-01 5.027823448181152344e-01 -2.558790445327758789e-01
-5.742017030715942383e-01 4.384142458438873291e-01 -3.227198719978332520e-01
-5.723721385002136230e-01 4.175056815147399902e-01 -3.453865051269531250e-01
-5.720671415328979492e-01 3.505131602287292480e-01 -3.820844590663909912e-01
-6.436715126037597656e-01 3.984757661819458008e-01 -3.078812658786773682e-01
-6.227400302886962891e-01 4.293438792228698730e-01 -3.457354605197906494e-01
-5.537004470825195312e-01 4.287363886833190918e-01 -4.169043600559234619e-01
-5.632474422454833984e-01 4.194363653659820557e-01 -4.618835151195526123e-01
-5.510572791099548340e-01 4.365139901638031006e-01 -4.637002050876617432e-01
-5.040230154991149902e-01 3.251946866512298584e-01 -4.882638454437255859e-01
-4.619194269180297852e-01 3.435282409191131592e-01 -4.476365447044372559e-01
-3.875208199024200439e-01 3.446438610553741455e-01 -4.818734228610992432e-01
-1.759330034255981445e-01 1.284015327692031860e-01 -4.804186820983886719e-01
2.227421104907989502e-01 -1.117073670029640198e-01 -3.177843391895294189e-01
4.661506116390228271e-01 7.690919935703277588e-02 -4.404380619525909424e-01
5.341987609863281250e-01 2.984302341938018799e-01 -5.281260609626770020e-01
6.021118164062500000e-01 2.795903384685516357e-01 -5.122147798538208008e-01
6.173860430717468262e-01 3.937164843082427979e-01 -5.196875929832458496e-01
5.977748632431030273e-01 4.899227619171142578e-01 -4.891144633293151855e-01
5.516729950904846191e-01 5.402757525444030762e-01 -4.310066401958465576e-01
5.512831211090087891e-01 4.288813769817352295e-01 -4.026058912277221680e-01
5.806536078453063965e-01 4.965604245662689209e-01 -4.011686742305755615e-01
5.324999094009399414e-01 5.163409709930419922e-01 -4.176544249057769775e-01
5.905042290687561035e-01 4.854748547077178955e-01 -4.728412628173828125e-01
5.996024608612060547e-01 4.509254395961761475e-01 -4.838332533836364746e-01
4.744092524051666260e-01 4.256543219089508057e-01 -4.858793616294860840e-01
4.579475224018096924e-01 3.114079833030700684e-01 -5.135608911514282227e-01
4.184823036193847656e-01 2.551816403865814209e-01 -5.019198656082153320e-01
1.968759447336196899e-01 3.636393249034881592e-01 -4.589842557907104492e-01
1.629678159952163696e-01 4.676142334938049316e-01 -3.651790916919708252e-01
1.392360627651214600e-01 4.688671231269836426e-01 -2.700826227664947510e-01
3.089347621425986290e-03 5.144267082214355469e-01 -1.534979790449142456e-01
-6.795455515384674072e-02 5.603203773498535156e-01 -1.673122495412826538e-02
-1.682561635971069336e-01 5.299726724624633789e-01 8.292210102081298828e-02
5.899239704012870789e-02 4.980505406856536865e-01 1.184762716293334961e-01
2.137257605791091919e-01 5.454188585281372070e-01 2.393561452627182007e-01
1.815572977066040039e-01 5.307624936103820801e-01 3.427367806434631348e-01
2.605785727500915527e-01 5.246781110763549805e-01 3.663077056407928467e-01
1.251505911350250244e-01 4.366542994976043701e-01 3.452621996402740479e-01
8.831008523702621460e-02 3.942602872848510742e-01 3.296267092227935791e-01
1.505576223134994507e-01 4.205570518970489502e-01 4.383953809738159180e-01
1.390924453735351562e-01 4.314513802528381348e-01 5.084593892097473145e-01
1.270903050899505615e-01 3.855574727058410645e-01 4.517310559749603271e-01
2.227512747049331665e-01 3.416760563850402832e-01 4.579641222953796387e-01
2.285408079624176025e-01 3.667156398296356201e-01 4.661988019943237305e-01
1.291788816452026367e-01 4.128513336181640625e-01 5.153733491897583008e-01
1.248330026865005493e-01 3.861785233020782471e-01 4.838514328002929688e-01
2.033831328153610229e-01 4.228904247283935547e-01 5.318720936775207520e-01
1.928898990154266357e-01 4.008004665374755859e-01 4.562121927738189697e-01
1.339566856622695923e-01 4.098187983036041260e-01 3.757238090038299561e-01
1.936033964157104492e-01 4.104833602905273438e-01 3.709450066089630127e-01
7.051599025726318359e-02 4.244908988475799561e-01 3.710069060325622559e-01
1.707224100828170776e-01 4.095351696014404297e-01 3.895894885063171387e-01
2.425575554370880127e-01 1.844148188829421997e-01 2.317568957805633545e-01
6.007827073335647583e-02 -9.630607068538665771e-02 8.160838484764099121e-02
1.989378631114959717e-01 -3.393808007240295410e-01 -6.356519460678100586e-02
8.952753618359565735e-03 -5.032470822334289551e-01 -9.879928827285766602e-02
-1.055129617452621460e-01 -5.346608757972717285e-01 -1.571874171495437622e-01
-1.499778684228658676e-02 -5.443443059921264648e-01 -1.758759319782257080e-01
8.908648788928985596e-02 -5.417966842651367188e-01 -1.766676306724548340e-01
6.890045851469039917e-02 -6.028326153755187988e-01 -1.983738392591476440e-01
-1.081292144954204559e-02 -6.408473849296569824e-01 -1.408287435770034790e-01
1.741835623979568481e-01 -6.610352396965026855e-01 -1.510197669267654419e-01
1.130510643124580383e-01 -6.631491184234619141e-01 -2.150880545377731323e-01
1.402024775743484497e-01 -6.326040029525756836e-01 -1.961101889610290527e-01
1.034932360053062439e-01 -4.622721672058105469e-01 -1.322202682495117188e-01
