1.017026825513839688e-01
0.000000000000000000e+00
0.000000000000000000e+00
0.000000000000000000e+00
1.553464661977529276e-02
5.277173219149244345e-03
5.567121975757304345e-03
3.905654700532580452e-03
2.861558383180224686e-03
0.000000000000000000e+00
0.000000000000000000e+00
0.000000000000000000e+00
0.000000000000000000e+00
0.000000000000000000e+00
0.000000000000000000e+00
0.000000000000000000e+00
0.000000000000000000e+00
0.000000000000000000e+00
0.000000000000000000e+00
5.427180932335294887e-04
0.000000000000000000e+00
0.000000000000000000e+00
0.000000000000000000e+00
4.875149607563952119e-04
0.000000000000000000e+00
0.000000000000000000e+00
0.000000000000000000e+00
0.000000000000000000e+00
0.000000000000000000e+00
0.000000000000000000e+00
0.000000000000000000e+00
4.222518328753905315e-01
7.609945831503596159e-01
7.526781209834277897e-01
3.947039151138418966e-01
0.000000000000000000e+00
0.000000000000000000e+00
0.000000000000000000e+00
0.000000000000000000e+00
0.000000000000000000e+00
0.000000000000000000e+00
0.000000000000000000e+00
0.000000000000000000e+00
0.000000000000000000e+00
3.599578690575008181e-03
6.090552050399622788e-03
3.978168535670644802e-03
0.000000000000000000e+00
0.000000000000000000e+00
0.000000000000000000e+00
0.000000000000000000e+00
0.000000000000000000e+00
1.623578520716954885e-03
5.053431468429530130e-03
6.157141288363711037e-03
6.177296679742176264e-03
8.298703076643678539e-03
9.229449206996895999e-03
0.000000000000000000e+00
0.000000000000000000e+00
0.000000000000000000e+00
0.000000000000000000e+00
0.000000000000000000e+00
1.222223447733396598e-02
1.887359816432163453e-02
8.901494086011603468e-03
0.000000000000000000e+00
0.000000000000000000e+00
0.000000000000000000e+00
0.000000000000000000e+00
1.519041723310366517e-03
2.955370630615557302e-03
1.201212077023776359e-03
1.412046144570410899e-03
5.850866811751427067e-03
6.513822619964263795e-03
5.461376001880346998e-03
1.207404971712455755e-03
4.127003825470528756e-05
1.081933617542238249e-03
0.000000000000000000e+00
0.000000000000000000e+00
0.000000000000000000e+00
0.000000000000000000e+00
4.460071300468815975e-03
8.477080495528163326e-03
7.325044045171761470e-03
4.958307135888049416e-03
2.176458841733387457e-03
0.000000000000000000e+00
0.000000000000000000e+00
0.000000000000000000e+00
9.592113940706155101e-04
3.549399704708815998e-03
0.000000000000000000e+00
0.000000000000000000e+00
0.000000000000000000e+00
0.000000000000000000e+00
0.000000000000000000e+00
9.604232167630492867e-02
3.579612651086370168e-01
