2.427826489233409768e-01
0.000000000000000000e+00
0.000000000000000000e+00
0.000000000000000000e+00
0.000000000000000000e+00
8.497030069635074651e-03
0.000000000000000000e+00
0.000000000000000000e+00
0.000000000000000000e+00
0.000000000000000000e+00
0.000000000000000000e+00
0.000000000000000000e+00
0.000000000000000000e+00
0.000000000000000000e+00
0.000000000000000000e+00
0.000000000000000000e+00
0.000000000000000000e+00
0.000000000000000000e+00
0.000000000000000000e+00
0.000000000000000000e+00
0.000000000000000000e+00
0.000000000000000000e+00
6.954403892189840730e-03
1.172294015308960810e-02
6.408866837397731060e-03
0.000000000000000000e+00
0.000000000000000000e+00
0.000000000000000000e+00
6.650959403061403388e-03
1.397495966064171875e-02
8.114441488977847811e-03
2.953058861619012408e-03
0.000000000000000000e+00
0.000000000000000000e+00
0.000000000000000000e+00
0.000000000000000000e+00
3.241218367828682667e-01
5.782466565563098015e-01
6.259983401057568342e-01
4.482231903368467107e-01
8.477760427585971648e-02
0.000000000000000000e+00
0.000000000000000000e+00
0.000000000000000000e+00
0.000000000000000000e+00
0.000000000000000000e+00
0.000000000000000000e+00
4.891034290557733956e-03
1.651314235712869616e-02
1.486469669963809068e-02
9.826139204386654530e-03
3.803249582009930133e-03
4.658901810713831151e-03
9.874612847145696967e-03
1.081592916451650302e-02
6.408833759621944404e-03
0.000000000000000000e+00
0.000000000000000000e+00
0.000000000000000000e+00
0.000000000000000000e+00
0.000000000000000000e+00
2.851671803528872087e-04
2.579544617452195730e-03
5.713814560747958703e-03
5.772226237476254032e-03
1.085656704972287308e-03
0.000000000000000000e+00
0.000000000000000000e+00
0.000000000000000000e+00
0.000000000000000000e+00
0.000000000000000000e+00
0.000000000000000000e+00
0.000000000000000000e+00
0.000000000000000000e+00
0.000000000000000000e+00
0.000000000000000000e+00
0.000000000000000000e+00
0.000000000000000000e+00
0.000000000000000000e+00
0.000000000000000000e+00
0.000000000000000000e+00
0.000000000000000000e+00
1.137567496166258171e-02
2.966924697697337354e-02
3.526298921162095146e-02
2.977409617559571495e-02
1.932476064949006922e-02
1.656979723643195760e-03
0.000000000000000000e+00
2.468620134010639320e-03
7.411277806643855846e-03
1.272715202346181781e-02
0.000000000000000000e+00
0.000000000000000000e+00
0.000000000000000000e+00
0.000000000000000000e+00
1.007354167189096483e-01
1.884396139604517517e-01
2.413408676959938881e-01
2.491605806897627395e-01
2.008580327259679721e-01
1.327316043655886735e-01
0.000000000000000000e+00
0.000000000000000000e+00
0.000000000000000000e+00
0.000000000000000000e+00
0.000000000000000000e+00
0.000000000000000000e+00
0.000000000000000000e+00
0.000000000000000000e+00
0.000000000000000000e+00
0.000000000000000000e+00
0.000000000000000000e+00
0.000000000000000000e+00
0.000000000000000000e+00
0.000000000000000000e+00
0.000000000000000000e+00
0.000000000000000000e+00
0.000000000000000000e+00
0.000000000000000000e+00
1.087424895853428448e-02
2.477249023120479954e-02
2.594915124797909575e-02
1.329678807556767747e-02
0.000000000000000000e+00
0.000000000000000000e+00
0.000000000000000000e+00
0.000000000000000000e+00
0.000000000000000000e+00
0.000000000000000000e+00
2.277120063163556585e-01
3.698518544553314746e-01
