-5.640273913741111755e-02 4.534569978713989258e-01 6.254184842109680176e-01
-1.690806597471237183e-01 4.635622203350067139e-01 5.678514838218688965e-01
-2.821448445320129395e-01 4.551773071289062500e-01 4.726943969726562500e-01
-2.526490092277526855e-01 4.557127654552459717e-01 4.324366748332977295e-01
-3.170906901359558105e-01 4.812501072883605957e-01 4.774034321308135986e-01
-2.546550035476684570e-01 4.631479680538177490e-01 4.658931195735931396e-01
-2.287433743476867676e-01 4.988877177238464355e-01 4.695447981357574463e-01
-1.273611038923263550e-01 4.551956057548522949e-01 4.489892721176147461e-01
-1.993442624807357788e-01 5.005162954330444336e-01 4.340721368789672852e-01
-2.386381477117538452e-01 4.297646582126617432e-01 4.270437657833099365e-01
-2.557759582996368408e-01 4.492805302143096924e-01 4.069989919662475586e-01
-1.639974117279052734e-01 5.608298778533935547e-01 2.717882692813873291e-01
-5.801876261830329895e-02 5.245152711868286133e-01 1.657621264457702637e-01
-1.780935525894165039e-01 4.684454798698425293e-01 4.509132727980613708e-02
-3.297066390514373779e-01 5.015367269515991211e-01 -3.921811655163764954e-02
-4.201474785804748535e-01 5.223396420478820801e-01 -1.333146095275878906e-01
-4.270382821559906006e-01 5.309759378433227539e-01 -1.453976333141326904e-01
-4.477550089359283447e-01 5.118758678436279297e-01 -2.334019988775253296e-01
-4.444071054458618164e-01 4.568365216255187988e-01 -3.139146566390991211e-01
-5.112873911857604980e-01 5.023842453956604004e-01 -3.516102731227874756e-01
-5.198756456375122070e-01 4.783420562744140625e-01 -3.912340104579925537e-01
-5.006103515625000000e-01 4.618488252162933350e-01 -4.575745463371276855e-01
-4.315044879913330078e-01 3.942435979843139648e-01 -4.719474613666534424e-01
-4.953618645668029785e-01 4.119678139686584473e-01 -4.825868606567382812e-01
-5.686420202255249023e-01 4.370973110198974609e-01 -4.790594279766082764e-01
-3.745731413364410400e-01 3.754478991031646729e-01 -5.664947628974914551e-01
-3.074150383472442627e-01 3.537386059761047363e-01 -6.032996773719787598e-01
-3.366096317768096924e-01 3.027276694774627686e-01 -5.867962837219238281e-01
-2.760971784591674805e-01 2.090899646282196045e-01 -5.251802206039428711e-01
-3.240072429180145264e-01 3.612073659896850586e-01 -5.436568856239318848e-01
-1.084303781390190125e-01 2.240760922431945801e-01 -5.220917463302612305e-01
3.257175385951995850e-01 -1.094493567943572998e-01 -3.030369877815246582e-01
5.145634412765502930e-01 2.147777378559112549e-01 -4.097329080104827881e-01
6.273357272148132324e-01 3.175201714038848877e-01 -5.362353920936584473e-01
6.470462679862976074e-01 3.572977483272552490e-01 -5.545339584350585938e-01
6.330622434616088867e-01 4.654554128646850586e-01 -5.442826151847839355e-01
6.422848701477050781e-01 4.098166823387145996e-01 -5.512554645538330078e-01
6.344083547592163086e-01 3.645445406436920166e-01 -5.734589695930480957e-01
5.892406702041625977e-01 4.037285447120666504e-01 -5.280672907829284668e-01
5.756661295890808105e-01 4.637085795402526855e-01 -4.979891777038574219e-01
6.145839095115661621e-01 2.817204594612121582e-01 -5.114051699638366699e-01
5.564603805541992188e-01 7.943981140851974487e-02 -4.969846904277801514e-01
5.012105107307434082e-01 2.743283752351999283e-03 -4.934092760086059570e-01
3.740098178386688232e-01 -8.523195236921310425e-02 -4.510293304920196533e-01
1.949195563793182373e-01 -7.933796197175979614e-02 -4.125967323780059814e-01
1.390942037105560303e-01 -2.101235538721084595e-01 -3.960762321949005127e-01
6.716276705265045166e-02 -2.418731749057769775e-01 -2.871735095977783203e-01
-7.446735166013240814e-03 -2.163619697093963623e-01 -1.542676240205764771e-01
1.247156760655343533e-04 -1.440211534500122070e-01 7.083589583635330200e-02
2.657650411128997803e-02 -6.692077964544296265e-02 2.224337756633758545e-01
2.580958977341651917e-02 -2.298539131879806519e-01 2.323513478040695190e-01
1.167837753891944885e-01 -1.877780854701995850e-01 3.358621001243591309e-01
2.396942526102066040e-01 -1.279192119836807251e-01 3.854152858257293701e-01
1.814585030078887939e-01 4.816002771258354187e-02 4.088040590286254883e-01
7.205458823591470718e-04 1.092516109347343445e-01 4.259583652019500732e-01
6.352201104164123535e-02 1.326452046632766724e-01 4.631043672561645508e-01
2.264164686203002930e-01 -1.144176069647073746e-02 5.079855322837829590e-01
2.933214604854583740e-01 6.530427187681198120e-02 5.822622179985046387e-01
2.292729616165161133e-01 3.423240408301353455e-02 5.954419970512390137e-01
1.317853033542633057e-01 4.361550137400627136e-02 5.818462967872619629e-01
1.989049464464187622e-01 6.791752576828002930e-02 5.788288712501525879e-01
2.763141095638275146e-01 -1.250419020652770996e-01 5.050022602081298828e-01
2.425723373889923096e-01 8.113333024084568024e-03 5.078541040420532227e-01
-9.982517920434474945e-03 2.152104675769805908e-02 5.024802088737487793e-01
1.634416282176971436e-01 -2.617317996919155121e-02 4.944288432598114014e-01
1.700126230716705322e-01 -1.624566614627838135e-01 4.368257522583007812e-01
1.603591591119766235e-01 -2.644582688808441162e-01 4.267437756061553955e-01
1.800281554460525513e-01 -2.679972350597381592e-01 4.108539223670959473e-01
1.268711686134338379e-01 -3.515293896198272705e-01 3.592598736286163330e-01
9.565591812133789062e-02 -4.493907094001770020e-01 2.713783681392669678e-01
3.029191680252552032e-02 -4.248062372207641602e-01 2.289096564054489136e-01
-1.010248437523841858e-01 -4.348675012588500977e-01 1.314185857772827148e-01
-2.581414580345153809e-01 -2.275768965482711792e-01 5.740190669894218445e-02
-2.561170458793640137e-01 -1.684619486331939697e-02 -4.748717322945594788e-02
-8.437171578407287598e-02 3.721908032894134521e-01 -9.207855910062789917e-02
-9.817401319742202759e-02 4.335747361183166504e-01 -2.097988873720169067e-01
-9.670203924179077148e-02 4.422122538089752197e-01 -2.735412120819091797e-01
-2.667447626590728760e-01 4.145945608615875244e-01 -3.923078179359436035e-01
-3.384186029434204102e-01 3.496735095977783203e-01 -4.099877178668975830e-01
-2.557328343391418457e-01 3.266603648662567139e-01 -4.047952890396118164e-01
-3.357015252113342285e-01 3.233316838741302490e-01 -3.745221495628356934e-01
-2.503584325313568115e-01 5.411335825920104980e-01 -1.776671409606933594e-01
-1.055220514535903931e-01 5.387035608291625977e-01 -4.645039141178131104e-02
-4.306548461318016052e-02 5.032494664192199707e-01 4.376757517457008362e-02
-7.495512813329696655e-02 3.390693366527557373e-01 1.006695106625556946e-01
6.718035787343978882e-02 1.821076273918151855e-01 1.376559138298034668e-01
1.509485542774200439e-01 -2.618185877799987793e-01 1.436970978975296021e-01
2.047671079635620117e-01 -3.959278762340545654e-01 2.725139856338500977e-01
1.473478227853775024e-01 -5.037704706192016602e-01 2.609359622001647949e-01
1.794369667768478394e-01 -3.946053385734558105e-01 3.582213819026947021e-01
3.119391202926635742e-01 -2.245355844497680664e-01 3.831160366535186768e-01
2.860012948513031006e-01 -2.784659266471862793e-01 4.561174511909484863e-01
2.649221122264862061e-01 -3.281154930591583252e-01 4.576561152935028076e-01
2.308423966169357300e-01 -3.676494061946868896e-01 3.948192596435546875e-01
4.386540874838829041e-02 -4.247050881385803223e-01 3.827888369560241699e-01
1.721065491437911987e-01 -1.144495308399200439e-01 4.810391068458557129e-01
1.686001271009445190e-01 -1.102570518851280212e-01 4.902754127979278564e-01
2.394643872976303101e-01 -1.126711666584014893e-01 4.695408344268798828e-01
3.734688162803649902e-01 -2.236948311328887939e-01 4.780057370662689209e-01
3.856371939182281494e-01 -3.745896220207214355e-01 5.148460865020751953e-01
4.544412493705749512e-01 -1.351556330919265747e-01 1.587212979793548584e-01
