-5.410661920905113220e-02 1.372163593769073486e-01 5.797857642173767090e-01
-8.119135349988937378e-02 2.681770920753479004e-01 5.343845486640930176e-01
-2.280852794647216797e-01 3.369082212448120117e-01 5.417965650558471680e-01
-2.750756144523620605e-01 3.628009855747222900e-01 5.512545108795166016e-01
-1.214470714330673218e-01 3.655129671096801758e-01 5.156342387199401855e-01
-1.297853291034698486e-01 3.066652417182922363e-01 5.341902971267700195e-01
-7.199149578809738159e-02 2.454686760902404785e-01 4.404562711715698242e-01
6.613415200263261795e-03 3.721603453159332275e-01 4.612780511379241943e-01
-2.867677621543407440e-02 5.061020255088806152e-01 5.093507170677185059e-01
7.443225383758544922e-02 4.834092259407043457e-01 4.499195516109466553e-01
2.185417711734771729e-01 4.669338464736938477e-01 3.791991770267486572e-01
2.308581620454788208e-01 3.186811208724975586e-01 3.356206715106964111e-01
1.124294623732566833e-01 4.157747626304626465e-01 3.719031512737274170e-01
-4.082500562071800232e-02 4.575627446174621582e-01 3.740259110927581787e-01
-1.272147148847579956e-01 4.098949134349822998e-01 3.006942868232727051e-01
-2.337873578071594238e-01 3.790954053401947021e-01 1.641485691070556641e-01
-1.818245053291320801e-01 2.113030701875686646e-01 3.317613527178764343e-02
-1.784318089485168457e-01 2.090028673410415649e-01 -1.115390136837959290e-01
-3.439614772796630859e-01 1.979816555976867676e-01 -1.945521831512451172e-01
-4.082405269145965576e-01 1.438337415456771851e-01 -3.253134787082672119e-01
-4.125355780124664307e-01 1.633857488632202148e-01 -4.117385447025299072e-01
-5.168557763099670410e-01 1.375160813331604004e-01 -4.230138063430786133e-01
-5.137481689453125000e-01 2.424153238534927368e-01 -4.275650978088378906e-01
-5.198277235031127930e-01 2.399292439222335815e-01 -4.731391072273254395e-01
-4.892685115337371826e-01 1.412331163883209229e-01 -4.846895933151245117e-01
-4.743198156356811523e-01 2.120733261108398438e-01 -4.724305868148803711e-01
-5.280259251594543457e-01 1.651094555854797363e-01 -4.971399605274200439e-01
-5.113448500633239746e-01 2.260500341653823853e-01 -5.157488584518432617e-01
-5.091887712478637695e-01 1.596461683511734009e-01 -5.486589670181274414e-01
-5.262936353683471680e-01 9.261379390954971313e-02 -5.590270757675170898e-01
-5.067135691642761230e-01 2.481095790863037109e-01 -5.651440620422363281e-01
-5.026903748512268066e-01 2.071095705032348633e-01 -5.585380196571350098e-01
-3.595674932003021240e-01 1.059753075242042542e-01 -5.562241077423095703e-01
-3.973178267478942871e-01 1.429374329745769501e-02 -4.824009537696838379e-01
-3.645284473896026611e-01 1.863958314061164856e-02 -4.550819694995880127e-01
-3.303896784782409668e-01 -7.922346889972686768e-02 -3.923212885856628418e-01
-1.468352675437927246e-01 -9.600351750850677490e-02 -2.003803104162216187e-01
3.064418137073516846e-01 -1.235265880823135376e-01 -1.161958575248718262e-01
2.493204921483993530e-01 -4.171379208564758301e-01 2.309589982032775879e-01
-2.175975590944290161e-01 -6.617834568023681641e-01 4.510432779788970947e-01
-1.609571874141693115e-01 -5.077517032623291016e-01 4.465129971504211426e-01
-1.314527839422225952e-01 -4.784141182899475098e-01 5.144425630569458008e-01
-1.755826026201248169e-01 -4.816231429576873779e-01 4.895212054252624512e-01
-1.664581596851348877e-01 -4.192509055137634277e-01 5.607201457023620605e-01
-1.071574389934539795e-01 -2.700788676738739014e-01 6.197704076766967773e-01
-6.424322724342346191e-02 -2.597140073776245117e-01 6.564265489578247070e-01
-1.319826543331146240e-01 -3.301308751106262207e-01 6.311029791831970215e-01
-7.537087798118591309e-02 -3.309129774570465088e-01 6.264114975929260254e-01
7.465934753417968750e-02 -4.139445722103118896e-01 5.901566743850708008e-01
-5.953882634639739990e-02 -3.778635859489440918e-01 6.113076806068420410e-01
-1.061083376407623291e-01 -4.043823182582855225e-01 6.038644313812255859e-01
9.306139312684535980e-03 -4.621901512145996094e-01 5.957999229431152344e-01
-9.053479135036468506e-02 -5.375214219093322754e-01 5.418821573257446289e-01
-1.208350583910942078e-01 -5.524473786354064941e-01 5.089645981788635254e-01
-3.569229543209075928e-01 -5.524837374687194824e-01 4.552601873874664307e-01
-4.080637693405151367e-01 -5.849018692970275879e-01 3.043815195560455322e-01
-3.669406771659851074e-01 -6.075874567031860352e-01 1.225601658225059509e-01
-3.853214085102081299e-01 -6.189855337142944336e-01 7.822626829147338867e-02
-3.779015243053436279e-01 -6.505131721496582031e-01 1.349530182778835297e-02
-4.558585882186889648e-01 -6.248892545700073242e-01 -4.994262754917144775e-02
-4.414832293987274170e-01 -6.264222264289855957e-01 -5.557388439774513245e-02
-3.423267304897308350e-01 -6.407994627952575684e-01 -1.175788938999176025e-01
-2.846305966377258301e-01 -6.243207454681396484e-01 -1.394197195768356323e-01
-3.108860850334167480e-01 -5.878210067749023438e-01 -1.360565871000289917e-01
-2.557280659675598145e-01 -5.902431607246398926e-01 -9.143929928541183472e-02
-1.509422212839126587e-01 -6.206867694854736328e-01 -7.338689267635345459e-02
-1.684457957744598389e-01 -6.303036808967590332e-01 -7.943909615278244019e-02
-2.398828789591789246e-02 -6.462641954421997070e-01 -1.953893154859542847e-02
