2.110985794936629800e-01
0.000000000000000000e+00
0.000000000000000000e+00
0.000000000000000000e+00
0.000000000000000000e+00
0.000000000000000000e+00
0.000000000000000000e+00
0.000000000000000000e+00
0.000000000000000000e+00
3.324011415816680547e-03
0.000000000000000000e+00
0.000000000000000000e+00
0.000000000000000000e+00
0.000000000000000000e+00
0.000000000000000000e+00
0.000000000000000000e+00
0.000000000000000000e+00
0.000000000000000000e+00
0.000000000000000000e+00
0.000000000000000000e+00
0.000000000000000000e+00
0.000000000000000000e+00
4.762313963743722636e-03
9.163900081315835139e-03
6.530644506605263327e-03
0.000000000000000000e+00
7.808560270366545104e-04
1.483777139014891538e-03
4.489991986320765113e-03
5.326738428509199610e-03
0.000000000000000000e+00
0.000000000000000000e+00
0.000000000000000000e+00
0.000000000000000000e+00
0.000000000000000000e+00
0.000000000000000000e+00
1.389995764170293829e-02
5.765903053104065590e-01
7.758875870754530224e-01
5.601520877907398832e-01
0.000000000000000000e+00
0.000000000000000000e+00
0.000000000000000000e+00
0.000000000000000000e+00
0.000000000000000000e+00
0.000000000000000000e+00
0.000000000000000000e+00
5.956160722692654258e-03
7.728897960350472086e-03
4.120708022146040914e-03
0.000000000000000000e+00
0.000000000000000000e+00
0.000000000000000000e+00
0.000000000000000000e+00
0.000000000000000000e+00
7.526862581162706983e-03
1.800079694652730739e-02
2.068817878834776705e-02
1.322876914262798367e-02
3.584105642124362553e-03
0.000000000000000000e+00
0.000000000000000000e+00
2.039685914169882004e-04
0.000000000000000000e+00
0.000000000000000000e+00
0.000000000000000000e+00
0.000000000000000000e+00
2.915632497663633860e-01
