1.084837689995765686e-01 -1.774767064489424229e-03 4.389118552207946777e-01
2.087384909391403198e-01 3.323124051094055176e-01 4.992045760154724121e-01
3.232169449329376221e-01 3.368964195251464844e-01 5.080674290657043457e-01
1.630902886390686035e-01 4.281867742538452148e-01 5.435218811035156250e-01
-1.899152249097824097e-02 4.776867926120758057e-01 5.718321800231933594e-01
-1.398238688707351685e-01 4.069872200489044189e-01 5.227793455123901367e-01
-7.704523205757141113e-02 3.835184872150421143e-01 5.019266009330749512e-01
-1.748000532388687134e-01 4.518914520740509033e-01 4.865446686744689941e-01
-1.617811322212219238e-01 4.323557913303375244e-01 4.825730919837951660e-01
-6.216866895556449890e-02 4.012479782104492188e-01 4.404055178165435791e-01
-8.125275373458862305e-02 4.779801070690155029e-01 4.491943418979644775e-01
-1.552184671163558960e-01 5.238561630249023438e-01 4.364365041255950928e-01
-2.449820339679718018e-01 5.382091999053955078e-01 3.724654614925384521e-01
-2.540220916271209717e-01 5.327680110931396484e-01 3.065135180950164795e-01
-3.011172115802764893e-01 4.314943850040435791e-01 1.729470640420913696e-01
-4.244617223739624023e-01 3.296551108360290527e-01 -3.956463932991027832e-02
-4.260372221469879150e-01 4.250145852565765381e-01 -1.102527976036071777e-01
-5.822578668594360352e-01 4.122275114059448242e-01 -2.076597511768341064e-01
-5.175045728683471680e-01 4.041957557201385498e-01 -3.479948639869689941e-01
-5.296635627746582031e-01 3.468950092792510986e-01 -4.330330193042755127e-01
-5.989419221878051758e-01 3.667042851448059082e-01 -4.550240635871887207e-01
-5.354844331741333008e-01 3.668023347854614258e-01 -4.842301905155181885e-01
-5.631508827209472656e-01 3.269073069095611572e-01 -5.014533400535583496e-01
-6.078446507453918457e-01 3.724825084209442139e-01 -5.197409391403198242e-01
-5.935160517692565918e-01 3.027684986591339111e-01 -5.792168974876403809e-01
-5.944451093673706055e-01 2.604030966758728027e-01 -5.587959885597229004e-01
-6.447467803955078125e-01 2.262403517961502075e-01 -5.528569221496582031e-01
-6.376505494117736816e-01 2.254045158624649048e-01 -5.426740050315856934e-01
-5.948700308799743652e-01 2.447083890438079834e-01 -5.373409986495971680e-01
-5.661258697509765625e-01 2.999004721641540527e-01 -4.817503690719604492e-01
-5.294277667999267578e-01 4.537868499755859375e-01 -3.193939626216888428e-01
-3.713639080524444580e-01 2.964999675750732422e-01 -3.680325150489807129e-01
-1.056250184774398804e-01 2.840068042278289795e-01 -1.317801922559738159e-01
8.603161573410034180e-02 2.969451248645782471e-01 1.430236399173736572e-01
3.465302586555480957e-01 -1.567758768796920776e-01 3.151529282331466675e-02
4.251906275749206543e-01 -2.741088569164276123e-01 1.182066351175308228e-01
1.114474311470985413e-01 -6.035804748535156250e-01 4.447075724601745605e-01
3.218183219432830811e-01 -5.373809337615966797e-01 5.349100828170776367e-01
2.125115245580673218e-01 -3.873929083347320557e-01 4.921483695507049561e-01
2.941539138555526733e-02 -3.410432934761047363e-01 5.022192597389221191e-01
-6.722149997949600220e-02 -3.836383223533630371e-01 5.221363902091979980e-01
8.386097848415374756e-02 -4.093641936779022217e-01 4.650058150291442871e-01
7.178162783384323120e-02 -4.366998374462127686e-01 4.823878705501556396e-01
7.789200544357299805e-02 -4.143989086151123047e-01 5.077672600746154785e-01
9.760326147079467773e-02 -3.751965761184692383e-01 4.727897644042968750e-01
1.189243569970130920e-01 -3.824821412563323975e-01 5.124272108078002930e-01
2.786047942936420441e-02 -3.063069283962249756e-01 5.338104963302612305e-01
-4.831741005182266235e-02 -4.383033215999603271e-01 5.007758736610412598e-01
1.187241151928901672e-01 -3.414436876773834229e-01 5.289573073387145996e-01
4.978391528129577637e-02 -4.414270818233489990e-01 4.321208000183105469e-01
-1.067084223031997681e-01 -4.248151481151580811e-01 3.787330687046051025e-01
-9.675967693328857422e-02 -5.051763653755187988e-01 3.052453696727752686e-01
-2.694728970527648926e-01 -4.324807822704315186e-01 2.345167100429534912e-01
-3.795721232891082764e-01 -5.159770250320434570e-01 1.915745064616203308e-02
-3.944034278392791748e-01 -5.432912707328796387e-01 -5.782435834407806396e-02
-3.489424884319305420e-01 -5.915710926055908203e-01 -1.312440186738967896e-01
-3.081702589988708496e-01 -5.826229453086853027e-01 -1.839333921670913696e-01
-2.856884002685546875e-01 -6.049329638481140137e-01 -1.514340788125991821e-01
-2.186002582311630249e-01 -6.412346363067626953e-01 -1.692090779542922974e-01
-1.225451454520225525e-01 -6.714103221893310547e-01 -1.017955765128135681e-01
7.160536944866180420e-02 -6.540490388870239258e-01 -5.026839673519134521e-02
1.294990926980972290e-01 -5.799367427825927734e-01 -4.805497883353382349e-04
2.452062517404556274e-01 -2.456843554973602295e-01 -7.502911239862442017e-02
