-1.363634765148162842e-01 4.094971120357513428e-01 6.133381724357604980e-01
-9.378375113010406494e-02 5.161604285240173340e-01 6.148787736892700195e-01
-8.550798892974853516e-02 4.925043880939483643e-01 6.205010414123535156e-01
-2.085884809494018555e-01 4.867134392261505127e-01 6.059365272521972656e-01
-1.263007670640945435e-01 4.700196683406829834e-01 5.979066491127014160e-01
-1.563100963830947876e-01 5.315731763839721680e-01 5.680618286132812500e-01
-3.182505071163177490e-02 5.089694857597351074e-01 5.510320067405700684e-01
-1.056707128882408142e-01 5.829960703849792480e-01 6.032255291938781738e-01
-8.138041943311691284e-02 4.724543392658233643e-01 5.829290747642517090e-01
-7.318058609962463379e-02 5.113462209701538086e-01 6.029957532882690430e-01
-7.459156960248947144e-02 4.107456505298614502e-01 5.317452549934387207e-01
-1.020332276821136475e-01 3.531714379787445068e-01 4.961273968219757080e-01
-6.062797084450721741e-02 3.625275194644927979e-01 4.167617559432983398e-01
-1.199080869555473328e-01 3.466302454471588135e-01 4.203537404537200928e-01
-9.520809352397918701e-02 4.357009530067443848e-01 4.367517232894897461e-01
-6.380252540111541748e-02 3.939921259880065918e-01 3.347925841808319092e-01
-1.704984307289123535e-01 3.776521086692810059e-01 2.202772200107574463e-01
-3.010058999061584473e-01 2.727743387222290039e-01 5.164564400911331177e-02
-4.771549999713897705e-01 4.228997826576232910e-01 2.543910779058933258e-02
-5.120689868927001953e-01 4.043654501438140869e-01 -8.316116034984588623e-02
-5.170690417289733887e-01 3.752285540103912354e-01 -1.921293735504150391e-01
-5.055022835731506348e-01 2.716571390628814697e-01 -3.373263180255889893e-01
-5.368924736976623535e-01 3.036462664604187012e-01 -3.327118754386901855e-01
-4.494981765747070312e-01 2.490750700235366821e-01 -4.045527577400207520e-01
-4.985158145427703857e-01 2.847726047039031982e-01 -4.515696763992309570e-01
-5.071187019348144531e-01 3.344985544681549072e-01 -4.003938138484954834e-01
-5.560219287872314453e-01 2.984100878238677979e-01 -4.474982321262359619e-01
-5.824407935142517090e-01 2.318526208400726318e-01 -4.536280930042266846e-01
-6.258476972579956055e-01 2.065982520580291748e-01 -4.289610385894775391e-01
-6.458146572113037109e-01 2.037895470857620239e-01 -4.255194664001464844e-01
-6.058441400527954102e-01 1.259505599737167358e-01 -4.691280126571655273e-01
-6.052883863449096680e-01 4.856834933161735535e-02 -3.974839746952056885e-01
-5.922339558601379395e-01 6.530147977173328400e-03 -2.953149676322937012e-01
-5.735819935798645020e-01 -2.228787541389465332e-02 -2.025406509637832642e-01
-4.923897087574005127e-01 5.612020939588546753e-02 -7.568744570016860962e-02
-5.517114996910095215e-01 2.264206111431121826e-01 -2.777872383594512939e-01
-5.433762073516845703e-01 1.735005676746368408e-01 -2.900020778179168701e-01
-3.913680315017700195e-01 3.515584766864776611e-02 -1.157278642058372498e-01
8.106382936239242554e-02 -1.906812749803066254e-02 -4.227268323302268982e-02
-1.027557626366615295e-01 3.058559000492095947e-01 2.378905564546585083e-01
-2.356114536523818970e-01 4.297977685928344727e-01 2.095413953065872192e-01
-1.856526285409927368e-01 3.635246455669403076e-01 2.626159787178039551e-01
-1.402920037508010864e-01 3.023977875709533691e-01 2.159125059843063354e-01
-1.452052686363458633e-02 2.734672725200653076e-01 3.654330372810363770e-01
-6.412200629711151123e-02 3.894683420658111572e-01 3.763338923454284668e-01
2.393886633217334747e-02 3.696052730083465576e-01 4.044643938541412354e-01
1.029827967286109924e-01 4.218810200691223145e-01 4.381202459335327148e-01
8.643735200166702271e-03 4.349325597286224365e-01 4.065018892288208008e-01
6.475381553173065186e-02 4.193092584609985352e-01 4.032348692417144775e-01
-6.368228048086166382e-02 4.755312204360961914e-01 4.905048608779907227e-01
8.897646516561508179e-02 4.448427855968475342e-01 4.584914147853851318e-01
6.029171496629714966e-02 4.475709497928619385e-01 4.432953596115112305e-01
7.375709712505340576e-02 4.175429344177246094e-01 4.163110852241516113e-01
1.908772625029087067e-02 4.829677641391754150e-01 4.288020431995391846e-01
2.816744707524776459e-02 3.896306157112121582e-01 4.049669504165649414e-01
3.465584293007850647e-02 3.136772811412811279e-01 3.436915874481201172e-01
-2.296021906659007072e-03 4.070636928081512451e-01 3.271867036819458008e-01
-4.718346893787384033e-02 3.853645026683807373e-01 2.237430810928344727e-01
-1.219590157270431519e-01 3.551573455333709717e-01 1.448757201433181763e-01
-2.566248774528503418e-01 3.643163442611694336e-01 1.588498614728450775e-02
-2.382643967866897583e-01 3.021459281444549561e-01 -1.461000889539718628e-01
-4.414146542549133301e-01 3.482146561145782471e-01 -1.575485467910766602e-01
-5.702099800109863281e-01 3.458141982555389404e-01 -1.918769627809524536e-01
-6.069478392601013184e-01 2.915443480014801025e-01 -3.067741990089416504e-01
-6.064392924308776855e-01 2.553287744522094727e-01 -3.622289299964904785e-01
-6.373735666275024414e-01 2.633472979068756104e-01 -3.396092653274536133e-01
-6.153745651245117188e-01 1.910625100135803223e-01 -3.912159800529479980e-01
-5.945008993148803711e-01 1.573737263679504395e-01 -3.694686889648437500e-01
-6.197888255119323730e-01 6.129431724548339844e-02 -4.286676347255706787e-01
-5.618958473205566406e-01 5.236813053488731384e-02 -4.553382992744445801e-01
-5.438537597656250000e-01 5.708014592528343201e-02 -3.577460646629333496e-01
-6.026257276535034180e-01 1.575661897659301758e-01 -2.476512789726257324e-01
-6.003922820091247559e-01 2.383864820003509521e-01 -3.211292028427124023e-01
-5.791398286819458008e-01 9.166338294744491577e-02 -3.008581101894378662e-01
