-2.524720728397369385e-01 4.327968657016754150e-01 6.248351931571960449e-01
-2.074937522411346436e-01 4.509622156620025635e-01 6.416017413139343262e-01
-1.926307380199432373e-01 4.849179089069366455e-01 6.437368392944335938e-01
-1.970503926277160645e-01 4.855119585990905762e-01 6.439621448516845703e-01
-2.181268483400344849e-01 4.558670222759246826e-01 6.237991452217102051e-01
-1.646862179040908813e-01 4.657193720340728760e-01 6.055760979652404785e-01
-1.757139265537261963e-01 5.213080644607543945e-01 6.128239035606384277e-01
-3.755282983183860779e-02 5.092167854309082031e-01 6.029867529869079590e-01
6.403017789125442505e-02 4.645753502845764160e-01 5.624750852584838867e-01
6.865349411964416504e-02 4.411293268203735352e-01 5.443774461746215820e-01
2.558627910912036896e-02 4.329883754253387451e-01 5.493127703666687012e-01
-1.032243221998214722e-01 3.904243409633636475e-01 5.243407487869262695e-01
-4.815711081027984619e-02 3.995192348957061768e-01 4.716300964355468750e-01
-1.131138354539871216e-01 3.787714242935180664e-01 3.900602161884307861e-01
-5.203839763998985291e-02 3.628832399845123291e-01 3.061379492282867432e-01
-1.596504300832748413e-01 4.809409976005554199e-01 2.497658133506774902e-01
-3.751334846019744873e-01 4.969740211963653564e-01 1.399777233600616455e-01
-4.452990293502807617e-01 4.552321434020996094e-01 2.823395282030105591e-02
-5.913432240486145020e-01 4.913808405399322510e-01 -6.252927333116531372e-02
-3.887099325656890869e-01 3.263703882694244385e-01 -3.336417376995086670e-01
-6.168398857116699219e-01 3.041850030422210693e-01 -3.806284964084625244e-01
-5.753755569458007812e-01 2.859571874141693115e-01 -4.051870703697204590e-01
-6.270579695701599121e-01 3.275471925735473633e-01 -3.872145414352416992e-01
-5.773496627807617188e-01 3.211409747600555420e-01 -4.599551558494567871e-01
-5.974422097206115723e-01 3.224588930606842041e-01 -4.403562843799591064e-01
-6.458286046981811523e-01 2.365568429231643677e-01 -4.203729629516601562e-01
-6.420980691909790039e-01 2.333326488733291626e-01 -4.447645246982574463e-01
-6.476126909255981445e-01 2.992706000804901123e-01 -3.923092186450958252e-01
-6.574760675430297852e-01 2.390907406806945801e-01 -4.260436594486236572e-01
-6.313228607177734375e-01 6.454832851886749268e-02 -4.368673264980316162e-01
-6.652101874351501465e-01 1.011646352708339691e-02 -4.017646312713623047e-01
-6.642879247665405273e-01 7.489690929651260376e-02 -3.287504613399505615e-01
-5.848252177238464355e-01 1.812256723642349243e-01 -3.569523394107818604e-01
-6.641170382499694824e-01 5.586235225200653076e-02 -3.304965496063232422e-01
-5.527949333190917969e-01 6.352382898330688477e-02 -3.418400883674621582e-01
1.320399194955825806e-01 -1.376403868198394775e-01 -1.260254234075546265e-01
8.038637042045593262e-02 8.541347086429595947e-02 1.092309728264808655e-01
-4.042148590087890625e-01 3.597304224967956543e-01 1.973945647478103638e-01
-3.954685032367706299e-01 3.413592875003814697e-01 2.633076906204223633e-01
-2.503270208835601807e-01 4.237054288387298584e-01 3.044000864028930664e-01
-1.858023405075073242e-01 4.234500229358673096e-01 3.166896998882293701e-01
-1.647658646106719971e-01 3.249637484550476074e-01 3.431677818298339844e-01
-6.532971560955047607e-02 4.006908237934112549e-01 3.861444890499114990e-01
-6.998965889215469360e-02 3.670487999916076660e-01 3.889867365360260010e-01
3.892443142831325531e-03 4.735481441020965576e-01 4.711070060729980469e-01
2.575287036597728729e-02 4.449135661125183105e-01 4.733207225799560547e-01
4.733054339885711670e-02 3.929374217987060547e-01 4.300396740436553955e-01
-2.090330235660076141e-02 4.111646115779876709e-01 3.900875449180603027e-01
2.646453306078910828e-02 4.460433125495910645e-01 3.714492022991180420e-01
-3.737070783972740173e-02 3.480663597583770752e-01 3.792078495025634766e-01
-1.879710406064987183e-01 3.689734041690826416e-01 3.505875468254089355e-01
-2.772770524024963379e-01 3.863542973995208740e-01 3.462740480899810791e-01
-2.663896381855010986e-01 3.401374220848083496e-01 1.960623562335968018e-01
-3.700855970382690430e-01 3.739863932132720947e-01 1.804517209529876709e-01
-5.166251659393310547e-01 3.850677907466888428e-01 8.148301858454942703e-04
-5.853523015975952148e-01 3.079612553119659424e-01 -1.350282877683639526e-01
-6.117928624153137207e-01 2.901798188686370850e-01 -1.990498900413513184e-01
-5.666140913963317871e-01 3.177738785743713379e-01 -2.585474550724029541e-01
-5.503413081169128418e-01 3.384271264076232910e-01 -3.096225857734680176e-01
-6.153246760368347168e-01 2.922689914703369141e-01 -3.390160501003265381e-01
-6.351111531257629395e-01 2.121452242136001587e-01 -3.329962491989135742e-01
-6.684013605117797852e-01 2.213745862245559692e-01 -3.160600364208221436e-01
-6.488094925880432129e-01 9.158823639154434204e-02 -3.659130632877349854e-01
-6.379568576812744141e-01 3.239306807518005371e-02 -4.258071184158325195e-01
-6.001132130622863770e-01 -3.382856398820877075e-02 -4.471418857574462891e-01
-5.880834460258483887e-01 3.972008824348449707e-02 -4.131502509117126465e-01
-4.055128693580627441e-01 -3.704148344695568085e-03 -4.032972157001495361e-01
