1.307354910703990014e-01
0.000000000000000000e+00
0.000000000000000000e+00
0.000000000000000000e+00
0.000000000000000000e+00
0.000000000000000000e+00
0.000000000000000000e+00
0.000000000000000000e+00
0.000000000000000000e+00
0.000000000000000000e+00
0.000000000000000000e+00
0.000000000000000000e+00
2.274435213609237935e-03
0.000000000000000000e+00
0.000000000000000000e+00
0.000000000000000000e+00
0.000000000000000000e+00
0.000000000000000000e+00
0.000000000000000000e+00
5.916621754704042696e-03
2.132197469955171565e-02
2.024279756332491090e-02
1.493452020901229332e-02
8.590338799816786899e-03
6.433825856881894220e-03
7.862036007886022762e-03
6.940893458435785056e-03
4.772119686609829770e-03
5.324283322484251943e-03
0.000000000000000000e+00
0.000000000000000000e+00
0.000000000000000000e+00
0.000000000000000000e+00
2.177597415528999270e-01
3.820848171579451225e-01
5.307706211384062289e-01
5.569143248376288158e-01
4.391884883724396782e-01
2.539367505662520896e-01
0.000000000000000000e+00
0.000000000000000000e+00
0.000000000000000000e+00
0.000000000000000000e+00
0.000000000000000000e+00
0.000000000000000000e+00
0.000000000000000000e+00
0.000000000000000000e+00
0.000000000000000000e+00
0.000000000000000000e+00
0.000000000000000000e+00
0.000000000000000000e+00
0.000000000000000000e+00
3.782936152369377296e-03
5.951805482214265162e-03
3.452875079659095507e-03
4.734642566645162927e-04
0.000000000000000000e+00
0.000000000000000000e+00
1.607554176003221950e-03
8.509625351592406059e-03
9.361293545968400395e-03
0.000000000000000000e+00
0.000000000000000000e+00
0.000000000000000000e+00
0.000000000000000000e+00
8.826098074010119143e-02
3.293322700764080846e-01
