4.481207579374313354e-02 -2.052167430520057678e-02 -2.088762260973453522e-02
7.285774499177932739e-02 -5.102157592773437500e-02 4.067282378673553467e-02
4.055035859346389771e-02 -1.470784544944763184e-01 1.252992749214172363e-01
-7.883109897375106812e-02 -2.590717375278472900e-01 1.860610097646713257e-01
-1.993514746427536011e-01 -4.053600132465362549e-01 1.064527854323387146e-01
-1.108370125293731689e-01 -5.002740621566772461e-01 9.501081891357898712e-03
6.053274497389793396e-02 -4.545416831970214844e-01 -6.261307001113891602e-02
2.419165223836898804e-01 -1.146585941314697266e-01 -8.411177992820739746e-02
1.610116511583328247e-01 3.843194842338562012e-01 -5.476075038313865662e-02
-8.264499157667160034e-02 6.196423768997192383e-01 -5.984766408801078796e-02
-1.541569083929061890e-01 6.413711309432983398e-01 -5.573150888085365295e-02
-6.195307523012161255e-02 4.993269443511962891e-01 -6.000883504748344421e-02
2.374603003263473511e-01 2.992622852325439453e-01 -4.099139198660850525e-02
3.674488365650177002e-01 2.635888010263442993e-02 2.890483476221561432e-02
2.709105312824249268e-01 -1.864950507879257202e-01 1.806841790676116943e-02
9.345179796218872070e-02 -2.671804130077362061e-01 -2.534063719213008881e-02
-1.199554745107889175e-02 -3.298635184764862061e-01 -8.198142983019351959e-03
5.301806703209877014e-02 -3.153669834136962891e-01 3.107442054897546768e-03
9.966121613979339600e-02 -2.807592451572418213e-01 8.076491206884384155e-02
2.964761108160018921e-03 -2.561072409152984619e-01 3.943223133683204651e-02
-1.523049175739288330e-01 -3.132656514644622803e-01 5.283076316118240356e-03
-2.910946309566497803e-01 -2.998242676258087158e-01 6.682014092803001404e-03
-3.607690334320068359e-01 -1.738248169422149658e-01 -1.005964279174804688e-01
-3.080879449844360352e-01 1.326883882284164429e-01 -1.148916855454444885e-01
-2.001512497663497925e-01 4.218515455722808838e-01 -1.356421560049057007e-01
-2.048131264746189117e-02 3.959138989448547363e-01 5.900552123785018921e-02
8.213055133819580078e-02 1.939872503280639648e-01 3.695451617240905762e-01
1.422395706176757812e-01 3.292273357510566711e-02 3.146857917308807373e-01
1.954008936882019043e-01 8.310306817293167114e-02 8.198470622301101685e-02
2.033613473176956177e-01 1.797993928194046021e-01 -1.419866532087326050e-01
2.229036688804626465e-01 9.011699259281158447e-02 -2.066337168216705322e-01
1.787656098604202271e-01 -1.239658668637275696e-01 -5.106954369693994522e-03
1.333487778902053833e-01 -2.070556730031967163e-01 4.328441619873046875e-02
1.881268061697483063e-02 -7.772739231586456299e-02 -3.382008895277976990e-02
-4.039201885461807251e-02 7.727647572755813599e-02 -6.276855617761611938e-02
-9.601624310016632080e-02 9.210161864757537842e-02 -9.230658411979675293e-02
-1.462735384702682495e-01 2.517311647534370422e-02 -6.318987160921096802e-02
-1.878422498703002930e-01 1.703713933238759637e-04 -4.050593823194503784e-02
-2.980410456657409668e-01 4.579441994428634644e-02 -1.071721687912940979e-02
-4.073921740055084229e-01 4.335308074951171875e-02 5.310181900858879089e-02
-3.208277821540832520e-01 6.959702819585800171e-03 5.637003853917121887e-02
-1.519314646720886230e-01 5.986668169498443604e-02 -1.588584482669830322e-02
2.149394452571868896e-01 5.522409826517105103e-02 -1.611749380826950073e-01
4.220327734947204590e-01 -5.827116779983043671e-03 -2.020327448844909668e-01
4.092195928096771240e-01 -1.640758812427520752e-01 -1.732463240623474121e-01
3.707797229290008545e-01 -2.868613600730895996e-01 -5.658840015530586243e-02
2.460189163684844971e-01 -2.191089987754821777e-01 1.020060926675796509e-01
1.560839861631393433e-01 -2.094633877277374268e-02 2.041368335485458374e-01
2.385818399488925934e-02 1.888645589351654053e-01 2.152635753154754639e-01
-2.017451077699661255e-01 3.172161877155303955e-01 2.202495634555816650e-01
-3.680742383003234863e-01 3.241711556911468506e-01 1.816246807575225830e-01
-4.021080136299133301e-01 1.016462296247482300e-01 1.672099083662033081e-01
-3.645753264427185059e-01 -1.773005425930023193e-01 1.105750203132629395e-01
-2.474426031112670898e-01 -2.880646884441375732e-01 -1.749185472726821899e-01
-1.314970999956130981e-01 -2.072739005088806152e-01 -3.409520387649536133e-01
1.356734707951545715e-02 9.662777930498123169e-02 -3.406597375869750977e-01
2.251204699277877808e-01 1.466695517301559448e-01 -1.311949789524078369e-01
2.570669054985046387e-01 9.464219212532043457e-02 1.490660607814788818e-01
2.672136723995208740e-01 -3.594184294342994690e-03 1.435290127992630005e-01
1.846956014633178711e-01 -1.122774854302406311e-01 1.443463098257780075e-02
1.713024377822875977e-01 -1.418029516935348511e-01 -2.968856133520603180e-02
2.696038186550140381e-01 -1.456807851791381836e-01 3.848192049190402031e-03
3.087505102157592773e-01 -8.191321976482868195e-03 1.061252728104591370e-01
2.998686730861663818e-01 -3.165400587022304535e-03 -5.068421363830566406e-02
3.416813537478446960e-02 -1.375533919781446457e-02 -2.605524957180023193e-01
-2.309984117746353149e-01 -5.849837139248847961e-02 -1.990451216697692871e-01
-3.270786404609680176e-01 -4.524546861648559570e-02 -4.332420974969863892e-02
-2.029100209474563599e-01 1.825943887233734131e-01 2.981001138687133789e-01
1.448127161711454391e-02 1.131748631596565247e-01 2.996249496936798096e-01
1.861795634031295776e-01 6.858113687485456467e-03 7.581254094839096069e-02
1.780474334955215454e-01 -7.843294180929660797e-03 -1.092361286282539368e-02
3.441796824336051941e-02 1.263052970170974731e-02 -1.322023719549179077e-01
-8.015838265419006348e-02 1.173771694302558899e-01 -6.079269945621490479e-02
-1.702576875686645508e-01 -2.513008378446102142e-02 -4.726811870932579041e-02
-1.731838583946228027e-01 -1.816403865814208984e-01 -6.274959444999694824e-02
-5.795977637171745300e-02 -1.669183224439620972e-01 -7.853559218347072601e-03
-8.981253951787948608e-02 4.816620424389839172e-02 4.939434584230184555e-03
-5.602499097585678101e-02 1.811936348676681519e-01 5.890656262636184692e-02
3.741325810551643372e-02 1.415674537420272827e-01 1.004590168595314026e-01
4.634742217604070902e-04 2.213298156857490540e-02 1.577871888875961304e-01
5.605026334524154663e-02 -7.387603074312210083e-02 9.248331189155578613e-02
-7.458513975143432617e-02 -9.060173295438289642e-03 -6.984788458794355392e-03
-1.485739350318908691e-01 -3.790148347616195679e-02 -9.420201927423477173e-02
-3.283589705824851990e-02 -1.132377684116363525e-01 -1.295514255762100220e-01
1.372835189104080200e-01 -1.409333348274230957e-01 -3.349074721336364746e-02
2.713262438774108887e-01 -1.434546560049057007e-01 -5.889270920306444168e-03
2.096012979745864868e-01 -4.372541978955268860e-02 1.080746352672576904e-01
1.577261462807655334e-02 -1.120837521739304066e-03 1.456953585147857666e-01
-1.288646012544631958e-01 3.769764443859457970e-03 1.113323643803596497e-01
-1.293319016695022583e-01 1.532904151827096939e-02 7.950356602668762207e-02
