3.070245385169982910e-01 -2.864751219749450684e-01 8.478310704231262207e-02
2.826285958290100098e-01 -2.997759580612182617e-01 1.146142259240150452e-01
1.927554607391357422e-01 -2.981680631637573242e-01 7.976106554269790649e-02
2.126308679580688477e-01 -3.755275011062622070e-01 5.023021996021270752e-02
2.916619777679443359e-01 -3.461222052574157715e-01 4.544031992554664612e-02
2.580507695674896240e-01 -2.919105589389801025e-01 -3.371820086613297462e-03
2.348093837499618530e-01 -2.298997044563293457e-01 -9.751790203154087067e-03
9.088166058063507080e-02 -3.062658905982971191e-01 -6.358855403959751129e-03
1.126062273979187012e-01 -2.894741296768188477e-01 1.923762820661067963e-02
8.834256976842880249e-02 -3.491614758968353271e-01 -2.328553469851613045e-03
6.809469312429428101e-02 -2.784752547740936279e-01 -1.093949977075681090e-04
-3.727634623646736145e-02 -1.431246399879455566e-01 5.018062889575958252e-02
-4.752216488122940063e-02 -1.099317297339439392e-01 8.837703615427017212e-02
-3.231588378548622131e-02 -1.321403235197067261e-01 1.607786566019058228e-01
8.543165400624275208e-03 -1.427358239889144897e-01 1.835184991359710693e-01
8.529083430767059326e-02 -9.655005484819412231e-02 2.030425071716308594e-01
1.757281422615051270e-01 -5.475352704524993896e-02 2.340153008699417114e-01
2.241951525211334229e-01 -1.669095158576965332e-01 2.482995241880416870e-01
1.579179614782333374e-01 -1.574037820100784302e-01 2.209274023771286011e-01
1.937378495931625366e-01 -1.593688428401947021e-01 2.156500667333602905e-01
2.134262323379516602e-01 -2.257210016250610352e-01 1.210724189877510071e-01
1.762869060039520264e-01 -2.251343131065368652e-01 9.011898934841156006e-02
1.762379109859466553e-01 -2.853687703609466553e-01 1.520773470401763916e-01
1.845358759164810181e-01 -2.333038449287414551e-01 2.115894109010696411e-01
4.147104620933532715e-01 -3.198569118976593018e-01 1.406544744968414307e-01
3.353425860404968262e-01 -1.397018283605575562e-01 1.754566431045532227e-01
1.978481262922286987e-01 4.275340586900711060e-02 1.177427768707275391e-01
1.750132292509078979e-01 -6.397115439176559448e-02 1.384485661983489990e-01
-2.627373300492763519e-02 -3.584537506103515625e-01 7.596751302480697632e-02
9.526643902063369751e-03 -3.066586554050445557e-01 1.964542642235755920e-02
5.617096275091171265e-02 -8.546368777751922607e-02 -2.192270159721374512e-01
6.095857173204421997e-02 1.555799394845962524e-01 -4.243930876255035400e-01
7.557676732540130615e-02 8.932377398014068604e-02 -4.212467968463897705e-01
1.274425089359283447e-01 -8.092854171991348267e-02 -3.363793194293975830e-01
1.028211563825607300e-01 -1.627046465873718262e-01 -3.360511362552642822e-01
1.934823244810104370e-01 2.142145037651062012e-01 -5.483765602111816406e-01
1.849171370267868042e-01 2.616585791110992432e-01 -4.549663662910461426e-01
3.494450747966766357e-01 2.919740080833435059e-01 -5.130461454391479492e-01
5.164991617202758789e-01 2.801651060581207275e-01 -4.230572879314422607e-01
4.372025728225708008e-01 3.580488562583923340e-01 -5.202373862266540527e-01
4.924930632114410400e-01 4.318738579750061035e-01 -3.573769629001617432e-01
4.145892262458801270e-01 3.570281863212585449e-01 -4.235328733921051025e-01
4.498626887798309326e-01 4.369231164455413818e-01 -2.464963495731353760e-01
3.278558328747749329e-02 3.692708611488342285e-01 1.329081058502197266e-01
-1.214208155870437622e-01 3.710240721702575684e-01 1.680668443441390991e-01
-1.356385797262191772e-01 4.095418155193328857e-01 1.676190048456192017e-01
-1.314995139837265015e-01 3.811342418193817139e-01 1.653721928596496582e-01
-1.339910924434661865e-01 4.119849801063537598e-01 2.348509579896926880e-01
-3.580407798290252686e-01 2.740268707275390625e-01 6.257731467485427856e-02
-2.900678515434265137e-01 3.331732749938964844e-01 1.603880897164344788e-02
-2.131787389516830444e-01 2.465792894363403320e-01 -6.606680899858474731e-02
-1.172312423586845398e-01 1.480035036802291870e-01 -8.584339171648025513e-02
-2.479549199342727661e-01 2.581899166107177734e-01 -7.742508500814437866e-02
-2.194098085165023804e-01 2.084986567497253418e-01 -2.148149460554122925e-01
-7.335583865642547607e-02 3.143125176429748535e-01 -2.710002958774566650e-01
-9.766049683094024658e-02 2.019087076187133789e-01 -1.307087838649749756e-01
-2.179587027058005333e-03 5.060343742370605469e-01 -2.432423830032348633e-02
2.709864825010299683e-02 6.134071946144104004e-01 -1.353017799556255341e-02
6.653862446546554565e-02 6.565119028091430664e-01 4.349926114082336426e-02
6.383736431598663330e-02 6.396657228469848633e-01 6.810613721609115601e-02
8.342673629522323608e-02 6.195249557495117188e-01 5.976985767483711243e-02
6.981641054153442383e-02 6.190620660781860352e-01 5.895677581429481506e-02
6.152247637510299683e-02 6.600055694580078125e-01 5.031738057732582092e-02
-5.166725069284439087e-02 6.119970679283142090e-01 -3.487379476428031921e-02
1.823355406522750854e-01 5.377284884452819824e-01 -1.771052330732345581e-01
1.299813091754913330e-01 5.889295339584350586e-01 -2.942202091217041016e-01
1.457705646753311157e-01 5.085829496383666992e-01 -4.109294712543487549e-01
1.286932975053787231e-01 3.565590083599090576e-01 -4.491751492023468018e-01
1.339903920888900757e-01 4.574835002422332764e-01 -4.998415410518646240e-01
1.638931930065155029e-01 4.159217476844787598e-01 -5.726771950721740723e-01
1.357601881027221680e-01 3.667340874671936035e-01 -5.889425277709960938e-01
1.730601787567138672e-01 3.312734961509704590e-01 -6.129335761070251465e-01
1.260115057229995728e-01 3.365645706653594971e-01 -6.634315252304077148e-01
1.351192295551300049e-01 2.610779404640197754e-01 -6.745641827583312988e-01
1.675323098897933960e-01 2.608334124088287354e-01 -7.041699886322021484e-01
1.740213185548782349e-01 2.916489243507385254e-01 -6.470526456832885742e-01
1.701276451349258423e-01 1.926110535860061646e-01 -6.983851790428161621e-01
1.526339203119277954e-01 2.013635188341140747e-01 -7.241132259368896484e-01
2.086895406246185303e-01 2.167176455259323120e-01 -6.760036945343017578e-01
1.157124936580657959e-01 2.594552934169769287e-01 -7.352768778800964355e-01
1.980813741683959961e-01 2.736929059028625488e-01 -6.566205024719238281e-01
2.226285934448242188e-01 2.274902909994125366e-01 -7.209672331809997559e-01
1.993890553712844849e-01 2.059239000082015991e-01 -7.394121289253234863e-01
2.128883004188537598e-01 2.365625202655792236e-01 -7.203500866889953613e-01
2.321797609329223633e-01 2.147128283977508545e-01 -6.737101078033447266e-01
2.392958700656890869e-01 2.330327481031417847e-01 -7.106183767318725586e-01
2.066884934902191162e-01 2.034726440906524658e-01 -7.239634394645690918e-01
1.885119378566741943e-01 2.107378393411636353e-01 -7.434103488922119141e-01
2.243617326021194458e-01 1.513605266809463501e-01 -7.482156753540039062e-01
2.512880861759185791e-01 1.211652755737304688e-01 -7.251312732696533203e-01
