3.926549479365348816e-02 8.726710081100463867e-02 5.820596590638160706e-03
9.324307553470134735e-03 3.522814437747001648e-02 -1.426687836647033691e-02
-3.932723030447959900e-02 4.540927335619926453e-02 -2.980134822428226471e-02
-3.400938212871551514e-02 -4.359066113829612732e-02 6.273218430578708649e-03
-1.533475611358880997e-02 -1.132130324840545654e-01 1.328821778297424316e-01
1.356950309127569199e-02 -1.973872035741806030e-01 3.044578433036804199e-01
-2.482410892844200134e-02 -2.998205125331878662e-01 3.773497045040130615e-01
-1.591861248016357422e-01 -2.759371995925903320e-01 3.303903639316558838e-01
-2.353468537330627441e-01 -3.239035308361053467e-01 1.889329105615615845e-01
-1.314720809459686279e-01 -2.289181202650070190e-01 8.845472708344459534e-03
1.197902858257293701e-01 -1.200598776340484619e-01 1.699172542430460453e-03
2.986657619476318359e-01 5.952332541346549988e-02 1.242725830525159836e-02
2.778896689414978027e-01 2.583318948745727539e-01 -5.387256294488906860e-02
1.288755238056182861e-01 2.552579641342163086e-01 -1.735947728157043457e-01
7.362460717558860779e-03 2.635778486728668213e-01 -3.517761230468750000e-01
-8.461430668830871582e-02 2.783708870410919189e-01 -3.056863844394683838e-01
-9.814675152301788330e-02 2.077763080596923828e-01 -2.812209129333496094e-01
-8.482747524976730347e-02 1.461769044399261475e-01 -2.567382156848907471e-01
-1.138447448611259460e-01 1.255439501255750656e-02 -2.552979588508605957e-01
-9.431538730859756470e-02 -1.604862213134765625e-01 -2.882092893123626709e-01
-1.626999527215957642e-01 -1.631141304969787598e-01 -2.123848199844360352e-01
-1.575291901826858521e-01 -2.475318163633346558e-01 -1.794406920671463013e-01
-2.541169524192810059e-01 -2.263438701629638672e-01 3.573658317327499390e-02
-1.757155805826187134e-01 -1.007001027464866638e-01 2.446049898862838745e-01
1.416885852813720703e-01 -5.273768678307533264e-02 2.096963673830032349e-01
2.672864794731140137e-01 5.048478767275810242e-02 1.637970209121704102e-01
2.782241106033325195e-01 9.234364330768585205e-02 2.256641387939453125e-01
4.809544235467910767e-02 6.833689659833908081e-02 3.580003678798675537e-01
-2.167572453618049622e-02 8.866811543703079224e-02 4.288795590400695801e-01
1.606481522321701050e-01 2.001305669546127319e-01 1.782557070255279541e-01
2.104991674423217773e-01 2.290374487638473511e-01 -8.264639973640441895e-02
8.647920936346054077e-02 7.569296658039093018e-02 -2.253490835428237915e-01
-1.483041942119598389e-01 -1.999339833855628967e-02 -1.177351474761962891e-01
-1.848375797271728516e-01 1.047342084348201752e-02 -5.115986987948417664e-02
-1.119504645466804504e-01 2.054978758096694946e-01 -8.268406987190246582e-02
-7.144479453563690186e-02 3.424035310745239258e-01 -9.396643936634063721e-02
-1.198135316371917725e-01 2.168907672166824341e-01 -1.986106336116790771e-01
-1.140827387571334839e-01 1.542457193136215210e-01 -1.586388200521469116e-01
1.100659146904945374e-01 8.613403141498565674e-02 -7.186395674943923950e-02
2.194443196058273315e-01 6.512133777141571045e-02 2.030750550329685211e-02
3.192023634910583496e-01 -1.740659773349761963e-02 2.298944890499114990e-01
2.791839241981506348e-01 -3.079921007156372070e-01 2.953147590160369873e-01
3.281683027744293213e-01 -2.476257979869842529e-01 2.683067023754119873e-01
4.147273898124694824e-01 -1.221394985914230347e-01 1.471232026815414429e-01
2.601584494113922119e-01 1.424025595188140869e-01 -1.038986966013908386e-01
6.711509078741073608e-02 2.741676867008209229e-01 -1.640819758176803589e-01
-8.419217169284820557e-02 5.467941612005233765e-02 -1.837469488382339478e-01
-1.071341186761856079e-01 -1.172335669398307800e-01 -2.231995016336441040e-01
-1.485124677419662476e-01 -2.220359891653060913e-01 -2.530315816402435303e-01
-1.936061382293701172e-01 -1.413927823305130005e-01 -2.105837464332580566e-01
-5.307287350296974182e-02 1.025068014860153198e-02 -1.207898631691932678e-01
5.279537290334701538e-02 1.395978331565856934e-01 1.826449185609817505e-01
1.822261363267898560e-01 2.583973109722137451e-01 3.711092174053192139e-01
8.434764295816421509e-02 3.524277359247207642e-02 4.158662557601928711e-01
1.664015650749206543e-01 -5.691980198025703430e-02 4.008885920047760010e-01
3.432936072349548340e-01 -1.039212867617607117e-01 2.049080729484558105e-01
3.998969793319702148e-01 -6.437678635120391846e-02 9.786804765462875366e-02
3.740676045417785645e-01 1.027032509446144104e-01 3.986931592226028442e-02
8.915091305971145630e-02 7.328767329454421997e-02 1.811418123543262482e-02
5.522564984858036041e-03 5.979642644524574280e-02 9.998794645071029663e-02
9.684707969427108765e-03 -8.100438863039016724e-02 -6.432624161243438721e-02
5.826482176780700684e-02 -2.322604805231094360e-01 -7.465971261262893677e-02
-1.700499802827835083e-01 -2.032164186239242554e-01 -8.095080405473709106e-02
-2.500166594982147217e-01 -1.855747029185295105e-02 -1.268642842769622803e-01
-3.039782941341400146e-01 2.047518789768218994e-01 -1.918145865201950073e-01
-3.558506965637207031e-01 6.629855837672948837e-03 -3.597960770130157471e-01
-1.537608206272125244e-01 -1.715554445981979370e-01 -3.164733946323394775e-01
-1.653046160936355591e-01 -1.283472627401351929e-01 -1.038101464509963989e-01
-8.465024828910827637e-02 -3.000284545123577118e-02 -2.113443799316883087e-02
-2.777579985558986664e-02 2.799198627471923828e-01 8.703416585922241211e-02
-1.455555856227874756e-01 1.588038206100463867e-01 3.580602584406733513e-03
-1.096468940377235413e-01 1.609115898609161377e-01 -1.452485918998718262e-01
-6.712535023689270020e-02 2.231755256652832031e-01 -9.483642131090164185e-02
-4.761015065014362335e-03 1.207142770290374756e-01 -1.148685887455940247e-01
-7.168865948915481567e-02 3.871406614780426025e-02 -1.228627488017082214e-01
-1.162988170981407166e-01 -7.322388142347335815e-02 -6.711933016777038574e-02
-8.428390324115753174e-02 -1.401924341917037964e-01 5.631941836327314377e-03
1.498108543455600739e-02 4.613116756081581116e-02 -2.473590429872274399e-03
1.320564448833465576e-01 4.384668171405792236e-02 9.870379231870174408e-03
3.443414717912673950e-02 4.980029910802841187e-02 4.342001676559448242e-02
-8.833169937133789062e-02 1.078090593218803406e-01 4.030463844537734985e-02
-1.352751851081848145e-01 1.531963795423507690e-02 9.421388804912567139e-02
-7.195819169282913208e-02 7.019148021936416626e-02 4.561480134725570679e-02
-1.027843169867992401e-02 -6.866473238915205002e-03 7.917173206806182861e-02
-4.196801781654357910e-02 -1.434676796197891235e-01 5.503021180629730225e-02
-3.895160183310508728e-02 -6.738493591547012329e-02 6.937260925769805908e-02
-7.754119485616683960e-02 -5.307123064994812012e-03 3.049134742468595505e-03
-1.462049782276153564e-01 -3.859269246459007263e-02 -3.625665232539176941e-02
-1.720078289508819580e-01 2.779497299343347549e-03 8.191689103841781616e-02
-1.863730400800704956e-01 -9.486635029315948486e-02 9.961453080177307129e-02
