1.290514373437936374e-02
2.079148305673132191e-01
3.775126846460735708e-01
4.069878509842118075e-01
2.031563541905599402e-01
0.000000000000000000e+00
0.000000000000000000e+00
0.000000000000000000e+00
0.000000000000000000e+00
1.448504713418515867e-02
0.000000000000000000e+00
1.600185837010400028e-02
5.637101382418756995e-02
9.134746962319398311e-02
4.141799047585321275e-02
0.000000000000000000e+00
0.000000000000000000e+00
0.000000000000000000e+00
0.000000000000000000e+00
9.121320514001593494e-03
0.000000000000000000e+00
0.000000000000000000e+00
6.007011356294124881e-03
7.424714333522888787e-03
2.110367899452673078e-03
0.000000000000000000e+00
0.000000000000000000e+00
0.000000000000000000e+00
1.923411744863610983e-03
3.579371002238911775e-03
0.000000000000000000e+00
0.000000000000000000e+00
0.000000000000000000e+00
0.000000000000000000e+00
0.000000000000000000e+00
3.820351299032670629e-03
3.996138985368121940e-03
1.428139571130181704e-04
0.000000000000000000e+00
0.000000000000000000e+00
9.822228048044170934e-02
7.270973131317196025e-02
0.000000000000000000e+00
0.000000000000000000e+00
0.000000000000000000e+00
0.000000000000000000e+00
1.101833292741109527e-01
1.804507958739746676e-01
1.517011467552153436e-01
1.826620541297552594e-02
2.048148405477163980e-02
2.065973648388066616e-02
1.057877116064540567e-02
0.000000000000000000e+00
0.000000000000000000e+00
0.000000000000000000e+00
0.000000000000000000e+00
1.545400282923587928e-03
0.000000000000000000e+00
0.000000000000000000e+00
0.000000000000000000e+00
0.000000000000000000e+00
0.000000000000000000e+00
0.000000000000000000e+00
0.000000000000000000e+00
0.000000000000000000e+00
0.000000000000000000e+00
0.000000000000000000e+00
0.000000000000000000e+00
0.000000000000000000e+00
0.000000000000000000e+00
0.000000000000000000e+00
7.189887688793636551e-03
1.847924320647478108e-02
2.254170379233331328e-02
1.352339377291763775e-02
3.046618984997921404e-03
1.792928065513978576e-04
3.073488291372372932e-03
6.365672454195578020e-03
1.748851506993288766e-03
0.000000000000000000e+00
0.000000000000000000e+00
0.000000000000000000e+00
0.000000000000000000e+00
0.000000000000000000e+00
0.000000000000000000e+00
1.082487129595682482e-02
5.811928114447819510e-02
6.095912757426547729e-02
4.037286077311333377e-02
0.000000000000000000e+00
0.000000000000000000e+00
0.000000000000000000e+00
0.000000000000000000e+00
0.000000000000000000e+00
0.000000000000000000e+00
0.000000000000000000e+00
0.000000000000000000e+00
1.246657705417685610e-03
0.000000000000000000e+00
0.000000000000000000e+00
0.000000000000000000e+00
3.778572103949397491e-04
1.288423772709888782e-02
1.139117138327961319e-02
7.587919032116845902e-03
2.129636214797048493e-03
0.000000000000000000e+00
0.000000000000000000e+00
0.000000000000000000e+00
2.491425008921150513e-04
1.609667384111387834e-03
2.189761497901965455e-03
1.024978543445981532e-03
7.615628517119834087e-04
0.000000000000000000e+00
0.000000000000000000e+00
0.000000000000000000e+00
0.000000000000000000e+00
0.000000000000000000e+00
1.153415928362431786e-01
1.389049078936127890e-01
6.421050071659688274e-02
0.000000000000000000e+00
0.000000000000000000e+00
0.000000000000000000e+00
1.935195250128890487e-02
1.311876407360739460e-01
1.487191296300775234e-01
1.633790684788575739e-02
4.422641225576443534e-03
0.000000000000000000e+00
0.000000000000000000e+00
0.000000000000000000e+00
0.000000000000000000e+00
0.000000000000000000e+00
0.000000000000000000e+00
0.000000000000000000e+00
0.000000000000000000e+00
2.681651558821807613e-01
4.348953326140835851e-01
3.692437384785172139e-01
1.763357322292948559e-01
0.000000000000000000e+00
0.000000000000000000e+00
0.000000000000000000e+00
0.000000000000000000e+00
0.000000000000000000e+00
0.000000000000000000e+00
0.000000000000000000e+00
0.000000000000000000e+00
0.000000000000000000e+00
0.000000000000000000e+00
0.000000000000000000e+00
0.000000000000000000e+00
0.000000000000000000e+00
0.000000000000000000e+00
0.000000000000000000e+00
0.000000000000000000e+00
0.000000000000000000e+00
0.000000000000000000e+00
