4.891230762004852295e-01 -2.652250230312347412e-01 -2.908424139022827148e-01
5.058538913726806641e-01 -2.563112974166870117e-01 -3.091082274913787842e-01
5.012818574905395508e-01 -3.812055587768554688e-01 -1.865650713443756104e-01
4.739346802234649658e-01 -2.335081398487091064e-01 -3.051864504814147949e-01
3.893386721611022949e-01 -3.132716417312622070e-01 1.265504658222198486e-01
1.583233475685119629e-01 -2.878175079822540283e-01 2.468627840280532837e-01
8.819694072008132935e-02 -3.004030585289001465e-01 2.625001668930053711e-01
-6.568063795566558838e-02 -2.119839042425155640e-01 3.229303359985351562e-01
-4.061682522296905518e-02 -1.758019477128982544e-01 2.935339212417602539e-01
-1.656097359955310822e-02 -3.444355353713035583e-02 2.302559018135070801e-01
-2.344130873680114746e-01 1.268443018198013306e-01 2.162141948938369751e-01
-3.055974841117858887e-01 2.151552736759185791e-01 1.325057893991470337e-01
-4.103428423404693604e-01 1.048775687813758850e-01 -1.795138791203498840e-02
-4.877353012561798096e-01 1.135900169610977173e-01 2.621969394385814667e-02
-1.790137141942977905e-01 4.166067540645599365e-01 -1.099777072668075562e-01
3.830486163496971130e-02 4.798986315727233887e-01 1.974794082343578339e-03
5.670883879065513611e-02 4.940242469310760498e-01 5.973581224679946899e-02
1.315918415784835815e-01 5.490254759788513184e-01 5.567909032106399536e-02
5.407114326953887939e-02 5.909260511398315430e-01 4.431040585041046143e-02
7.203960418701171875e-02 5.832779407501220703e-01 6.070538982748985291e-02
9.745994210243225098e-02 5.748131275177001953e-01 4.273018613457679749e-02
1.102448478341102600e-01 5.427674651145935059e-01 5.845678225159645081e-02
2.312311679124832153e-01 5.331751704216003418e-01 -1.772574521601200104e-02
2.154380530118942261e-01 4.683494865894317627e-01 -8.824626356363296509e-02
2.076598107814788818e-01 4.029243588447570801e-01 -1.431860923767089844e-01
2.449094504117965698e-01 3.391342759132385254e-01 -1.462907046079635620e-01
2.265642732381820679e-01 2.221730649471282959e-01 -1.480287164449691772e-01
1.464788168668746948e-01 1.132751777768135071e-01 -1.015856191515922546e-01
1.486272215843200684e-01 1.153253018856048584e-01 -8.820836246013641357e-02
1.341939270496368408e-01 -5.616229400038719177e-02 -5.379638075828552246e-02
1.639291942119598389e-01 -7.953272014856338501e-02 -9.112708503380417824e-04
1.882519572973251343e-01 -7.747215032577514648e-02 6.901603192090988159e-02
1.275379359722137451e-01 4.242959991097450256e-02 9.745387732982635498e-02
-3.780686482787132263e-02 3.122647106647491455e-02 1.068239584565162659e-01
6.164218485355377197e-02 1.069177165627479553e-01 9.479044377803802490e-02
1.829947382211685181e-01 5.908013135194778442e-02 2.271010540425777435e-02
1.537041217088699341e-01 5.338606610894203186e-02 -2.287051826715469360e-02
1.338723003864288330e-01 5.921737849712371826e-02 -4.086879547685384750e-03
1.732041090726852417e-01 1.008346825838088989e-01 -2.655687369406223297e-02
1.333715915679931641e-01 1.597186625003814697e-01 -2.791532687842845917e-02
1.729208976030349731e-01 8.302262425422668457e-02 -1.289935111999511719e-01
2.719760537147521973e-01 1.717854291200637817e-01 -1.566533148288726807e-01
1.708239316940307617e-01 2.230987548828125000e-01 -1.555139422416687012e-01
1.926042325794696808e-02 2.411022335290908813e-01 -3.933438286185264587e-02
5.941671505570411682e-02 3.416320085525512695e-01 -7.257547974586486816e-02
1.087267175316810608e-01 3.879139423370361328e-01 -8.243124932050704956e-02
4.353945329785346985e-02 4.433481097221374512e-01 -7.474396377801895142e-02
8.817740529775619507e-02 4.683009684085845947e-01 -2.699810080230236053e-02
1.474305391311645508e-01 4.699325561523437500e-01 -1.792091503739356995e-02
1.073368638753890991e-01 4.920145273208618164e-01 1.084462180733680725e-02
1.318532675504684448e-01 5.120885372161865234e-01 1.597694493830204010e-02
-2.858151448890566826e-03 5.869196653366088867e-01 3.905506059527397156e-02
1.156563218683004379e-02 5.964953303337097168e-01 -4.730168357491493225e-02
-3.422467038035392761e-02 6.295378804206848145e-01 -2.149200066924095154e-02
-7.578229159116744995e-02 6.485098004341125488e-01 9.566000849008560181e-02
2.951689437031745911e-02 5.922157168388366699e-01 1.118468195199966431e-01
8.415766060352325439e-02 5.969556570053100586e-01 1.054232195019721985e-01
1.977370679378509521e-01 5.477191209793090820e-01 5.108963698148727417e-02
2.226935774087905884e-01 5.120086073875427246e-01 9.442419558763504028e-02
2.433301955461502075e-01 5.165895223617553711e-01 8.249151706695556641e-02
2.998972237110137939e-01 5.037695765495300293e-01 -1.217695977538824081e-02
3.334795832633972168e-01 4.108580648899078369e-01 -5.683739483356475830e-02
3.260063529014587402e-01 4.354305267333984375e-01 -8.257734775543212891e-02
2.759930789470672607e-01 5.124504566192626953e-01 -1.062330380082130432e-01
2.661372423171997070e-01 4.849769473075866699e-01 -9.964072704315185547e-02
2.148074656724929810e-01 5.232592225074768066e-01 -4.077272862195968628e-02
2.342765927314758301e-01 5.196226239204406738e-01 -3.204778581857681274e-02
1.962691247463226318e-01 5.198868513107299805e-01 -6.381426006555557251e-02
2.473181039094924927e-01 4.687818884849548340e-01 -6.477447599172592163e-02
1.737800389528274536e-01 5.297394394874572754e-01 -7.512219995260238647e-02
1.374791562557220459e-01 5.470910072326660156e-01 -2.858383581042289734e-02
1.188939139246940613e-01 5.866466760635375977e-01 -8.688204735517501831e-02
1.179148927330970764e-01 5.769356489181518555e-01 -1.086164265871047974e-01
1.220344752073287964e-01 4.424695372581481934e-01 -1.211264207959175110e-01
1.401102244853973389e-01 3.032993376255035400e-01 -1.427656710147857666e-01
1.352305114269256592e-01 1.752148270606994629e-01 -6.720450520515441895e-02
1.975459903478622437e-01 1.390063017606735229e-01 -1.087575405836105347e-01
1.938049048185348511e-01 1.798562407493591309e-01 -1.607336997985839844e-01
5.667471885681152344e-02 2.527056038379669189e-01 -1.290286034345626831e-01
-1.121123600751161575e-02 2.981173694133758545e-01 -8.459907770156860352e-02
1.329616159200668335e-01 4.644065499305725098e-01 -8.380440995097160339e-03
3.420490026473999023e-02 5.601562261581420898e-01 3.244271501898765564e-02
-3.280140832066535950e-02 5.800763368606567383e-01 7.081503421068191528e-02
1.911952346563339233e-02 6.060574054718017578e-01 8.095492422580718994e-02
-1.486736629158258438e-02 5.990342497825622559e-01 4.429373890161514282e-02
-4.438662156462669373e-02 6.255177855491638184e-01 6.274771690368652344e-02
1.482347585260868073e-02 6.535733938217163086e-01 7.485789805650711060e-02
-6.737765669822692871e-02 5.835089087486267090e-01 1.001597866415977478e-01
-1.418030411005020142e-01 4.277583062648773193e-01 8.528273552656173706e-02
-2.115279287099838257e-01 4.275744259357452393e-01 -9.874463081359863281e-03
-1.003559678792953491e-01 4.398259222507476807e-01 -8.715117583051323891e-04
4.676656424999237061e-02 5.221715569496154785e-01 1.164711713790893555e-01
1.427760571241378784e-01 5.611595511436462402e-01 1.544000655412673950e-01
1.619345694780349731e-02 5.660622715950012207e-01 1.114506199955940247e-01
-2.986658178269863129e-02 5.950357913970947266e-01 1.505124717950820923e-01
-7.348931394517421722e-03 6.274619102478027344e-01 1.617755740880966187e-01
4.583911970257759094e-02 6.168797612190246582e-01 1.540345996618270874e-01
8.346970379352569580e-02 6.280968189239501953e-01 1.468759924173355103e-01
9.385725483298301697e-03 5.973154902458190918e-01 1.298893094062805176e-01
7.214276492595672607e-02 6.273935437202453613e-01 1.175034269690513611e-01
1.012789234519004822e-01 6.254751682281494141e-01 1.158229261636734009e-01
7.674261927604675293e-03 6.105918884277343750e-01 1.131700947880744934e-01
4.329124093055725098e-02 5.853668451309204102e-01 8.548434078693389893e-02
-2.653567818924784660e-03 4.449966847896575928e-01 1.273269802331924438e-01
-1.063275560736656189e-01 1.979364603757858276e-01 1.378661394119262695e-01
-2.123630195856094360e-01 1.328204125165939331e-01 1.633010059595108032e-01
-2.711025476455688477e-01 1.948789358139038086e-01 1.692188829183578491e-01
-3.570080995559692383e-01 1.790465563535690308e-01 2.104392796754837036e-01
-3.034631907939910889e-01 2.236928492784500122e-01 1.614755839109420776e-01
-3.264126777648925781e-01 2.180970460176467896e-01 1.856037676334381104e-01
-3.220217227935791016e-01 1.696324199438095093e-01 1.795751154422760010e-01
-2.402932643890380859e-01 2.139041423797607422e-01 1.838572770357131958e-01
-8.411949127912521362e-02 4.697396755218505859e-01 1.752261966466903687e-01
3.076740205287933350e-01 4.151536822319030762e-01 4.876003041863441467e-02
4.018566012382507324e-01 3.546907007694244385e-01 -2.566228993237018585e-02
3.842271864414215088e-01 3.645226657390594482e-01 5.620399024337530136e-03
4.478554725646972656e-01 3.922023177146911621e-01 -5.199798941612243652e-02
4.434531629085540771e-01 3.985514342784881592e-01 -6.032314896583557129e-02
4.416467249393463135e-01 4.066971838474273682e-01 -4.443623125553131104e-02
4.526702761650085449e-01 4.030531346797943115e-01 -9.725677967071533203e-02
4.201110899448394775e-01 4.306444823741912842e-01 -9.538228809833526611e-02
4.072480797767639160e-01 4.573997855186462402e-01 -7.663789391517639160e-02
3.248872160911560059e-01 4.215698242187500000e-01 -1.216119229793548584e-01
2.502129077911376953e-01 1.600011140108108521e-01 -8.856442570686340332e-02
1.594534888863563538e-02 4.914266467094421387e-01 -7.127921283245086670e-02
9.005272388458251953e-02 6.691399812698364258e-01 5.340414587408304214e-03
1.107398420572280884e-01 7.060103416442871094e-01 4.429881647229194641e-02
1.495376080274581909e-01 6.826116442680358887e-01 4.803422093391418457e-02
1.678103655576705933e-01 7.009885311126708984e-01 2.690112404525279999e-02
1.743202358484268188e-01 6.961159706115722656e-01 3.851833567023277283e-02
1.690565198659896851e-01 6.859200000762939453e-01 4.945570975542068481e-02
1.155495122075080872e-01 6.872116923332214355e-01 7.035626471042633057e-02
1.146177053451538086e-01 6.784567236900329590e-01 5.345452576875686646e-02
7.186023890972137451e-02 6.920673847198486328e-01 5.294050648808479309e-02
1.557430177927017212e-01 6.689857244491577148e-01 3.650756180286407471e-02
1.235245168209075928e-01 5.872464776039123535e-01 -1.983081921935081482e-02
1.200231835246086121e-01 5.784602165222167969e-01 -1.627301983535289764e-02
2.689549326896667480e-01 5.027894377708435059e-01 -9.616571664810180664e-02
1.359272152185440063e-01 5.460089445114135742e-01 -2.047930955886840820e-01
1.222556829452514648e-01 5.393362045288085938e-01 -4.315803945064544678e-01
2.388372719287872314e-01 4.442188739776611328e-01 -5.050456523895263672e-01
2.185496091842651367e-01 4.106922447681427002e-01 -5.172904729843139648e-01
2.173261791467666626e-01 3.928547501564025879e-01 -5.202796459197998047e-01
1.849986910820007324e-01 3.620857894420623779e-01 -5.797230005264282227e-01
1.512862294912338257e-01 3.220955133438110352e-01 -6.003637909889221191e-01
8.264008909463882446e-02 3.094712793827056885e-01 -6.458387970924377441e-01
1.482085417956113815e-02 2.360796481370925903e-01 -6.567745208740234375e-01
-2.503722440451383591e-03 2.600514888763427734e-01 -6.426852345466613770e-01
6.186664476990699768e-02 2.983659803867340088e-01 -6.404587030410766602e-01
8.889623731374740601e-02 2.140348702669143677e-01 -6.688125133514404297e-01
2.755106613039970398e-02 2.661922574043273926e-01 -6.407257914543151855e-01
1.233862042427062988e-01 2.651089131832122803e-01 -6.343002915382385254e-01
1.261285841464996338e-01 1.777809411287307739e-01 -6.605190634727478027e-01
1.270986646413803101e-01 1.521156877279281616e-01 -6.992831230163574219e-01
9.385793656110763550e-02 2.283526510000228882e-01 -6.753736734390258789e-01
2.010842859745025635e-01 1.542768627405166626e-01 -7.132979035377502441e-01
2.151719182729721069e-01 1.148190423846244812e-01 -7.346075177192687988e-01
2.321065217256546021e-01 1.269078999757766724e-01 -7.115751504898071289e-01
2.128652185201644897e-01 1.510803848505020142e-01 -7.237508893013000488e-01
2.762552499771118164e-01 1.555429697036743164e-01 -7.274135351181030273e-01
2.937670350074768066e-01 1.502929031848907471e-01 -7.248008251190185547e-01
2.933471798896789551e-01 1.322425156831741333e-01 -7.192993164062500000e-01
