-1.494108587503433228e-01 -3.081518597900867462e-02 -4.315786436200141907e-02
-1.571515649557113647e-01 -1.115290224552154541e-01 -1.062351390719413757e-01
-3.050524368882179260e-02 -3.436928987503051758e-01 -3.535590320825576782e-02
2.597793936729431152e-01 -3.810275197029113770e-01 1.055280268192291260e-01
3.778280615806579590e-01 -3.191312849521636963e-01 8.548637479543685913e-02
3.443539738655090332e-01 -3.804437518119812012e-01 -1.767172478139400482e-02
1.817149966955184937e-01 -2.893655598163604736e-01 -1.257065683603286743e-01
4.168383032083511353e-02 -2.825245857238769531e-01 -1.003600135445594788e-01
2.073754072189331055e-01 -8.797279000282287598e-02 1.352538615465164185e-01
3.398853540420532227e-01 1.376854926347732544e-01 3.024556934833526611e-01
2.906031608581542969e-01 7.944398373365402222e-02 2.805529534816741943e-01
1.412660479545593262e-01 -1.227630749344825745e-01 3.244570791721343994e-01
1.512150019407272339e-01 1.672707125544548035e-02 9.578115493059158325e-02
1.843549162149429321e-01 2.602015137672424316e-01 -5.833446234464645386e-02
2.683264613151550293e-01 4.088649451732635498e-01 -1.730729192495346069e-01
1.856694519519805908e-01 4.010583460330963135e-01 -3.326420485973358154e-01
9.569686651229858398e-02 1.170274019241333008e-01 -2.437196224927902222e-01
1.371259987354278564e-01 6.856267899274826050e-02 -2.296970784664154053e-01
6.587757170200347900e-02 5.899500846862792969e-02 -1.151711195707321167e-01
-6.872202455997467041e-02 -1.853600144386291504e-03 -1.265428843908011913e-03
-2.012951374053955078e-01 4.556405171751976013e-02 7.021672278642654419e-02
-1.973271816968917847e-01 1.299778074026107788e-01 1.587390750646591187e-01
-1.575605720281600952e-01 2.077618241310119629e-01 2.148669213056564331e-01
-1.678025722503662109e-01 1.304022073745727539e-01 1.516750007867813110e-01
-2.677061557769775391e-01 -1.694627702236175537e-01 4.216539859771728516e-02
-3.504774570465087891e-01 -3.801774680614471436e-01 4.768824670463800430e-03
-3.293137550354003906e-01 -4.347782433032989502e-01 -1.238561123609542847e-01
-2.432652860879898071e-01 -3.322808444499969482e-01 -1.036013886332511902e-01
-1.443584412336349487e-01 -3.078623116016387939e-01 -2.708377242088317871e-01
-1.076545491814613342e-01 -1.291072815656661987e-01 -2.826270163059234619e-01
-3.946461156010627747e-02 3.229659423232078552e-02 -2.728955149650573730e-01
1.426885277032852173e-01 1.414238810539245605e-01 -2.429578751325607300e-01
1.562329977750778198e-01 1.650474220514297485e-01 -2.092631310224533081e-01
2.085018157958984375e-02 1.080815717577934265e-01 -2.358640581369400024e-01
-8.695191144943237305e-02 1.735096275806427002e-01 -3.380491212010383606e-02
-1.301746368408203125e-01 2.512424290180206299e-01 1.102179065346717834e-01
-3.430936858057975769e-02 3.070996403694152832e-01 3.411785662174224854e-01
8.021315187215805054e-02 1.673604846000671387e-01 2.970067262649536133e-01
6.065997108817100525e-02 1.293897628784179688e-01 3.271669149398803711e-01
-8.749498054385185242e-03 8.338943868875503540e-02 3.382836282253265381e-01
-3.180948644876480103e-02 -1.134934723377227783e-01 3.563165664672851562e-01
3.441425785422325134e-02 -3.215044736862182617e-01 4.003206491470336914e-01
2.351593524217605591e-01 -3.287227153778076172e-01 2.773461639881134033e-01
3.553186655044555664e-01 -2.004290521144866943e-01 1.961525678634643555e-01
3.640642762184143066e-01 5.353514105081558228e-02 6.805939227342605591e-02
2.735485434532165527e-01 1.758264452219009399e-01 -3.077138401567935944e-02
1.596061289310455322e-01 6.991986185312271118e-02 -2.555727027356624603e-03
1.048539206385612488e-01 -6.068547256290912628e-03 -3.197515383362770081e-02
1.573175657540559769e-03 -9.186504781246185303e-02 -1.345091611146926880e-01
1.416204124689102173e-01 -8.827280253171920776e-02 -1.971920877695083618e-01
2.057347595691680908e-01 -1.096228510141372681e-01 -3.654895424842834473e-01
3.073870539665222168e-01 8.596835541538894176e-04 -3.570194244384765625e-01
3.768014609813690186e-01 3.232930600643157959e-02 -3.857424855232238770e-01
2.153785675764083862e-01 -6.340470910072326660e-02 -3.409699499607086182e-01
1.008451730012893677e-01 -1.625243276357650757e-01 -1.802303791046142578e-01
-1.691969484090805054e-01 -2.199500352144241333e-01 -7.844854146242141724e-02
-2.748987376689910889e-01 -1.592844873666763306e-01 5.079785361886024475e-02
-1.979629695415496826e-01 -7.343841344118118286e-02 2.313009090721607208e-02
-2.175239026546478271e-01 5.640894174575805664e-02 -4.312748089432716370e-02
-2.271180152893066406e-01 1.423799842596054077e-01 -5.892269313335418701e-02
-1.875013858079910278e-01 2.432133108377456665e-01 5.216327309608459473e-02
-9.789660573005676270e-02 1.915872395038604736e-01 -1.585883833467960358e-02
-1.289644185453653336e-02 1.111600920557975769e-01 -1.520530041307210922e-02
1.101456731557846069e-01 6.022274866700172424e-02 -9.390436112880706787e-02
1.045133993029594421e-01 2.327271737158298492e-02 -9.161527454853057861e-02
1.085448339581489563e-01 5.876220762729644775e-02 2.867942117154598236e-02
7.397418469190597534e-02 6.178100034594535828e-02 6.848843395709991455e-02
8.494340628385543823e-02 9.636396169662475586e-02 1.068533286452293396e-01
1.289997547864913940e-01 7.445637136697769165e-02 3.105082735419273376e-02
2.221007794141769409e-01 1.862374693155288696e-01 5.380970984697341919e-02
2.356217056512832642e-01 2.804925739765167236e-01 1.622026562690734863e-01
-2.283227071166038513e-02 2.268051654100418091e-01 2.470352947711944580e-01
-3.000880479812622070e-01 1.671635918319225311e-02 1.816416084766387939e-01
-4.448176026344299316e-01 -1.744572222232818604e-01 1.754106432199478149e-01
-4.850738048553466797e-01 -1.878059208393096924e-01 1.645626872777938843e-01
-4.119692742824554443e-01 -6.710543483495712280e-02 2.254238724708557129e-01
-1.873324811458587646e-01 -2.480817213654518127e-02 2.696382403373718262e-01
1.435117796063423157e-02 -1.348206698894500732e-01 1.962330341339111328e-01
1.638104617595672607e-01 -2.840656340122222900e-01 5.051571130752563477e-02
2.645812928676605225e-01 -3.713344037532806396e-01 -1.761186122894287109e-01
2.777114510536193848e-01 -3.577822446823120117e-01 -3.253211677074432373e-01
3.040744960308074951e-01 -2.169518619775772095e-01 -3.002617657184600830e-01
2.772116065025329590e-01 -2.744668908417224884e-02 -1.242517083883285522e-01
1.994388699531555176e-01 5.419968068599700928e-02 -3.738504275679588318e-02
2.058847546577453613e-01 1.257351189851760864e-01 -9.074791334569454193e-03
1.686121225357055664e-01 1.463045924901962280e-01 6.947158277034759521e-02
4.817755892872810364e-03 9.525945037603378296e-02 1.976191848516464233e-01
-7.664505392313003540e-02 1.178719326853752136e-01 2.741345167160034180e-01
-1.247422397136688232e-01 2.061029709875583649e-02 1.675098091363906860e-01
-1.462814807891845703e-01 -1.522790789604187012e-01 3.417126368731260300e-03
-1.302216053009033203e-01 -1.890812516212463379e-01 -1.205433830618858337e-01
-7.505008578300476074e-02 -1.997730284929275513e-01 -1.380137801170349121e-01
1.140211448073387146e-01 -9.363485127687454224e-02 -1.032488048076629639e-01
2.297457307577133179e-01 -4.708464723080396652e-03 -1.774433702230453491e-01
1.861470043659210205e-01 4.935732576996088028e-03 -1.344185322523117065e-01
5.451053008437156677e-02 2.241161093115806580e-02 -4.994140565395355225e-02
2.850396186113357544e-02 8.097726106643676758e-02 1.153141930699348450e-01
3.556768223643302917e-02 6.907279789447784424e-02 1.544510573148727417e-01
1.561524718999862671e-02 2.987822517752647400e-02 -4.273084923624992371e-02
3.084195032715797424e-02 2.307701483368873596e-02 -1.441744416952133179e-01
-5.349940806627273560e-02 -2.483625710010528564e-02 -1.791530549526214600e-01
-1.718584895133972168e-01 -4.849768429994583130e-02 4.084226675331592560e-03
-3.288033902645111084e-01 -1.011529862880706787e-01 1.510699391365051270e-01
-3.993895351886749268e-01 -7.419613748788833618e-02 2.626506686210632324e-01
-2.264468818902969360e-01 -5.076013505458831787e-02 2.279645353555679321e-01
5.587056651711463928e-02 -3.399810194969177246e-02 9.900411218404769897e-02
2.107327878475189209e-01 1.329190097749233246e-02 -4.257000982761383057e-03
1.960916221141815186e-01 1.178450696170330048e-02 -1.186883822083473206e-01
9.490969777107238770e-02 1.055850759148597717e-01 1.638918183743953705e-02
-9.300556965172290802e-03 3.535161912441253662e-02 1.411280967295169830e-02
2.048807740211486816e-01 2.464966289699077606e-02 -1.799462884664535522e-01
4.713385552167892456e-02 5.703214555978775024e-03 -2.835256159305572510e-01
-1.595372855663299561e-01 -1.563342846930027008e-02 -3.046523034572601318e-01
-2.598114907741546631e-01 7.629919797182083130e-02 -1.301916986703872681e-01
-3.598948419094085693e-01 4.153694212436676025e-02 1.072962135076522827e-01
-9.527181833982467651e-02 6.067088991403579712e-02 8.749309182167053223e-02
1.861533336341381073e-02 7.046845555305480957e-02 8.598367869853973389e-02
1.238234806805849075e-02 6.131020560860633850e-02 7.749475538730621338e-02
7.533375173807144165e-02 1.097661033272743225e-01 9.672602266073226929e-02
1.321101039648056030e-01 1.443978995084762573e-01 7.023468613624572754e-02
1.805988997220993042e-01 1.845474839210510254e-01 2.319299615919589996e-02
4.044847097247838974e-03 7.881481200456619263e-02 5.932408943772315979e-02
1.321977227926254272e-01 3.535674884915351868e-02 2.287442833185195923e-01
3.176389932632446289e-01 -1.543882023543119431e-02 2.335206866264343262e-01
3.873105347156524658e-01 -5.028782761655747890e-04 7.331055402755737305e-02
3.846446871757507324e-01 1.597974151372909546e-01 -4.679849743843078613e-02
1.057810410857200623e-01 1.449311971664428711e-01 -1.884102821350097656e-01
-5.001838505268096924e-02 1.718276143074035645e-01 -9.062004834413528442e-02
-5.849888175725936890e-02 1.280947178602218628e-01 -1.788272708654403687e-02
5.721698515117168427e-03 4.844613373279571533e-02 -9.520162642002105713e-02
1.699108746834099293e-03 9.477479010820388794e-02 -7.099305838346481323e-02
6.132508441805839539e-02 1.179670095443725586e-01 -7.404903322458267212e-02
2.321594208478927612e-02 1.363351345062255859e-01 -2.764587104320526123e-02
-8.061270415782928467e-02 1.812990456819534302e-01 2.113048285245895386e-01
-1.753841340541839600e-01 7.218474894762039185e-02 1.748789250850677490e-01
-3.347663879394531250e-01 1.194483321160078049e-02 8.704046905040740967e-02
-2.791611254215240479e-01 -6.540460884571075439e-02 2.217458933591842651e-02
-2.260733693838119507e-01 -1.006374508142471313e-01 -5.880798399448394775e-02
-2.224527746438980103e-01 -3.167329728603363037e-02 3.117186576128005981e-02
-1.325031518936157227e-01 8.716748654842376709e-02 -7.114697992801666260e-02
-1.787459701299667358e-01 7.942980527877807617e-02 -1.634607911109924316e-01
-1.490853279829025269e-01 6.641965359449386597e-02 -2.221333384513854980e-01
-1.104412898421287537e-01 6.514082849025726318e-02 -2.085078656673431396e-01
-1.785811781883239746e-01 -4.569317214190959930e-03 -7.958276569843292236e-02
-1.761926412582397461e-01 2.580723538994789124e-02 -9.954125434160232544e-02
-7.690363377332687378e-02 7.757277693599462509e-03 -4.896144941449165344e-02
-9.897189214825630188e-03 9.590744972229003906e-02 1.587822102010250092e-02
-5.884623154997825623e-02 2.278729230165481567e-01 6.904102861881256104e-02
-2.206061966717243195e-02 1.268456131219863892e-01 7.963303476572036743e-02
-6.631145626306533813e-02 -8.114953339099884033e-02 -1.518687978386878967e-02
-1.087788566946983337e-01 -1.620261073112487793e-01 -9.022628515958786011e-02
-1.727273017168045044e-01 -1.378782093524932861e-01 -7.891034334897994995e-02
-1.934136301279067993e-01 -4.699201509356498718e-02 -1.185920741409063339e-02
-1.621900498867034912e-01 -4.918694496154785156e-02 7.591773569583892822e-02
-1.445606797933578491e-01 -4.285115003585815430e-02 1.038345843553543091e-01
-1.335812807083129883e-01 1.628323830664157867e-02 1.629672497510910034e-01
-1.302482783794403076e-01 1.197533309459686279e-01 1.423580646514892578e-01
-3.642756491899490356e-03 1.127526611089706421e-01 7.788234949111938477e-02
7.881648838520050049e-03 2.249075286090373993e-02 -1.820418797433376312e-02
-5.982965603470802307e-02 5.115579813718795776e-02 -1.152988523244857788e-01
-9.527069330215454102e-02 4.787872359156608582e-02 -1.053987145423889160e-01
-5.743410810828208923e-02 7.816488295793533325e-02 -7.949341833591461182e-02
