-8.281614631414413452e-02 -1.629274934530258179e-01 -2.223028838634490967e-01
-2.915761768817901611e-01 -1.090584024786949158e-01 -3.129775822162628174e-01
-3.940759897232055664e-01 5.555180460214614868e-02 -3.120073974132537842e-01
-3.480936884880065918e-01 2.399706095457077026e-01 -1.584843844175338745e-01
-1.855499483644962311e-02 2.442519217729568481e-01 8.370681107044219971e-02
2.750779986381530762e-01 6.850568205118179321e-02 2.733675539493560791e-01
2.364323884248733521e-01 6.679360568523406982e-02 3.855775594711303711e-01
6.505472213029861450e-02 2.153573930263519287e-01 4.271480143070220947e-01
-4.908325523138046265e-02 2.564749121665954590e-01 3.619604706764221191e-01
-5.396330729126930237e-02 8.813549764454364777e-03 1.727745085954666138e-01
1.545766592025756836e-01 -2.159392982721328735e-01 -3.828234598040580750e-02
2.305922508239746094e-01 -1.639439910650253296e-01 -2.044720202684402466e-01
1.728956401348114014e-01 2.247705757617950439e-01 -2.098978459835052490e-01
2.389918416738510132e-01 4.127717614173889160e-01 -1.154861450195312500e-01
6.502272933721542358e-02 2.136344611644744873e-01 -1.792182326316833496e-01
-5.239070393145084381e-03 -1.607839167118072510e-01 -2.192605733871459961e-01
-9.696111083030700684e-02 -3.909038901329040527e-01 -1.664512753486633301e-01
-1.708743721246719360e-01 -4.237735569477081299e-01 -5.836553126573562622e-02
-2.969949133694171906e-02 -3.495455384254455566e-01 1.438475549221038818e-01
-1.217538584023714066e-02 -2.235349714756011963e-01 2.851682007312774658e-01
1.048283837735652924e-02 -1.773690432310104370e-02 3.224371075630187988e-01
-4.762952215969562531e-03 1.828942894935607910e-01 2.623537182807922363e-01
-2.107439190149307251e-02 1.364554017782211304e-01 1.065040305256843567e-01
-1.814030110836029053e-02 -1.312610656023025513e-01 -8.013738691806793213e-02
-1.486535463482141495e-02 -2.462631314992904663e-01 -2.328518629074096680e-01
-5.004151165485382080e-02 -2.216128855943679810e-01 -3.270128071308135986e-01
-9.878787212073802948e-03 -9.977906942367553711e-02 -3.993629217147827148e-01
9.794439375400543213e-02 5.354416742920875549e-02 -3.161568641662597656e-01
1.554065495729446411e-01 1.588854491710662842e-01 -1.373050063848495483e-01
9.298586100339889526e-02 3.499560356140136719e-01 2.060628496110439301e-02
-6.305211782455444336e-02 4.307678937911987305e-01 9.728261828422546387e-02
-8.091209828853607178e-02 3.105331659317016602e-01 8.664963394403457642e-02
-4.497371241450309753e-02 8.494745939970016479e-02 2.056660354137420654e-01
4.209885001182556152e-02 -1.118602976202964783e-01 3.671502470970153809e-01
-6.791270524263381958e-02 -9.770928323268890381e-02 4.072990119457244873e-01
-2.183225899934768677e-01 -3.263637423515319824e-02 2.225000262260437012e-01
-2.313146740198135376e-01 -3.410726785659790039e-02 2.589722163975238800e-02
-1.669582277536392212e-01 -6.952259689569473267e-02 -4.357672482728958130e-02
-6.101316213607788086e-02 -1.481603682041168213e-01 -1.247283816337585449e-02
-1.525355279445648193e-01 -2.157345414161682129e-01 -2.269122982397675514e-03
-1.911349743604660034e-01 -1.880064457654953003e-01 -2.058018445968627930e-01
-8.624719828367233276e-02 -1.941877976059913635e-02 -2.932745814323425293e-01
1.574485152959823608e-01 2.221700996160507202e-01 -2.303774058818817139e-01
3.580603599548339844e-01 3.102601468563079834e-01 -6.304562836885452271e-02
3.146494030952453613e-01 1.784046441316604614e-01 7.047812640666961670e-02
1.552374958992004395e-01 -8.788575977087020874e-02 8.496158756315708160e-03
4.480786249041557312e-02 -2.469535768032073975e-01 -6.437169760465621948e-02
-2.273037657141685486e-02 -1.129295602440834045e-01 -1.791911125183105469e-01
4.860991239547729492e-02 1.562115848064422607e-01 -2.285166531801223755e-01
1.652736403048038483e-02 3.555333912372589111e-01 -2.189764380455017090e-01
-5.823029205203056335e-02 3.922303617000579834e-01 -2.690623998641967773e-01
-6.796592473983764648e-02 1.503235697746276855e-01 -1.854032427072525024e-01
-1.759108006954193115e-01 -1.822797954082489014e-01 -7.429011911153793335e-02
-8.126821368932723999e-02 -4.304188489913940430e-01 2.078982889652252197e-01
1.604000851511955261e-02 -4.376014769077301025e-01 4.660538136959075928e-01
9.008850902318954468e-02 -2.710725665092468262e-01 4.578054249286651611e-01
2.291285693645477295e-01 -8.603004366159439087e-02 3.458915054798126221e-01
2.328248918056488037e-01 9.761200100183486938e-02 1.194083839654922485e-01
1.958285868167877197e-01 1.465161144733428955e-01 7.313276827335357666e-02
1.225064769387245178e-01 1.594293266534805298e-01 9.515468031167984009e-02
-4.358826205134391785e-02 1.454091668128967285e-01 -2.408326417207717896e-02
-1.321909725666046143e-01 1.232927292585372925e-01 -1.984161436557769775e-01
-1.567277312278747559e-01 9.123451262712478638e-02 -2.968540787696838379e-01
-1.763730347156524658e-01 4.184262454509735107e-02 -1.812881529331207275e-01
-1.286347955465316772e-01 1.710594631731510162e-02 -2.929394366219639778e-03
-1.117043122649192810e-01 1.668781228363513947e-02 1.203584000468254089e-01
-6.975888460874557495e-02 5.549229308962821960e-02 5.438355356454849243e-02
-3.065848909318447113e-02 9.806454926729202271e-02 -9.133581072092056274e-02
-2.202276512980461121e-02 1.223159059882164001e-01 -1.164987236261367798e-01
2.865802124142646790e-02 -3.390945121645927429e-02 2.195588871836662292e-02
1.176418662071228027e-01 -2.598652541637420654e-01 2.077618241310119629e-01
1.749778836965560913e-01 -4.526871144771575928e-01 2.556254565715789795e-01
1.788041144609451294e-01 -4.812927544116973877e-01 2.167664319276809692e-01
5.802084133028984070e-02 -2.813416421413421631e-01 1.466517895460128784e-01
-2.099881768226623535e-01 1.110022738575935364e-01 1.417732518166303635e-02
-3.356419205665588379e-01 3.806164860725402832e-01 -1.165437325835227966e-01
-3.290921449661254883e-01 3.967592418193817139e-01 -2.741873860359191895e-01
-1.377970725297927856e-01 2.910667955875396729e-01 -3.685287535190582275e-01
1.351690739393234253e-01 1.621302366256713867e-01 -3.021257221698760986e-01
2.609999477863311768e-01 6.549986451864242554e-02 -1.715329438447952271e-01
2.379688620567321777e-01 5.070590227842330933e-02 3.735254332423210144e-02
1.410848796367645264e-01 -2.538641355931758881e-02 1.946814954280853271e-01
2.348964661359786987e-02 -6.572170555591583252e-02 1.935274302959442139e-01
-5.157188326120376587e-02 -1.273102015256881714e-01 8.378504216670989990e-02
-7.710020244121551514e-02 -2.447329759597778320e-01 -3.074270300567150116e-02
-8.713687956333160400e-02 -3.167625069618225098e-01 -4.168226942420005798e-02
-3.749086335301399231e-02 -3.373052477836608887e-01 -4.683863371610641479e-02
2.182364091277122498e-02 -1.548397541046142578e-01 -1.541201258078217506e-03
4.942386597394943237e-02 1.171886771917343140e-01 3.152487054467201233e-02
7.529263198375701904e-02 3.109084665775299072e-01 7.859531044960021973e-02
6.714501976966857910e-02 3.874843418598175049e-01 1.089785695075988770e-01
4.000891745090484619e-02 3.128113746643066406e-01 -1.075269579887390137e-01
-2.466270327568054199e-02 1.487488448619842529e-01 -2.560001909732818604e-01
-2.992855943739414215e-02 -7.925920188426971436e-02 -1.882898062467575073e-01
-3.985965996980667114e-02 -1.855874359607696533e-01 6.520724296569824219e-02
-6.602063775062561035e-02 -1.945753991603851318e-01 2.410650104284286499e-01
1.105460058897733688e-02 -9.470322728157043457e-02 1.629526913166046143e-01
8.998719602823257446e-02 1.741380803287029266e-02 -3.713481500744819641e-02
2.082121372222900391e-01 -4.936149809509515762e-03 -1.075243651866912842e-01
1.540726274251937866e-01 -9.730266779661178589e-02 -3.007904067635536194e-02
-1.107874908484518528e-03 -2.412036657333374023e-01 1.240529343485832214e-01
-1.045297756791114807e-01 -2.701534330844879150e-01 2.331951260566711426e-01
-1.956311464309692383e-01 -9.788529574871063232e-02 1.337594985961914062e-01
-1.705412864685058594e-01 1.580032110214233398e-01 -8.330775797367095947e-02
-9.473809599876403809e-02 2.818939685821533203e-01 -2.521753907203674316e-01
4.097345098853111267e-02 2.335355132818222046e-01 -2.932568788528442383e-01
1.221014633774757385e-01 7.476820796728134155e-02 -1.032960116863250732e-01
1.054205298423767090e-01 -2.889388799667358398e-02 9.399536997079849243e-02
8.539506234228610992e-03 7.424489129334688187e-03 -2.592922374606132507e-02
4.404235631227493286e-02 -5.582335591316223145e-02 -1.047233790159225464e-01
2.089456468820571899e-01 -1.778070032596588135e-01 -7.260496169328689575e-02
2.393638491630554199e-01 -2.301541268825531006e-01 1.290125846862792969e-01
1.313690692186355591e-01 -2.113001644611358643e-01 4.348838031291961670e-01
-1.243666708469390869e-01 4.859742894768714905e-02 2.987732589244842529e-01
-2.802322506904602051e-01 2.080649435520172119e-01 2.960214763879776001e-02
-1.867691725492477417e-01 2.082535773515701294e-01 -1.219519004225730896e-01
-8.382146805524826050e-02 1.767759025096893311e-01 -1.950526535511016846e-01
-1.825312338769435883e-02 1.018543094396591187e-01 -9.612239152193069458e-02
4.722145851701498032e-03 1.538157910108566284e-01 -9.159536659717559814e-02
-7.795026060193777084e-03 1.111071780323982239e-01 -9.323592483997344971e-02
-7.910364866256713867e-02 8.882601559162139893e-02 5.820272490382194519e-02
-2.414361536502838135e-01 1.155167222023010254e-01 1.301575303077697754e-01
-3.475795984268188477e-01 1.849959045648574829e-01 2.608992904424667358e-02
-2.554476857185363770e-01 2.471671104431152344e-01 -1.112379804253578186e-01
1.362737417221069336e-01 7.343687117099761963e-02 -1.769050359725952148e-01
3.835167288780212402e-01 -1.330364942550659180e-01 -5.410183966159820557e-02
3.829046189785003662e-01 -2.498894482851028442e-01 1.089732125401496887e-01
2.196245640516281128e-01 -2.131717801094055176e-01 1.079562380909919739e-01
8.329911157488822937e-03 -6.798547506332397461e-02 3.522075340151786804e-02
-2.216181904077529907e-02 1.342898886650800705e-02 -5.381416529417037964e-02
4.562343657016754150e-02 -7.687625475227832794e-03 -2.237397618591785431e-02
3.155373781919479370e-02 -1.129937916994094849e-01 1.347072422504425049e-01
-1.630535814911127090e-03 -1.671263128519058228e-01 1.546791791915893555e-01
3.800524026155471802e-02 -2.180698364973068237e-01 1.227160170674324036e-01
3.804839774966239929e-02 -1.486560106277465820e-01 -2.604290284216403961e-02
1.028489768505096436e-01 -1.278078109025955200e-01 -1.808373034000396729e-01
5.459032580256462097e-02 -1.244524493813514709e-01 -1.396396756172180176e-01
-2.699849009513854980e-02 3.484277054667472839e-02 -1.360167413949966431e-01
-4.211719613522291183e-03 1.636232584714889526e-01 -5.184807628393173218e-02
3.585404530167579651e-02 2.642460763454437256e-01 1.182256639003753662e-02
1.060154661536216736e-01 1.707544028759002686e-01 -2.365832403302192688e-02
8.751399070024490356e-02 -1.127454191446304321e-01 4.300850257277488708e-02
4.431610926985740662e-02 -2.566146552562713623e-01 -3.234335780143737793e-02
-6.803081184625625610e-02 -2.181271761655807495e-01 -7.673388719558715820e-02
-1.144866123795509338e-01 -1.639087498188018799e-02 7.144862320274114609e-05
-8.637055754661560059e-02 2.005521655082702637e-01 1.041576862335205078e-01
-1.136901378631591797e-01 2.470514923334121704e-01 2.060172855854034424e-01
-1.006273180246353149e-01 1.096166223287582397e-01 7.320237159729003906e-02
-1.004436463117599487e-01 -8.510715514421463013e-02 -1.709532886743545532e-01
-3.242916986346244812e-02 -1.892620623111724854e-01 -2.302925139665603638e-01
9.043464809656143188e-02 -1.678503304719924927e-01 -6.870085746049880981e-02
1.176508516073226929e-01 -4.146929830312728882e-02 2.032922953367233276e-01
3.972205147147178650e-02 3.189972788095474243e-02 2.658802270889282227e-01
-7.256283611059188843e-02 5.208197608590126038e-02 1.641534864902496338e-01
-6.722779572010040283e-02 4.754495248198509216e-02 3.643379732966423035e-02
-4.765189066529273987e-02 6.414107978343963623e-02 -1.146179661154747009e-01
2.132121473550796509e-02 1.028280034661293030e-01 -1.072432175278663635e-01
1.127576008439064026e-01 1.442358940839767456e-01 -7.869727164506912231e-02
1.009626761078834534e-01 1.814312934875488281e-01 5.181252490729093552e-03
9.012294560670852661e-02 1.713082343339920044e-01 8.593080937862396240e-02
1.539476495236158371e-02 1.242221370339393616e-01 5.371403694152832031e-02
-4.295971989631652832e-02 5.788877233862876892e-02 2.323646843433380127e-02
