2.246190607547760010e-01 -3.404221534729003906e-01 -3.167519867420196533e-01
2.579557001590728760e-01 -3.872078955173492432e-01 -2.134706079959869385e-01
3.118462860584259033e-01 -1.967608630657196045e-01 -1.488226652145385742e-01
3.946244716644287109e-01 -2.985523343086242676e-01 -1.493571251630783081e-01
3.772743046283721924e-01 -2.246078252792358398e-01 -2.975145876407623291e-01
3.483401536941528320e-01 -3.193643093109130859e-01 -2.336236834526062012e-01
7.103860378265380859e-02 -2.313212752342224121e-01 2.198527306318283081e-01
-1.026214100420475006e-02 -1.408272534608840942e-01 3.230808079242706299e-01
-9.565069526433944702e-02 -7.423879113048315048e-03 3.329131007194519043e-01
-1.452620327472686768e-01 -6.409168988466262817e-02 2.837134301662445068e-01
-1.143225431442260742e-01 -4.305980633944272995e-03 1.974080950021743774e-01
-1.730620115995407104e-01 1.474714130163192749e-01 1.586680412292480469e-01
-4.238106310367584229e-01 2.250479012727737427e-01 9.819928556680679321e-02
-4.176334738731384277e-01 -6.498437141999602318e-04 8.372256159782409668e-02
-4.490823149681091309e-01 7.252439856529235840e-02 9.319341927766799927e-02
-9.727475047111511230e-02 3.369424641132354736e-01 -7.793521136045455933e-02
5.224084109067916870e-02 5.000376701354980469e-01 7.696799188852310181e-02
7.241585850715637207e-02 5.466000437736511230e-01 1.074659451842308044e-01
1.427234262228012085e-01 5.454134941101074219e-01 8.493834733963012695e-02
9.352376312017440796e-02 5.288901329040527344e-01 1.426475197076797485e-01
1.925193518400192261e-01 5.359818339347839355e-01 6.757219135761260986e-02
3.214311897754669189e-01 4.536778628826141357e-01 2.249211072921752930e-02
3.504395782947540283e-01 4.402614831924438477e-01 1.927948184311389923e-02
3.113768994808197021e-01 4.433424770832061768e-01 5.815613642334938049e-02
3.335468471050262451e-01 4.765954315662384033e-01 -2.360333502292633057e-02
3.254355490207672119e-01 4.939965903759002686e-01 -9.575788676738739014e-02
2.670638561248779297e-01 5.230687260627746582e-01 -1.057963594794273376e-01
1.921541243791580200e-01 4.788573682308197021e-01 -4.944631084799766541e-02
1.926092803478240967e-01 4.193308651447296143e-01 -6.804867833852767944e-02
1.148258000612258911e-01 3.224045038223266602e-01 -4.210944846272468567e-02
6.896894425153732300e-02 2.541663646697998047e-01 -9.130042977631092072e-03
-9.210949763655662537e-03 2.042376399040222168e-01 6.463375687599182129e-02
9.757037460803985596e-02 1.525050997734069824e-01 9.133786708116531372e-02
1.562748290598392487e-02 2.029288113117218018e-01 1.788357496261596680e-01
3.920667991042137146e-02 1.435247659683227539e-01 2.024641335010528564e-01
3.692925209179520607e-03 2.348916679620742798e-01 1.720768660306930542e-01
-1.158065199851989746e-01 2.502892017364501953e-01 2.336138635873794556e-01
-1.003347411751747131e-01 1.934717148542404175e-01 2.290241569280624390e-01
-1.216676533222198486e-01 2.339946180582046509e-01 1.880307346582412720e-01
-2.190097421407699585e-01 2.486263215541839600e-01 1.687834709882736206e-01
-2.081067860126495361e-01 1.577269881963729858e-01 1.621856987476348877e-01
-1.916190832853317261e-01 2.102349847555160522e-01 1.197767481207847595e-01
-1.357946395874023438e-01 1.894353777170181274e-01 1.122646704316139221e-01
-1.177845746278762817e-01 1.217891946434974670e-01 7.333307713270187378e-02
-4.696225805673748255e-04 2.179830670356750488e-01 -5.408230051398277283e-02
3.833911940455436707e-02 2.925181686878204346e-01 -3.288159146904945374e-02
2.259301245212554932e-01 2.596138417720794678e-01 1.346506993286311626e-03
1.888495385646820068e-01 2.323087602853775024e-01 -2.802183292806148529e-02
7.509899884462356567e-02 2.469941973686218262e-01 -5.522132664918899536e-02
-1.376716792583465576e-01 1.024609282612800598e-01 2.905043214559555054e-02
2.618268691003322601e-02 3.257756680250167847e-02 -4.110325574874877930e-01
1.404674053192138672e-01 3.010949492454528809e-01 -3.549374639987945557e-01
6.251147389411926270e-02 2.071721702814102173e-01 -2.420852333307266235e-01
1.428545415401458740e-01 1.263948827981948853e-01 -8.131463825702667236e-02
9.589736908674240112e-02 1.218538209795951843e-01 -1.767295412719249725e-02
-9.974542260169982910e-02 3.224912285804748535e-02 1.341657638549804688e-01
-2.085289955139160156e-01 1.603825390338897705e-01 2.396977990865707397e-01
-3.163446784019470215e-01 1.287206262350082397e-01 2.026981264352798462e-01
-2.965490520000457764e-01 1.951298862695693970e-01 1.867983937263488770e-01
-2.046489417552947998e-01 2.121014297008514404e-01 1.843389272689819336e-01
-1.509427279233932495e-01 2.041380554437637329e-01 1.164030581712722778e-01
-1.376829743385314941e-01 1.693254411220550537e-01 4.236791655421257019e-02
-2.417017817497253418e-01 1.332443356513977051e-01 4.522257298231124878e-02
-3.617215156555175781e-01 -4.196219518780708313e-02 1.459256559610366821e-01
-3.780896365642547607e-01 7.093329727649688721e-02 7.109493017196655273e-02
-3.173209130764007568e-01 8.028705418109893799e-02 -9.841295331716537476e-02
-1.813157945871353149e-01 9.072741121053695679e-02 -1.470085084438323975e-01
7.659320533275604248e-02 2.675520777702331543e-01 -1.549686491489410400e-01
4.333849996328353882e-02 2.868998050689697266e-01 -7.598668802529573441e-03
1.058252304792404175e-01 4.176116585731506348e-01 6.342279911041259766e-02
5.617023259401321411e-02 4.598386883735656738e-01 1.114151254296302795e-01
1.257225722074508667e-01 4.730728864669799805e-01 1.124395951628684998e-01
1.565172970294952393e-01 4.615256190299987793e-01 9.074343740940093994e-02
3.162138760089874268e-01 4.086481332778930664e-01 6.655696034431457520e-02
3.451142907142639160e-01 4.435248374938964844e-01 6.987867504358291626e-02
2.993360161781311035e-01 4.401197731494903564e-01 2.315081469714641571e-02
2.015341371297836304e-01 4.620636403560638428e-01 -2.028504759073257446e-02
1.823394000530242920e-01 4.669070839881896973e-01 -3.095691092312335968e-02
1.552941203117370605e-01 4.296931922435760498e-01 -7.656291127204895020e-02
9.478806704282760620e-02 2.879956960678100586e-01 -1.072297543287277222e-01
-4.433769360184669495e-02 6.513063609600067139e-02 -1.331413537263870239e-02
-7.616034150123596191e-02 3.584291413426399231e-02 2.561683394014835358e-02
-1.161214411258697510e-01 -9.443816542625427246e-02 8.027183264493942261e-02
-1.971822977066040039e-01 -1.557347029447555542e-01 9.747031331062316895e-02
-1.731401830911636353e-01 -1.759925186634063721e-01 1.575770676136016846e-01
-3.900703042745590210e-02 -1.953954994678497314e-01 6.579647213220596313e-02
6.637381017208099365e-02 -1.893086284399032593e-01 5.466419085860252380e-02
2.532471716403961182e-01 -2.066121548414230347e-01 3.044079430401325226e-02
2.812064588069915771e-01 -2.357244938611984253e-01 8.219246566295623779e-02
3.521611690521240234e-01 -2.855024933815002441e-01 8.652542531490325928e-02
3.666848540306091309e-01 -2.656121253967285156e-01 1.014872714877128601e-01
4.404603838920593262e-01 -3.190112113952636719e-01 4.002042859792709351e-02
4.866392910480499268e-01 -3.103319704532623291e-01 1.688460819423198700e-02
4.355922341346740723e-01 -2.543607056140899658e-01 1.484168227761983871e-02
2.735499143600463867e-01 -1.809980571269989014e-01 1.090560555458068848e-01
3.747865557670593262e-01 -2.082802206277847290e-01 8.152823895215988159e-02
3.241574764251708984e-01 -1.956643313169479370e-01 5.206630378961563110e-02
3.626896142959594727e-01 -1.774644702672958374e-01 -5.489804968237876892e-02
7.184083759784698486e-02 -1.455296576023101807e-01 1.450869720429182053e-02
8.087491616606712341e-03 -1.293183714151382446e-01 3.899339959025382996e-02
5.732898786664009094e-02 -1.685000509023666382e-01 5.314556136727333069e-02
1.629494428634643555e-01 -1.344755887985229492e-01 7.598510384559631348e-02
4.099198281764984131e-01 -2.755632102489471436e-01 -3.819539397954940796e-02
4.744283854961395264e-01 -2.657568454742431641e-01 -1.041701287031173706e-01
3.030524253845214844e-01 -1.687455475330352783e-01 -1.093380749225616455e-01
1.317994296550750732e-01 -1.380119919776916504e-01 -3.387497738003730774e-02
1.164817735552787781e-01 -1.906060427427291870e-01 -1.960790716111660004e-02
2.763401865959167480e-01 -3.140564262866973877e-01 -4.647527262568473816e-02
3.495067656040191650e-01 -3.575335443019866943e-01 -5.128109082579612732e-02
3.543670773506164551e-01 -4.492094814777374268e-01 -3.547356277704238892e-02
3.215624690055847168e-01 -3.592873811721801758e-01 -9.705541655421257019e-03
2.673454582691192627e-01 -3.728221356868743896e-01 3.162092994898557663e-03
2.304570227861404419e-01 -2.890014648437500000e-01 2.633278258144855499e-02
-4.996053874492645264e-03 2.724930942058563232e-01 5.672028288245201111e-02
-4.191898182034492493e-02 5.376585125923156738e-01 3.041130118072032928e-02
8.671415597200393677e-02 6.194980740547180176e-01 4.864669972448609769e-05
8.970814943313598633e-02 6.309970617294311523e-01 4.418735578656196594e-02
1.255900710821151733e-01 6.521047353744506836e-01 7.223372906446456909e-02
1.207581534981727600e-01 6.863971948623657227e-01 8.126887679100036621e-02
8.823063969612121582e-02 6.785973310470581055e-01 6.605242937803268433e-02
5.706857144832611084e-02 6.565098762512207031e-01 2.994100376963615417e-02
5.852131173014640808e-02 6.388573050498962402e-01 1.271039433777332306e-02
1.172843202948570251e-01 6.233927607536315918e-01 4.350365325808525085e-02
1.547430902719497681e-01 5.579811334609985352e-01 -1.836012490093708038e-02
2.063381373882293701e-01 5.707036256790161133e-01 -8.754639327526092529e-02
2.197747230529785156e-01 5.475302934646606445e-01 -1.910091638565063477e-01
2.286203950643539429e-01 4.038655161857604980e-01 -3.852668404579162598e-01
2.410017997026443481e-01 3.950887024402618408e-01 -4.985064268112182617e-01
1.780076622962951660e-01 3.771441876888275146e-01 -5.654868483543395996e-01
-7.256548386067152023e-03 2.239586263895034790e-01 -6.412618756294250488e-01
3.288932144641876221e-02 3.134874403476715088e-01 -6.217292547225952148e-01
5.866260733455419540e-03 2.990261316299438477e-01 -5.636625885963439941e-01
-1.086431741714477539e-01 2.390152513980865479e-01 -6.067866086959838867e-01
-3.137094527482986450e-02 2.811976969242095947e-01 -6.388750076293945312e-01
-5.583509430289268494e-02 3.251695036888122559e-01 -5.661222934722900391e-01
3.133858740329742432e-02 2.669870853424072266e-01 -5.835275053977966309e-01
2.300613268744200468e-04 3.016901612281799316e-01 -5.893681049346923828e-01
5.099559668451547623e-03 2.366041690111160278e-01 -6.484727859497070312e-01
-3.234298899769783020e-02 2.952998578548431396e-01 -6.417754292488098145e-01
5.069580674171447754e-02 1.393229961395263672e-01 -7.125676274299621582e-01
4.814251884818077087e-02 1.883931905031204224e-01 -6.366705298423767090e-01
1.302008032798767090e-01 2.592939734458923340e-01 -6.825349330902099609e-01
1.750623285770416260e-01 2.233676165342330933e-01 -7.369194030761718750e-01
9.548752754926681519e-02 1.997628062963485718e-01 -7.214224338531494141e-01
8.945033699274063110e-02 2.739468216896057129e-01 -6.562893390655517578e-01
8.646018803119659424e-02 2.246105521917343140e-01 -6.827734112739562988e-01
1.554708480834960938e-01 2.908898591995239258e-01 -6.928145885467529297e-01
2.162013500928878784e-01 2.000619173049926758e-01 -7.135862708091735840e-01
2.464076876640319824e-01 2.003387808799743652e-01 -7.041998505592346191e-01
2.287600785493850708e-01 1.713028252124786377e-01 -7.314865589141845703e-01
2.356400191783905029e-01 1.342190206050872803e-01 -7.093174457550048828e-01
2.286137491464614868e-01 3.620410338044166565e-03 -5.954265594482421875e-01
