1.290514373437936374e-02
8.603429156252909160e-03
0.000000000000000000e+00
0.000000000000000000e+00
1.824491738697488763e-01
3.648983477394977526e-01
4.117048894884496324e-01
2.320670452043342435e-01
0.000000000000000000e+00
0.000000000000000000e+00
0.000000000000000000e+00
0.000000000000000000e+00
2.214452247348194444e-02
7.641583801040974233e-02
9.511188996836890397e-02
4.140918172804460701e-02
0.000000000000000000e+00
0.000000000000000000e+00
0.000000000000000000e+00
0.000000000000000000e+00
1.179558283306331341e-03
0.000000000000000000e+00
1.336730761903189143e-03
0.000000000000000000e+00
0.000000000000000000e+00
0.000000000000000000e+00
0.000000000000000000e+00
0.000000000000000000e+00
0.000000000000000000e+00
0.000000000000000000e+00
5.072978867439865286e-03
1.310143703036763078e-02
1.276444663357653719e-02
1.799426322094096261e-04
0.000000000000000000e+00
0.000000000000000000e+00
0.000000000000000000e+00
0.000000000000000000e+00
0.000000000000000000e+00
3.427219903726687680e-03
3.793708447054191212e-03
1.509019891918239901e-03
0.000000000000000000e+00
0.000000000000000000e+00
0.000000000000000000e+00
0.000000000000000000e+00
0.000000000000000000e+00
0.000000000000000000e+00
0.000000000000000000e+00
0.000000000000000000e+00
4.979086083225403025e-01
8.697122988793689613e-01
8.128824917308864473e-01
3.692834008172903304e-01
0.000000000000000000e+00
0.000000000000000000e+00
0.000000000000000000e+00
0.000000000000000000e+00
5.103888579711176460e-02
0.000000000000000000e+00
0.000000000000000000e+00
0.000000000000000000e+00
0.000000000000000000e+00
1.749292272578495747e-02
2.171242779427740022e-02
3.634059410671797857e-02
4.433704671501479538e-02
3.078806359535211576e-02
1.426675822425752665e-02
0.000000000000000000e+00
0.000000000000000000e+00
0.000000000000000000e+00
0.000000000000000000e+00
0.000000000000000000e+00
5.796014934306399982e-03
7.363761999580501622e-03
0.000000000000000000e+00
0.000000000000000000e+00
0.000000000000000000e+00
0.000000000000000000e+00
1.461157606647467064e-02
2.116877314655199460e-02
1.448130899567770698e-02
2.790298864337767241e-03
0.000000000000000000e+00
0.000000000000000000e+00
0.000000000000000000e+00
0.000000000000000000e+00
3.682607951220819736e-04
1.852685770468910642e-03
3.136485278774058146e-03
2.065500391519958442e-03
0.000000000000000000e+00
0.000000000000000000e+00
0.000000000000000000e+00
0.000000000000000000e+00
0.000000000000000000e+00
0.000000000000000000e+00
0.000000000000000000e+00
0.000000000000000000e+00
0.000000000000000000e+00
0.000000000000000000e+00
0.000000000000000000e+00
6.297519198656004180e-02
1.054926119909703058e-01
7.970954827894495553e-02
1.176649164805009494e-02
0.000000000000000000e+00
0.000000000000000000e+00
2.903759080616156660e-02
7.319283730653039499e-02
4.642072253327245851e-02
0.000000000000000000e+00
0.000000000000000000e+00
0.000000000000000000e+00
2.138088543078074666e-02
6.988016394379323315e-02
8.867129064663592519e-02
4.161846497329758227e-02
0.000000000000000000e+00
0.000000000000000000e+00
0.000000000000000000e+00
0.000000000000000000e+00
0.000000000000000000e+00
0.000000000000000000e+00
0.000000000000000000e+00
0.000000000000000000e+00
2.383220864812272133e-01
4.092727922493258341e-01
3.575379103530060276e-01
1.785791929565725134e-01
0.000000000000000000e+00
0.000000000000000000e+00
0.000000000000000000e+00
0.000000000000000000e+00
0.000000000000000000e+00
0.000000000000000000e+00
0.000000000000000000e+00
0.000000000000000000e+00
0.000000000000000000e+00
0.000000000000000000e+00
0.000000000000000000e+00
0.000000000000000000e+00
0.000000000000000000e+00
0.000000000000000000e+00
0.000000000000000000e+00
0.000000000000000000e+00
1.720685831250581832e-03
1.720685831250581832e-03
4.301714578126454580e-04
0.000000000000000000e+00
0.000000000000000000e+00
