8.862753212451934814e-02 -1.078131571412086487e-01 -6.065950915217399597e-02
4.480459913611412048e-02 -3.801817446947097778e-02 -1.180883571505546570e-01
1.304893102496862411e-02 1.329959928989410400e-02 -1.111729592084884644e-01
-6.631328165531158447e-02 4.975364357233047485e-02 -8.045117557048797607e-02
1.402752846479415894e-01 -2.431345283985137939e-01 3.269903734326362610e-02
3.711213767528533936e-01 -4.128536880016326904e-01 1.881065070629119873e-01
4.434590041637420654e-01 -4.542564451694488525e-01 1.227094680070877075e-01
4.332612752914428711e-01 -3.666717112064361572e-01 1.568113118410110474e-01
1.947615593671798706e-01 -2.543431892991065979e-02 2.154367715120315552e-01
2.196822017431259155e-01 9.406274557113647461e-02 3.207031190395355225e-01
3.125101327896118164e-01 1.161155849695205688e-01 3.435123860836029053e-01
1.365281045436859131e-01 3.922168165445327759e-02 1.275678873062133789e-01
1.523129362612962723e-02 -2.590740323066711426e-01 9.277506172657012939e-02
-4.314776975661516190e-03 -1.898828297853469849e-01 5.963756516575813293e-02
3.854134306311607361e-02 9.711259603500366211e-02 -1.367559134960174561e-01
3.022183775901794434e-01 3.207778930664062500e-01 -3.003659248352050781e-01
1.731609106063842773e-01 3.781942129135131836e-01 -4.093428552150726318e-01
2.675526030361652374e-02 1.073864400386810303e-01 -2.677930593490600586e-01
-8.519426733255386353e-02 1.638996973633766174e-02 6.777900457382202148e-02
-2.401806265115737915e-01 6.774676591157913208e-02 1.723994314670562744e-01
-2.317831665277481079e-01 2.002669274806976318e-01 1.432298570871353149e-01
-1.230731308460235596e-01 3.167448341846466064e-01 1.712853163480758667e-01
1.261323783546686172e-02 1.854300051927566528e-01 -5.212955549359321594e-02
1.301508694887161255e-01 6.297577172517776489e-02 -1.254709064960479736e-01
1.678554713726043701e-01 5.812293966300785542e-04 -6.878431886434555054e-02
1.155556067824363708e-01 -4.686048254370689392e-02 3.637199848890304565e-02
3.884010948240756989e-03 -4.080389067530632019e-02 2.642249166965484619e-01
-1.570232808589935303e-01 -2.601226866245269775e-01 2.339178025722503662e-01
-3.249658048152923584e-01 -5.173541903495788574e-01 -4.342376813292503357e-02
-2.849060595035552979e-01 -5.870658755302429199e-01 -2.017241418361663818e-01
-1.967684477567672729e-01 -4.555588662624359131e-01 -2.236405313014984131e-01
-7.819340378046035767e-02 -2.527625560760498047e-01 -3.893851041793823242e-01
-2.900241501629352570e-02 8.251798897981643677e-02 -3.783403635025024414e-01
4.229288920760154724e-02 1.723891496658325195e-01 -4.775684773921966553e-01
1.837952584028244019e-01 1.992453783750534058e-01 -3.772404193878173828e-01
1.783259063959121704e-01 2.738601863384246826e-01 -3.878767415881156921e-02
1.808058470487594604e-01 2.084259390830993652e-01 1.548903584480285645e-01
9.451829642057418823e-02 4.937211796641349792e-02 1.577452868223190308e-01
1.790670119225978851e-02 5.147061124444007874e-02 2.170851677656173706e-01
5.983743071556091309e-02 4.226415976881980896e-02 1.634489893913269043e-01
-3.954814746975898743e-02 5.174480006098747253e-02 1.598431318998336792e-01
-1.401164829730987549e-01 1.357775628566741943e-01 2.113996744155883789e-01
-1.624939590692520142e-01 6.665652990341186523e-02 -1.720445789396762848e-02
-1.074788272380828857e-01 1.658556461334228516e-01 1.175652295351028442e-01
-1.272790580987930298e-01 1.903123110532760620e-01 1.856948584318161011e-01
-1.682276576757431030e-01 9.657814353704452515e-02 2.635334730148315430e-01
-2.392767071723937988e-01 -2.855826318264007568e-01 2.559742927551269531e-01
-2.455437928438186646e-01 -4.094772636890411377e-01 1.921969652175903320e-01
2.254147827625274658e-02 -1.690036207437515259e-01 1.292631924152374268e-01
2.563671767711639404e-01 2.572898268699645996e-01 1.025309637188911438e-01
2.566349506378173828e-01 4.965787529945373535e-01 -5.727710947394371033e-02
5.328999087214469910e-02 2.373050302267074585e-01 -3.273926675319671631e-01
-1.520913839340209961e-01 -1.201970428228378296e-01 -2.887947857379913330e-01
-1.922677010297775269e-01 -1.782234609127044678e-01 -1.474811136722564697e-01
9.790401160717010498e-02 -9.904962778091430664e-02 2.244649641215801239e-02
2.577531039714813232e-01 2.363136038184165955e-02 4.554278776049613953e-02
3.240090012550354004e-01 -1.813808828592300415e-02 -9.990558773279190063e-02
2.433580756187438965e-01 6.526997312903404236e-03 -4.847999289631843567e-02
5.648925155401229858e-02 1.043589878827333450e-02 5.098954215645790100e-02
-4.374581202864646912e-02 1.694055832922458649e-02 5.665060132741928101e-02
-6.984030455350875854e-02 -7.351595908403396606e-02 6.697786599397659302e-02
-9.953857213258743286e-02 -2.918655276298522949e-01 2.212632894515991211e-01
-6.839207559823989868e-02 -3.717007040977478027e-01 4.459783136844635010e-01
3.644301742315292358e-02 -2.535420954227447510e-01 5.162237882614135742e-01
4.351683333516120911e-02 -9.936258941888809204e-02 4.473481774330139160e-01
2.335831895470619202e-02 2.237817645072937012e-02 2.405370213091373444e-02
-8.712413907051086426e-02 1.460961997509002686e-01 -2.168090492486953735e-01
1.843119040131568909e-02 2.631739377975463867e-01 -2.777454257011413574e-01
2.649392783641815186e-01 4.407477378845214844e-01 -2.429934591054916382e-01
3.402557075023651123e-01 4.827553927898406982e-01 -1.362758278846740723e-01
3.203938007354736328e-01 3.778416216373443604e-01 -9.494422376155853271e-02
2.627419494092464447e-02 2.048873305320739746e-01 3.534932062029838562e-02
-1.780659556388854980e-01 6.416685134172439575e-02 1.359857246279716492e-02
-1.693690270185470581e-01 -5.033660214394330978e-03 -4.694989882409572601e-03
-2.696718461811542511e-02 -1.321660429239273071e-01 -1.000972092151641846e-01
1.245363950729370117e-01 -1.938017308712005615e-01 -6.790623068809509277e-02
8.840923756361007690e-02 -1.679114550352096558e-01 1.213574707508087158e-01
-1.054065749049186707e-01 -1.910085529088973999e-01 2.796466946601867676e-01
-2.699234485626220703e-01 -2.911901473999023438e-01 3.706730306148529053e-01
-2.789507508277893066e-01 -4.534239470958709717e-01 2.619228363037109375e-01
-2.523234784603118896e-01 -5.006299614906311035e-01 1.380024850368499756e-01
-1.355839371681213379e-01 -3.832041323184967041e-01 -6.379210203886032104e-02
-1.166003122925758362e-01 -6.103210896253585815e-02 -2.103678137063980103e-01
-1.545946151018142700e-01 1.599661856889724731e-01 -3.297280669212341309e-01
-1.670123040676116943e-01 1.657437384128570557e-01 -4.811146855354309082e-01
-2.962733507156372070e-01 1.353258341550827026e-01 -5.204982161521911621e-01
-3.189682960510253906e-01 1.462664157152175903e-01 -4.698016941547393799e-01
-3.255185484886169434e-01 1.722292006015777588e-01 -3.500889539718627930e-01
-2.292364984750747681e-01 2.078634500503540039e-01 -1.555940210819244385e-01
-1.164622977375984192e-01 1.874170154333114624e-01 4.918855056166648865e-02
-1.310868114233016968e-01 6.721172481775283813e-02 1.120405644178390503e-01
-3.740352764725685120e-02 -2.145619830116629601e-03 1.269411295652389526e-01
2.151560410857200623e-02 -1.408480256795883179e-01 -1.072088927030563354e-01
2.243108488619327545e-02 -1.727009117603302002e-01 -1.009161621332168579e-01
-4.069678485393524170e-02 -2.961967885494232178e-01 -1.940077170729637146e-02
-1.229030117392539978e-01 -2.142120599746704102e-01 2.942554652690887451e-01
8.203173428773880005e-02 -9.102544188499450684e-02 5.181983709335327148e-01
3.252416253089904785e-01 -1.203202158212661743e-01 4.347316324710845947e-01
3.847113847732543945e-01 -6.289739906787872314e-02 3.740808367729187012e-01
2.779466807842254639e-01 -9.296964108943939209e-02 1.011516302824020386e-01
-2.151039093732833862e-01 -4.663829877972602844e-02 -1.897266060113906860e-01
-3.923818469047546387e-01 8.710814267396926880e-02 -3.011992573738098145e-01
-2.982990443706512451e-01 1.776657700538635254e-01 -2.987431883811950684e-01
4.821743071079254150e-02 2.123144119977951050e-01 -2.336802035570144653e-01
3.065564334392547607e-01 2.111532539129257202e-01 -1.099367663264274597e-01
2.151784151792526245e-01 1.461397558450698853e-01 5.490930378437042236e-02
-8.309102058410644531e-02 -1.718308776617050171e-02 1.257166713476181030e-01
-2.682023644447326660e-01 -5.151090025901794434e-02 2.108491361141204834e-01
-1.910105496644973755e-01 -5.124846845865249634e-02 1.179577484726905823e-01
-2.067040838301181793e-02 -1.492130011320114136e-01 -6.624746322631835938e-02
7.125315815210342407e-02 -1.232547014951705933e-01 -7.947616279125213623e-02
4.845739603042602539e-01 8.956130594015121460e-02 1.122323125600814819e-01
6.581307649612426758e-01 2.098782211542129517e-01 3.773742318153381348e-01
6.732518076896667480e-01 2.909512519836425781e-01 3.291852474212646484e-01
6.264048218727111816e-01 2.933276295661926270e-01 2.345247715711593628e-01
3.266626894474029541e-01 1.566962003707885742e-01 -1.733314711600542068e-03
5.085265263915061951e-02 1.927961595356464386e-02 -2.844044566154479980e-01
1.026507467031478882e-01 -9.805581718683242798e-02 -2.228308469057083130e-01
9.399608522653579712e-02 -1.014148071408271790e-01 -1.071789562702178955e-01
9.722292423248291016e-02 -2.382463030517101288e-02 9.363013505935668945e-02
-7.457504980266094208e-03 1.337711513042449951e-01 2.948732078075408936e-01
-1.558538973331451416e-01 2.048322707414627075e-01 3.581190407276153564e-01
-2.616978287696838379e-01 5.991560220718383789e-02 1.668296158313751221e-01
-2.965618073940277100e-01 -1.297948658466339111e-01 -9.311520308256149292e-02
-2.937463819980621338e-01 -8.241491019725799561e-02 -2.825905382633209229e-01
-2.981161475181579590e-01 3.523840336129069328e-03 -3.160088360309600830e-01
-2.822523415088653564e-01 1.513300389051437378e-01 -2.211667895317077637e-01
-2.666053771972656250e-01 1.293808072805404663e-01 -2.362627983093261719e-01
-7.713367789983749390e-02 1.186479255557060242e-01 -1.805991530418395996e-01
4.183172062039375305e-02 7.468264549970626831e-02 -1.324386894702911377e-01
6.275185197591781616e-02 7.430454343557357788e-02 -9.642191231250762939e-02
1.071075052022933960e-01 1.313381195068359375e-01 2.731298096477985382e-02
8.586896583437919617e-03 -1.527180373668670654e-01 -1.085637807846069336e-01
-7.906496524810791016e-03 -4.548441246151924133e-02 -1.101305037736892700e-01
5.319172888994216919e-02 4.018570482730865479e-02 6.970834452658891678e-03
1.374363084323704243e-03 7.303465157747268677e-02 2.117130160331726074e-02
1.194533705711364746e-02 1.076952069997787476e-01 9.246127307415008545e-02
-1.457852423191070557e-01 6.279592216014862061e-02 8.472587913274765015e-02
-1.895045638084411621e-01 -8.298951387405395508e-02 -1.069064140319824219e-01
-8.711930364370346069e-02 3.714521974325180054e-02 -2.019561678171157837e-01
-1.200979426503181458e-01 1.308376342058181763e-01 -2.242144942283630371e-01
-5.896250158548355103e-02 -2.664664015173912048e-02 -1.110562607645988464e-01
-3.569451346993446350e-02 -1.829066127538681030e-02 3.712020814418792725e-02
5.010430142283439636e-02 -4.160818457603454590e-02 3.507573530077934265e-02
1.593586355447769165e-01 1.311006490141153336e-02 3.718497697263956070e-03
-2.866826765239238739e-02 8.357062190771102905e-02 -2.731319144368171692e-02
-2.025273591279983521e-01 4.406468197703361511e-02 1.599715650081634521e-01
-2.431362420320510864e-01 -2.396515011787414551e-02 1.771562099456787109e-01
-2.029395550489425659e-01 5.449394509196281433e-02 1.918580979108810425e-01
-1.411711275577545166e-01 -1.266004703938961029e-02 1.514711976051330566e-01
-1.622122675180435181e-01 -1.039386168122291565e-01 6.735721230506896973e-02
-1.195382177829742432e-01 -1.649829000234603882e-01 1.055322512984275818e-01
