6.057191640138626099e-02 -1.652703285217285156e-01 -6.746233999729156494e-02
5.865973979234695435e-02 -2.025768607854843140e-01 -7.387462258338928223e-02
-9.245139360427856445e-02 -9.602431952953338623e-02 -1.711181104183197021e-01
-1.996457874774932861e-01 9.397085756063461304e-02 -2.427574694156646729e-01
-7.731928676366806030e-02 1.420180648565292358e-01 -2.737791538238525391e-01
9.755776077508926392e-02 9.601829200983047485e-02 -1.238133609294891357e-01
2.510125339031219482e-01 -5.024616792798042297e-02 2.895361781120300293e-01
1.388989984989166260e-01 -5.209000408649444580e-02 5.393081903457641602e-01
-7.293256372213363647e-02 1.112356558442115784e-01 5.784544348716735840e-01
-1.820249706506729126e-01 2.391835302114486694e-01 4.811112582683563232e-01
-1.344460546970367432e-01 2.273160219192504883e-01 2.604031860828399658e-01
4.877452179789543152e-02 4.830020293593406677e-02 2.347567304968833923e-02
2.470712512731552124e-01 1.933646574616432190e-02 -1.891012042760848999e-01
2.877180278301239014e-01 1.441638320684432983e-01 -3.627206385135650635e-01
2.641201019287109375e-01 1.942227184772491455e-01 -4.261206090450286865e-01
1.868645250797271729e-01 -4.767110571265220642e-02 -3.572670221328735352e-01
-3.950332477688789368e-02 -4.453651905059814453e-01 -9.130238741636276245e-02
-1.520157754421234131e-01 -5.132918357849121094e-01 1.730650514364242554e-01
-1.922559589147567749e-01 -3.165879547595977783e-01 2.159552872180938721e-01
9.923023171722888947e-03 1.694353111088275909e-02 1.797994822263717651e-01
1.761261820793151855e-01 2.304340749979019165e-01 6.842013448476791382e-02
1.024984493851661682e-01 1.282513588666915894e-01 7.840295881032943726e-02
-1.108295768499374390e-01 -4.050593078136444092e-02 1.668227016925811768e-01
-2.901335954666137695e-01 -7.571975886821746826e-02 1.131294518709182739e-01
-2.069361805915832520e-01 -1.733027696609497070e-01 1.142873317003250122e-01
-3.697518631815910339e-02 -2.309926003217697144e-01 -2.515792846679687500e-01
2.780939266085624695e-02 -2.478820979595184326e-01 -5.403668284416198730e-01
3.050063364207744598e-02 -1.315413266420364380e-01 -5.949254631996154785e-01
2.671543136239051819e-02 1.342084854841232300e-01 -4.760522544384002686e-01
6.965110450983047485e-02 3.549291491508483887e-01 6.550444662570953369e-02
1.375732868909835815e-01 4.225016236305236816e-01 3.997597396373748779e-01
1.011361926794052124e-01 3.529322743415832520e-01 4.509633481502532959e-01
7.557708024978637695e-02 1.599402427673339844e-01 3.735324442386627197e-01
2.163715660572052002e-02 -6.872795522212982178e-02 2.342534214258193970e-01
-3.210503980517387390e-02 -1.238884106278419495e-01 1.909784823656082153e-01
3.599229082465171814e-02 -1.170785874128341675e-01 1.244756206870079041e-01
2.631407929584383965e-03 -3.404419496655464172e-02 -5.232116580009460449e-02
-6.412607431411743164e-02 7.454980909824371338e-02 -2.175528705120086670e-01
-1.027293726801872253e-01 -2.512336708605289459e-02 -2.671410739421844482e-01
-1.667145043611526489e-01 -9.829661250114440918e-02 -2.422447353601455688e-01
-1.799224875867366791e-02 -1.719665676355361938e-01 -1.096377000212669373e-01
1.112998574972152710e-01 -1.854366213083267212e-01 -2.335190773010253906e-02
1.369964033365249634e-01 -1.057598665356636047e-01 2.832089923322200775e-02
1.215036809444427490e-01 -1.402179747819900513e-01 1.509296894073486328e-01
-1.030676290392875671e-01 7.470586802810430527e-03 1.499970853328704834e-01
-2.186727821826934814e-01 1.793720126152038574e-01 1.592543572187423706e-01
-2.408692091703414917e-01 3.055251240730285645e-01 6.439908593893051147e-02
-1.713260114192962646e-01 2.647289037704467773e-01 -1.065824925899505615e-01
1.505332416854798794e-03 5.520434118807315826e-03 -1.349958479404449463e-01
1.360817998647689819e-01 -1.239614933729171753e-01 -8.472657203674316406e-02
2.801847457885742188e-01 -1.201827824115753174e-01 1.681801378726959229e-01
3.287832736968994141e-01 -8.219868689775466919e-02 3.836655914783477783e-01
3.066245317459106445e-01 -6.971155852079391479e-02 4.133812189102172852e-01
2.719438374042510986e-01 -9.376146644353866577e-02 1.336868703365325928e-01
3.661945089697837830e-02 -8.129801601171493530e-02 -3.683192729949951172e-01
-2.404853403568267822e-01 -1.450712978839874268e-02 -5.845662355422973633e-01
-4.434544146060943604e-01 -1.020043641328811646e-01 -5.469954013824462891e-01
-5.756279826164245605e-01 -3.940265625715255737e-02 -1.800177246332168579e-01
-2.750474810600280762e-01 1.393080949783325195e-01 3.335135877132415771e-01
2.031475603580474854e-01 2.978964149951934814e-01 4.651404917240142822e-01
4.183374941349029541e-01 3.975820541381835938e-01 3.466388285160064697e-01
3.216778635978698730e-01 2.496279031038284302e-01 1.093130186200141907e-01
-7.968339323997497559e-02 8.972255140542984009e-02 -1.273367106914520264e-01
-2.392071485519409180e-01 6.884320080280303955e-02 -1.351240426301956177e-01
-1.799051016569137573e-01 1.210802607238292694e-02 -2.110869437456130981e-01
-8.757377974689006805e-03 -1.321641951799392700e-01 -2.355473637580871582e-01
2.713778018951416016e-01 -3.610411286354064941e-01 -8.103719353675842285e-02
3.818792700767517090e-01 -4.034347236156463623e-01 1.109359934926033020e-01
3.393153250217437744e-01 -1.763838976621627808e-01 2.446482479572296143e-01
7.742231339216232300e-02 2.692069113254547119e-01 5.262367799878120422e-02
-2.579887211322784424e-01 4.889370203018188477e-01 -1.218458935618400574e-01
-3.518538773059844971e-01 4.046507775783538818e-01 -4.736659303307533264e-02
-3.082185983657836914e-01 2.673263475298881531e-02 1.579999178647994995e-01
-6.735759228467941284e-02 -3.935058414936065674e-01 3.835071623325347900e-01
2.011764198541641235e-01 -4.654285013675689697e-01 2.794674336910247803e-01
3.379397988319396973e-01 -2.784433364868164062e-01 2.238374948501586914e-02
3.417985141277313232e-01 3.164319321513175964e-02 -8.300304412841796875e-02
1.052183136343955994e-01 1.792829036712646484e-01 -1.415325552225112915e-01
-6.590108573436737061e-02 1.671201884746551514e-01 -1.049001887440681458e-01
-1.317998468875885010e-01 6.560282409191131592e-02 -1.984296143054962158e-01
-1.264932006597518921e-01 8.588049560785293579e-02 -3.708103597164154053e-01
-1.812790036201477051e-01 2.892663702368736267e-02 -3.867817223072052002e-01
-2.329396307468414307e-01 -1.285834759473800659e-01 -1.441227644681930542e-01
-1.599046587944030762e-01 -1.967785209417343140e-01 1.874053180217742920e-01
-2.222500294446945190e-01 -1.304223984479904175e-01 2.766325771808624268e-01
-2.521925568580627441e-01 1.259290426969528198e-01 2.138085067272186279e-01
-2.662061452865600586e-01 2.386656850576400757e-01 1.740624941885471344e-02
-1.207688450813293457e-01 1.656436771154403687e-01 6.641659885644912720e-03
2.565003037452697754e-01 2.219838649034500122e-02 4.893952235579490662e-02
3.363142609596252441e-01 -1.392386704683303833e-01 -2.906229160726070404e-02
2.830866575241088867e-01 -6.557618081569671631e-02 -1.204360742121934891e-02
2.185382246971130371e-01 -2.271667867898941040e-02 -7.838639616966247559e-02
1.380471885204315186e-01 -1.336594372987747192e-01 -2.894413098692893982e-02
1.815014928579330444e-01 -2.539995312690734863e-01 -2.679235534742474556e-03
-3.537734225392341614e-02 -1.575184017419815063e-01 -9.469676017761230469e-02
-2.933048903942108154e-01 2.522968947887420654e-01 -6.403647363185882568e-02
-3.276214897632598877e-01 5.836268067359924316e-01 -1.036958545446395874e-01
-2.876782715320587158e-01 5.635152459144592285e-01 -3.699209541082382202e-03
6.166015192866325378e-02 1.442286521196365356e-01 1.186897754669189453e-01
2.441781163215637207e-01 -3.786145448684692383e-01 8.293611556291580200e-02
2.158724963665008545e-01 -5.121793746948242188e-01 5.823744088411331177e-02
1.522084176540374756e-01 -3.471666872501373291e-01 -7.981419330462813377e-04
1.047159894369542599e-03 -5.371225252747535706e-02 2.289315307280048728e-04
-2.403034456074237823e-02 -2.723750285804271698e-02 7.351171970367431641e-02
8.226232975721359253e-02 -9.265174716711044312e-02 4.220588505268096924e-02
2.101862728595733643e-01 -4.599452018737792969e-02 -5.122311413288116455e-02
3.028866052627563477e-01 9.929746389389038086e-02 -9.247224777936935425e-02
2.551739513874053955e-01 1.836529225111007690e-01 -8.647301793098449707e-02
7.400172948837280273e-02 5.434156954288482666e-02 3.382191807031631470e-02
-1.422133892774581909e-01 -1.848236024379730225e-01 7.196336239576339722e-02
-2.092404663562774658e-01 -3.297492563724517822e-01 2.368181757628917694e-02
-6.138781830668449402e-02 -2.347976118326187134e-01 -5.401284620165824890e-02
1.582386046648025513e-01 2.185079455375671387e-02 -9.020003676414489746e-02
2.815696001052856445e-01 1.998076885938644409e-01 2.389993332326412201e-02
2.124436348676681519e-01 2.272269874811172485e-01 1.073603332042694092e-01
-1.112263202667236328e-01 1.963188499212265015e-01 2.883477509021759033e-02
-3.422466814517974854e-01 1.331084221601486206e-01 -3.027740679681301117e-02
-4.015383720397949219e-01 7.703935354948043823e-02 -1.036125794053077698e-01
-2.968390882015228271e-01 9.077266789972782135e-03 -9.942057728767395020e-02
-5.807843804359436035e-02 -1.198469772934913635e-01 -3.966914955526590347e-03
-4.286000132560729980e-02 -1.463239938020706177e-01 -9.017837047576904297e-02
2.423066273331642151e-02 -4.980054125189781189e-02 9.388955682516098022e-02
1.353419870138168335e-01 -2.153872279450297356e-03 2.093383669853210449e-01
2.102285772562026978e-01 -5.122972652316093445e-03 2.038400173187255859e-01
3.588207364082336426e-01 -7.107488065958023071e-02 1.555027514696121216e-01
2.963521778583526611e-01 -8.188340812921524048e-02 -6.924619525671005249e-02
7.391307502985000610e-02 2.850313857197761536e-02 -6.482672691345214844e-02
-1.556450426578521729e-01 6.632307916879653931e-02 -1.064414903521537781e-01
-3.266373872756958008e-01 2.837891876697540283e-02 -1.185773164033889771e-01
-1.920312792062759399e-01 -4.357906430959701538e-02 -1.125166639685630798e-01
3.986507654190063477e-02 -7.262115180492401123e-02 -6.483618915081024170e-02
6.320362538099288940e-02 -3.905286639928817749e-02 3.752237558364868164e-02
-7.041620463132858276e-02 5.339649319648742676e-02 -1.242288108915090561e-02
-2.612611949443817139e-01 8.028759807348251343e-02 -5.712545290589332581e-02
-2.061384916305541992e-01 8.267880976200103760e-02 -1.191297918558120728e-01
-5.668674781918525696e-02 7.172429561614990234e-02 -8.034282177686691284e-02
5.120049417018890381e-02 1.937429793179035187e-02 -2.413785830140113831e-02
