5.463182330131530762e-01 -3.422738313674926758e-01 -2.309778183698654175e-01
4.989955723285675049e-01 -2.351564019918441772e-01 -2.224499285221099854e-01
4.264108538627624512e-01 -1.392145305871963501e-01 -3.889343440532684326e-01
3.538533449172973633e-01 -1.700006574392318726e-01 -3.928785920143127441e-01
4.624239206314086914e-01 -1.560202687978744507e-01 -3.087396919727325439e-02
3.335797786712646484e-01 -9.920381009578704834e-02 2.175848633050918579e-01
2.034374773502349854e-01 5.250399187207221985e-02 3.149707913398742676e-01
1.072108596563339233e-01 1.194858402013778687e-01 3.771727681159973145e-01
6.318078190088272095e-02 4.620529711246490479e-02 3.930916786193847656e-01
-4.856679588556289673e-03 1.834809333086013794e-01 3.196334838867187500e-01
-6.600043177604675293e-02 1.351873427629470825e-01 3.120988309383392334e-01
-1.537097692489624023e-01 2.391175627708435059e-01 2.461122870445251465e-01
-2.403033971786499023e-01 2.979201972484588623e-01 2.323388606309890747e-01
-3.268478214740753174e-01 3.212984204292297363e-01 1.284196525812149048e-01
-3.293612599372863770e-01 3.045513331890106201e-01 -5.100578442215919495e-02
-1.169434487819671631e-01 4.575798809528350830e-01 -4.293916374444961548e-02
6.062313169240951538e-02 5.312153697013854980e-01 1.160477995872497559e-01
1.463280408643186092e-03 5.820454955101013184e-01 9.032724052667617798e-02
1.244121789932250977e-01 5.474646091461181641e-01 6.739007681608200073e-02
1.567742675542831421e-01 5.544027686119079590e-01 7.929328083992004395e-02
1.935497224330902100e-01 5.273894667625427246e-01 1.149851530790328979e-01
1.943599879741668701e-01 5.161925554275512695e-01 1.064904779195785522e-01
2.668613791465759277e-01 4.595826566219329834e-01 7.832418382167816162e-02
3.438222706317901611e-01 3.790785372257232666e-01 -1.329651102423667908e-02
2.417685836553573608e-01 4.276229441165924072e-01 3.367048501968383789e-02
3.115909993648529053e-01 3.606488704681396484e-01 -4.082728549838066101e-02
3.312533199787139893e-01 3.080174922943115234e-01 -1.017801165580749512e-01
2.754212915897369385e-01 3.127853572368621826e-01 -4.513629153370857239e-02
2.397189587354660034e-01 2.252947092056274414e-01 -2.253009192645549774e-02
1.581715494394302368e-01 1.862523406744003296e-01 7.948388159275054932e-02
5.865675210952758789e-02 8.670554310083389282e-02 1.035534143447875977e-01
8.184228837490081787e-02 8.352620899677276611e-02 1.192149296402931213e-01
1.518563330173492432e-01 -6.748353689908981323e-02 2.327750474214553833e-01
1.300892829895019531e-01 -1.210816726088523865e-01 3.067218065261840820e-01
1.536602973937988281e-01 -1.313490420579910278e-01 3.099001944065093994e-01
1.699403524398803711e-01 -1.588652282953262329e-01 3.059945106506347656e-01
2.113814800977706909e-01 -2.071416378021240234e-01 2.869322896003723145e-01
2.405314296483993530e-01 -2.442844808101654053e-01 2.760106325149536133e-01
2.953709065914154053e-01 -2.629705667495727539e-01 2.248068898916244507e-01
2.652085125446319580e-01 -2.761770784854888916e-01 2.366108745336532593e-01
1.562708765268325806e-01 -2.595304250717163086e-01 2.201253622770309448e-01
1.502358019351959229e-01 -2.518156766891479492e-01 2.004410922527313232e-01
2.413128018379211426e-01 -2.621720135211944580e-01 2.087726742029190063e-01
8.307937532663345337e-02 -2.493482232093811035e-01 2.561170160770416260e-01
1.849421113729476929e-01 -2.602847218513488770e-01 2.514950037002563477e-01
2.571281194686889648e-01 -3.686949610710144043e-01 2.903034687042236328e-01
2.856580317020416260e-01 -4.338586032390594482e-01 3.409920334815979004e-01
3.893675804138183594e-01 -4.703079164028167725e-01 2.777110636234283447e-01
5.689481496810913086e-01 -3.160682618618011475e-01 2.927315533161163330e-01
5.568651556968688965e-01 -2.980879545211791992e-01 2.476317137479782104e-01
4.928652942180633545e-01 -2.384397387504577637e-01 2.954888343811035156e-01
3.866268694400787354e-01 -2.390502393245697021e-01 2.796709239482879639e-01
3.346716463565826416e-01 -2.337579131126403809e-01 2.687406837940216064e-01
4.551989734172821045e-01 -3.036144375801086426e-01 1.698937714099884033e-01
5.237649083137512207e-01 -3.934950828552246094e-01 5.673665925860404968e-02
5.552767515182495117e-01 -4.165329337120056152e-01 -2.637109952047467232e-03
4.577660858631134033e-01 -4.339707791805267334e-01 -1.661200970411300659e-01
2.460332661867141724e-01 -5.874482989311218262e-01 -1.064782124012708664e-02
-5.851190537214279175e-02 -6.716548800468444824e-01 5.869686231017112732e-02
-1.801172494888305664e-01 -6.078714132308959961e-01 9.783042967319488525e-02
-2.033336609601974487e-01 -5.065602064132690430e-01 3.415157645940780640e-02
-3.009999394416809082e-01 -4.005592167377471924e-01 -4.848122969269752502e-02
-6.948471814393997192e-02 -2.133012264966964722e-01 -3.007687628269195557e-01
-1.495529711246490479e-01 -7.321019470691680908e-02 -1.420389562845230103e-01
-6.264221668243408203e-02 1.596952974796295166e-01 -4.432581365108489990e-02
9.302146732807159424e-02 1.907869428396224976e-01 1.205043718218803406e-01
1.941620707511901855e-01 1.429753452539443970e-01 1.618930250406265259e-01
-4.026142880320549011e-02 1.734655946493148804e-01 2.238816320896148682e-01
-1.290066242218017578e-01 2.016955912113189697e-01 2.723513543605804443e-01
7.593827694654464722e-02 1.986618041992187500e-01 1.898305267095565796e-01
1.873790323734283447e-01 1.878594905138015747e-01 6.673625856637954712e-02
4.442598670721054077e-02 2.292402237653732300e-01 1.509458124637603760e-01
1.292417049407958984e-01 2.635244131088256836e-01 7.599266618490219116e-02
1.397925168275833130e-01 4.367237389087677002e-01 4.874867945909500122e-02
1.526096016168594360e-01 5.054147839546203613e-01 -4.881965741515159607e-02
2.421125173568725586e-01 4.633758068084716797e-01 -1.183338165283203125e-01
1.840555071830749512e-01 3.990525007247924805e-01 -3.007297515869140625e-01
2.855805456638336182e-01 3.196506798267364502e-01 -5.132891535758972168e-01
3.611514270305633545e-01 2.601678967475891113e-01 -5.833109021186828613e-01
4.436311423778533936e-01 3.161616623401641846e-01 -5.835785865783691406e-01
4.960277378559112549e-01 2.511386871337890625e-01 -5.997968912124633789e-01
5.416389703750610352e-01 2.395378798246383667e-01 -5.860738158226013184e-01
5.041464567184448242e-01 2.929226458072662354e-01 -6.013979315757751465e-01
4.517073929309844971e-01 3.723752796649932861e-01 -5.330036878585815430e-01
4.752351641654968262e-01 3.269663751125335693e-01 -5.179520249366760254e-01
4.727320075035095215e-01 4.400508999824523926e-01 -5.359701514244079590e-01
4.940133094787597656e-01 4.591382145881652832e-01 -5.593067407608032227e-01
3.901145458221435547e-01 4.889541268348693848e-01 -4.895159602165222168e-01
4.683518111705780029e-01 5.139883160591125488e-01 -3.082870543003082275e-01
3.821443915367126465e-01 5.274592638015747070e-01 -1.602406650781631470e-01
3.773431181907653809e-01 5.544550418853759766e-01 -8.142550289630889893e-02
3.766833543777465820e-01 5.785012245178222656e-01 -4.707558825612068176e-02
3.820221126079559326e-01 5.182024836540222168e-01 -5.227530747652053833e-02
3.575477302074432373e-01 4.659853875637054443e-01 -7.061580568552017212e-02
4.090710878372192383e-01 4.103661179542541504e-01 -1.589431166648864746e-01
3.657268583774566650e-01 3.940782546997070312e-01 -1.850544512271881104e-01
2.565661668777465820e-01 -5.317536368966102600e-02 -7.930021733045578003e-02
-1.222195401787757874e-01 4.866202548146247864e-02 -2.514393925666809082e-01
-1.116095855832099915e-01 4.731324017047882080e-01 -5.058619379997253418e-02
-1.626178808510303497e-02 6.548828482627868652e-01 3.376861289143562317e-02
6.727955490350723267e-02 6.469481587409973145e-01 1.026776805520057678e-02
1.654678955674171448e-02 6.492871046066284180e-01 2.496283128857612610e-02
3.765686415135860443e-03 5.901152491569519043e-01 3.940997645258903503e-02
-4.370908066630363464e-02 6.319661140441894531e-01 2.905110456049442291e-02
-7.767640799283981323e-02 6.300677657127380371e-01 1.234472636133432388e-02
-1.077847257256507874e-01 6.126021146774291992e-01 -9.852013550698757172e-03
-9.332658350467681885e-02 6.176030039787292480e-01 -2.852171473205089569e-02
-1.150774732232093811e-01 5.853855609893798828e-01 -4.662209376692771912e-02
-7.720739394426345825e-02 6.144824624061584473e-01 -9.156250208616256714e-02
3.683506697416305542e-02 6.011678576469421387e-01 -1.497929096221923828e-01
9.405793994665145874e-02 5.689322352409362793e-01 -2.610842287540435791e-01
1.485069841146469116e-01 5.278331041336059570e-01 -4.187707602977752686e-01
2.527042627334594727e-01 4.443191587924957275e-01 -4.782952666282653809e-01
2.117360383272171021e-01 4.254188537597656250e-01 -5.190417766571044922e-01
2.323947995901107788e-01 4.087872207164764404e-01 -5.710325241088867188e-01
2.048683166503906250e-01 3.120548725128173828e-01 -6.425890922546386719e-01
1.478321552276611328e-01 3.082088232040405273e-01 -6.694186925888061523e-01
1.130341961979866028e-01 1.639576703310012817e-01 -6.840604543685913086e-01
1.068027764558792114e-01 1.878226101398468018e-01 -7.097392678260803223e-01
7.786066830158233643e-02 2.553474307060241699e-01 -6.162909269332885742e-01
8.797287940979003906e-02 1.921214908361434937e-01 -6.578567624092102051e-01
9.674239158630371094e-02 1.820224970579147339e-01 -6.362345218658447266e-01
3.477002959698438644e-03 2.638807296752929688e-01 -6.195074319839477539e-01
7.018369436264038086e-02 2.863488495349884033e-01 -6.334215998649597168e-01
8.189257234334945679e-02 3.148864209651947021e-01 -6.190863847732543945e-01
1.934580057859420776e-01 2.479753494262695312e-01 -6.685092449188232422e-01
2.026481777429580688e-01 1.746641397476196289e-01 -6.767698526382446289e-01
1.924196332693099976e-01 2.213026285171508789e-01 -6.871743798255920410e-01
2.017502188682556152e-01 1.782425045967102051e-01 -7.465390563011169434e-01
1.825841665267944336e-01 1.863039135932922363e-01 -7.566503882408142090e-01
1.943804770708084106e-01 1.596543490886688232e-01 -6.955148577690124512e-01
1.784938126802444458e-01 1.976059824228286743e-01 -7.004925012588500977e-01
2.139034569263458252e-01 1.896216571331024170e-01 -7.426283955574035645e-01
2.064686715602874756e-01 1.497421860694885254e-01 -7.363325953483581543e-01
3.214513063430786133e-01 1.932731866836547852e-01 -6.946397423744201660e-01
3.500137031078338623e-01 1.968501359224319458e-01 -6.527327299118041992e-01
2.458572089672088623e-01 1.874692142009735107e-01 -6.201705932617187500e-01
