2.415689975023269653e-01 -7.150559127330780029e-02 -4.773006367031484842e-04
1.663673967123031616e-01 -1.041402667760848999e-01 -6.245568767189979553e-02
1.805878728628158569e-01 -2.639967203140258789e-01 -6.914956122636795044e-02
1.500526964664459229e-01 -3.801732659339904785e-01 -1.279917359352111816e-01
3.615081310272216797e-01 -4.509745240211486816e-01 -1.532200127840042114e-01
4.664839804172515869e-01 -4.081953167915344238e-01 -2.468001693487167358e-01
3.344043195247650146e-01 -3.184065222740173340e-01 -3.762893378734588623e-01
2.277910262346267700e-01 -3.329073786735534668e-01 -3.856512010097503662e-01
5.953905731439590454e-02 -2.420231103897094727e-01 -6.479196250438690186e-02
1.057397127151489258e-01 -6.199327111244201660e-02 2.702169120311737061e-01
1.981573998928070068e-01 4.374208673834800720e-02 4.385707974433898926e-01
1.856793612241744995e-01 1.505043953657150269e-01 4.848127365112304688e-01
1.425864547491073608e-01 5.949767678976058960e-02 3.943279981613159180e-01
9.144739806652069092e-02 1.506685763597488403e-01 3.206914663314819336e-01
4.402597248554229736e-02 2.786407172679901123e-01 -6.757409777492284775e-03
1.082297712564468384e-01 2.666389942169189453e-01 -2.953471243381500244e-01
5.481263250112533569e-02 2.002512365579605103e-01 -4.139514267444610596e-01
-3.821226581931114197e-02 1.020696237683296204e-01 -2.140361666679382324e-01
-7.447621226310729980e-02 5.382156372070312500e-02 1.620283424854278564e-01
-1.376996636390686035e-01 7.525582611560821533e-02 2.141159474849700928e-01
-8.240666985511779785e-02 1.262275427579879761e-01 9.094026684761047363e-02
-2.043641358613967896e-01 1.305916011333465576e-01 -1.086829230189323425e-02
-1.274407207965850830e-01 4.734537005424499512e-02 -7.569038867950439453e-02
-1.351795792579650879e-01 -2.868930436670780182e-02 1.377641409635543823e-01
-1.420659422874450684e-01 -9.358147531747817993e-02 3.046155571937561035e-01
-1.711717396974563599e-01 -2.892618477344512939e-01 2.504183053970336914e-01
-3.244563639163970947e-01 -4.582725167274475098e-01 1.271966099739074707e-01
-2.475945055484771729e-01 -5.771773457527160645e-01 -1.774348169565200806e-01
-1.132761836051940918e-01 -5.182906985282897949e-01 -2.347851693630218506e-01
-3.474351018667221069e-02 -3.437455296516418457e-01 -2.861303389072418213e-01
-4.626876115798950195e-02 -3.762592375278472900e-02 -2.419062703847885132e-01
-9.979638457298278809e-02 1.801923513412475586e-01 -1.368429809808731079e-01
-1.048297286033630371e-01 2.738790512084960938e-01 -1.274754256010055542e-01
-5.055625364184379578e-02 2.887326478958129883e-01 -3.704817220568656921e-02
-6.448107212781906128e-02 2.413348108530044556e-01 -9.896822273731231689e-03
-1.496405303478240967e-01 2.027386426925659180e-01 7.033112645149230957e-02
-1.849999427795410156e-01 2.094671875238418579e-01 1.060829833149909973e-01
-1.985750049352645874e-01 1.776270717382431030e-01 1.153864152729511261e-02
-4.241198673844337463e-02 6.215929612517356873e-02 -6.649986654520034790e-02
5.732096359133720398e-02 6.462809629738330841e-03 -7.178469002246856689e-02
2.552918717265129089e-02 -9.540905058383941650e-02 -4.932616651058197021e-02
8.968461304903030396e-02 -1.486883759498596191e-01 -4.731152579188346863e-02
3.935270011425018311e-03 -1.204266026616096497e-01 -1.733155846595764160e-01
-1.069038361310958862e-01 -7.288627326488494873e-02 -1.839508861303329468e-01
-2.027565091848373413e-01 4.970617592334747314e-02 -6.101944297552108765e-02
-2.721008956432342529e-01 1.550931632518768311e-01 1.899570673704147339e-01
-6.286565959453582764e-02 2.685886323451995850e-01 3.167046010494232178e-01
1.510134190320968628e-01 2.918187379837036133e-01 3.169312179088592529e-01
3.030187785625457764e-01 1.433047801256179810e-01 2.056429386138916016e-01
3.342489004135131836e-01 -9.037122875452041626e-02 4.061941429972648621e-02
2.783433496952056885e-01 -2.327193319797515869e-01 -2.027255110442638397e-02
1.124387308955192566e-01 -1.507260352373123169e-01 2.631399035453796387e-02
-1.438170820474624634e-01 3.898890689015388489e-02 7.366633415222167969e-02
-3.057377338409423828e-01 9.152239561080932617e-02 7.421720772981643677e-02
-3.400755524635314941e-01 1.245943754911422729e-01 7.940226793289184570e-02
-2.766926586627960205e-01 7.679975032806396484e-02 -1.226142868399620056e-01
-4.450873285531997681e-02 8.276370167732238770e-02 -1.480355709791183472e-01
1.303393840789794922e-01 -8.876448124647140503e-02 -6.916252523660659790e-02
1.747038513422012329e-01 -3.812955617904663086e-01 1.284470260143280029e-01
3.022240102291107178e-01 -3.546650707721710205e-01 2.674712240695953369e-01
2.229774594306945801e-01 -1.000370681285858154e-01 1.495878845453262329e-01
1.025472134351730347e-01 1.407579332590103149e-01 -1.610971242189407349e-01
1.212321817874908447e-01 1.192880347371101379e-01 -2.766744792461395264e-01
1.183189451694488525e-01 4.279144108295440674e-02 -1.264595687389373779e-01
1.745453774929046631e-01 1.273616552352905273e-01 1.579456962645053864e-02
2.466370761394500732e-01 3.218404650688171387e-01 1.023675501346588135e-01
1.827618628740310669e-01 3.311273753643035889e-01 4.737092554569244385e-02
8.006096631288528442e-02 1.234568655490875244e-01 -4.143099859356880188e-02
-1.211927086114883423e-01 -8.114333450794219971e-02 -1.757774949073791504e-01
-1.620995551347732544e-01 -1.526477932929992676e-01 -2.017101496458053589e-01
-4.257270693778991699e-02 -1.113921180367469788e-01 -2.121959179639816284e-01
3.358778655529022217e-01 1.144337058067321777e-01 -2.442056834697723389e-01
4.543460309505462646e-01 3.049687147140502930e-01 8.620987646281719208e-03
2.902852594852447510e-01 3.381917476654052734e-01 2.285161614418029785e-01
5.847887694835662842e-02 1.172420009970664978e-01 3.989073336124420166e-01
-2.674643099308013916e-01 4.772843420505523682e-02 3.781985342502593994e-01
-4.011266529560089111e-01 1.590392552316188812e-02 1.144116744399070740e-01
-3.102802038192749023e-01 1.964566409587860107e-01 -9.090713411569595337e-02
-2.806718051433563232e-01 2.439259737730026245e-01 -7.499473541975021362e-02
-2.828976511955261230e-01 1.582872420549392700e-01 -2.709358185529708862e-02
-1.898161023855209351e-01 1.819184273481369019e-01 -1.044717282056808472e-01
-2.075388096272945404e-02 5.113748833537101746e-02 -2.288519293069839478e-01
1.782013475894927979e-01 4.409187287092208862e-02 -2.626412510871887207e-01
2.703078687191009521e-01 -1.460642665624618530e-01 -1.136038079857826233e-01
1.518124639987945557e-01 -2.016647458076477051e-01 8.093852549791336060e-02
1.559398174285888672e-01 -1.448749899864196777e-01 1.470796018838882446e-01
2.875839471817016602e-01 -3.067083954811096191e-01 2.206167727708816528e-01
3.321931958198547363e-01 -2.457455098628997803e-01 2.820483744144439697e-01
3.561658263206481934e-01 -3.077274560928344727e-01 2.559313178062438965e-01
2.624929845333099365e-01 -2.364096641540527344e-01 2.332748472690582275e-01
1.664625704288482666e-01 1.175815006718039513e-03 7.647842913866043091e-02
6.453630328178405762e-02 -1.605473086237907410e-02 8.028695732355117798e-02
-4.843973368406295776e-02 1.895672827959060669e-01 1.609840095043182373e-01
-1.336503028869628906e-01 1.150442808866500854e-01 1.794672012329101562e-02
-3.119820952415466309e-01 -7.565553486347198486e-02 1.019235253334045410e-01
-2.996567487716674805e-01 -2.628496587276458740e-01 1.106484606862068176e-02
1.869063228368759155e-01 -3.536253571510314941e-01 -4.242907464504241943e-02
5.472503900527954102e-01 -1.238041222095489502e-01 2.711058780550956726e-02
6.024679541587829590e-01 2.125325947999954224e-01 -1.198733001947402954e-01
4.955270886421203613e-01 3.685987591743469238e-01 2.322619035840034485e-02
1.240860000252723694e-01 3.683145642280578613e-01 1.179993972182273865e-01
-3.046101331710815430e-02 1.877631694078445435e-01 5.226887390017509460e-02
2.280863374471664429e-02 4.276625439524650574e-02 5.741515383124351501e-02
2.618790231645107269e-02 -9.647147729992866516e-03 4.802652448415756226e-02
7.523790001869201660e-02 -6.844806671142578125e-02 5.020598694682121277e-02
8.205174468457698822e-03 -1.157077774405479431e-01 1.550989747047424316e-01
-4.026360809803009033e-02 -1.780902892351150513e-01 4.831051919609308243e-03
-1.348718702793121338e-01 -7.680290937423706055e-02 -1.868211328983306885e-01
-2.221959084272384644e-01 8.744003623723983765e-02 -2.610610127449035645e-01
-3.203806281089782715e-01 8.121888339519500732e-02 -2.358323633670806885e-01
-3.960938155651092529e-01 4.550425335764884949e-02 -5.532960966229438782e-02
-3.486359417438507080e-01 -1.074467673897743225e-01 5.945197306573390961e-03
-2.751565575599670410e-01 -1.721856445074081421e-01 -7.676596194505691528e-02
-2.315670400857925415e-01 -5.552025511860847473e-02 -1.797389090061187744e-01
-1.726673245429992676e-01 8.826457709074020386e-02 -2.621204555034637451e-01
-2.091194838285446167e-01 2.675811946392059326e-01 -2.094324827194213867e-01
-1.788586378097534180e-01 2.519766092300415039e-01 -1.266559660434722900e-01
3.598869591951370239e-02 2.581653743982315063e-02 -1.168157309293746948e-01
6.115752086043357849e-02 5.090804398059844971e-02 -1.308399531990289688e-02
7.037764787673950195e-02 8.711410686373710632e-03 -8.137951605021953583e-03
8.022072166204452515e-02 -3.475251793861389160e-02 -3.461749292910099030e-03
5.398694053292274475e-02 -3.837177529931068420e-02 2.364905551075935364e-02
1.501309573650360107e-01 -2.360378801822662354e-01 -2.451493963599205017e-02
4.089222848415374756e-02 -4.713298380374908447e-02 7.887668907642364502e-02
-1.982099711894989014e-01 5.340407043695449829e-02 2.727109938859939575e-02
-2.331870794296264648e-01 6.649156659841537476e-02 -1.828178018331527710e-02
-2.524709701538085938e-01 1.880551427602767944e-01 -9.201868623495101929e-02
-1.505508422851562500e-01 1.891906559467315674e-01 -1.036086902022361755e-01
-8.043865859508514404e-02 9.679409861564636230e-02 2.845142595469951630e-02
-4.590672254562377930e-02 1.715683005750179291e-02 -5.428528878837823868e-03
-2.046574279665946960e-02 -9.798642247915267944e-02 -1.454517827369272709e-03
-8.149426430463790894e-02 -2.321694232523441315e-02 -1.081585735082626343e-01
-9.161181747913360596e-02 1.378304064273834229e-01 -3.177934885025024414e-02
-1.075774133205413818e-01 3.815197572112083435e-02 -9.986070916056632996e-03
4.237901419401168823e-02 -8.291695266962051392e-02 -1.212032139301300049e-02
1.016099303960800171e-01 -1.778458654880523682e-01 3.516867011785507202e-02
1.228735148906707764e-01 -1.712688058614730835e-01 -3.426016122102737427e-02
