1.290514373437936374e-02
8.603429156252909160e-03
2.092405799319855542e-01
4.099803506505197981e-01
4.542704130012916730e-01
2.414762614584693712e-01
0.000000000000000000e+00
0.000000000000000000e+00
0.000000000000000000e+00
0.000000000000000000e+00
0.000000000000000000e+00
1.694141437705135077e-03
2.613152779821245955e-02
5.191095511211116925e-02
7.691501242003903616e-02
1.048557040793724783e-02
0.000000000000000000e+00
0.000000000000000000e+00
0.000000000000000000e+00
7.573435796617827148e-03
7.457304074856500875e-03
1.066881139765322832e-02
6.870554170992957711e-03
0.000000000000000000e+00
0.000000000000000000e+00
0.000000000000000000e+00
0.000000000000000000e+00
0.000000000000000000e+00
0.000000000000000000e+00
1.280287824193691230e-04
1.483019645312684716e-02
2.064850565861947249e-02
1.044902591954350798e-02
0.000000000000000000e+00
0.000000000000000000e+00
0.000000000000000000e+00
0.000000000000000000e+00
0.000000000000000000e+00
0.000000000000000000e+00
0.000000000000000000e+00
1.455650170098429959e-02
9.600944360778455866e-04
0.000000000000000000e+00
0.000000000000000000e+00
0.000000000000000000e+00
0.000000000000000000e+00
1.225770388829746094e-01
3.556524543340762179e-01
3.666428670754376951e-01
1.746851012141204529e-01
0.000000000000000000e+00
0.000000000000000000e+00
0.000000000000000000e+00
0.000000000000000000e+00
0.000000000000000000e+00
0.000000000000000000e+00
0.000000000000000000e+00
2.178446490680532033e-01
3.764104195146451559e-01
3.306459716667479731e-01
1.624073034365176582e-01
0.000000000000000000e+00
2.267695154706258487e-01
4.408113355587783277e-01
4.875406136933821966e-01
2.697053247403626286e-01
0.000000000000000000e+00
0.000000000000000000e+00
0.000000000000000000e+00
0.000000000000000000e+00
2.072224446106495782e-02
0.000000000000000000e+00
0.000000000000000000e+00
0.000000000000000000e+00
0.000000000000000000e+00
0.000000000000000000e+00
0.000000000000000000e+00
0.000000000000000000e+00
0.000000000000000000e+00
3.279110064417742887e-01
5.358857719392219332e-01
4.619093892948311630e-01
2.363596556593529907e-01
0.000000000000000000e+00
0.000000000000000000e+00
0.000000000000000000e+00
1.662484163371290291e-01
3.289689488685993979e-01
3.670031691472229740e-01
1.958936958739123102e-01
0.000000000000000000e+00
0.000000000000000000e+00
0.000000000000000000e+00
0.000000000000000000e+00
0.000000000000000000e+00
8.703298826825104847e-03
6.020584507677148589e-02
1.071623784026044801e-01
1.119482754529572133e-01
7.240423448716003241e-02
0.000000000000000000e+00
0.000000000000000000e+00
0.000000000000000000e+00
0.000000000000000000e+00
0.000000000000000000e+00
0.000000000000000000e+00
0.000000000000000000e+00
0.000000000000000000e+00
0.000000000000000000e+00
2.134625759988337604e-02
0.000000000000000000e+00
0.000000000000000000e+00
0.000000000000000000e+00
0.000000000000000000e+00
1.987715242852155506e-01
3.955145455760968876e-01
3.638122593286164941e-01
1.789587173964334588e-01
0.000000000000000000e+00
0.000000000000000000e+00
0.000000000000000000e+00
0.000000000000000000e+00
0.000000000000000000e+00
0.000000000000000000e+00
0.000000000000000000e+00
0.000000000000000000e+00
0.000000000000000000e+00
0.000000000000000000e+00
0.000000000000000000e+00
0.000000000000000000e+00
0.000000000000000000e+00
1.720685831250581832e-03
3.441371662501163664e-03
2.150857289063227290e-03
0.000000000000000000e+00
0.000000000000000000e+00
0.000000000000000000e+00
