4.636644124984741211e-01 -2.768804132938385010e-01 1.079813018441200256e-01
3.992660045623779297e-01 -3.157026767730712891e-01 1.230224743485450745e-01
4.361448884010314941e-01 -3.567157685756683350e-01 8.752028644084930420e-02
4.083052575588226318e-01 -3.995257616043090820e-01 5.127120018005371094e-02
4.569052755832672119e-01 -3.489798009395599365e-01 7.866784185171127319e-02
5.688138008117675781e-01 -3.260475099086761475e-01 3.859413787722587585e-02
6.163057088851928711e-01 -3.379708230495452881e-01 -1.424652040004730225e-01
5.642732381820678711e-01 -3.552072942256927490e-01 -1.774812489748001099e-01
3.488200306892395020e-01 -3.680264651775360107e-01 -2.256036698818206787e-01
-2.872002683579921722e-02 -5.385814309120178223e-01 -2.658802457153797150e-02
-1.845434904098510742e-01 -4.664809107780456543e-01 -1.432783156633377075e-02
-2.374723106622695923e-01 -3.451713621616363525e-01 -4.452917352318763733e-02
-2.902458310127258301e-01 -2.025530785322189331e-01 -1.812165528535842896e-01
-2.658693194389343262e-01 -2.507963776588439941e-01 -3.051779568195343018e-01
-7.917653769254684448e-02 -2.293700426816940308e-01 -2.515616118907928467e-01
7.115156203508377075e-02 -6.943059712648391724e-02 -1.115524098277091980e-01
2.163660228252410889e-01 -1.347404122352600098e-01 -8.951698988676071167e-02
5.097990855574607849e-02 9.748838096857070923e-02 1.172790974378585815e-01
-1.204785555601119995e-01 1.047105640172958374e-01 1.938540190458297729e-01
-2.461508959531784058e-01 9.263890981674194336e-02 2.221660465002059937e-01
-2.729426622390747070e-01 4.802898690104484558e-02 2.046001106500625610e-01
-1.502865850925445557e-01 6.362853944301605225e-02 1.410321146249771118e-01
-1.088163778185844421e-01 8.144980669021606445e-02 1.399748325347900391e-01
-1.351368278264999390e-01 1.585222482681274414e-01 1.250788271427154541e-01
-1.888418793678283691e-01 2.394535988569259644e-01 3.783142194151878357e-02
-9.199161082506179810e-02 3.430270254611968994e-01 -1.387229561805725098e-02
-6.631360948085784912e-02 3.801371455192565918e-01 -1.321430206298828125e-01
3.352477774024009705e-02 4.483131766319274902e-01 -2.101796716451644897e-01
1.950499862432479858e-01 3.119357526302337646e-01 -3.429404199123382568e-01
3.273613452911376953e-01 2.437056601047515869e-01 -5.155876874923706055e-01
4.342485964298248291e-01 2.109304517507553101e-01 -6.124939918518066406e-01
4.434440135955810547e-01 2.475131750106811523e-01 -6.211576461791992188e-01
4.360825717449188232e-01 2.340501695871353149e-01 -5.872247219085693359e-01
4.235624074935913086e-01 3.610152304172515869e-01 -6.216053962707519531e-01
4.887166619300842285e-01 2.858260869979858398e-01 -6.627104282379150391e-01
5.153520107269287109e-01 3.025813102722167969e-01 -6.186823844909667969e-01
5.142720341682434082e-01 3.138122856616973877e-01 -5.635138750076293945e-01
4.746100008487701416e-01 3.895246684551239014e-01 -5.926615595817565918e-01
4.635491371154785156e-01 3.855946362018585205e-01 -5.768213272094726562e-01
4.591529071331024170e-01 4.572638273239135742e-01 -5.628443360328674316e-01
5.717631578445434570e-01 3.979047238826751709e-01 -4.001942873001098633e-01
5.079900622367858887e-01 3.725735545158386230e-01 -2.020725756883621216e-01
3.300714194774627686e-01 4.288563430309295654e-01 -1.140604615211486816e-01
2.462095618247985840e-01 4.879078865051269531e-01 -7.748261094093322754e-02
2.377282381057739258e-01 4.559088647365570068e-01 -7.412700355052947998e-02
2.297553122043609619e-01 3.849046826362609863e-01 -1.175754219293594360e-01
1.054763942956924438e-01 2.670801877975463867e-01 -9.097807109355926514e-02
-1.583300381898880005e-01 -9.013982117176055908e-02 1.037684679031372070e-01
5.077187716960906982e-02 -1.818645745515823364e-01 2.057934552431106567e-01
1.196555793285369873e-01 -3.039786815643310547e-01 2.071201354265213013e-01
1.370696574449539185e-01 -2.705021202564239502e-01 2.766684293746948242e-01
2.376452684402465820e-01 -3.102892339229583740e-01 2.677955031394958496e-01
2.959441840648651123e-01 -3.448442518711090088e-01 2.443074285984039307e-01
3.048397302627563477e-01 -3.822484910488128662e-01 2.245064228773117065e-01
3.285844624042510986e-01 -4.322862923145294189e-01 2.067594379186630249e-01
3.208529651165008545e-01 -3.889712691307067871e-01 2.383753061294555664e-01
3.561479747295379639e-01 -4.089620113372802734e-01 2.275885641574859619e-01
3.033159673213958740e-01 -3.550040423870086670e-01 2.034928500652313232e-01
3.249169886112213135e-01 -4.154068231582641602e-01 2.112364470958709717e-01
2.903250157833099365e-01 -3.481065928936004639e-01 2.192266732454299927e-01
1.566815972328186035e-01 -2.793325185775756836e-01 1.637945771217346191e-01
1.543839126825332642e-01 -4.088463187217712402e-01 1.832823604345321655e-01
2.607949078083038330e-01 -4.339138865470886230e-01 1.837124377489089966e-01
2.680316865444183350e-01 -2.708077728748321533e-01 3.569912910461425781e-01
2.780346572399139404e-01 -2.169599235057830811e-01 3.864297270774841309e-01
2.210715562105178833e-01 -2.037384361028671265e-01 4.304383695125579834e-01
2.391855865716934204e-01 -2.722795307636260986e-01 3.554958105087280273e-01
1.816462874412536621e-01 -2.824772596359252930e-01 3.735714852809906006e-01
1.883737295866012573e-01 -2.834720313549041748e-01 3.495690822601318359e-01
2.530286833643913269e-02 -2.476874738931655884e-01 3.830311000347137451e-01
-8.922352641820907593e-02 -1.777203381061553955e-01 3.626856207847595215e-01
-1.768061220645904541e-01 -1.704679429531097412e-01 3.630894720554351807e-01
-1.390842050313949585e-01 1.559266168624162674e-02 3.929567039012908936e-01
-1.180303096771240234e-01 1.348724961280822754e-01 3.173526525497436523e-01
-3.722808510065078735e-02 2.508113980293273926e-01 2.463037520647048950e-01
1.074834838509559631e-01 4.699792563915252686e-01 5.143349245190620422e-02
2.510891854763031006e-01 5.230466723442077637e-01 3.298814222216606140e-02
3.078846037387847900e-01 5.080103278160095215e-01 -9.532316587865352631e-03
4.043933749198913574e-01 3.954698443412780762e-01 -1.191350594162940979e-01
4.562152922153472900e-01 3.234105706214904785e-01 -1.794376820325851440e-01
5.276064276695251465e-01 2.937427163124084473e-01 -1.913488656282424927e-01
5.517448782920837402e-01 2.809149622917175293e-01 -1.947068423032760620e-01
4.812357127666473389e-01 3.894224464893341064e-01 -1.545150876045227051e-01
3.785311877727508545e-01 4.478383958339691162e-01 -1.343372613191604614e-01
4.888689517974853516e-01 3.581306636333465576e-01 -1.870891600847244263e-01
5.187444090843200684e-01 3.322130143642425537e-01 -2.487024366855621338e-01
5.713655352592468262e-01 3.200151622295379639e-01 -3.053135871887207031e-01
5.258103609085083008e-01 3.973688781261444092e-01 -4.073514938354492188e-01
4.558798074722290039e-01 5.381978750228881836e-01 -4.804615080356597900e-01
4.027864933013916016e-01 4.375955164432525635e-01 -5.823371410369873047e-01
4.490340948104858398e-01 4.425731897354125977e-01 -5.955889225006103516e-01
4.705656170845031738e-01 3.832504153251647949e-01 -5.611014366149902344e-01
4.030758142471313477e-01 4.723602533340454102e-01 -5.615943670272827148e-01
4.915521442890167236e-01 3.632231652736663818e-01 -5.094348788261413574e-01
4.509571194648742676e-01 4.043907225131988525e-01 -6.107823848724365234e-01
4.618411958217620850e-01 3.920124173164367676e-01 -4.954271316528320312e-01
4.473922848701477051e-01 3.690358102321624756e-01 -4.750949740409851074e-01
4.566701054573059082e-01 3.461417853832244873e-01 -5.343374609947204590e-01
4.661386311054229736e-01 3.913127481937408447e-01 -5.683625340461730957e-01
4.175108373165130615e-01 3.504603207111358643e-01 -5.652803778648376465e-01
3.957698643207550049e-01 4.170143306255340576e-01 -5.304244160652160645e-01
4.712778627872467041e-01 4.646135270595550537e-01 -3.938447535037994385e-01
4.717454910278320312e-01 4.602082371711730957e-01 -2.607933282852172852e-01
4.613799154758453369e-01 4.171181619167327881e-01 -1.230891123414039612e-01
4.375587105751037598e-01 4.706033766269683838e-01 -6.356146186590194702e-02
4.225973188877105713e-01 4.846168756484985352e-01 -1.128895282745361328e-01
4.259007573127746582e-01 4.392780363559722900e-01 -1.165564581751823425e-01
4.073615074157714844e-01 4.363764524459838867e-01 -1.300689578056335449e-01
4.591527283191680908e-01 3.995387554168701172e-01 -1.645694673061370850e-01
4.957174658775329590e-01 3.880514204502105713e-01 -1.704471111297607422e-01
5.040681958198547363e-01 3.680372834205627441e-01 -1.769724339246749878e-01
5.126287937164306641e-01 3.240829706192016602e-01 -1.659611463546752930e-01
5.085859894752502441e-01 3.238320648670196533e-01 -2.111417800188064575e-01
4.810092151165008545e-01 3.735175728797912598e-01 -2.002152651548385620e-01
4.406749904155731201e-01 4.066204428672790527e-01 -1.966612488031387329e-01
4.606739282608032227e-01 3.816548883914947510e-01 -2.752555012702941895e-01
4.106501042842864990e-01 3.943949937820434570e-01 -2.462645173072814941e-01
4.899427890777587891e-01 3.912555873394012451e-01 -1.846454590559005737e-01
5.370033383369445801e-01 3.646991848945617676e-01 -2.080122679471969604e-01
5.688396692276000977e-01 4.002781510353088379e-01 -1.979015767574310303e-01
5.179364085197448730e-01 3.679946660995483398e-01 -2.645384669303894043e-01
5.436256527900695801e-01 3.257675468921661377e-01 -1.845111399888992310e-01
4.823108911514282227e-01 3.337247669696807861e-01 -1.985436826944351196e-01
4.927140176296234131e-01 3.380916416645050049e-01 -1.926364153623580933e-01
4.721490442752838135e-01 4.132592976093292236e-01 -1.449631601572036743e-01
4.577793776988983154e-01 4.340287744998931885e-01 -1.375992447137832642e-01
2.189410179853439331e-01 5.034437775611877441e-01 -8.768162876367568970e-02
1.356344074010848999e-01 4.736705720424652100e-01 -1.254334896802902222e-01
1.552913039922714233e-01 6.215888261795043945e-01 6.285504251718521118e-02
9.842503815889358521e-02 6.385183930397033691e-01 1.210594400763511658e-01
8.500605076551437378e-02 6.354616284370422363e-01 1.212770119309425354e-01
9.926074743270874023e-02 6.494608521461486816e-01 1.233762577176094055e-01
6.960795819759368896e-02 6.864345669746398926e-01 1.293289065361022949e-01
4.535190761089324951e-02 6.572201848030090332e-01 1.497453302145004272e-01
5.137880519032478333e-02 6.668843626976013184e-01 1.066028922796249390e-01
3.669049963355064392e-02 6.093282699584960938e-01 4.651781171560287476e-02
7.418427616357803345e-02 5.485212802886962891e-01 3.925393149256706238e-02
1.958671957254409790e-01 4.336592853069305420e-01 -9.639971703290939331e-02
2.060708850622177124e-01 4.772278964519500732e-01 -1.573688536882400513e-01
2.407593429088592529e-01 3.691368103027343750e-01 -3.120503425598144531e-01
2.466389983892440796e-01 2.642146944999694824e-01 -4.795223474502563477e-01
2.602896392345428467e-01 2.240918278694152832e-01 -5.342849493026733398e-01
7.341106235980987549e-02 2.091233283281326294e-01 -5.280370116233825684e-01
4.542865231633186340e-02 2.471295744180679321e-01 -5.901458859443664551e-01
5.723890662193298340e-02 2.300690263509750366e-01 -6.232453584671020508e-01
7.820400595664978027e-02 1.652303487062454224e-01 -6.321825981140136719e-01
1.069100480526685715e-02 2.353371828794479370e-01 -6.553930640220642090e-01
2.857284992933273315e-02 2.675932645797729492e-01 -6.475741863250732422e-01
3.022032044827938080e-02 1.942285448312759399e-01 -6.817728281021118164e-01
5.455687269568443298e-02 2.040575295686721802e-01 -6.939833760261535645e-01
5.330274999141693115e-02 2.601035535335540771e-01 -6.406819224357604980e-01
8.214862644672393799e-02 2.108741700649261475e-01 -6.512514948844909668e-01
8.269983530044555664e-02 1.522536426782608032e-01 -6.289082765579223633e-01
1.556495428085327148e-01 1.856750100851058960e-01 -7.327349781990051270e-01
1.414037495851516724e-01 2.019043862819671631e-01 -7.555290460586547852e-01
1.309437304735183716e-01 1.718530058860778809e-01 -7.520772814750671387e-01
1.620912551879882812e-01 1.532268673181533813e-01 -7.245916724205017090e-01
1.206017732620239258e-01 1.869327723979949951e-01 -7.232828140258789062e-01
1.456348747014999390e-01 1.604461073875427246e-01 -7.441684007644653320e-01
1.350079029798507690e-01 1.665450185537338257e-01 -6.629922986030578613e-01
1.430092751979827881e-01 1.185800582170486450e-01 -7.278531193733215332e-01
1.899304986000061035e-01 7.508004456758499146e-02 -7.140972018241882324e-01
