-9.810613840818405151e-02 -8.197900652885437012e-02 5.116600915789604187e-02
-1.745890676975250244e-01 -5.045046284794807434e-02 5.295657366514205933e-02
-1.763264685869216919e-01 -2.872413769364356995e-02 2.155664935708045959e-02
-1.784492582082748413e-01 1.356247067451477051e-02 -1.029505208134651184e-01
-1.853165030479431152e-01 5.959628149867057800e-02 -2.598227746784687042e-02
-1.857419162988662720e-01 3.100802376866340637e-02 2.089983038604259491e-02
-1.231553629040718079e-01 2.787804231047630310e-02 9.862550348043441772e-02
1.013650745153427124e-02 -4.338384047150611877e-02 2.894959412515163422e-02
1.836851090192794800e-01 -1.165672019124031067e-01 -6.568793952465057373e-02
2.405972629785537720e-01 -1.768116801977157593e-01 2.675333991646766663e-02
3.108527362346649170e-01 -1.415622979402542114e-01 1.781470626592636108e-01
2.296416759490966797e-01 9.666791185736656189e-03 2.675381302833557129e-01
-1.890345513820648193e-01 1.081010773777961731e-01 -1.483855396509170532e-02
-3.213382065296173096e-01 9.800043702125549316e-02 -9.228940308094024658e-02
-2.943169474601745605e-01 -8.223141543567180634e-03 -9.358441084623336792e-02
7.754590362310409546e-02 -3.021101700142025948e-03 -1.073914766311645508e-01
4.366016387939453125e-01 -1.403341908007860184e-02 -1.378131508827209473e-01
4.403861463069915771e-01 -6.834490224719047546e-03 -3.046861886978149414e-01
3.368353843688964844e-01 -8.157577365636825562e-02 -3.355372250080108643e-01
8.724495768547058105e-02 -3.584169596433639526e-02 -1.752130836248397827e-01
-7.332509756088256836e-02 3.641878813505172729e-02 -7.856955379247665405e-02
-4.088913649320602417e-02 4.030529037117958069e-02 -7.980072498321533203e-02
1.670768111944198608e-01 1.703112572431564331e-01 -4.820194095373153687e-02
3.417608141899108887e-01 2.953831255435943604e-01 -5.677312612533569336e-02
3.437649607658386230e-01 3.711795508861541748e-01 8.359552174806594849e-02
2.087817192077636719e-01 3.518378436565399170e-01 2.406781315803527832e-01
-1.368508487939834595e-01 1.574178040027618408e-01 2.405357062816619873e-01
-3.650304377079010010e-01 1.067961156368255615e-01 1.951918303966522217e-01
-4.618287682533264160e-01 1.121198758482933044e-01 7.579197734594345093e-02
-4.324602186679840088e-01 1.893798857927322388e-01 -6.217477843165397644e-02
-2.592071592807769775e-01 1.473644971847534180e-01 -9.842371940612792969e-02
-1.152348816394805908e-01 -1.459060702472925186e-02 -1.966983079910278320e-01
-1.297239661216735840e-01 5.722812190651893616e-02 -1.899081170558929443e-01
-1.226970776915550232e-01 7.643661648035049438e-02 -5.164168030023574829e-02
-4.805287718772888184e-02 1.074648872017860413e-01 -2.235798351466655731e-02
9.345613420009613037e-02 1.538604497909545898e-01 6.644940376281738281e-02
2.369204610586166382e-01 3.391261026263237000e-02 1.145934220403432846e-04
2.523854076862335205e-01 -6.786659359931945801e-02 1.112639233469963074e-01
1.752317249774932861e-01 -2.121016383171081543e-01 3.113399744033813477e-01
9.101761132478713989e-02 -4.111900925636291504e-01 3.372829854488372803e-01
2.197742760181427002e-01 -3.452631831169128418e-01 3.989335000514984131e-01
3.359389901161193848e-01 -1.429910212755203247e-01 2.802318334579467773e-01
3.590390086174011230e-01 3.607870638370513916e-02 4.052939265966415405e-02
1.957405060529708862e-01 1.664358377456665039e-01 -5.396313592791557312e-02
-4.826306924223899841e-02 -4.272928461432456970e-02 -5.936713144183158875e-02
-3.090351521968841553e-01 -4.941609203815460205e-01 -1.899062097072601318e-01
-3.786602318286895752e-01 -5.964138507843017578e-01 -3.469848036766052246e-01
-4.474973082542419434e-01 -5.125042200088500977e-01 -4.724873602390289307e-01
-4.484522640705108643e-01 -3.025943934917449951e-01 -5.390463471412658691e-01
-3.576537072658538818e-01 4.448718950152397156e-02 -3.834731280803680420e-01
-2.956760823726654053e-01 9.693856537342071533e-02 -2.803080081939697266e-01
-1.966241002082824707e-01 1.234637424349784851e-01 -8.713860064744949341e-02
-2.144233733415603638e-01 1.410242766141891479e-01 1.266953349113464355e-01
-1.499977707862854004e-01 -4.396293684840202332e-02 5.526328831911087036e-02
-1.507584601640701294e-01 -2.603670656681060791e-01 -1.016675531864166260e-01
5.057624541223049164e-03 -2.783921957015991211e-01 -2.081189602613449097e-01
7.706260681152343750e-02 -2.056078314781188965e-01 -1.501988470554351807e-01
1.168305277824401855e-01 -1.598899811506271362e-02 -1.096924170851707458e-01
2.632225453853607178e-01 5.909758806228637695e-02 -1.525091379880905151e-01
1.378495991230010986e-01 3.980863466858863831e-02 -1.192217618227005005e-01
1.043974235653877258e-01 1.694927662611007690e-01 1.569556258618831635e-02
2.375168204307556152e-01 1.316417604684829712e-01 2.741104066371917725e-01
3.680642545223236084e-01 3.174561262130737305e-01 4.804681241512298584e-01
4.851230680942535400e-01 2.566733062267303467e-01 4.483816623687744141e-01
4.146420061588287354e-01 1.763215512037277222e-01 3.968361318111419678e-01
6.567217409610748291e-02 1.335999071598052979e-01 1.333542615175247192e-01
-1.535936444997787476e-01 -8.519595861434936523e-02 -1.713219285011291504e-01
-8.618336170911788940e-02 -9.177479147911071777e-02 -1.204107850790023804e-01
4.875587765127420425e-03 -2.902351319789886475e-01 -2.205193191766738892e-01
-8.788900449872016907e-03 -4.052716791629791260e-01 -1.649519354104995728e-01
1.047530695796012878e-01 -2.960169017314910889e-01 6.320890039205551147e-02
1.440151929855346680e-01 -1.168680414557456970e-01 3.495027720928192139e-01
1.145728155970573425e-01 9.514874964952468872e-02 4.865158796310424805e-01
1.433753222227096558e-01 2.315358817577362061e-01 3.641611039638519287e-01
8.585850894451141357e-02 2.885375022888183594e-01 8.131521195173263550e-02
7.010050117969512939e-02 2.738661468029022217e-01 -1.242952421307563782e-01
-4.220036044716835022e-02 1.209222450852394104e-01 -1.445196866989135742e-01
-2.001087218523025513e-01 2.287141233682632446e-02 -9.614057838916778564e-02
-2.571859061717987061e-01 5.646129697561264038e-02 -1.115428060293197632e-01
-2.325825691223144531e-01 1.084723174571990967e-01 -1.401953548192977905e-01
-4.452620074152946472e-02 7.804497331380844116e-02 -1.722209006547927856e-01
1.897722929716110229e-01 6.892666220664978027e-02 -9.584385156631469727e-02
1.721904575824737549e-01 1.860887259244918823e-01 6.877775490283966064e-02
8.941067010164260864e-02 3.473468720912933350e-01 1.549832969903945923e-01
-4.066273197531700134e-02 3.756824433803558350e-01 1.553148627281188965e-01
-1.174657270312309265e-01 1.828444451093673706e-01 5.747615545988082886e-02
1.013405099511146545e-01 -2.022460103034973145e-02 -5.195664614439010620e-02
6.474420428276062012e-02 2.867194823920726776e-02 -1.758093982934951782e-01
-4.225846379995346069e-02 1.091766804456710815e-01 -1.632782667875289917e-01
-2.074204683303833008e-01 1.735613495111465454e-01 -2.055802494287490845e-01
-1.940598934888839722e-01 4.845584183931350708e-02 -1.728788167238235474e-01
-1.131683662533760071e-01 2.378216013312339783e-02 -4.246060550212860107e-02
-2.198435179889202118e-02 2.566032409667968750e-01 -6.694757193326950073e-02
5.265049263834953308e-02 2.555360496044158936e-01 -6.965862959623336792e-02
-5.194833129644393921e-02 6.956696510314941406e-02 -1.509081721305847168e-01
-4.930019844323396683e-03 -5.416687577962875366e-02 -5.975728482007980347e-02
3.139130398631095886e-02 5.637794733047485352e-03 3.378914296627044678e-02
6.860616058111190796e-02 1.887194067239761353e-01 1.470382213592529297e-01
1.523551046848297119e-01 7.683958113193511963e-02 1.664579957723617554e-01
1.708917766809463501e-01 -3.601143062114715576e-01 1.552488654851913452e-01
1.681138426065444946e-01 -4.139347374439239502e-01 2.574543654918670654e-01
1.588503569364547729e-01 -3.530285358428955078e-01 2.992452085018157959e-01
1.432540565729141235e-01 -2.362328022718429565e-01 2.169329375028610229e-01
1.075925305485725403e-01 -1.061457768082618713e-01 -2.582518197596073151e-02
3.324405848979949951e-02 -1.679538488388061523e-01 -1.653262227773666382e-01
4.526637867093086243e-02 -6.280576437711715698e-02 -1.479576081037521362e-01
-4.867536574602127075e-02 6.331300735473632812e-02 3.696000576019287109e-02
-8.746709674596786499e-02 7.238448411226272583e-02 1.611598134040832520e-01
-7.648506760597229004e-02 5.946755036711692810e-02 1.230200901627540588e-01
-9.892661869525909424e-02 7.267802953720092773e-02 1.149910837411880493e-01
-2.886322140693664551e-02 2.457577548921108246e-02 5.036068707704544067e-02
4.204957187175750732e-02 -4.329562187194824219e-02 2.470033057034015656e-02
8.833895623683929443e-02 -4.509993363171815872e-03 -3.504043817520141602e-02
7.465106993913650513e-02 1.665502972900867462e-02 -1.152670457959175110e-01
6.516886502504348755e-02 2.784023992717266083e-02 -3.420209139585494995e-02
-3.173591569066047668e-02 3.223906084895133972e-02 -5.509786680340766907e-02
-1.216317266225814819e-01 5.187749490141868591e-02 -3.928996622562408447e-02
-1.341120898723602295e-01 5.308665707707405090e-02 -8.130343258380889893e-02
-1.999561339616775513e-01 -5.475625768303871155e-02 -1.747235655784606934e-01
-1.060172244906425476e-01 -5.069254338741302490e-02 3.451970964670181274e-02
-2.600701712071895599e-02 -1.571969240903854370e-01 4.970055073499679565e-02
1.818139106035232544e-02 -7.663480937480926514e-02 4.891191050410270691e-02
1.486681848764419556e-01 9.785396978259086609e-03 1.792326010763645172e-02
2.223606109619140625e-01 2.166371606290340424e-02 -6.033040210604667664e-02
4.312573373317718506e-01 -7.947362959384918213e-02 2.135476469993591309e-01
4.734937548637390137e-01 -9.047016501426696777e-02 3.190259933471679688e-01
4.488888382911682129e-01 -2.409729175269603729e-02 2.351775914430618286e-01
3.423472642898559570e-01 1.079167351126670837e-01 -8.585817180573940277e-03
1.095990389585494995e-01 2.319938838481903076e-01 -2.479193508625030518e-01
5.237425118684768677e-02 6.648009270429611206e-02 -1.828199326992034912e-01
7.481441646814346313e-02 -3.911443520337343216e-03 -7.769338786602020264e-02
1.028533875942230225e-01 1.335919648408889771e-02 6.109203770756721497e-02
9.745810925960540771e-02 3.049071505665779114e-02 -3.978784382343292236e-02
-3.408871707506477833e-04 4.844051972031593323e-02 -5.628044903278350830e-02
-1.688558757305145264e-01 5.859342217445373535e-02 -2.402840927243232727e-02
-3.144081532955169678e-01 1.269848048686981201e-01 6.491050869226455688e-02
-3.434270322322845459e-01 4.212207626551389694e-03 8.049438148736953735e-02
-3.706149160861968994e-01 1.798369921743869781e-02 -1.693320721387863159e-01
-4.095939099788665771e-01 1.362007558345794678e-01 -2.679840922355651855e-01
-3.921073377132415771e-01 1.207142621278762817e-01 -3.557702898979187012e-01
-3.291356861591339111e-01 1.054328829050064087e-01 -2.179254144430160522e-01
-4.702467471361160278e-02 -4.137089848518371582e-02 -9.116949886083602905e-02
1.761407554149627686e-01 -1.823237687349319458e-01 -8.464173972606658936e-02
1.667056977748870850e-01 -4.901400953531265259e-02 -1.095455139875411987e-02
5.800979211926460266e-02 -6.411825865507125854e-02 -5.757017806172370911e-02
2.451795712113380432e-02 -9.469956159591674805e-02 -1.022571511566638947e-02
-6.340412423014640808e-03 1.091040447354316711e-01 1.675913669168949127e-02
2.397594973444938660e-03 1.774997711181640625e-01 -8.180400356650352478e-03
-2.249692566692829132e-02 1.042578816413879395e-01 -2.651083748787641525e-03
-8.626890927553176880e-02 -2.287122234702110291e-02 -7.785157859325408936e-02
-8.468168228864669800e-02 -1.896448880434036255e-01 -1.201004609465599060e-01
-1.401654332876205444e-01 1.244435831904411316e-02 -1.796320453286170959e-02
-1.214918494224548340e-01 2.657647132873535156e-01 4.556020349264144897e-02
-9.951765090227127075e-02 1.679875850677490234e-01 5.749646946787834167e-02
-8.113986253738403320e-02 5.182523280382156372e-02 9.602709114551544189e-02
-9.649901650846004486e-03 -1.856563687324523926e-01 -7.976450026035308838e-02
-2.371096611022949219e-02 -1.256560236215591431e-01 -2.281358093023300171e-02
5.533465370535850525e-02 -3.420219197869300842e-02 -3.463265672326087952e-02
-6.032211706042289734e-02 -2.148492820560932159e-02 1.108103618025779724e-02
-1.792248189449310303e-01 -3.465783968567848206e-02 5.570928566157817841e-03
-1.724627614021301270e-01 -4.069818556308746338e-02 -8.686549216508865356e-02
-1.759340018033981323e-01 2.021841891109943390e-02 -6.159044802188873291e-02
