6.038423627614974976e-02 -1.443976908922195435e-02 -1.504140254110097885e-02
1.535583436489105225e-01 -1.997520402073860168e-02 -3.772851824760437012e-02
1.946035623550415039e-01 -1.283299364149570465e-02 5.262992903590202332e-02
1.572220474481582642e-01 -4.679311811923980713e-02 1.304580420255661011e-01
4.532812908291816711e-02 -6.155180931091308594e-02 1.562580466270446777e-01
-1.203834116458892822e-01 -1.010432690382003784e-01 -9.837451577186584473e-02
-2.150554955005645752e-01 -7.684208452701568604e-02 -4.272254109382629395e-01
-2.553294599056243896e-01 5.178819410502910614e-03 -4.570677876472473145e-01
-2.872345149517059326e-01 1.026494652032852173e-01 -2.527235746383666992e-01
-1.683949977159500122e-01 2.315467447042465210e-01 3.051379621028900146e-01
1.632702648639678955e-01 1.642119288444519043e-01 5.243715047836303711e-01
2.806552350521087646e-01 1.018401607871055603e-01 4.368960559368133545e-01
2.619085907936096191e-01 3.895477950572967529e-02 2.635181248188018799e-01
5.357925221323966980e-02 9.426251798868179321e-02 -6.312196701765060425e-02
-1.779258847236633301e-01 1.552156805992126465e-01 -3.590699434280395508e-01
-7.033830881118774414e-02 8.725988864898681641e-02 -4.795027673244476318e-01
-1.125555858016014099e-02 9.480427205562591553e-02 -5.043106079101562500e-01
4.291904717683792114e-02 -9.117137640714645386e-02 -2.637064158916473389e-01
4.101268202066421509e-02 -1.495789587497711182e-01 1.798760294914245605e-01
-1.481409277766942978e-02 -1.304886490106582642e-01 3.857050836086273193e-01
-2.263857424259185791e-02 -1.700683310627937317e-02 3.215589225292205811e-01
-7.864518463611602783e-02 2.149344235658645630e-01 3.585448116064071655e-02
-9.813924133777618408e-02 3.110128641128540039e-01 -2.816786058247089386e-02
-4.991800710558891296e-02 2.239900678396224976e-01 1.556414663791656494e-01
8.741094917058944702e-02 -1.944318562746047974e-01 3.052397072315216064e-01
1.648624390363693237e-01 -5.047859549522399902e-01 2.876988351345062256e-01
2.161841243505477905e-01 -5.593656897544860840e-01 9.120859950780868530e-02
2.116016447544097900e-01 -3.362926542758941650e-01 -8.405864983797073364e-02
6.950064748525619507e-02 1.514541953802108765e-01 -1.430541574954986572e-01
-4.839662089943885803e-02 3.462317287921905518e-01 -2.374708503484725952e-01
-6.369984149932861328e-02 2.763852179050445557e-01 -2.131560593843460083e-01
-8.507232367992401123e-02 2.720757946372032166e-02 -1.086267009377479553e-01
-7.156938314437866211e-02 -6.453649699687957764e-02 -9.392501669935882092e-04
-1.543944776058197021e-01 1.113010644912719727e-01 1.179215461015701294e-01
-2.504998743534088135e-01 1.803255230188369751e-01 -5.462769791483879089e-02
-2.271141409873962402e-01 1.224275156855583191e-01 -1.227230206131935120e-01
-2.378997951745986938e-01 -9.832616150379180908e-02 -2.217026893049478531e-03
-2.672928869724273682e-01 -2.887316942214965820e-01 5.297616869211196899e-02
-3.304449915885925293e-01 -1.767120063304901123e-01 1.658466905355453491e-01
-2.344841212034225464e-01 7.840067893266677856e-02 1.707732095383107662e-03
9.985981881618499756e-02 3.332003653049468994e-01 -1.831479519605636597e-01
4.198395609855651855e-01 3.594245612621307373e-01 -1.108004748821258545e-01
5.347182750701904297e-01 4.673320427536964417e-02 -7.794573158025741577e-02
3.896566927433013916e-01 -4.124979674816131592e-01 -1.087496504187583923e-01
2.028969973325729370e-01 -5.559862852096557617e-01 -1.581703871488571167e-01
9.508120268583297729e-02 -4.483743011951446533e-01 -1.837527304887771606e-01
1.352411806583404541e-01 -1.326792091131210327e-01 -1.148086413741111755e-01
2.253317832946777344e-01 2.627151906490325928e-01 1.584463566541671753e-01
1.427663564682006836e-01 3.252991735935211182e-01 2.631152570247650146e-01
-6.636930257081985474e-02 2.744726240634918213e-01 2.724902033805847168e-01
-2.782633900642395020e-01 2.089986056089401245e-01 2.790587842464447021e-01
-3.483200073242187500e-01 7.925443351268768311e-02 1.116733103990554810e-01
-2.386151254177093506e-01 -8.399617671966552734e-02 -6.487847864627838135e-02
-1.440277323126792908e-02 -1.780868172645568848e-01 -2.586929798126220703e-01
8.119159191846847534e-02 -1.660200357437133789e-01 -3.246345818042755127e-01
6.523483991622924805e-02 5.066639184951782227e-02 -1.947863399982452393e-01
-5.160020664334297180e-02 2.937322258949279785e-01 -1.174845620989799500e-01
-8.577229827642440796e-02 2.967560589313507080e-01 -2.862053923308849335e-02
-5.208326503634452820e-02 2.641216218471527100e-01 9.596762806177139282e-02
-1.837211400270462036e-01 1.242462769150733948e-01 1.942923814058303833e-01
-3.302089571952819824e-01 1.121301800012588501e-01 3.017409741878509521e-01
-4.269727170467376709e-01 1.943822801113128662e-01 1.662282794713973999e-01
-3.653720915317535400e-01 1.080984547734260559e-01 -1.341896876692771912e-02
1.124122217297554016e-01 -3.012411110103130341e-02 -1.234926730394363403e-01
4.406305849552154541e-01 -2.837087213993072510e-01 -1.961668133735656738e-01
4.855899512767791748e-01 -3.628116846084594727e-01 -1.207304224371910095e-01
3.643348217010498047e-01 -3.134800791740417480e-01 -1.462886184453964233e-01
5.644970759749412537e-02 -1.918135583400726318e-01 -9.441449493169784546e-02
-2.025656998157501221e-01 7.824150472879409790e-02 1.577018350362777710e-01
-2.433724254369735718e-01 2.116857767105102539e-01 4.042797088623046875e-01
-1.848830878734588623e-01 2.427849918603897095e-01 5.569710731506347656e-01
-4.550511017441749573e-02 2.619948089122772217e-01 5.119897723197937012e-01
2.346341013908386230e-01 1.571976542472839355e-01 2.298434078693389893e-01
3.799268305301666260e-01 7.090913504362106323e-02 -1.964081227779388428e-01
3.119032680988311768e-01 -1.167317703366279602e-01 -3.774218559265136719e-01
1.369635909795761108e-01 -3.596982061862945557e-01 -3.928314447402954102e-01
7.083002477884292603e-03 -3.901464939117431641e-01 -2.908623516559600830e-01
-6.421995349228382111e-03 -2.636120319366455078e-01 -1.829966604709625244e-01
-5.569382384419441223e-02 6.355195492506027222e-02 -2.134775817394256592e-01
-1.832544207572937012e-01 3.379670381546020508e-01 -1.898048073053359985e-01
-2.621237933635711670e-01 3.990032672882080078e-01 -1.715938374400138855e-02
-2.012576311826705933e-01 3.317794799804687500e-01 2.196612358093261719e-01
-3.089210018515586853e-02 4.334207996726036072e-02 3.378998041152954102e-01
9.838192164897918701e-02 -2.668073177337646484e-01 1.946866959333419800e-01
2.532080374658107758e-02 -3.261483609676361084e-01 -1.885505467653274536e-01
1.346526388078927994e-02 -2.155315130949020386e-01 -3.637210428714752197e-01
6.941764801740646362e-02 -5.469005182385444641e-02 -2.640564143657684326e-01
2.182500511407852173e-01 2.409190125763416290e-02 -4.978049173951148987e-02
2.341913431882858276e-01 -3.797091171145439148e-02 1.251181811094284058e-01
-4.639983922243118286e-02 3.403897956013679504e-02 1.404908746480941772e-01
-1.322071701288223267e-01 1.808682382106781006e-01 1.026137247681617737e-01
-1.476228386163711548e-01 2.912088334560394287e-01 9.088276326656341553e-02
-3.235604614019393921e-02 1.878961622714996338e-01 1.591393910348415375e-02
3.413221985101699829e-02 -1.076415777206420898e-01 -8.744336664676666260e-02
-8.476831018924713135e-02 -2.088151127099990845e-01 -6.186630204319953918e-02
-5.694309994578361511e-02 -1.328807622194290161e-01 8.863779157400131226e-02
-1.078956648707389832e-01 6.001036241650581360e-02 1.463473588228225708e-01
-2.295363992452621460e-01 3.477150946855545044e-02 -1.426813658326864243e-03
-3.250795602798461914e-01 -1.081281974911689758e-01 -1.154423579573631287e-01
-3.149430453777313232e-01 -1.293586641550064087e-01 -6.142546609044075012e-02
-8.141276240348815918e-02 -6.276048719882965088e-02 1.126316860318183899e-01
2.667584419250488281e-01 6.422608345746994019e-02 1.979241222143173218e-01
4.107867181301116943e-01 3.203733637928962708e-02 3.604649007320404053e-02
3.579759895801544189e-01 -9.038900956511497498e-03 -1.257786750793457031e-01
1.946189999580383301e-01 -2.581680566072463989e-02 -9.293428808450698853e-02
-4.703401122242212296e-03 -6.003978475928306580e-02 4.564578458666801453e-02
-5.247163400053977966e-02 8.087526075541973114e-03 1.724731475114822388e-01
-3.597721084952354431e-02 4.951255396008491516e-03 1.736553758382797241e-01
-3.889784216880798340e-02 5.321094393730163574e-02 -2.041996922343969345e-03
-6.852135807275772095e-02 8.771134912967681885e-02 -1.528565436601638794e-01
-1.020228341221809387e-01 1.340667009353637695e-01 -2.388822287321090698e-01
-6.371445953845977783e-02 2.099653184413909912e-01 -2.189722210168838501e-01
-2.646499685943126678e-02 1.721950620412826538e-01 -1.124650686979293823e-01
1.690992526710033417e-02 2.877828478813171387e-02 -3.244813159108161926e-02
5.173432081937789917e-02 -1.987399160861968994e-01 4.886476323008537292e-02
8.987162262201309204e-02 -2.700369358062744141e-01 4.845931008458137512e-02
2.100090533494949341e-01 -1.969483792781829834e-01 9.377552568912506104e-02
1.181613877415657043e-01 -7.610617578029632568e-02 1.154649406671524048e-01
-5.168810114264488220e-02 -2.465131133794784546e-02 1.216765213757753372e-02
-1.735651642084121704e-01 -2.323261462152004242e-03 -5.775839835405349731e-02
-2.387989312410354614e-01 4.586738720536231995e-02 -2.021039277315139771e-01
-1.057217791676521301e-01 1.475570946931838989e-01 -2.041379511356353760e-01
-2.581689953804016113e-01 2.696514129638671875e-01 -1.432140916585922241e-01
-4.027770459651947021e-01 2.928861379623413086e-01 -7.523790746927261353e-02
-3.446548581123352051e-01 2.476717531681060791e-01 5.701055750250816345e-02
-6.780392676591873169e-02 1.443982571363449097e-01 1.004370152950286865e-01
4.504025280475616455e-01 -4.878776089753955603e-04 1.539121568202972412e-01
5.176074504852294922e-01 -1.212169378995895386e-01 1.314992010593414307e-01
3.460334837436676025e-01 -1.450401693582534790e-01 1.119692996144294739e-01
1.321925781667232513e-02 -1.518250405788421631e-01 1.011905223131179810e-01
-1.483855843544006348e-01 -9.828057885169982910e-02 1.250297110527753830e-02
1.824939064681529999e-02 -7.238509505987167358e-02 -3.082608245313167572e-02
1.751991063356399536e-01 -1.084441468119621277e-01 -4.032586142420768738e-02
2.429252862930297852e-01 -8.634641021490097046e-02 8.408246934413909912e-02
9.756720811128616333e-02 -1.228595003485679626e-01 1.305889487266540527e-01
7.561448216438293457e-02 -1.644391715526580811e-01 -2.894591726362705231e-02
2.018728256225585938e-01 -1.657564640045166016e-01 -1.294400244951248169e-01
2.788190543651580811e-01 -5.430253222584724426e-02 -1.872600317001342773e-01
2.120026201009750366e-01 7.533352822065353394e-02 -3.355818614363670349e-02
-1.195461750030517578e-01 1.398120075464248657e-01 7.816036045551300049e-02
-3.630236089229583740e-01 5.816323682665824890e-02 -6.528900563716888428e-02
-3.579776287078857422e-01 -2.229815535247325897e-02 -1.052379980683326721e-01
-1.962224841117858887e-01 -2.386618964374065399e-02 -9.210740774869918823e-02
-3.833732753992080688e-02 -2.618536353111267090e-02 2.639732323586940765e-02
6.876470148563385010e-02 7.349866628646850586e-02 1.958156228065490723e-01
9.762337058782577515e-02 9.432837367057800293e-02 1.538250744342803955e-01
2.610130980610847473e-02 1.023396924138069153e-01 6.533867120742797852e-02
-1.826205104589462280e-02 5.089561268687248230e-02 -2.498146705329418182e-02
-1.208379790186882019e-01 -4.861975088715553284e-02 -1.167693138122558594e-01
-6.661143898963928223e-02 -4.067244008183479309e-02 5.528789479285478592e-03
1.525868624448776245e-01 -3.026753477752208710e-02 1.535188555717468262e-01
2.059660404920578003e-01 -4.802533611655235291e-02 1.517707705497741699e-01
1.333408653736114502e-01 -3.412389755249023438e-02 1.352968215942382812e-01
-8.702528476715087891e-02 1.515531446784734726e-02 -6.359068304300308228e-02
-2.170145958662033081e-01 7.816375046968460083e-02 -9.453450143337249756e-02
-1.896389126777648926e-01 1.686799824237823486e-01 -8.508554100990295410e-02
-7.974173128604888916e-02 1.930515468120574951e-02 -1.598574221134185791e-01
4.054298624396324158e-02 -1.701727211475372314e-01 -1.350539028644561768e-01
1.333133876323699951e-01 -2.451721876859664917e-01 -1.781746596097946167e-01
1.818418949842453003e-01 -2.189715206623077393e-01 -7.667545974254608154e-02
1.460404098033905029e-01 -5.102436617016792297e-02 1.803173683583736420e-02
8.384658396244049072e-02 2.488416992127895355e-02 5.425429716706275940e-02
