2.683081626892089844e-01 -2.828658521175384521e-01 2.939412593841552734e-01
2.368544489145278931e-01 -1.963695138692855835e-01 3.352324962615966797e-01
3.114616870880126953e-01 -2.190172672271728516e-01 2.949003875255584717e-01
1.462186723947525024e-01 -1.213602945208549500e-01 3.529665172100067139e-01
1.822806149721145630e-02 -3.991914540529251099e-02 3.391772508621215820e-01
-1.122706606984138489e-01 7.662290241569280624e-03 3.553985953330993652e-01
-2.319809198379516602e-01 1.237512528896331787e-01 3.331889510154724121e-01
-3.830702304840087891e-01 2.445412278175354004e-01 1.986977607011795044e-01
-5.612943768501281738e-01 2.263427972793579102e-01 1.013990640640258789e-01
-4.516611695289611816e-01 2.334677726030349731e-01 4.233374260365962982e-03
-2.209309935569763184e-01 3.617007434368133545e-01 -4.712243378162384033e-02
-1.701828092336654663e-02 5.374042987823486328e-01 5.724150314927101135e-02
1.069362685084342957e-01 5.859580636024475098e-01 1.068420112133026123e-01
1.355707049369812012e-01 6.253771185874938965e-01 1.143957376480102539e-01
1.150052621960639954e-01 5.871562957763671875e-01 1.269245147705078125e-01
1.227270960807800293e-01 5.822246074676513672e-01 1.409604996442794800e-01
1.059097945690155029e-01 6.000839471817016602e-01 1.334031522274017334e-01
7.358672469854354858e-02 5.835185050964355469e-01 1.211419031023979187e-01
7.482217252254486084e-02 6.342500448226928711e-01 8.559911698102951050e-02
1.559691280126571655e-01 6.160030961036682129e-01 2.707599662244319916e-02
1.797312051057815552e-01 5.919229984283447266e-01 5.795552954077720642e-02
1.323674917221069336e-01 6.273896694183349609e-01 4.323955997824668884e-02
1.541168391704559326e-01 6.666672825813293457e-01 8.387197740375995636e-03
3.387866541743278503e-02 6.885166168212890625e-01 -2.368467859923839569e-02
4.209110140800476074e-02 6.233791112899780273e-01 -1.681890711188316345e-02
4.326052591204643250e-02 5.709418058395385742e-01 -2.972721494734287262e-02
-5.629405006766319275e-02 4.930443167686462402e-01 -7.502330839633941650e-02
-8.214563876390457153e-02 3.609714210033416748e-01 -5.475070327520370483e-02
-3.613625094294548035e-02 1.912517994642257690e-01 -4.072806984186172485e-02
-3.839460387825965881e-02 8.314230293035507202e-02 9.626007080078125000e-02
-1.428491026163101196e-01 1.728248298168182373e-01 1.849467456340789795e-01
-1.854122579097747803e-01 2.284391671419143677e-01 2.315980195999145508e-01
-1.801591217517852783e-01 2.091968506574630737e-01 2.582064270973205566e-01
-1.975220888853073120e-01 2.239530682563781738e-01 2.363596111536026001e-01
-2.014883905649185181e-01 2.487325668334960938e-01 1.510402411222457886e-01
-1.571871191263198853e-01 2.105864584445953369e-01 1.249590590596199036e-01
-1.618680357933044434e-01 1.763939410448074341e-01 1.342167109251022339e-01
-1.509595066308975220e-01 1.335476040840148926e-01 9.759473800659179688e-02
-1.164798289537429810e-01 1.047211661934852600e-01 4.398807510733604431e-02
-1.459317505359649658e-01 5.944792181253433228e-02 6.980448961257934570e-02
-1.220217943191528320e-01 4.724293947219848633e-02 8.671376109123229980e-02
-1.082321256399154663e-01 6.962964311242103577e-03 4.420955851674079895e-02
3.237251937389373779e-02 4.324775934219360352e-02 4.724603146314620972e-03
8.480637520551681519e-02 8.528465032577514648e-02 -5.155060905963182449e-03
8.516334742307662964e-02 -1.424946542829275131e-02 1.113883852958679199e-01
-1.371690779924392700e-01 1.178477928042411804e-01 1.527025997638702393e-01
-2.574609518051147461e-01 -3.438732773065567017e-02 2.018603831529617310e-01
-1.258193999528884888e-01 -7.697979360818862915e-02 2.007790468633174896e-02
1.324868053197860718e-01 -2.652664482593536377e-01 7.030500471591949463e-02
6.658557802438735962e-02 -3.997787833213806152e-01 2.011484056711196899e-01
7.292135804891586304e-02 -4.977202415466308594e-01 1.598829776048660278e-01
1.842942386865615845e-01 -5.428431034088134766e-01 1.019767820835113525e-01
1.156362593173980713e-01 -5.164183974266052246e-01 1.159606575965881348e-01
2.032758891582489014e-01 -4.558821320533752441e-01 1.795320659875869751e-01
2.036369293928146362e-01 -4.120242297649383545e-01 2.052287161350250244e-01
1.667722910642623901e-01 -4.012428522109985352e-01 2.360960990190505981e-01
1.406950950622558594e-01 -3.271755576133728027e-01 2.112000733613967896e-01
1.475277245044708252e-01 -2.205940335988998413e-01 1.387214213609695435e-01
1.339277327060699463e-01 -2.377016395330429077e-01 8.633152395486831665e-02
-1.454343497753143311e-01 -1.649625301361083984e-01 2.015940248966217041e-01
-3.052591979503631592e-01 -1.465283632278442383e-01 2.096732556819915771e-01
-2.900910377502441406e-01 -2.398098073899745941e-02 1.316884756088256836e-01
-2.975166738033294678e-01 7.427599281072616577e-02 1.151571571826934814e-01
-2.834741771221160889e-01 6.965482234954833984e-02 1.124391555786132812e-01
-2.797221839427947998e-01 4.191533476114273071e-02 8.947992324829101562e-02
-3.920938074588775635e-01 9.986057877540588379e-02 1.124040856957435608e-01
-2.215165942907333374e-01 2.078705281019210815e-01 1.265086829662322998e-01
1.194382607936859131e-01 3.975261449813842773e-01 6.621492654085159302e-02
1.916105747222900391e-01 3.812161684036254883e-01 2.400502562522888184e-02
2.171981483697891235e-01 3.844611644744873047e-01 5.495991557836532593e-02
3.144743144512176514e-01 3.603130578994750977e-01 2.719246409833431244e-02
3.390797376632690430e-01 3.266347050666809082e-01 -1.854885020293295383e-03
3.277228176593780518e-01 3.452675044536590576e-01 1.738202571868896484e-02
3.797499835491180420e-01 3.025990128517150879e-01 4.042461514472961426e-02
3.724487721920013428e-01 3.222631514072418213e-01 5.979761853814125061e-02
3.859045207500457764e-01 2.982591688632965088e-01 -1.041771471500396729e-02
3.913680315017700195e-01 3.296569883823394775e-01 -4.366236925125122070e-02
3.098630607128143311e-01 3.718003034591674805e-01 1.087572891265153885e-02
2.290650904178619385e-01 4.089848697185516357e-01 -1.146959606558084488e-02
5.912935361266136169e-02 3.102562725543975830e-01 -4.241159558296203613e-02
-1.122538372874259949e-01 1.568050086498260498e-01 1.118639186024665833e-01
-1.377236247062683105e-01 7.194367796182632446e-02 1.336618959903717041e-01
-1.354019194841384888e-01 2.085998840630054474e-02 1.420803815126419067e-01
-1.741196066141128540e-01 -4.975176975131034851e-02 1.881773769855499268e-01
-1.910060495138168335e-01 -8.643613010644912720e-02 1.718391627073287964e-01
-2.343491762876510620e-01 -1.046511903405189514e-01 1.813827008008956909e-01
-1.392842084169387817e-01 -1.745308190584182739e-02 8.272542059421539307e-02
-3.047570958733558655e-02 -5.511984229087829590e-02 2.082778662443161011e-01
2.357951849699020386e-01 -2.671827673912048340e-01 1.728949099779129028e-01
3.588801622390747070e-01 -2.971501350402832031e-01 1.608933657407760620e-01
3.785219192504882812e-01 -2.881408631801605225e-01 1.699501127004623413e-01
3.582392334938049316e-01 -2.536199986934661865e-01 1.932752281427383423e-01
3.270858824253082275e-01 -2.376505285501480103e-01 2.173995971679687500e-01
2.433595955371856689e-01 -2.948728799819946289e-01 2.773601710796356201e-01
2.873460054397583008e-01 -2.771848142147064209e-01 2.640053629875183105e-01
2.601845562458038330e-01 -2.000906169414520264e-01 3.108546435832977295e-01
2.350011020898818970e-01 -1.723837703466415405e-01 3.196539878845214844e-01
2.365920543670654297e-01 -1.592223793268203735e-01 2.320736795663833618e-01
1.055980287492275238e-02 -7.416595518589019775e-02 1.877476423978805542e-01
-5.876552686095237732e-02 -3.502088785171508789e-02 1.895136237144470215e-01
-1.894665807485580444e-01 -1.533080190420150757e-01 2.614338994026184082e-01
-2.299259305000305176e-01 -1.617889404296875000e-01 2.398794293403625488e-01
-2.351479083299636841e-01 -1.370017528533935547e-01 2.271483391523361206e-01
-1.395631134510040283e-01 -1.010713279247283936e-01 1.891552209854125977e-01
8.325637131929397583e-02 -9.698694199323654175e-02 2.041240781545639038e-01
1.871337890625000000e-01 -3.205430805683135986e-01 2.746032476425170898e-01
2.228674739599227905e-01 -3.890693783760070801e-01 2.613250017166137695e-01
1.729154884815216064e-01 -4.941735863685607910e-01 2.500304877758026123e-01
1.699952781200408936e-01 -4.366043210029602051e-01 1.980718970298767090e-01
1.113816723227500916e-01 -4.248027503490447998e-01 2.778495550155639648e-01
1.369308680295944214e-01 -4.902874231338500977e-01 2.590273022651672363e-01
1.761652678251266479e-01 -5.316334366798400879e-01 2.482953816652297974e-01
1.668370366096496582e-01 -4.735628962516784668e-01 2.757383584976196289e-01
2.531247138977050781e-01 -4.913178682327270508e-01 2.623078227043151855e-01
3.476669788360595703e-01 -4.294065237045288086e-01 2.605346143245697021e-01
3.937903344631195068e-01 -4.277693629264831543e-01 2.841932475566864014e-01
3.846710026264190674e-01 -4.726396501064300537e-01 2.810446023941040039e-01
1.030005142092704773e-01 -2.590995132923126221e-01 8.075942844152450562e-02
-1.204365566372871399e-01 3.759734332561492920e-01 -3.093624114990234375e-01
7.172597199678421021e-02 4.359422028064727783e-01 -2.717046141624450684e-01
-4.673583060503005981e-02 3.031651675701141357e-01 -3.248719573020935059e-01
-4.158582910895347595e-02 1.888479292392730713e-01 -1.478381454944610596e-01
-2.277707457542419434e-01 4.347231984138488770e-02 -5.273576453328132629e-02
-2.565569877624511719e-01 1.189921274781227112e-01 -1.749184131622314453e-01
-3.307747542858123779e-01 8.314104378223419189e-02 -2.496997267007827759e-01
-2.563695311546325684e-01 -1.492629572749137878e-02 -2.188846021890640259e-01
-2.882382869720458984e-01 -1.993455551564693451e-02 -2.670768201351165771e-01
-2.618536353111267090e-01 6.205494701862335205e-02 -2.676043212413787842e-01
-2.436615675687789917e-01 -2.032760903239250183e-02 -3.107326626777648926e-01
-1.673558801412582397e-01 1.076096370816230774e-01 -2.450761795043945312e-01
-1.607132405042648315e-01 2.756751477718353271e-01 -1.994960159063339233e-01
-4.077713936567306519e-02 3.308590352535247803e-01 -1.947374343872070312e-01
-1.265269219875335693e-01 3.381912112236022949e-01 -1.884450018405914307e-01
-1.974906176328659058e-01 2.647867798805236816e-01 -1.809587031602859497e-01
-2.445415556430816650e-01 -3.661353886127471924e-02 3.096657432615756989e-02
-2.509017586708068848e-01 -5.468802526593208313e-02 1.092809904366731644e-02
-2.030478268861770630e-01 -1.325067412108182907e-02 -6.380211561918258667e-02
-9.803368151187896729e-02 2.643602788448333740e-01 -2.067086696624755859e-01
-6.323561072349548340e-02 3.878907859325408936e-01 -1.890620291233062744e-01
-1.592831462621688843e-01 4.000118076801300049e-01 -1.870218217372894287e-01
-2.040494531393051147e-01 4.208714365959167480e-01 -2.148783653974533081e-01
-2.015855163335800171e-02 4.919714331626892090e-01 -1.155100017786026001e-01
3.345759958028793335e-02 5.076748728752136230e-01 -6.048379093408584595e-02
4.496188834309577942e-03 5.358970761299133301e-01 -4.852400347590446472e-02
-2.735036239027976990e-02 5.627743601799011230e-01 -4.890370741486549377e-02
-1.975986361503601074e-02 5.486871004104614258e-01 -6.956566870212554932e-02
5.380935221910476685e-02 5.996422171592712402e-01 -4.440717399120330811e-02
4.602738842368125916e-02 6.112493276596069336e-01 3.070785291492938995e-02
1.103890165686607361e-01 6.361687183380126953e-01 2.415910363197326660e-02
9.477141499519348145e-02 6.185615658760070801e-01 6.110592931509017944e-02
2.326730191707611084e-01 5.810847282409667969e-01 -1.523067522794008255e-02
2.701182961463928223e-01 5.621159076690673828e-01 -5.567935854196548462e-02
2.387395501136779785e-01 5.285031795501708984e-01 -3.021207451820373535e-02
2.593748867511749268e-01 5.163430571556091309e-01 -4.064930602908134460e-03
1.052061468362808228e-01 3.145986795425415039e-01 3.844131901860237122e-02
2.550828643143177032e-02 3.291626572608947754e-01 3.526783362030982971e-02
