-5.987786129117012024e-02 -8.950797468423843384e-02 -8.079449087381362915e-02
-1.609329581260681152e-01 -1.036338433623313904e-01 2.544724009931087494e-02
-2.454327344894409180e-01 -1.143142860382795334e-02 1.667768955230712891e-01
-2.720237970352172852e-01 2.066852599382400513e-01 3.893663883209228516e-01
-2.243106961250305176e-01 3.481915593147277832e-01 4.453315436840057373e-01
-7.866930961608886719e-02 2.294570356607437134e-01 3.389441668987274170e-01
1.954381316900253296e-01 5.222552642226219177e-02 1.588635891675949097e-01
4.245366156101226807e-01 -1.094909086823463440e-01 -1.634213775396347046e-01
4.596482217311859131e-01 -4.776114597916603088e-02 -1.823285669088363647e-01
3.015706539154052734e-01 1.416905373334884644e-01 -1.114615052938461304e-01
-7.105504721403121948e-02 -3.653545305132865906e-02 -2.096219956874847412e-01
-2.783831357955932617e-01 -1.771531403064727783e-01 -1.791349649429321289e-01
-2.279453873634338379e-01 -2.336089313030242920e-01 -1.683029979467391968e-01
-5.826741829514503479e-02 -1.885705739259719849e-01 -1.387356072664260864e-01
1.287886053323745728e-01 4.773972555994987488e-02 -1.078200414776802063e-01
1.790110319852828979e-01 8.899407833814620972e-02 -9.556523710489273071e-02
1.474885940551757812e-01 -2.435011789202690125e-02 -2.346355840563774109e-02
-1.423920184606686234e-04 -8.084847778081893921e-02 9.362633526325225830e-02
-1.214000061154365540e-01 -1.020982936024665833e-01 1.688407212495803833e-01
-1.809691488742828369e-01 1.003615409135818481e-01 5.370011553168296814e-02
-1.782715022563934326e-01 2.838740050792694092e-01 2.153597772121429443e-02
-1.323887258768081665e-01 1.376157402992248535e-01 3.000789880752563477e-02
-7.709464430809020996e-02 -1.290938258171081543e-01 1.051078587770462036e-01
6.194764375686645508e-02 -4.262183606624603271e-01 1.657516062259674072e-01
1.818180084228515625e-01 -4.806676506996154785e-01 5.222676321864128113e-03
1.792590320110321045e-01 -3.451117873191833496e-01 -1.277513504028320312e-01
8.530326187610626221e-02 -7.357095181941986084e-02 -2.706927657127380371e-01
3.214716678485274315e-03 2.749216854572296143e-01 -3.479668796062469482e-01
2.774740569293498993e-02 4.550241231918334961e-01 -2.667658030986785889e-01
8.087511360645294189e-02 4.844692945480346680e-01 -1.397943198680877686e-01
1.180912330746650696e-01 3.119083344936370850e-01 8.267460763454437256e-02
6.243143603205680847e-02 -6.940938532352447510e-02 2.517377436161041260e-01
-4.299337416887283325e-02 -3.098213672637939453e-01 2.587675452232360840e-01
-1.281623244285583496e-01 -3.108198940753936768e-01 2.461724281311035156e-01
-1.952382326126098633e-01 -1.578684747219085693e-01 2.410250157117843628e-01
-1.611978411674499512e-01 3.690920025110244751e-02 2.304232865571975708e-01
-6.740803271532058716e-02 7.200179249048233032e-02 1.882914006710052490e-01
-5.768047180026769638e-03 5.451635643839836121e-02 1.061224043369293213e-01
-3.422189038246870041e-03 2.062363177537918091e-02 5.340164154767990112e-02
7.822178304195404053e-03 -2.680483087897300720e-02 -1.586482860147953033e-03
4.113869369029998779e-02 -7.860162109136581421e-02 -8.561673760414123535e-02
-9.853271394968032837e-02 -2.825082838535308838e-01 -2.393633127212524414e-01
-3.792270421981811523e-01 -3.840767741203308105e-01 -3.837940096855163574e-01
-4.616429805755615234e-01 -3.346485197544097900e-01 -3.283578753471374512e-01
-1.713846772909164429e-01 -1.424786299467086792e-01 -1.824620813131332397e-01
4.456522166728973389e-01 1.766488105058670044e-01 -1.629361324012279510e-02
6.535170078277587891e-01 2.808623909950256348e-01 1.071317195892333984e-01
5.690497159957885742e-01 3.172658383846282959e-01 9.493488818407058716e-02
2.254220843315124512e-01 4.007939398288726807e-01 9.450679272413253784e-02
-1.972414404153823853e-01 3.445371091365814209e-01 1.651753932237625122e-01
-3.706371188163757324e-01 2.405690252780914307e-01 1.565519869327545166e-01
-3.485662341117858887e-01 -1.004592608660459518e-02 1.658599264919757843e-02
-1.987774521112442017e-01 -2.614638507366180420e-01 -1.349465250968933105e-01
-3.068304248154163361e-02 -2.736195921897888184e-01 -2.010881304740905762e-01
8.351632207632064819e-02 -2.244350761175155640e-01 -3.950100764632225037e-02
-6.223385687917470932e-03 -1.550208628177642822e-01 7.560139149427413940e-02
-3.468635380268096924e-01 -6.116710603237152100e-02 1.101879030466079712e-01
-5.094999074935913086e-01 3.940743580460548401e-02 7.926412671804428101e-02
-4.836658537387847900e-01 2.242135703563690186e-01 4.425456747412681580e-02
-1.295039206743240356e-01 3.919431567192077637e-01 1.945029348134994507e-01
3.828106522560119629e-01 3.083538711071014404e-01 1.504990607500076294e-01
5.366367697715759277e-01 1.358901560306549072e-01 4.576276615262031555e-02
4.814371764659881592e-01 -8.525361865758895874e-02 -1.520073115825653076e-01
3.088583648204803467e-01 -1.497436612844467163e-01 -3.598689138889312744e-01
2.149282246828079224e-01 -1.445414870977401733e-02 -3.652233481407165527e-01
1.594540178775787354e-01 4.324978217482566833e-02 -2.122596800327301025e-01
5.107387527823448181e-02 2.437348850071430206e-02 7.518712431192398071e-02
-9.149510413408279419e-02 -1.604503393173217773e-01 1.788200438022613525e-01
-1.759526431560516357e-01 -2.705904245376586914e-01 1.946799904108047485e-01
-1.728084385395050049e-01 -2.333705574274063110e-01 1.582037359476089478e-01
-1.556481122970581055e-01 -7.040429115295410156e-02 7.600962370634078979e-02
-6.530419737100601196e-02 8.046718686819076538e-02 1.168271750211715698e-01
7.050494104623794556e-02 1.204870045185089111e-01 8.788248151540756226e-02
1.253533214330673218e-01 1.738811731338500977e-01 1.843113824725151062e-02
6.278937309980392456e-02 1.610728502273559570e-01 -7.961284369230270386e-02
-1.219031661748886108e-01 1.152903959155082703e-01 -1.448419243097305298e-01
-2.747919857501983643e-01 -1.657804660499095917e-02 1.771368831396102905e-02
-2.192115932703018188e-01 -2.233209013938903809e-01 2.161983549594879150e-01
-1.077865138649940491e-01 -3.251759409904479980e-01 2.744225859642028809e-01
-1.158593781292438507e-02 -3.167672455310821533e-01 8.029369264841079712e-02
1.099284663796424866e-01 -1.691922545433044434e-01 -1.792606264352798462e-01
1.794999092817306519e-01 8.659376949071884155e-02 -2.950197756290435791e-01
2.105824500322341919e-01 2.629848718643188477e-01 -3.014812767505645752e-01
2.669752538204193115e-01 3.567305505275726318e-01 -2.636171579360961914e-01
3.498191237449645996e-01 3.189565837383270264e-01 -1.879626810550689697e-01
4.371566772460937500e-01 9.573191404342651367e-02 -1.531247235834598541e-02
3.718273043632507324e-01 -1.542744487524032593e-01 2.542223632335662842e-01
3.120817709714174271e-03 -2.883034944534301758e-01 3.833852708339691162e-01
-3.726628124713897705e-01 -2.366631180047988892e-01 1.956345736980438232e-01
-5.626806616783142090e-01 -3.942251577973365784e-02 -5.995914340019226074e-02
-4.816357791423797607e-01 3.640438988804817200e-02 -2.878308594226837158e-01
-2.196873277425765991e-01 -5.093650147318840027e-02 -3.312347829341888428e-01
-4.407557100057601929e-02 -2.509815692901611328e-01 -1.212547421455383301e-01
-1.150365569628775120e-03 -3.377538323402404785e-01 1.895206719636917114e-01
-1.564415842294692993e-01 -1.708451360464096069e-01 3.428359329700469971e-01
-2.655137181282043457e-01 1.300056874752044678e-01 3.123304247856140137e-01
-2.641503810882568359e-01 4.043246507644653320e-01 9.094175696372985840e-02
-1.099578738212585449e-01 4.425567090511322021e-01 -1.434015631675720215e-01
1.433886736631393433e-01 2.831140756607055664e-01 -1.379836648702621460e-01
3.947891592979431152e-01 -2.426581270992755890e-02 -9.193588793277740479e-02
5.239744186401367188e-01 -1.737461984157562256e-01 2.365138940513134003e-02
5.116229653358459473e-01 -1.076043248176574707e-01 2.600225433707237244e-02
4.228250384330749512e-01 -1.401576399803161621e-02 4.678567126393318176e-02
1.369812190532684326e-01 2.869464270770549774e-02 1.165041103959083557e-01
-1.500192284584045410e-01 3.603369230404496193e-03 1.174584329128265381e-01
-3.002012968063354492e-01 6.447397917509078979e-02 -1.895170658826828003e-02
-3.284924328327178955e-01 1.286355257034301758e-01 -1.826803982257843018e-01
-2.889787554740905762e-01 1.655875891447067261e-01 -2.415771931409835815e-01
-2.184858322143554688e-01 1.271360665559768677e-01 -1.505497545003890991e-01
-6.098484620451927185e-02 6.020081415772438049e-02 1.216034740209579468e-01
1.600933633744716644e-02 2.483801543712615967e-02 2.091085761785507202e-01
4.154189303517341614e-02 -5.345467478036880493e-02 1.282453835010528564e-01
6.920340657234191895e-02 -1.747597306966781616e-01 2.195276878774166107e-02
1.158268004655838013e-01 -3.758958727121353149e-02 -9.807195514440536499e-03
6.313000619411468506e-02 2.212429195642471313e-01 -1.666904077865183353e-03
-1.957815140485763550e-01 3.620778918266296387e-01 6.678488105535507202e-02
-3.886994123458862305e-01 3.765261769294738770e-01 8.242379128932952881e-02
-3.304918110370635986e-01 -2.531478554010391235e-02 -4.401817917823791504e-03
1.335216015577316284e-01 -2.513300180435180664e-01 5.365829449146986008e-03
4.888978898525238037e-01 -2.807068824768066406e-01 -2.081945240497589111e-01
4.928323924541473389e-01 -3.173300623893737793e-01 -2.278181314468383789e-01
2.166075706481933594e-01 -2.241486012935638428e-01 -1.224412471055984497e-01
-1.367865204811096191e-01 -2.963272035121917725e-01 -7.613418251276016235e-02
-2.536512017250061035e-01 -2.074364423751831055e-01 8.929603546857833862e-02
-1.362138837575912476e-01 -1.524581806734204292e-03 1.611643098294734955e-02
-1.309811472892761230e-01 1.982578635215759277e-01 -1.593690738081932068e-02
-1.875549256801605225e-01 3.792208433151245117e-01 1.012759879231452942e-01
-1.794217824935913086e-01 3.563509881496429443e-01 -4.055900964885950089e-03
-1.356682479381561279e-01 1.809026002883911133e-01 -1.528446823358535767e-01
-6.161405518651008606e-02 -2.307927310466766357e-01 -2.465705871582031250e-01
-7.177130877971649170e-02 -5.351839661598205566e-01 -1.423713564872741699e-01
-9.527076780796051025e-02 -5.768491625785827637e-01 1.894929558038711548e-01
-1.823705993592739105e-02 -4.341092705726623535e-01 3.759774565696716309e-01
2.288383692502975464e-01 1.206254810094833374e-01 3.311724364757537842e-01
3.227862715721130371e-01 5.969343185424804688e-01 1.696004420518875122e-01
2.789282500743865967e-01 6.840118169784545898e-01 2.769809216260910034e-03
1.687926650047302246e-01 6.167500615119934082e-01 -1.395179033279418945e-01
-5.239971727132797241e-02 1.706465631723403931e-01 -2.004800289869308472e-01
-1.397620290517807007e-01 -4.163585603237152100e-01 -2.191170454025268555e-01
-1.080970466136932373e-01 -5.360413789749145508e-01 -1.832266300916671753e-01
-1.162412911653518677e-01 -4.041829109191894531e-01 -1.205979809165000916e-01
-1.013024374842643738e-01 -1.538705974817276001e-01 -2.841372787952423096e-02
-1.159187331795692444e-01 -4.410455003380775452e-02 2.018180117011070251e-02
-1.117731258273124695e-01 -6.123706698417663574e-02 1.111344993114471436e-02
-1.573958247900009155e-02 -5.541084706783294678e-02 1.477124448865652084e-02
1.627320237457752228e-02 3.116667829453945160e-02 2.140535041689872742e-02
7.231587916612625122e-02 1.281537264585494995e-01 1.616894006729125977e-01
8.873599022626876831e-02 1.284778267145156860e-01 2.251446098089218140e-01
1.617801748216152191e-02 4.225469380617141724e-02 2.073097378015518188e-01
1.181614771485328674e-02 -7.788025587797164917e-02 1.251141428947448730e-01
7.061642128974199295e-03 -2.287349849939346313e-01 2.185285091400146484e-02
4.356185346841812134e-02 -2.325526475906372070e-01 1.784713380038738251e-02
2.337885089218616486e-02 -1.535591483116149902e-01 -1.350493263453245163e-02
-5.623555555939674377e-02 -4.031409323215484619e-02 -8.186964690685272217e-02
-9.312695264816284180e-02 8.676936477422714233e-02 -1.400997638702392578e-01
-7.984879612922668457e-02 9.603179246187210083e-02 -1.196591034531593323e-01
