6.439490243792533875e-03 -4.141250625252723694e-02 -2.184594720602035522e-01
1.363596040755510330e-02 -1.723037362098693848e-01 -2.947017550468444824e-01
6.013082712888717651e-02 -3.246448338031768799e-01 -2.572565376758575439e-01
1.198154836893081665e-01 -3.578648567199707031e-01 -3.414886444807052612e-02
2.961842119693756104e-01 -2.740955352783203125e-01 1.454571187496185303e-01
4.073520600795745850e-01 1.902031898498535156e-02 4.395444989204406738e-01
4.283548593521118164e-01 1.602406054735183716e-01 5.420333743095397949e-01
2.837131321430206299e-01 8.227332681417465210e-02 4.845180213451385498e-01
1.326996982097625732e-01 1.383811682462692261e-01 2.356398999691009521e-01
6.060769408941268921e-02 2.246677726507186890e-01 -1.629007309675216675e-01
1.269370466470718384e-01 3.865313827991485596e-01 -2.046439051628112793e-01
2.691721320152282715e-01 4.572099447250366211e-01 -1.224885210394859314e-01
1.686620563268661499e-01 2.855189442634582520e-01 4.903864488005638123e-02
7.379104197025299072e-02 1.241811215877532959e-01 7.124032825231552124e-02
2.952144667506217957e-02 -1.335017196834087372e-02 -1.544471364468336105e-02
-4.092555493116378784e-02 -1.241499036550521851e-01 -1.155975535511970520e-01
-5.938062444329261780e-03 -1.720755696296691895e-01 -3.217583894729614258e-01
-7.115180045366287231e-02 -9.873647987842559814e-02 -2.863286435604095459e-01
-1.690892875194549561e-01 -9.956292808055877686e-02 -1.813804209232330322e-01
-1.131706535816192627e-01 6.995772570371627808e-02 6.509050261229276657e-03
-3.047699108719825745e-02 9.850115329027175903e-02 5.322726443409919739e-02
2.144068926572799683e-01 4.666063562035560608e-02 -7.969475537538528442e-02
2.153123617172241211e-01 1.532976627349853516e-01 4.446343332529067993e-02
4.122536629438400269e-02 1.013752147555351257e-01 1.809367835521697998e-01
-1.627502590417861938e-01 -6.369037181138992310e-02 1.992764323949813843e-01
-3.741682469844818115e-01 -2.645363509654998779e-01 7.857371121644973755e-02
-4.224611520767211914e-01 -4.166536331176757812e-01 -1.326044499874114990e-01
-4.536002576351165771e-01 -3.477942049503326416e-01 -1.366519778966903687e-01
-2.948694229125976562e-01 -1.573068499565124512e-01 -1.567659527063369751e-01
1.354047656059265137e-02 -4.056683927774429321e-02 -3.278467059135437012e-01
1.813632994890213013e-01 5.395355075597763062e-02 -4.413308799266815186e-01
1.782244294881820679e-01 7.699891179800033569e-02 -4.120953381061553955e-01
1.722160540521144867e-02 2.142257988452911377e-02 -3.502187728881835938e-01
-1.032278239727020264e-01 -1.625311002135276794e-02 -2.095657587051391602e-01
-1.322402805089950562e-01 8.520725183188915253e-03 -5.291374027729034424e-02
-1.436836421489715576e-01 1.190082803368568420e-01 1.334371119737625122e-01
-1.525471955537796021e-01 1.864714622497558594e-01 2.597178220748901367e-01
-1.136788651347160339e-01 1.410715132951736450e-01 2.322775423526763916e-01
-8.110191673040390015e-02 6.603802740573883057e-02 2.127115428447723389e-01
-6.630133837461471558e-02 8.441769331693649292e-02 2.590053677558898926e-01
-9.021265059709548950e-02 1.209662258625030518e-01 2.955394685268402100e-01
-1.204704344272613525e-01 4.691166803240776062e-02 1.736977249383926392e-01
-1.690110415220260620e-01 -1.070472821593284607e-01 9.898473322391510010e-02
-4.124550893902778625e-02 -3.840698301792144775e-01 3.100776076316833496e-01
1.841573864221572876e-01 -3.684093654155731201e-01 5.153706669807434082e-01
1.884749531745910645e-01 -1.957253366708755493e-01 5.563284754753112793e-01
-5.706300213932991028e-02 1.155958324670791626e-01 2.869782447814941406e-01
-3.990537226200103760e-01 2.367865890264511108e-01 -2.323080897331237793e-01
-5.194515585899353027e-01 6.972665339708328247e-02 -4.674570858478546143e-01
-4.191817641258239746e-01 8.946565794758498669e-04 -4.492141306400299072e-01
-1.452775895595550537e-01 1.136202588677406311e-01 -2.597382366657257080e-01
2.218313515186309814e-02 2.479409128427505493e-01 -8.015330880880355835e-02
1.721377223730087280e-01 1.851800382137298584e-01 -1.109525933861732483e-02
1.871663630008697510e-01 -3.554286062717437744e-02 -2.864591218531131744e-02
1.120067089796066284e-01 -1.979212760925292969e-01 -1.248374804854393005e-01
1.266054660081863403e-01 -2.817643582820892334e-01 -2.080101966857910156e-01
1.106706559658050537e-01 -2.327160686254501343e-01 -3.992471098899841309e-02
2.605255246162414551e-01 -1.936523616313934326e-01 1.918229013681411743e-01
3.449287414550781250e-01 -9.462732821702957153e-02 5.445708036422729492e-01
3.695773780345916748e-01 -1.244428660720586777e-02 6.200907826423645020e-01
3.838146626949310303e-01 5.710213631391525269e-02 5.466226935386657715e-01
2.586286067962646484e-01 1.817649006843566895e-01 3.972971439361572266e-01
1.479398608207702637e-01 1.050632521510124207e-01 9.308377653360366821e-02
1.323946565389633179e-01 -3.615799068938940763e-04 -1.058690249919891357e-01
1.399850100278854370e-01 -9.621958434581756592e-02 -3.141855299472808838e-01
1.941283196210861206e-01 -7.694004103541374207e-03 -4.586075842380523682e-01
1.601539105176925659e-01 8.639246970415115356e-02 -5.215324163436889648e-01
1.570165157318115234e-02 8.036763221025466919e-02 -4.600011408329010010e-01
-1.352811306715011597e-01 4.627216234803199768e-02 -2.569778561592102051e-01
-1.867902278900146484e-01 -1.037116646766662598e-01 -1.308254003524780273e-01
-1.380351632833480835e-01 -9.163255989551544189e-02 -3.196696937084197998e-02
-1.184316053986549377e-01 -6.395637243986129761e-02 1.172873005270957947e-02
-6.894715130329132080e-02 -1.393647491931915283e-02 4.146636649966239929e-02
-1.318310052156448364e-01 5.489957705140113831e-02 7.113522291183471680e-02
-1.360146999359130859e-01 1.589002646505832672e-02 -8.551069349050521851e-02
7.331985980272293091e-03 4.129836335778236389e-03 -1.514077484607696533e-01
1.612448096275329590e-01 -1.346633024513721466e-02 -1.418856531381607056e-01
2.460529208183288574e-01 1.027329359203577042e-02 6.085337698459625244e-02
1.029030382633209229e-01 3.385569527745246887e-02 3.570373356342315674e-01
-8.980462700128555298e-02 4.469210281968116760e-03 4.579774737358093262e-01
-2.217543870210647583e-01 -4.997454956173896790e-02 4.602153897285461426e-01
-2.457449734210968018e-01 -7.447102665901184082e-02 3.135382235050201416e-01
-1.947304159402847290e-01 -6.664646416902542114e-02 1.014807745814323425e-01
-1.569989621639251709e-01 -6.073139375075697899e-04 -8.966863900423049927e-02
-4.796810448169708252e-02 5.844505131244659424e-02 -2.474347651004791260e-01
-7.426370680332183838e-02 7.186145335435867310e-02 -4.873490035533905029e-01
-2.832625210285186768e-01 1.418178230524063110e-01 -5.650217533111572266e-01
-4.501507580280303955e-01 9.028141200542449951e-02 -5.621961355209350586e-01
-4.696881473064422607e-01 6.618176400661468506e-02 -3.981292247772216797e-01
-2.942021191120147705e-01 2.373118139803409576e-02 -6.723407655954360962e-02
-1.818978972733020782e-02 -9.012909233570098877e-02 1.345886383205652237e-02
8.306613564491271973e-02 7.112660910934209824e-03 1.248578578233718872e-01
1.793653704226016998e-02 -4.628132656216621399e-02 9.178251959383487701e-03
-6.947198510169982910e-02 -2.249683141708374023e-01 -7.319375127553939819e-02
-1.315552294254302979e-01 -3.546944558620452881e-01 2.276315540075302124e-02
-7.511376589536666870e-02 -3.014615178108215332e-01 2.745029330253601074e-01
1.882677078247070312e-01 -1.732676476240158081e-01 4.669938087463378906e-01
3.829844594001770020e-01 3.939152136445045471e-02 5.338396430015563965e-01
4.586178958415985107e-01 1.230188980698585510e-01 4.787473380565643311e-01
4.020243883132934570e-01 3.214815258979797363e-02 3.415188789367675781e-01
2.347579151391983032e-01 2.888400107622146606e-02 2.017465680837631226e-01
2.754343301057815552e-02 -1.489503867924213409e-02 -9.916530549526214600e-02
-1.963425427675247192e-01 1.332010775804519653e-01 -3.370184004306793213e-01
-3.857898414134979248e-01 2.067308425903320312e-01 -4.040949046611785889e-01
-3.810714781284332275e-01 2.188062518835067749e-01 -3.238466680049896240e-01
-3.193220198154449463e-01 1.678485125303268433e-01 -1.602548509836196899e-01
-1.634713411331176758e-01 1.320622712373733521e-01 -3.404053300619125366e-02
8.859197050333023071e-02 1.751223206520080566e-01 1.875450089573860168e-02
1.495666652917861938e-01 1.509102731943130493e-01 3.550747409462928772e-02
1.485432237386703491e-01 1.690857857465744019e-01 4.704537242650985718e-02
8.889587223529815674e-02 1.165378987789154053e-01 2.802578732371330261e-02
-2.208999544382095337e-02 1.172698363661766052e-01 6.575285457074642181e-03
8.105645887553691864e-03 1.532600522041320801e-01 3.453054651618003845e-02
-1.614584960043430328e-02 1.119813695549964905e-01 9.833866730332374573e-03
-1.333265900611877441e-01 3.738769888877868652e-02 -1.447161659598350525e-02
8.366467803716659546e-02 2.958093583583831787e-01 8.678676560521125793e-03
4.569232165813446045e-01 1.928977817296981812e-01 7.087641209363937378e-02
5.619159936904907227e-01 4.779066890478134155e-02 2.661540508270263672e-01
5.458421111106872559e-01 -6.396632175892591476e-03 3.128586411476135254e-01
1.574441641569137573e-01 -2.353212386369705200e-01 9.857816249132156372e-02
-2.433567643165588379e-01 6.514828652143478394e-02 -1.730563789606094360e-01
-1.565670222043991089e-01 1.163086742162704468e-01 -4.036476612091064453e-01
-1.267664879560470581e-01 -1.654612421989440918e-01 -2.780455350875854492e-01
-1.191408857703208923e-01 -2.725988030433654785e-01 -1.033132225275039673e-01
-1.881315559148788452e-01 -2.961919009685516357e-01 -9.366863220930099487e-02
-1.732417047023773193e-01 -1.715070158243179321e-01 -5.650095641613006592e-02
-6.028768047690391541e-02 4.007971286773681641e-02 -4.514617472887039185e-02
1.366399377584457397e-01 2.035657912492752075e-01 9.315402805805206299e-02
2.480087280273437500e-01 2.200166583061218262e-01 1.474878340959548950e-01
3.400340974330902100e-01 2.537934184074401855e-01 7.042211294174194336e-02
3.806600868701934814e-01 1.761912554502487183e-01 4.967448115348815918e-02
2.423086762428283691e-01 -7.264966517686843872e-02 1.780274212360382080e-01
-6.034091114997863770e-02 -3.366272449493408203e-01 3.690714836120605469e-01
-2.116662859916687012e-01 -4.042552113533020020e-01 4.571877419948577881e-01
-2.744204998016357422e-01 -3.377690017223358154e-01 3.529256284236907959e-01
-1.098756194114685059e-01 -5.714939534664154053e-02 -3.969040513038635254e-02
1.967716515064239502e-01 3.125214874744415283e-01 -2.980489432811737061e-01
3.301426768302917480e-01 3.907833695411682129e-01 -3.784329295158386230e-01
3.703774213790893555e-01 3.347240686416625977e-01 -3.226288259029388428e-01
2.522687315940856934e-01 2.009017616510391235e-01 -1.791646182537078857e-01
8.856289833784103394e-02 3.550937026739120483e-02 -1.996456235647201538e-01
5.389886349439620972e-02 -4.609889909625053406e-02 -2.147692441940307617e-01
1.200028806924819946e-01 -9.497620165348052979e-02 -1.633407622575759888e-01
1.662849336862564087e-01 -2.011209130287170410e-01 -1.085624173283576965e-01
1.500985026359558105e-01 -1.699640750885009766e-01 -7.221680879592895508e-02
9.397155046463012695e-02 -4.888393729925155640e-02 -1.331859547644853592e-02
4.167768359184265137e-02 -4.305082838982343674e-03 -7.990352809429168701e-02
5.370569229125976562e-02 1.917853951454162598e-02 -6.319241225719451904e-02
-4.386876896023750305e-02 1.196781024336814880e-01 4.645111784338951111e-02
-1.007267385721206665e-01 1.673039048910140991e-01 1.216610670089721680e-01
-1.671428084373474121e-01 1.689102202653884888e-01 1.910251528024673462e-01
-1.990123540163040161e-01 1.238562688231468201e-01 1.544472277164459229e-01
-2.280766218900680542e-01 -9.592391550540924072e-02 2.079827934503555298e-01
-2.177820652723312378e-01 -2.415117323398590088e-01 1.933417320251464844e-01
-1.439806967973709106e-01 -2.867825031280517578e-01 1.750323772430419922e-01
-6.022736802697181702e-02 -2.686093747615814209e-01 1.245616376399993896e-01
