7.924042338307703270e-02
0.000000000000000000e+00
0.000000000000000000e+00
0.000000000000000000e+00
2.748764830752743402e-02
0.000000000000000000e+00
0.000000000000000000e+00
0.000000000000000000e+00
2.777910167904119529e-02
6.884918271788006972e-02
4.746108356590582333e-02
7.229861812604656060e-03
0.000000000000000000e+00
0.000000000000000000e+00
0.000000000000000000e+00
0.000000000000000000e+00
6.096076854814933867e-03
9.174028595151428878e-03
4.396559586666247237e-03
0.000000000000000000e+00
0.000000000000000000e+00
0.000000000000000000e+00
4.532763700975044052e-03
7.507435827008665345e-03
1.223277109520336204e-03
0.000000000000000000e+00
0.000000000000000000e+00
0.000000000000000000e+00
0.000000000000000000e+00
1.503539039146121158e-03
0.000000000000000000e+00
0.000000000000000000e+00
0.000000000000000000e+00
0.000000000000000000e+00
0.000000000000000000e+00
6.399732508129139016e-04
3.522068194214247275e-03
4.810928465977244543e-03
3.867571963514848839e-03
1.803758493147504798e-04
0.000000000000000000e+00
0.000000000000000000e+00
0.000000000000000000e+00
0.000000000000000000e+00
0.000000000000000000e+00
0.000000000000000000e+00
1.137090535581384287e-01
1.824609363705484155e-01
1.438013573545217083e-01
7.173744115918920250e-02
2.022207890320981347e-02
1.982775287891637775e-02
2.122973532633768562e-02
4.549491788747192685e-03
0.000000000000000000e+00
0.000000000000000000e+00
0.000000000000000000e+00
0.000000000000000000e+00
0.000000000000000000e+00
2.488811593913706557e-02
3.781886214805253721e-02
2.477395338603637781e-02
0.000000000000000000e+00
0.000000000000000000e+00
0.000000000000000000e+00
0.000000000000000000e+00
0.000000000000000000e+00
0.000000000000000000e+00
0.000000000000000000e+00
1.111047623654848240e-03
3.399864869082610402e-03
0.000000000000000000e+00
0.000000000000000000e+00
0.000000000000000000e+00
0.000000000000000000e+00
0.000000000000000000e+00
0.000000000000000000e+00
0.000000000000000000e+00
0.000000000000000000e+00
4.680172384962889495e-03
1.245128645952697094e-02
8.899103112595979637e-03
5.181276579879605555e-03
8.916133139562762086e-04
0.000000000000000000e+00
0.000000000000000000e+00
0.000000000000000000e+00
0.000000000000000000e+00
0.000000000000000000e+00
5.664070788200125176e-03
9.671798331136124277e-03
8.876447827155301701e-03
4.034255526742605742e-03
0.000000000000000000e+00
0.000000000000000000e+00
0.000000000000000000e+00
0.000000000000000000e+00
0.000000000000000000e+00
0.000000000000000000e+00
0.000000000000000000e+00
0.000000000000000000e+00
7.545887127055484877e-04
1.865160782128848921e-02
3.369697861591138682e-02
3.512141943190730253e-02
2.936552630906148070e-02
2.770406978917522300e-02
2.522373119981348444e-02
1.861495831056618824e-02
1.021394984678390856e-02
6.672301552187350805e-03
9.616737093436820982e-03
0.000000000000000000e+00
0.000000000000000000e+00
0.000000000000000000e+00
0.000000000000000000e+00
0.000000000000000000e+00
0.000000000000000000e+00
2.096665275230210901e-01
3.332384117460122641e-01
2.796718616727280615e-01
1.398359308363640308e-01
0.000000000000000000e+00
0.000000000000000000e+00
0.000000000000000000e+00
0.000000000000000000e+00
1.375642978694481267e-01
2.744616120579548291e-01
3.060089444235292722e-01
1.661011422129996529e-01
0.000000000000000000e+00
0.000000000000000000e+00
0.000000000000000000e+00
0.000000000000000000e+00
1.317561233186622521e-02
9.838803525245118364e-03
9.369918211564265756e-03
1.817497711087577572e-02
2.305271946950858755e-02
2.374277524325714775e-02
1.885448798644660459e-02
1.181202539137965815e-02
1.350747960819188853e-02
1.009261295586295903e-02
5.520587313742492466e-03
2.147670517780760503e-03
0.000000000000000000e+00
0.000000000000000000e+00
0.000000000000000000e+00
0.000000000000000000e+00
0.000000000000000000e+00
0.000000000000000000e+00
0.000000000000000000e+00
2.879169185424830801e-01
3.959094131217719692e-01
3.041753694349119130e-01
