6.339743733406066895e-02 8.867898583412170410e-02 -2.248467653989791870e-01
1.065124124288558960e-01 2.130477502942085266e-02 -2.330310642719268799e-01
7.449830323457717896e-02 -1.473810225725173950e-01 -1.522006839513778687e-01
1.138223856687545776e-01 -4.042305052280426025e-01 6.234687566757202148e-02
2.875287532806396484e-01 -3.853960931301116943e-01 1.288031786680221558e-01
3.449862301349639893e-01 -4.430569708347320557e-01 3.400537744164466858e-02
4.187580943107604980e-01 -2.979487776756286621e-01 1.046358346939086914e-01
3.062362670898437500e-01 -6.291938573122024536e-02 1.640145331621170044e-01
2.488170862197875977e-01 -3.632601723074913025e-02 2.323439419269561768e-01
3.050298988819122314e-01 -5.237798765301704407e-02 2.117099016904830933e-01
1.857370883226394653e-01 -1.106735989451408386e-01 1.322105824947357178e-01
-1.907006464898586273e-02 -2.306444793939590454e-01 2.012501657009124756e-01
1.584903523325920105e-02 7.594314962625503540e-02 1.115738227963447571e-01
9.051530063152313232e-02 2.080796211957931519e-01 -1.538982242345809937e-01
2.210251241922378540e-01 3.465510308742523193e-01 -2.823283374309539795e-01
2.625778913497924805e-01 3.744819164276123047e-01 -2.511074542999267578e-01
1.334405690431594849e-01 9.083341807126998901e-02 -4.067941382527351379e-02
1.428864449262619019e-01 1.151799336075782776e-01 5.639797449111938477e-02
5.761144682765007019e-02 7.052089273929595947e-02 9.755729883909225464e-02
2.182572521269321442e-02 6.203758344054222107e-02 1.109814867377281189e-01
-7.722352445125579834e-02 1.086187586188316345e-01 2.984237298369407654e-02
-1.359591335058212280e-01 1.167545318603515625e-01 -6.453764438629150391e-02
-1.437150537967681885e-01 1.538327783346176147e-01 -8.451535552740097046e-02
-2.081343382596969604e-01 1.780659407377243042e-01 -5.707890540361404419e-02
-2.456432133913040161e-01 6.821555644273757935e-02 -3.337601083330810070e-04
-1.958563178777694702e-01 -6.384473294019699097e-02 -8.088827878236770630e-02
-2.148393243551254272e-01 -3.555870950222015381e-01 -1.681554913520812988e-01
-2.196636795997619629e-01 -4.570633471012115479e-01 -1.564564257860183716e-01
-3.067802488803863525e-01 -4.801876842975616455e-01 -1.448588520288467407e-01
-3.069061934947967529e-01 -4.323123693466186523e-01 -1.375324577093124390e-01
-1.351247131824493408e-01 -3.440612256526947021e-01 -2.586137652397155762e-01
-1.347866561263799667e-02 -2.422162890434265137e-01 -3.592861592769622803e-01
1.015856638550758362e-01 2.877492457628250122e-02 -3.599520623683929443e-01
-3.405998693779110909e-03 2.651434540748596191e-01 -2.499967217445373535e-01
-7.737950235605239868e-02 3.622490763664245605e-01 3.793396055698394775e-02
-4.226452205330133438e-03 2.869279980659484863e-01 7.034757733345031738e-02
-6.618870794773101807e-02 6.828234344720840454e-02 -1.914992555975914001e-02
-9.688628464937210083e-02 -2.676617167890071869e-02 3.995532542467117310e-02
-7.997307181358337402e-02 -7.783956825733184814e-02 -3.400458022952079773e-02
-1.242261976003646851e-01 4.041277617216110229e-02 2.297366708517074585e-01
-1.296981703490018845e-02 7.188114523887634277e-02 2.552335262298583984e-01
-1.178688481450080872e-01 8.105879276990890503e-02 1.696908771991729736e-01
-1.452977806329727173e-01 1.297600716352462769e-01 1.323667913675308228e-01
-9.936440736055374146e-02 2.646500244736671448e-02 -1.054849326610565186e-01
-1.370930075645446777e-01 -7.188252359628677368e-02 -1.595828384160995483e-01
-9.646237641572952271e-02 -1.722069531679153442e-01 -2.252586632966995239e-01
-2.188897579908370972e-01 -2.533004581928253174e-01 -9.380719810724258423e-02
-1.472345143556594849e-01 -1.495055854320526123e-01 1.896108984947204590e-01
-1.134698241949081421e-01 -6.009850278496742249e-02 2.091514319181442261e-01
1.881285607814788818e-01 1.103558018803596497e-02 3.214645981788635254e-01
4.020857214927673340e-01 1.968168616294860840e-01 3.894797265529632568e-01
5.200129747390747070e-01 1.517407596111297607e-01 3.720064759254455566e-01
5.941705703735351562e-01 2.206968963146209717e-01 4.177158772945404053e-01
4.890227019786834717e-01 2.738138437271118164e-01 1.907274276018142700e-01
2.638195157051086426e-01 2.691038548946380615e-01 -2.184019237756729126e-01
-1.657324284315109253e-01 3.099041879177093506e-01 -1.890607029199600220e-01
-4.118065834045410156e-01 1.843711733818054199e-01 -1.048715412616729736e-01
-3.991190195083618164e-01 9.691900759935379028e-02 1.556739360094070435e-01
-2.138744145631790161e-01 -1.266825348138809204e-01 7.921194285154342651e-02
-8.806172758340835571e-02 -2.042783349752426147e-01 -1.427557468414306641e-01
-1.373364496976137161e-02 -1.962884813547134399e-01 -2.530158162117004395e-01
4.935462772846221924e-02 -2.572952210903167725e-01 -3.222897648811340332e-01
9.865594096481800079e-03 -2.686298489570617676e-01 -2.807345688343048096e-01
-6.028459593653678894e-02 -2.436121851205825806e-01 -2.291862666606903076e-01
-9.664679877460002899e-03 -1.759084314107894897e-01 -2.068874090909957886e-01
-6.343061476945877075e-02 -1.339006274938583374e-01 -1.289330571889877319e-01
-8.821213617920875549e-03 -1.152699291706085205e-01 -1.214679703116416931e-01
-9.086831659078598022e-02 -8.876927196979522705e-02 -1.317428350448608398e-01
-2.654309868812561035e-01 4.560559988021850586e-03 -5.859002470970153809e-03
-2.188125848770141602e-01 5.561669543385505676e-02 1.047041267156600952e-02
-1.893905699253082275e-01 1.320568379014730453e-03 -6.927042454481124878e-02
-8.022961020469665527e-02 -7.004930078983306885e-02 -1.285309195518493652e-01
-6.244226545095443726e-02 -9.516476094722747803e-02 -1.735337674617767334e-01
-2.760403044521808624e-02 -3.728175768628716469e-03 -5.147328972816467285e-02
5.317763239145278931e-02 1.305269002914428711e-01 6.946597248315811157e-02
1.144646331667900085e-01 2.648727893829345703e-01 1.709874123334884644e-01
1.591243296861648560e-01 3.402142524719238281e-01 2.319009751081466675e-01
4.928357526659965515e-02 3.079504072666168213e-01 1.347875595092773438e-01
9.395109862089157104e-02 2.785905897617340088e-01 1.467705219984054565e-01
1.874980777502059937e-01 2.276175171136856079e-01 8.496056497097015381e-02
3.083138465881347656e-01 6.666772067546844482e-02 -9.470576420426368713e-03
3.386557698249816895e-01 -2.982368506491184235e-02 1.352668851613998413e-01
2.411783486604690552e-01 -2.748621404170989990e-01 1.411391794681549072e-01
1.857513487339019775e-01 -4.198991358280181885e-01 1.887897700071334839e-01
1.254419386386871338e-01 -1.979844123125076294e-01 -6.638677325099706650e-03
7.422998547554016113e-02 6.188893318176269531e-02 -3.189864158630371094e-01
-2.529288828372955322e-02 3.387737572193145752e-01 -3.187551796436309814e-01
-5.032072216272354126e-02 3.662663102149963379e-01 -2.153957039117813110e-01
-4.708703234791755676e-02 9.580805152654647827e-02 -9.424051642417907715e-02
-5.126883089542388916e-02 -2.964962646365165710e-02 -1.080919876694679260e-01
-9.132350533036515117e-05 -9.409880638122558594e-02 -1.791237443685531616e-01
1.090039871633052826e-02 -1.401892453432083130e-01 -1.020962819457054138e-01
-2.748106233775615692e-02 -1.386998295783996582e-01 1.380788087844848633e-01
-1.274015754461288452e-01 -1.517967432737350464e-01 2.755212187767028809e-01
-1.755144149065017700e-01 -1.849946379661560059e-01 3.998589217662811279e-01
-2.732863426208496094e-01 -2.433733195066452026e-01 3.564257621765136719e-01
-3.272345364093780518e-01 -2.495802938938140869e-01 3.301408886909484863e-01
-3.743686974048614502e-01 -4.433160275220870972e-02 2.520701587200164795e-01
-3.373909592628479004e-01 1.250517964363098145e-01 1.220729127526283264e-01
-1.178747937083244324e-01 2.575893402099609375e-01 5.392875522375106812e-02
1.091100946068763733e-01 6.933449208736419678e-02 -7.649590075016021729e-02
2.347238510847091675e-01 -2.588234096765518188e-02 -2.466849284246563911e-03
1.774447560310363770e-01 6.546702980995178223e-02 4.220241308212280273e-02
2.713770568370819092e-01 2.154209911823272705e-01 -8.772869408130645752e-02
2.978764474391937256e-01 2.369876056909561157e-01 -1.431433409452438354e-01
3.710781037807464600e-01 -4.089020658284425735e-03 -1.649958491325378418e-01
3.845645487308502197e-01 -6.411904841661453247e-02 -2.491341829299926758e-01
2.353530377149581909e-02 -1.693012714385986328e-01 -2.360824793577194214e-01
-2.033943682909011841e-01 -9.156835079193115234e-02 -2.762648761272430420e-01
-3.661976754665374756e-01 -3.336112713441252708e-03 -2.350250184535980225e-01
-3.470315039157867432e-01 2.426373399794101715e-02 -3.731572628021240234e-02
-1.629950851202011108e-01 1.627437472343444824e-01 5.190533585846424103e-03
-9.244731627404689789e-03 2.436750084161758423e-01 8.922152966260910034e-02
1.231908276677131653e-01 3.296058475971221924e-01 1.234736442565917969e-01
2.520155906677246094e-01 3.708668947219848633e-01 6.646095216274261475e-02
3.726876974105834961e-01 4.145860373973846436e-01 1.189961731433868408e-01
4.266418218612670898e-01 2.754054665565490723e-01 1.375734806060791016e-01
4.156031906604766846e-01 -1.695464365184307098e-02 1.815564334392547607e-01
3.760052025318145752e-01 -3.626028001308441162e-01 1.454363465309143066e-01
2.299524843692779541e-01 -4.789099097251892090e-01 7.814903557300567627e-02
-2.496781235095113516e-04 -4.181603789329528809e-01 6.430536508560180664e-02
-9.238300472497940063e-02 -2.817768752574920654e-01 1.072365194559097290e-01
-1.917558163404464722e-01 -1.178307831287384033e-01 1.278546750545501709e-01
-1.101951748132705688e-01 -3.504715487360954285e-02 1.624352186918258667e-01
-3.233283385634422302e-02 2.219911105930805206e-02 2.131485939025878906e-01
-1.618138104677200317e-01 -7.977236062288284302e-03 1.628295779228210449e-01
-2.449018955230712891e-01 -5.537599697709083557e-02 1.207435503602027893e-01
-3.986116945743560791e-01 -1.204441264271736145e-01 4.120088368654251099e-02
-4.308349490165710449e-01 -6.565653532743453979e-02 3.701185435056686401e-02
-3.062103092670440674e-01 4.913757741451263428e-02 2.283009514212608337e-02
-5.926445499062538147e-02 1.759677827358245850e-01 3.177236532792448997e-03
1.404389590024948120e-01 8.190198987722396851e-02 1.989469118416309357e-02
2.589139342308044434e-01 -4.490036517381668091e-02 -6.874113529920578003e-02
4.114103913307189941e-01 -2.302147746086120605e-01 -1.218482926487922668e-01
4.620999693870544434e-01 -2.407548427581787109e-01 -4.978650435805320740e-02
5.285974144935607910e-01 6.497937720268964767e-03 3.042105957865715027e-02
4.051344692707061768e-01 1.864611357450485229e-01 6.010082364082336426e-02
2.135631144046783447e-01 2.773128747940063477e-01 -2.256700396537780762e-02
9.404401481151580811e-02 1.444258838891983032e-01 -1.759065836668014526e-01
-4.572569206357002258e-02 1.000247616320848465e-02 -1.536549776792526245e-01
3.706418350338935852e-02 -1.094352081418037415e-02 -4.472316801548004150e-02
1.245982758700847626e-02 1.212311629205942154e-02 8.252679556608200073e-02
4.669817164540290833e-03 -3.083636285737156868e-03 1.134337410330772400e-01
-6.434136629104614258e-02 -7.101291557773947716e-04 1.243166923522949219e-01
-2.433233857154846191e-01 8.787863701581954956e-02 1.591980159282684326e-01
-2.293071299791336060e-01 1.043051034212112427e-01 6.963993608951568604e-02
-2.808223366737365723e-01 1.017341539263725281e-01 -1.160841360688209534e-01
-2.403793483972549438e-01 1.295534074306488037e-01 -2.568618953227996826e-01
-2.270445674657821655e-01 1.831011921167373657e-01 -3.052758574485778809e-01
-3.403352797031402588e-01 2.373180687427520752e-01 -2.510195076465606689e-01
-2.656733691692352295e-01 2.046843022108078003e-01 -1.333451718091964722e-01
-2.695909142494201660e-01 5.449257418513298035e-02 -8.001406490802764893e-02
-2.285152524709701538e-01 -4.013356938958168030e-02 -6.188096478581428528e-02
-8.670394122600555420e-02 -1.223890706896781921e-01 -8.138943463563919067e-02
-2.054717019200325012e-02 -1.605990976095199585e-01 -1.206717565655708313e-01
1.408272385597229004e-01 -1.382257491350173950e-01 -1.680279374122619629e-01
2.552400827407836914e-01 -1.300715804100036621e-01 -9.730541706085205078e-02
3.174443840980529785e-01 -5.929974466562271118e-02 4.788822494447231293e-03
3.432908058166503906e-01 -9.205151349306106567e-02 -4.171865060925483704e-03
2.192358225584030151e-01 2.093040943145751953e-02 -4.468600824475288391e-02
-8.429087698459625244e-02 1.512486767023801804e-02 -2.165623381733894348e-02
-3.244667649269104004e-01 9.233195334672927856e-02 3.752901451662182808e-03
-3.459409475326538086e-01 6.719249486923217773e-02 9.725681692361831665e-02
-2.501448690891265869e-01 -1.047432199120521545e-01 1.035856157541275024e-01
2.196883410215377808e-02 -1.616777777671813965e-01 2.058841288089752197e-02
1.273441910743713379e-01 -1.540439128875732422e-01 -1.094848662614822388e-02
8.710254728794097900e-02 -1.044423580169677734e-01 -2.511056140065193176e-02
-4.956307262182235718e-02 6.997430324554443359e-02 5.195704288780689240e-03
-1.138209402561187744e-01 4.690471664071083069e-02 -3.792630881071090698e-02
-5.311163514852523804e-02 1.254811137914657593e-02 -1.851022616028785706e-02
-1.125863939523696899e-01 8.856076747179031372e-03 -1.063737645745277405e-01
-1.548237651586532593e-01 1.242910996079444885e-01 1.014997251331806183e-02
-2.470877319574356079e-01 4.104297459125518799e-01 1.415221989154815674e-01
-2.901800274848937988e-01 1.882405430078506470e-01 2.321395874023437500e-01
-1.657222807407379150e-01 -2.635345421731472015e-02 2.182023078203201294e-01
-9.259925037622451782e-02 -3.018867373466491699e-01 6.921523064374923706e-02
