-2.041125893592834473e-01 2.123782187700271606e-01 -4.974478855729103088e-03
-2.378521561622619629e-01 2.748890221118927002e-01 7.533340156078338623e-02
-1.195384487509727478e-01 2.566469907760620117e-01 1.113426610827445984e-01
1.526546478271484375e-01 6.927030533552169800e-02 5.266356095671653748e-02
3.711074590682983398e-01 -1.309127062559127808e-01 -1.731171831488609314e-02
3.472608327865600586e-01 -2.435156255960464478e-01 -5.269422382116317749e-02
1.327426284551620483e-01 -2.325655072927474976e-01 6.413846462965011597e-02
-5.658635497093200684e-02 -1.348343193531036377e-01 1.432542949914932251e-01
-1.112597584724426270e-01 -7.056416571140289307e-02 6.317923963069915771e-02
2.797026187181472778e-02 -1.193618699908256531e-01 6.079834699630737305e-02
2.128847390413284302e-01 -2.180553674697875977e-01 3.907678276300430298e-02
2.277424484491348267e-01 -2.301315516233444214e-01 -8.146640844643115997e-03
1.437038183212280273e-01 -1.667659431695938110e-01 -1.332721263170242310e-01
-1.018749177455902100e-02 -3.322824463248252869e-02 -3.227381706237792969e-01
-1.231282055377960205e-01 5.662740394473075867e-02 -2.760047614574432373e-01
-1.526456177234649658e-01 6.054331362247467041e-02 -8.213401585817337036e-02
-1.611994057893753052e-01 6.891856342554092407e-02 5.800320208072662354e-02
-1.130570098757743835e-01 5.580756440758705139e-02 1.968899220228195190e-01
-5.644273757934570312e-02 5.439754109829664230e-03 2.410712242126464844e-01
-3.827371820807456970e-02 3.464241325855255127e-02 1.714300215244293213e-01
-5.350852757692337036e-02 7.166478782892227173e-02 -9.613331407308578491e-03
-5.154262483119964600e-02 6.879941374063491821e-02 -2.256898134946823120e-01
3.760357946157455444e-02 5.870119202882051468e-03 -2.240135967731475830e-01
2.324197888374328613e-01 -1.401179432868957520e-01 2.244678558781743050e-03
3.146511912345886230e-01 -1.340376883745193481e-01 1.854440569877624512e-01
3.460685014724731445e-01 -3.874187916517257690e-02 1.432997733354568481e-01
3.034886419773101807e-01 6.750150024890899658e-02 9.206604957580566406e-02
1.516229957342147827e-01 1.199141964316368103e-01 5.769739672541618347e-02
1.578187756240367889e-02 1.677676849067211151e-02 3.066265210509300232e-02
-2.155384719371795654e-01 -4.154270887374877930e-02 6.129259243607521057e-02
-3.158513605594635010e-01 -9.266989678144454956e-02 -9.343276917934417725e-02
-2.459173202514648438e-01 -1.174128949642181396e-01 -1.594411283731460571e-01
-6.986889988183975220e-02 -2.108199894428253174e-02 -1.315834224224090576e-01
-1.293802708387374878e-01 8.134773373603820801e-02 -1.684281677007675171e-01
-3.145895600318908691e-01 1.089458987116813660e-01 -4.916671663522720337e-02
-4.727707207202911377e-01 -5.055718868970870972e-02 -3.599164541810750961e-03
-3.988909721374511719e-01 -2.868225574493408203e-01 -1.929876767098903656e-02
5.451779067516326904e-02 -4.540306627750396729e-01 3.821096941828727722e-02
2.601869404315948486e-01 -3.017666339874267578e-01 -6.486263871192932129e-02
4.590271115303039551e-01 1.022339332848787308e-02 -7.705726474523544312e-02
3.693644404411315918e-01 1.887647807598114014e-01 7.821138948202133179e-02
2.204559147357940674e-01 2.718458175659179688e-01 1.487563103437423706e-01
1.565500795841217041e-01 2.627005577087402344e-01 1.259798854589462280e-01
-1.986666396260261536e-02 2.048463225364685059e-01 -8.098507672548294067e-02
-9.077855199575424194e-02 1.153268441557884216e-01 -2.933379113674163818e-01
-1.822795569896697998e-01 5.223838612437248230e-02 -2.794107794761657715e-01
-1.581631451845169067e-01 2.047903090715408325e-02 -1.355440914630889893e-01
-5.921100825071334839e-02 2.939026616513729095e-02 5.455360561609268188e-02
-3.380974754691123962e-03 1.192095354199409485e-01 2.290899455547332764e-01
5.417665839195251465e-02 2.630327828228473663e-02 2.566351592540740967e-01
8.234383165836334229e-02 5.040723085403442383e-02 2.011221349239349365e-01
1.436617970466613770e-01 7.549531757831573486e-02 5.774915590882301331e-02
8.209155499935150146e-02 1.957262009382247925e-01 5.653546750545501709e-02
-1.570559293031692505e-01 4.493479728698730469e-01 1.608717143535614014e-01
-3.368332386016845703e-01 4.442124068737030029e-01 2.387318015098571777e-01
-3.454438149929046631e-01 3.948145210742950439e-01 1.711668223142623901e-01
-1.595247089862823486e-01 -7.654682267457246780e-03 -1.653437018394470215e-01
8.532405644655227661e-02 -4.971277117729187012e-01 -3.222914338111877441e-01
1.884531825780868530e-01 -5.834951400756835938e-01 -2.850372791290283203e-01
2.074054479598999023e-01 -4.960401952266693115e-01 -1.350999474525451660e-01
1.119298189878463745e-01 -1.999068856239318848e-01 4.876249656081199646e-02
1.128004491329193115e-01 -1.095238258130848408e-03 3.841746225953102112e-02
2.300460040569305420e-01 -9.514568746089935303e-02 5.164710432291030884e-02
2.519539892673492432e-01 -1.873031705617904663e-01 1.230478137731552124e-01
2.371406406164169312e-01 -2.261065244674682617e-01 1.738181710243225098e-01
-7.085065543651580811e-02 -1.553684026002883911e-01 1.430617868900299072e-01
-2.859300076961517334e-01 -1.411451399326324463e-02 -7.040732353925704956e-02
-2.065128833055496216e-01 7.425379753112792969e-02 -2.115544080734252930e-01
7.169315963983535767e-02 1.278443932533264160e-01 -2.409445196390151978e-01
3.150597512722015381e-01 1.569415628910064697e-01 -1.005956903100013733e-01
2.800909876823425293e-01 1.532592773437500000e-01 3.418935090303421021e-02
3.887476772069931030e-02 7.290175557136535645e-02 -1.777057163417339325e-02
-2.153615504503250122e-01 -6.148850545287132263e-02 -4.793815687298774719e-02
-1.523798406124114990e-01 -1.794388294219970703e-01 -2.453190647065639496e-02
-1.220033839344978333e-01 -1.247818022966384888e-01 1.133259981870651245e-01
-4.095257818698883057e-02 9.511555731296539307e-02 1.947381645441055298e-01
4.606721550226211548e-02 2.918904125690460205e-01 1.366359144449234009e-01
1.136537455022335052e-02 4.106341004371643066e-01 3.433210030198097229e-02
1.304383948445320129e-02 2.652645111083984375e-01 -9.475253522396087646e-02
-1.060986891388893127e-01 -2.214238233864307404e-02 -1.677114516496658325e-01
-1.948380768299102783e-01 -2.133319377899169922e-01 -1.119852885603904724e-01
-4.359658062458038330e-02 -3.237749636173248291e-01 2.967546461150050163e-03
1.095807328820228577e-01 1.925471983850002289e-02 1.612712442874908447e-01
1.333733052015304565e-01 1.952184587717056274e-01 1.221262589097023010e-01
-1.900117658078670502e-02 2.156167924404144287e-01 -1.829669624567031860e-02
-1.704275906085968018e-01 1.677040308713912964e-01 -9.032358229160308838e-02
-5.804957076907157898e-02 -2.142529636621475220e-01 -6.144537404179573059e-02
-1.917414367198944092e-02 -1.473808288574218750e-01 1.236590221524238586e-01
-1.609272658824920654e-01 -1.130286753177642822e-01 4.718902986496686935e-03
-3.153384327888488770e-01 -8.467495790682733059e-04 -2.211877554655075073e-01
-1.349848955869674683e-01 2.067945003509521484e-01 -4.032495319843292236e-01
2.442916333675384521e-01 1.103834137320518494e-01 -4.162469804286956787e-01
5.567373037338256836e-01 1.922280900180339813e-02 -4.150777310132980347e-02
4.996885657310485840e-01 -9.887525439262390137e-02 1.021277904510498047e-01
1.075819060206413269e-01 -1.369279325008392334e-01 2.722896039485931396e-01
-2.086556255817413330e-01 -1.215536966919898987e-01 3.866049349308013916e-01
-3.136664330959320068e-01 -2.144900709390640259e-01 3.484804332256317139e-01
-2.209752798080444336e-01 -2.572526931762695312e-01 3.602041006088256836e-01
-2.016236931085586548e-01 -1.869528889656066895e-01 1.729781329631805420e-01
-1.699195802211761475e-01 1.572519391775131226e-01 -1.599331945180892944e-01
4.260736331343650818e-02 4.095210731029510498e-01 -2.444735765457153320e-01
1.727015227079391479e-01 4.609609246253967285e-01 -2.451286464929580688e-01
2.165716737508773804e-01 3.766757547855377197e-01 -1.128333136439323425e-01
1.323825716972351074e-01 1.129955872893333435e-01 -3.432315215468406677e-02
-1.707446202635765076e-02 -1.871061325073242188e-01 -6.455909460783004761e-02
-1.071973890066146851e-01 -3.570207357406616211e-01 -2.398128248751163483e-02
-7.562120258808135986e-02 -4.052066802978515625e-01 4.060477390885353088e-02
-9.438722580671310425e-02 -3.613718450069427490e-01 1.690343171358108521e-01
-4.434740915894508362e-02 -2.504736781120300293e-01 2.785540223121643066e-01
2.161325141787528992e-02 -1.203731596469879150e-01 3.157931864261627197e-01
-6.409586966037750244e-02 1.279650777578353882e-01 2.144195288419723511e-01
-4.626981914043426514e-02 3.259375095367431641e-01 1.183455437421798706e-01
3.757119411602616310e-03 3.709222674369812012e-01 -5.982693284749984741e-02
1.756619960069656372e-01 2.475217282772064209e-01 -7.900030165910720825e-02
2.039807140827178955e-01 1.446790397167205811e-01 5.019604787230491638e-02
5.401128903031349182e-02 1.913830190896987915e-01 4.189659375697374344e-03
-1.335927993059158325e-01 1.879491508007049561e-01 -2.022260129451751709e-01
-1.222700849175453186e-01 -3.369767963886260986e-02 -5.388267040252685547e-01
-6.798821687698364258e-02 -2.752150893211364746e-01 -6.462149620056152344e-01
1.424806471914052963e-02 -3.343375027179718018e-01 -4.993284046649932861e-01
1.100796908140182495e-01 -1.378346234560012817e-01 8.664224296808242798e-02
1.186120361089706421e-01 2.308048866689205170e-02 5.229551792144775391e-01
1.148755475878715515e-01 1.210458576679229736e-01 5.752089619636535645e-01
5.705123767256736755e-02 1.234945282340049744e-01 4.067378640174865723e-01
-7.878401875495910645e-02 5.351676419377326965e-02 1.840343773365020752e-01
-3.069936335086822510e-01 8.250262588262557983e-02 3.429688885807991028e-02
-3.482245802879333496e-01 6.872018426656723022e-02 -1.866366341710090637e-02
-1.262081116437911987e-01 1.148637384176254272e-02 4.800698533654212952e-02
9.205642342567443848e-02 -4.522523377090692520e-03 5.645536351948976517e-03
2.318204194307327271e-01 -6.726373732089996338e-02 -5.298065021634101868e-02
7.943478226661682129e-02 -1.597000211477279663e-01 -1.440009325742721558e-01
-1.479675918817520142e-01 -1.028070747852325439e-01 -1.306589990854263306e-01
-7.483118772506713867e-02 -1.217571124434471130e-01 9.143022820353507996e-03
5.046231299638748169e-02 -8.028583228588104248e-02 1.362405866384506226e-01
2.140651792287826538e-01 9.973911195993423462e-02 1.556992381811141968e-01
1.508343815803527832e-01 1.612432301044464111e-01 1.139861415140330791e-03
-8.674257248640060425e-02 2.676091492176055908e-01 -5.919615551829338074e-02
-9.952455013990402222e-02 2.364937663078308105e-01 -4.188286885619163513e-02
1.060434337705373764e-02 9.725742787122726440e-02 -2.442760020494461060e-02
1.270069926977157593e-01 -1.162299886345863342e-03 -1.726044863462448120e-01
1.079392656683921814e-01 -8.329762518405914307e-02 -4.060780405998229980e-01
-7.840564846992492676e-02 -7.196971029043197632e-02 -4.230467677116394043e-01
-1.797662079334259033e-01 -9.037295356392860413e-03 -2.432570606470108032e-01
-9.791626036167144775e-02 4.652367532253265381e-02 9.916311502456665039e-02
2.736658230423927307e-02 1.883186772465705872e-02 2.862127721309661865e-01
1.932542175054550171e-01 -5.031626299023628235e-02 2.856243252754211426e-01
1.350094377994537354e-01 -1.166805997490882874e-01 2.207479178905487061e-01
-5.147378519177436829e-02 -1.397017240524291992e-01 1.339745521545410156e-01
-1.826481968164443970e-01 -6.158770993351936340e-02 7.197607308626174927e-02
-1.883071511983871460e-01 3.587377816438674927e-02 -1.694341562688350677e-02
-5.421429872512817383e-02 4.612068086862564087e-02 -1.474302858114242554e-01
1.199510544538497925e-01 1.976480940356850624e-03 -1.883609443902969360e-01
2.079248726367950439e-01 -1.085774526000022888e-01 -1.411667317152023315e-01
1.982886940240859985e-01 -1.314876228570938110e-01 4.421256855130195618e-02
1.856702715158462524e-01 -9.136114269495010376e-02 1.541321575641632080e-01
1.915612667798995972e-01 -9.862735122442245483e-02 1.593729704618453979e-01
2.161934822797775269e-01 -7.883676141500473022e-02 9.148956090211868286e-02
2.200233042240142822e-01 -1.442979574203491211e-01 -1.021840274333953857e-01
1.738505512475967407e-01 -1.303214132785797119e-01 -1.033077761530876160e-01
2.999817207455635071e-02 8.201754651963710785e-03 -1.410210877656936646e-01
-8.819966018199920654e-02 1.427580118179321289e-01 -1.508096419274806976e-02
-2.493962198495864868e-01 2.985219657421112061e-01 1.809901446104049683e-01
-3.302000164985656738e-01 3.054378330707550049e-01 1.649907529354095459e-01
-2.714740633964538574e-01 2.027771174907684326e-01 1.492207646369934082e-01
-1.161022037267684937e-01 5.859597399830818176e-02 -7.045064587146043777e-03
8.627574890851974487e-02 -6.874538213014602661e-02 -8.564055711030960083e-02
7.704766839742660522e-02 -1.414274573326110840e-01 -1.224538311362266541e-01
-6.877768784761428833e-02 -1.842936128377914429e-01 -1.296890228986740112e-01
-1.345627307891845703e-01 -2.167405337095260620e-01 -1.063974648714065552e-01
-2.977411262691020966e-02 -2.029125243425369263e-01 -9.414102137088775635e-02
1.320471167564392090e-01 -8.913140743970870972e-02 4.415958374738693237e-02
1.304429918527603149e-01 1.061751469969749451e-01 8.481676876544952393e-02
-5.109547451138496399e-02 2.450561374425888062e-01 9.975195676088333130e-02
-1.182607859373092651e-01 2.133233398199081421e-01 5.044823884963989258e-02
-8.032897859811782837e-02 1.200333684682846069e-01 -5.851865932345390320e-02
5.231239274144172668e-02 -1.518135308288037777e-03 -2.925011888146400452e-02
1.690992861986160278e-01 -3.897450864315032959e-02 6.512871384620666504e-02
1.344064921140670776e-01 -7.973213493824005127e-02 1.147833168506622314e-01
2.142832875251770020e-01 -2.374072521924972534e-01 1.209586113691329956e-01
1.241588592529296875e-01 -2.156241536140441895e-01 6.337308883666992188e-02
-4.115661233663558960e-02 -4.806470498442649841e-02 -9.235394746065139771e-02
-1.314985752105712891e-01 1.492181569337844849e-01 -1.163863539695739746e-01
-2.060562968254089355e-01 2.571775317192077637e-01 -1.401269584894180298e-01
-7.294478267431259155e-02 7.829098403453826904e-02 -9.958324022591114044e-03
-2.500416524708271027e-02 -5.081583186984062195e-02 1.739789098501205444e-01
-4.486570507287979126e-02 -7.041946798563003540e-02 1.550427228212356567e-01
-4.647826403379440308e-02 -4.200650751590728760e-02 1.194644048810005188e-01
-5.910591781139373779e-02 3.510318323969841003e-02 -3.998901229351758957e-03
