4.253125603980950076e-01
4.832247572023245508e-01
2.955168888868029975e-01
0.000000000000000000e+00
0.000000000000000000e+00
0.000000000000000000e+00
0.000000000000000000e+00
0.000000000000000000e+00
0.000000000000000000e+00
0.000000000000000000e+00
0.000000000000000000e+00
0.000000000000000000e+00
0.000000000000000000e+00
0.000000000000000000e+00
0.000000000000000000e+00
0.000000000000000000e+00
0.000000000000000000e+00
0.000000000000000000e+00
0.000000000000000000e+00
0.000000000000000000e+00
0.000000000000000000e+00
0.000000000000000000e+00
0.000000000000000000e+00
0.000000000000000000e+00
0.000000000000000000e+00
0.000000000000000000e+00
0.000000000000000000e+00
0.000000000000000000e+00
4.219034962294195279e-01
5.944900527609205954e-01
4.755721509797057323e-01
2.108166894001718417e-01
0.000000000000000000e+00
0.000000000000000000e+00
0.000000000000000000e+00
1.685750678764232346e-01
3.409422819927632187e-01
3.844453529605187381e-01
2.106995238648636803e-01
0.000000000000000000e+00
0.000000000000000000e+00
0.000000000000000000e+00
0.000000000000000000e+00
7.430090163966439690e-03
8.023906101373920463e-03
0.000000000000000000e+00
0.000000000000000000e+00
0.000000000000000000e+00
0.000000000000000000e+00
7.332255301010238632e-03
1.171434477996853921e-02
0.000000000000000000e+00
0.000000000000000000e+00
0.000000000000000000e+00
2.636026807080645018e-02
1.642817534436083193e-01
2.382078582891711538e-01
1.435659235494554098e-01
0.000000000000000000e+00
0.000000000000000000e+00
0.000000000000000000e+00
0.000000000000000000e+00
2.574359500817057986e-02
0.000000000000000000e+00
0.000000000000000000e+00
0.000000000000000000e+00
0.000000000000000000e+00
0.000000000000000000e+00
0.000000000000000000e+00
2.108950951323430578e-01
3.732224043739699737e-01
3.400083446803942033e-01
1.665768080307686583e-01
0.000000000000000000e+00
0.000000000000000000e+00
0.000000000000000000e+00
0.000000000000000000e+00
0.000000000000000000e+00
0.000000000000000000e+00
0.000000000000000000e+00
0.000000000000000000e+00
0.000000000000000000e+00
0.000000000000000000e+00
0.000000000000000000e+00
0.000000000000000000e+00
0.000000000000000000e+00
0.000000000000000000e+00
0.000000000000000000e+00
0.000000000000000000e+00
0.000000000000000000e+00
2.363596556593529907e-01
4.740601051319455750e-01
5.351669728669234960e-01
3.004987215008372847e-01
0.000000000000000000e+00
0.000000000000000000e+00
0.000000000000000000e+00
0.000000000000000000e+00
0.000000000000000000e+00
1.620562794310717245e-02
6.287916547682384852e-03
4.337710981242979061e-03
1.862307128544803125e-02
2.715233498604565157e-02
3.017131340694369918e-02
4.550571549562776145e-03
0.000000000000000000e+00
0.000000000000000000e+00
0.000000000000000000e+00
0.000000000000000000e+00
0.000000000000000000e+00
0.000000000000000000e+00
8.173570796257305371e-02
0.000000000000000000e+00
0.000000000000000000e+00
0.000000000000000000e+00
0.000000000000000000e+00
5.046277137318434525e-01
1.000000000000000000e+00
9.713477492451437767e-01
4.333188129024262425e-01
0.000000000000000000e+00
0.000000000000000000e+00
0.000000000000000000e+00
0.000000000000000000e+00
6.935448124204394993e-02
9.171035458787247033e-03
0.000000000000000000e+00
0.000000000000000000e+00
0.000000000000000000e+00
5.622434029649969051e-02
1.114586416654887030e-01
9.595003050734546290e-02
1.839844165243313331e-02
0.000000000000000000e+00
0.000000000000000000e+00
0.000000000000000000e+00
0.000000000000000000e+00
0.000000000000000000e+00
4.038955275946005952e-03
0.000000000000000000e+00
0.000000000000000000e+00
3.306379571502992415e-02
1.062115324953360890e-01
1.067891356107709550e-01
5.474906867347707762e-02
0.000000000000000000e+00
0.000000000000000000e+00
0.000000000000000000e+00
8.768662098567326160e-03
4.549045115656003002e-02
2.590055416016252485e-02
0.000000000000000000e+00
0.000000000000000000e+00
0.000000000000000000e+00
0.000000000000000000e+00
0.000000000000000000e+00
0.000000000000000000e+00
0.000000000000000000e+00
0.000000000000000000e+00
2.392565259316046800e-01
4.049271225447461653e-01
3.534113730189301639e-01
1.767056865094650819e-01
0.000000000000000000e+00
0.000000000000000000e+00
0.000000000000000000e+00
0.000000000000000000e+00
0.000000000000000000e+00
0.000000000000000000e+00
0.000000000000000000e+00
0.000000000000000000e+00
0.000000000000000000e+00
0.000000000000000000e+00
0.000000000000000000e+00
0.000000000000000000e+00
0.000000000000000000e+00
0.000000000000000000e+00
0.000000000000000000e+00
0.000000000000000000e+00
0.000000000000000000e+00
0.000000000000000000e+00
0.000000000000000000e+00
1.720685831250581832e-03
1.720685831250581832e-03
4.301714578126454580e-04
0.000000000000000000e+00
0.000000000000000000e+00
