4.420006275177001953e-01 2.667489051818847656e-01 -5.891485810279846191e-01
4.913400113582611084e-01 3.514133393764495850e-01 -5.800067186355590820e-01
4.656757414340972900e-01 3.531127572059631348e-01 -4.847239553928375244e-01
4.524347186088562012e-01 4.763751924037933350e-01 -3.912351727485656738e-01
3.205272555351257324e-01 5.624942183494567871e-01 -2.260878384113311768e-01
1.969581693410873413e-01 5.802654027938842773e-01 -1.103243678808212280e-01
7.760128378868103027e-02 6.305137872695922852e-01 -3.881410509347915649e-02
5.842288210988044739e-02 6.107546687126159668e-01 1.296012010425329208e-02
7.855954021215438843e-02 6.263427734375000000e-01 -1.056217402219772339e-02
4.137582331895828247e-02 6.352211236953735352e-01 1.649656146764755249e-02
-4.447067156434059143e-03 6.582273244857788086e-01 1.345719117671251297e-02
-4.525645077228546143e-02 6.482302546501159668e-01 -1.958297006785869598e-02
-5.862566083669662476e-02 6.729410886764526367e-01 -3.734653070569038391e-02
-4.069161415100097656e-02 6.132579445838928223e-01 -7.096560299396514893e-02
3.475906699895858765e-02 6.237910985946655273e-01 6.677603814750909805e-03
-1.584377023391425610e-03 6.450780034065246582e-01 2.632494643330574036e-02
2.750436309725046158e-03 6.239466667175292969e-01 2.749400446191430092e-03
8.414845913648605347e-03 6.373261213302612305e-01 2.021142467856407166e-02
-8.055092766880989075e-03 6.621175408363342285e-01 4.385994002223014832e-02
-1.017703488469123840e-02 6.463872790336608887e-01 6.980909407138824463e-02
3.758289664983749390e-02 6.611170768737792969e-01 4.922827705740928650e-02
5.808580666780471802e-02 6.116238832473754883e-01 8.330265060067176819e-03
1.521342620253562927e-02 5.885339379310607910e-01 3.745666705071926117e-03
-1.448576617985963821e-02 6.092771291732788086e-01 3.259458765387535095e-02
-1.889664307236671448e-02 5.884207487106323242e-01 1.991211436688899994e-02
1.385685950517654419e-01 5.927327275276184082e-01 -1.190995052456855774e-01
1.790829300880432129e-01 5.203909277915954590e-01 -3.325220644474029541e-01
9.098610281944274902e-02 4.332012534141540527e-01 -5.554414391517639160e-01
2.959080971777439117e-02 4.576822817325592041e-01 -5.271372795104980469e-01
3.921777755022048950e-02 3.417004048824310303e-01 -6.044296622276306152e-01
1.785563677549362183e-01 3.431188762187957764e-01 -6.531378626823425293e-01
1.937087774276733398e-01 3.715690076351165771e-01 -6.082116365432739258e-01
1.419538259506225586e-01 3.003134131431579590e-01 -5.397924780845642090e-01
1.755244731903076172e-01 2.893792390823364258e-01 -6.275908350944519043e-01
8.464968204498291016e-02 3.017032444477081299e-01 -6.027723550796508789e-01
1.997318118810653687e-01 3.277561664581298828e-01 -6.380936503410339355e-01
1.605902761220932007e-01 2.801517248153686523e-01 -7.034387588500976562e-01
1.356405615806579590e-01 4.934658706188201904e-01 -4.888521730899810791e-01
-1.003554537892341614e-01 4.760174155235290527e-01 -2.583806514739990234e-01
-2.332779318094253540e-01 2.168064713478088379e-01 6.681316345930099487e-02
-2.066465020179748535e-01 1.673214882612228394e-01 1.272174119949340820e-01
-2.173659801483154297e-01 1.472366005182266235e-01 1.339564770460128784e-01
-2.374206436797976494e-03 1.722939014434814453e-01 1.660880744457244873e-01
2.212465703487396240e-01 6.979352235794067383e-02 1.064609512686729431e-01
2.939032018184661865e-01 -3.580194339156150818e-02 1.106264069676399231e-01
2.639608681201934814e-01 -6.966210901737213135e-02 1.097975820302963257e-01
2.767038345336914062e-01 -1.157750338315963745e-01 2.266070693731307983e-01
2.160683125257492065e-01 -1.959569752216339111e-01 2.752374708652496338e-01
1.472212523221969604e-01 -2.115392535924911499e-01 3.370161354541778564e-01
7.913576811552047729e-02 -2.738837897777557373e-01 3.164892494678497314e-01
5.925239622592926025e-02 -3.139190971851348877e-01 3.223807513713836670e-01
5.781129002571105957e-02 -3.273555338382720947e-01 3.298251330852508545e-01
4.184740781784057617e-02 -3.755723237991333008e-01 3.326060175895690918e-01
7.236339151859283447e-02 -4.130637943744659424e-01 2.849795222282409668e-01
-1.026820112019777298e-02 -2.419827878475189209e-01 2.637124657630920410e-01
-1.650275290012359619e-01 -2.007415294647216797e-01 1.074502915143966675e-01
1.212896481156349182e-01 2.350637316703796387e-01 -1.154825240373611450e-01
1.748833656311035156e-01 5.096599459648132324e-01 -1.125708147883415222e-01
2.378843352198600769e-02 5.291124582290649414e-01 2.183316089212894440e-02
-1.515268441289663315e-02 5.376026630401611328e-01 9.613627940416336060e-02
6.554364413022994995e-02 5.768269896507263184e-01 9.917730093002319336e-02
2.591011859476566315e-02 5.915987491607666016e-01 1.386698782444000244e-01
-7.828057743608951569e-03 6.051805615425109863e-01 1.230119243264198303e-01
1.553069334477186203e-02 6.405342221260070801e-01 1.051491200923919678e-01
3.423820063471794128e-02 6.627805829048156738e-01 6.253539770841598511e-02
-1.263593435287475586e-01 5.741682648658752441e-01 -1.277380622923374176e-02
-1.182025521993637085e-01 3.370023071765899658e-01 6.111930310726165771e-02
-2.806297242641448975e-01 2.618401348590850830e-01 2.254707925021648407e-02
-1.598446965217590332e-01 7.372222840785980225e-02 -6.501890718936920166e-02
-3.221498131752014160e-01 2.984050847589969635e-02 -1.045186668634414673e-01
-3.653124570846557617e-01 -2.415748871862888336e-02 -1.793192028999328613e-01
-3.182491958141326904e-01 -1.058233156800270081e-01 -1.994206756353378296e-01
-3.296100497245788574e-01 -2.605801820755004883e-01 -3.499046862125396729e-01
-2.494591623544692993e-01 -2.344482988119125366e-01 -1.485653966665267944e-01
-2.807403504848480225e-01 -2.882118225097656250e-01 -2.751513421535491943e-01
-3.429884612560272217e-01 -2.029776722192764282e-01 -3.939898610115051270e-01
-3.510931730270385742e-01 -2.992033660411834717e-01 -3.574434816837310791e-01
-3.801572024822235107e-01 -2.350506037473678589e-01 -4.243142604827880859e-01
-3.783168792724609375e-01 -2.166058570146560669e-01 -4.050329923629760742e-01
-3.128621876239776611e-01 -2.739921212196350098e-01 -3.768734335899353027e-01
-3.706710636615753174e-01 -3.195275068283081055e-01 -4.868060350418090820e-01
-4.048331379890441895e-01 -2.279682457447052002e-01 -5.377445220947265625e-01
-4.123277962207794189e-01 -2.702270746231079102e-01 -3.594966828823089600e-01
-3.750962018966674805e-01 -2.666145563125610352e-01 -2.976888716220855713e-01
-3.116825222969055176e-01 -2.695289552211761475e-01 -3.721129596233367920e-01
-3.691530525684356689e-01 -3.210423290729522705e-01 -4.790450930595397949e-01
-3.997652530670166016e-01 -2.225435972213745117e-01 -5.415580868721008301e-01
-3.972027003765106201e-01 -2.484367340803146362e-01 -3.525871932506561279e-01
-3.465571701526641846e-01 -2.293524891138076782e-01 -3.174906075000762939e-01
-4.152605533599853516e-01 -2.331008613109588623e-01 -5.225822925567626953e-01
-8.831394463777542114e-02 -2.239461243152618408e-01 -3.535261452198028564e-01
1.006412431597709656e-01 7.342811673879623413e-02 -8.572593331336975098e-02
-2.659872546792030334e-02 -2.004549093544483185e-02 2.674748301506042480e-01
-9.454249404370784760e-03 -3.310913965106010437e-02 4.407621622085571289e-01
-7.806839887052774429e-03 -1.324007287621498108e-02 4.029084742069244385e-01
2.086280845105648041e-03 -4.182329401373863220e-02 4.486551582813262939e-01
4.010987281799316406e-02 -1.619017496705055237e-02 3.962100744247436523e-01
1.922245696187019348e-02 -2.921927906572818756e-02 4.252457618713378906e-01
1.628621481359004974e-02 -2.833019569516181946e-02 3.436302840709686279e-01
-1.482387930154800415e-01 -3.248706758022308350e-01 2.144512087106704712e-01
-2.348612099885940552e-01 -4.740974009037017822e-01 2.763253748416900635e-01
-1.970209628343582153e-01 -4.884705543518066406e-01 2.439064681529998779e-01
-1.208234205842018127e-01 -4.422162175178527832e-01 1.964529901742935181e-01
-1.657950729131698608e-01 -3.029167354106903076e-01 1.515172570943832397e-01
-1.133248731493949890e-01 -1.981505602598190308e-01 1.764585226774215698e-01
2.226413041353225708e-02 -2.813414931297302246e-01 3.123250901699066162e-01
1.494284868240356445e-01 -2.163072526454925537e-01 3.652702569961547852e-01
1.816527098417282104e-01 -1.190098151564598083e-01 3.631698787212371826e-01
1.967720091342926025e-01 -9.519936144351959229e-02 3.476535379886627197e-01
1.416088789701461792e-01 -1.034398078918457031e-01 4.060597121715545654e-01
1.937910616397857666e-01 -9.400001168251037598e-02 3.925481140613555908e-01
2.153055816888809204e-01 -9.679619222879409790e-02 3.913559019565582275e-01
2.535498738288879395e-01 -2.342767268419265747e-01 2.376403212547302246e-01
2.118811011314392090e-01 -4.129558205604553223e-01 2.775850296020507812e-01
5.794625729322433472e-02 -4.247436225414276123e-01 2.673222124576568604e-01
7.638266682624816895e-02 -5.211037397384643555e-01 7.991986721754074097e-02
-3.821781650185585022e-02 -4.716779887676239014e-01 -5.041534081101417542e-02
2.985561788082122803e-01 -1.315819919109344482e-01 -2.873199880123138428e-01
3.089691400527954102e-01 3.432701528072357178e-01 -3.783589601516723633e-01
2.734907567501068115e-01 2.698932290077209473e-01 -3.009609282016754150e-01
2.446424812078475952e-01 -1.351175904273986816e-01 2.641122639179229736e-01
1.619672477245330811e-01 -1.448452472686767578e-01 3.361575901508331299e-01
1.524481624364852905e-01 -9.225767850875854492e-02 3.637157082557678223e-01
2.089364379644393921e-01 -1.186119392514228821e-01 3.541615009307861328e-01
2.021372318267822266e-01 -1.107285730540752411e-02 3.522417545318603516e-01
2.220211178064346313e-01 -3.999844193458557129e-02 3.153747022151947021e-01
2.460768520832061768e-01 8.528507500886917114e-02 2.737650871276855469e-01
1.735715568065643311e-01 1.442159712314605713e-01 3.114945888519287109e-01
3.071822971105575562e-02 1.813009381294250488e-01 2.395001798868179321e-01
-3.495233878493309021e-02 1.421647369861602783e-01 2.136376798152923584e-01
-1.721747666597366333e-01 2.101293057203292847e-01 8.757392317056655884e-02
-2.104426473379135132e-01 6.204257719218730927e-03 -1.044016256928443909e-01
-3.816455006599426270e-01 2.423132807016372681e-01 -8.665670454502105713e-02
-2.622405886650085449e-01 3.642159700393676758e-01 -1.056992635130882263e-01
-7.996064424514770508e-02 2.047762572765350342e-01 1.620973497629165649e-01
-4.065441712737083435e-02 1.529466509819030762e-01 1.132227405905723572e-01
4.306235909461975098e-02 2.375548183917999268e-01 7.207337766885757446e-02
6.358826160430908203e-02 2.195191830396652222e-01 4.507447034120559692e-02
7.885310798883438110e-02 3.007068634033203125e-01 1.909044012427330017e-02
6.099674850702285767e-02 3.786475062370300293e-01 2.893665991723537445e-02
1.871188133955001831e-01 2.335901409387588501e-01 -5.337884649634361267e-02
2.311689406633377075e-01 2.836677134037017822e-01 -9.007684141397476196e-02
9.061861038208007812e-02 3.608007431030273438e-01 -1.077245697379112244e-01
5.288923857733607292e-04 4.157555699348449707e-01 -3.997134789824485779e-02
-7.614085078239440918e-02 4.708095192909240723e-01 -1.926503032445907593e-01
1.632743328809738159e-01 4.875470697879791260e-01 -1.169831082224845886e-01
1.104415208101272583e-01 6.324767470359802246e-01 -2.767197601497173309e-02
1.363858431577682495e-01 6.927155256271362305e-01 6.609376519918441772e-02
1.994286626577377319e-01 6.501232981681823730e-01 1.010055094957351685e-01
1.465264260768890381e-01 6.499450802803039551e-01 9.486076235771179199e-02
1.289720237255096436e-01 6.923291087150573730e-01 7.906019687652587891e-02
1.489572972059249878e-01 6.934559941291809082e-01 1.135933026671409607e-01
6.981774419546127319e-02 6.796410679817199707e-01 1.156326159834861755e-01
4.025364667177200317e-02 6.907570958137512207e-01 1.533375531435012817e-01
-1.676162332296371460e-02 7.112058997154235840e-01 1.280661225318908691e-01
-1.814496889710426331e-02 6.767135858535766602e-01 1.082233712077140808e-01
-7.558751106262207031e-02 6.295357942581176758e-01 8.364357054233551025e-03
4.027652367949485779e-02 5.900312066078186035e-01 -5.761126801371574402e-02
1.254658699035644531e-01 5.161315798759460449e-01 -1.094070896506309509e-01
2.423788458108901978e-01 4.652652144432067871e-01 -3.203326761722564697e-01
1.980261206626892090e-01 4.212182462215423584e-01 -3.576170504093170166e-01
9.618371725082397461e-02 3.444690108299255371e-01 -4.282122254371643066e-01
1.429818868637084961e-01 3.090991079807281494e-01 -5.382234454154968262e-01
1.131525039672851562e-01 3.297153413295745850e-01 -5.231962800025939941e-01
-5.181683599948883057e-02 3.191106617450714111e-01 -5.193706750869750977e-01
-1.849687285721302032e-02 3.536686301231384277e-01 -5.481429100036621094e-01
-1.858163252472877502e-02 3.704513013362884521e-01 -5.578860044479370117e-01
8.303839713335037231e-03 3.515771925449371338e-01 -5.334833264350891113e-01
2.810624428093433380e-02 2.870805859565734863e-01 -5.640885233879089355e-01
-7.159860339015722275e-03 3.051030337810516357e-01 -5.639735460281372070e-01
-5.443679913878440857e-02 3.785979151725769043e-01 -5.141814351081848145e-01
2.187892049551010132e-02 3.558011054992675781e-01 -5.714702010154724121e-01
1.285024732351303101e-02 3.163963556289672852e-01 -6.270405650138854980e-01
6.371988356113433838e-02 2.764526903629302979e-01 -6.281042695045471191e-01
1.519489288330078125e-01 2.324000000953674316e-01 -6.505569219589233398e-01
1.448720544576644897e-01 2.716015577316284180e-01 -6.248777508735656738e-01
1.181121170520782471e-01 3.574140667915344238e-01 -6.516566872596740723e-01
1.200908124446868896e-01 2.792477607727050781e-01 -6.860237717628479004e-01
1.586824655532836914e-01 3.123422563076019287e-01 -6.332144141197204590e-01
2.025090008974075317e-01 3.090506792068481445e-01 -6.435515880584716797e-01
1.648488938808441162e-01 2.325952500104904175e-01 -7.129884362220764160e-01
2.105764895677566528e-01 1.971927285194396973e-01 -7.028048038482666016e-01
1.969499140977859497e-01 1.737050414085388184e-01 -7.524796128273010254e-01
2.520044147968292236e-01 2.255625277757644653e-01 -6.947245001792907715e-01
2.240620404481887817e-01 2.404925823211669922e-01 -7.051448225975036621e-01
2.231985628604888916e-01 2.091422230005264282e-01 -7.380278110504150391e-01
2.100174129009246826e-01 2.442914992570877075e-01 -7.273839116096496582e-01
2.716925740242004395e-01 1.728303581476211548e-01 -7.028135657310485840e-01
