1.801419854164123535e-01 -2.707393839955329895e-03 1.437397114932537079e-02
3.455673158168792725e-01 -9.654039144515991211e-02 1.197818852961063385e-02
4.607222378253936768e-01 -1.744294911623001099e-01 1.185449138283729553e-01
4.646283090114593506e-01 -1.823718547821044922e-01 1.955938488245010376e-01
4.405998587608337402e-01 -1.593514531850814819e-01 1.271510273218154907e-01
3.165515065193176270e-01 -1.897394061088562012e-01 -6.671509891748428345e-02
1.778368949890136719e-01 -2.105029076337814331e-01 -1.894718855619430542e-01
1.167698800563812256e-01 -1.224922910332679749e-01 -1.094595044851303101e-01
1.205647885799407959e-01 9.319085627794265747e-02 1.562909781932830811e-01
2.047722637653350830e-01 2.537836730480194092e-01 2.198486477136611938e-01
2.386110424995422363e-01 1.989646255970001221e-01 1.222978159785270691e-01
1.049511432647705078e-01 1.567833423614501953e-01 1.123227253556251526e-01
-6.119696423411369324e-02 8.936803042888641357e-02 -5.373684689402580261e-03
-1.054771393537521362e-01 -4.584005568176507950e-03 -1.178965419530868530e-01
-1.307242661714553833e-01 -1.212628409266471863e-01 -2.169369608163833618e-01
-4.793410748243331909e-02 -2.342005223035812378e-01 -2.852891087532043457e-01
1.200578454881906509e-02 -2.096831053495407104e-01 -2.045994848012924194e-01
-3.646019147709012032e-03 -1.158710643649101257e-01 -6.381489336490631104e-02
1.758017763495445251e-02 -3.597753867506980896e-02 -3.220415906980633736e-03
-6.181790679693222046e-02 4.274941235780715942e-02 1.124326437711715698e-01
-7.093065232038497925e-02 5.464332923293113708e-02 2.166957855224609375e-01
-7.069772575050592422e-03 2.305139973759651184e-02 1.685384362936019897e-01
-2.440316602587699890e-02 -2.320045605301856995e-02 8.640363067388534546e-02
-7.335748523473739624e-02 2.046544477343559265e-02 4.824287071824073792e-02
-2.210737317800521851e-01 1.128974854946136475e-01 2.279589511454105377e-02
-2.711305618286132812e-01 2.807930111885070801e-01 1.277417037636041641e-02
-2.136811465024948120e-01 2.984161674976348877e-01 -4.261279106140136719e-02
-2.063691020011901855e-01 2.336926013231277466e-01 -2.309044450521469116e-01
-2.231839150190353394e-01 2.955946922302246094e-01 -2.173484414815902710e-01
-2.352331876754760742e-01 2.457678020000457764e-01 -1.949140429496765137e-01
-2.347854226827621460e-01 1.939938068389892578e-01 -1.558607369661331177e-01
-1.721074879169464111e-01 8.861625194549560547e-02 2.322272397577762604e-02
-6.976821273565292358e-02 -9.560411423444747925e-02 -5.408373847603797913e-02
-2.825085632503032684e-02 -1.378716379404067993e-01 -5.478234216570854187e-02
4.397559165954589844e-02 -2.934402087703347206e-03 -6.421279907226562500e-02
2.965314090251922607e-01 -3.210458457469940186e-01 2.086784131824970245e-02
4.267525374889373779e-01 -4.428373277187347412e-01 1.753016114234924316e-01
3.572558462619781494e-01 -4.363440871238708496e-01 3.830863237380981445e-01
1.200839132070541382e-01 -3.840743601322174072e-01 4.403369128704071045e-01
-2.225600779056549072e-01 -1.367764025926589966e-01 2.865642607212066650e-01
-3.561707735061645508e-01 1.939621195197105408e-02 1.235619485378265381e-01
-4.352234005928039551e-01 8.858001977205276489e-02 -1.234662458300590515e-01
-5.267514586448669434e-01 1.378732919692993164e-01 -5.683697760105133057e-02
-4.992749989032745361e-01 6.680548191070556641e-02 -9.524954855442047119e-02
-3.337959945201873779e-01 -6.900491565465927124e-02 -1.928722560405731201e-01
-1.270760744810104370e-01 -1.353175491094589233e-01 -2.560291588306427002e-01
-1.062708906829357147e-02 -2.393472939729690552e-01 -2.552730739116668701e-01
3.047682717442512512e-02 -1.616942435503005981e-01 -1.132165044546127319e-01
3.416899219155311584e-02 -1.264341324567794800e-01 -1.241929531097412109e-01
3.157082945108413696e-02 -1.809386909008026123e-02 -6.970480829477310181e-02
6.720134057104587555e-03 1.512839794158935547e-01 8.476587384939193726e-02
5.469220224767923355e-03 1.004259437322616577e-01 1.108834445476531982e-01
1.718086898326873779e-01 1.103748530149459839e-01 -1.848084665834903717e-02
2.476976662874221802e-01 -2.830184251070022583e-02 -1.379223763942718506e-01
3.555157482624053955e-01 1.982271373271942139e-01 3.745852038264274597e-02
4.904728829860687256e-01 4.738969206809997559e-01 2.077587544918060303e-01
5.016982555389404297e-01 5.030330419540405273e-01 2.489032447338104248e-01
5.016213059425354004e-01 4.229764342308044434e-01 1.648191213607788086e-01
3.852784037590026855e-01 1.254163533449172974e-01 3.426269814372062683e-02
1.139371022582054138e-01 -8.525260537862777710e-02 2.006896212697029114e-02
6.534769386053085327e-02 -5.879058316349983215e-02 4.853062331676483154e-02
2.079308219254016876e-02 -2.170859277248382568e-01 -6.114984303712844849e-02
4.544999822974205017e-02 -2.868814170360565186e-01 -5.776192527264356613e-03
-8.301895111799240112e-03 -2.335984259843826294e-01 -4.731313139200210571e-02
-2.181230187416076660e-01 -1.922371536493301392e-01 -4.844826832413673401e-02
-2.798612415790557861e-01 -1.091877743601799011e-01 9.768498688936233521e-02
-3.819710016250610352e-01 -1.132435575127601624e-01 1.255537122488021851e-01
-2.953470349311828613e-01 -1.233120560646057129e-01 2.680099904537200928e-01
-1.561662256717681885e-01 -1.919595897197723389e-01 1.568979620933532715e-01
-1.794604212045669556e-01 -1.197981461882591248e-01 -1.802011951804161072e-02
-2.269425243139266968e-01 1.189141422510147095e-01 -1.558681577444076538e-01
-2.670059204101562500e-01 1.137842237949371338e-01 -1.684758514165878296e-01
-2.225623875856399536e-01 1.260486841201782227e-01 -1.750343739986419678e-01
-9.687720239162445068e-02 8.073718287050724030e-03 -8.993432670831680298e-02
-7.509701699018478394e-02 -1.610924899578094482e-01 2.359113277634605765e-04
-1.567093580961227417e-01 -7.272797077894210815e-02 3.729733824729919434e-02
-1.066838055849075317e-01 -1.299485415220260620e-01 8.255746960639953613e-02
-1.020330861210823059e-01 -1.287942007184028625e-02 8.261113427579402924e-03
-7.432860322296619415e-03 2.030718326568603516e-01 -5.147727951407432556e-02
1.288769841194152832e-01 2.040961831808090210e-01 -1.709487736225128174e-01
1.062279790639877319e-01 2.709138207137584686e-02 -9.777789562940597534e-02
4.749238491058349609e-02 -1.921035051345825195e-01 -4.249384254217147827e-02
-5.515593662858009338e-02 -1.708711832761764526e-01 4.462276026606559753e-02
-1.764362901449203491e-01 2.955253981053829193e-02 8.843776583671569824e-02
7.811047136783599854e-02 2.405350953340530396e-01 -3.349744528532028198e-02
1.344500333070755005e-01 1.043466702103614807e-01 -4.874468222260475159e-02
1.171485558152198792e-01 -7.262661308050155640e-02 -1.439961232244968414e-02
1.159287467598915100e-01 -5.601312965154647827e-02 -3.970911353826522827e-02
-1.977392584085464478e-01 6.517804414033889771e-02 1.967117190361022949e-02
-1.236065402626991272e-01 1.282975077629089355e-01 8.170051127672195435e-02
3.785300999879837036e-02 -1.266928464174270630e-01 4.392478615045547485e-02
1.203706339001655579e-01 -4.039964079856872559e-01 -9.156697988510131836e-02
1.698379218578338623e-01 -4.806041717529296875e-01 -4.093339145183563232e-01
3.621633723378181458e-02 -4.593335986137390137e-01 -5.598852634429931641e-01
-1.182236075401306152e-01 -3.277117311954498291e-01 -5.493682622909545898e-01
-5.057446658611297607e-02 -1.778922080993652344e-01 -3.990650773048400879e-01
1.235751807689666748e-01 -1.826339960098266602e-02 -1.521234214305877686e-01
-8.546877652406692505e-02 7.405130565166473389e-02 1.738266050815582275e-01
-2.533565759658813477e-01 1.059001162648200989e-01 4.153180122375488281e-01
-3.304200470447540283e-01 1.150196567177772522e-01 4.468045532703399658e-01
-1.834977418184280396e-01 1.381221115589141846e-01 3.825401365756988525e-01
1.921996474266052246e-01 1.959691792726516724e-01 1.543117165565490723e-01
2.715408205986022949e-01 3.001989722251892090e-01 -4.950368031859397888e-02
2.351335585117340088e-01 2.475702464580535889e-01 -2.745682895183563232e-01
1.180786341428756714e-01 8.509346842765808105e-02 -3.009167909622192383e-01
-1.445253845304250717e-02 -1.310491710901260376e-01 -3.525403439998626709e-01
-9.796739369630813599e-02 -3.499936759471893311e-01 -3.486827909946441650e-01
-8.497140556573867798e-02 -3.085382580757141113e-01 -1.468995660543441772e-01
-1.567034721374511719e-01 -2.698470950126647949e-01 -1.947289146482944489e-02
-1.833502650260925293e-01 -2.622089087963104248e-01 1.567521989345550537e-01
-2.650661468505859375e-01 -1.426313668489456177e-01 2.618806660175323486e-01
-2.538099288940429688e-01 5.862484499812126160e-02 3.658201396465301514e-01
-8.060985803604125977e-02 3.162257373332977295e-01 4.659072756767272949e-01
-5.326046422123908997e-02 4.594031274318695068e-01 4.487562477588653564e-01
3.331049531698226929e-02 3.906843662261962891e-01 2.793049812316894531e-01
-3.098318912088871002e-02 3.761261701583862305e-01 1.687650084495544434e-01
1.082268878817558289e-01 3.109506368637084961e-01 7.221233099699020386e-02
3.020187914371490479e-01 1.964814215898513794e-01 -3.405030816793441772e-02
1.920344531536102295e-01 -1.301715821027755737e-01 -2.302768975496292114e-01
7.974124699831008911e-02 -3.714584112167358398e-01 -3.783295154571533203e-01
-2.753380872309207916e-02 -4.090133011341094971e-01 -3.900576531887054443e-01
-2.119503915309906006e-02 -3.595982491970062256e-01 -3.455374538898468018e-01
8.938495069742202759e-02 -1.484951823949813843e-01 -2.255799323320388794e-01
-6.241808086633682251e-02 -9.445866942405700684e-02 -1.622242629528045654e-01
-7.611320912837982178e-02 1.742787100374698639e-02 -9.638724476099014282e-02
3.123783320188522339e-02 1.075445786118507385e-01 4.687681794166564941e-02
1.582357436418533325e-01 1.006503477692604065e-01 2.586874663829803467e-01
3.190217614173889160e-01 4.638917371630668640e-02 4.167815446853637695e-01
2.952777743339538574e-01 2.152400463819503784e-02 3.999170958995819092e-01
4.741039127111434937e-02 -1.411637105047702789e-02 2.536880373954772949e-01
8.321082592010498047e-02 1.271077804267406464e-02 1.998435705900192261e-01
2.131366133689880371e-01 4.003315418958663940e-02 1.316129714250564575e-01
1.989289075136184692e-01 -1.418135166168212891e-01 1.556805074214935303e-01
1.300366073846817017e-01 -5.682982504367828369e-02 2.429072558879852295e-01
-2.127154022455215454e-01 -1.784461783245205879e-03 1.594164818525314331e-01
-2.998602688312530518e-01 1.077833399176597595e-01 1.670245975255966187e-01
-8.763775974512100220e-02 2.462752461433410645e-01 8.798424154520034790e-02
9.824567288160324097e-02 1.536703407764434814e-01 6.681632250547409058e-02
8.413448929786682129e-02 3.311676979064941406e-01 2.755438685417175293e-01
1.151819806545972824e-02 3.988058865070343018e-01 1.985867768526077271e-01
3.150161355733871460e-02 3.819434940814971924e-01 1.038052067160606384e-01
1.915625482797622681e-01 1.649258285760879517e-01 -1.389089077711105347e-01
3.723342120647430420e-01 8.460423350334167480e-02 -3.164148628711700439e-01
4.172673225402832031e-01 -2.004156075417995453e-02 -1.595193594694137573e-01
4.085086882114410400e-01 6.731614936143159866e-03 -1.171535849571228027e-01
3.512733280658721924e-01 6.129157915711402893e-02 -1.455299407243728638e-01
1.967052221298217773e-01 3.540484234690666199e-02 -1.623664349317550659e-01
5.014863982796669006e-02 1.865322887897491455e-01 -1.253358423709869385e-01
-4.949650168418884277e-02 7.280761003494262695e-02 -3.694429295137524605e-03
2.614641003310680389e-02 -6.893810816109180450e-03 1.344883590936660767e-01
1.269205063581466675e-01 -6.666333973407745361e-02 1.314939409494400024e-01
1.256312131881713867e-01 -1.050213798880577087e-01 -1.927626691758632660e-02
1.585670709609985352e-01 -1.435044705867767334e-01 -1.047009229660034180e-01
1.108998507261276245e-01 -1.067060977220535278e-01 -1.334596425294876099e-01
8.503620512783527374e-03 -3.083691373467445374e-02 -3.815397247672080994e-02
-1.844649314880371094e-01 1.158864945173263550e-01 1.021693795919418335e-01
-3.130527436733245850e-01 1.249359846115112305e-01 4.895153641700744629e-02
-4.171493649482727051e-01 1.192648336291313171e-01 -5.396189913153648376e-02
-4.463922083377838135e-01 1.684958934783935547e-01 -1.527677327394485474e-01
-3.796690106391906738e-01 -6.796354682592209429e-06 -2.767948210239410400e-01
-3.439922928810119629e-01 3.725464269518852234e-02 -2.617996633052825928e-01
-1.662459969520568848e-01 -2.306095510721206665e-02 -2.822382450103759766e-01
-3.837909549474716187e-02 1.205236837267875671e-01 -1.390077471733093262e-01
1.294506490230560303e-01 2.270165830850601196e-01 6.465637683868408203e-02
2.027174383401870728e-01 1.195272803306579590e-01 7.073244452476501465e-02
1.334359347820281982e-01 5.554842576384544373e-02 6.923138629645109177e-03
-2.406338928267359734e-03 2.680520154535770416e-02 -1.056484133005142212e-01
-5.371607467532157898e-02 -1.205422356724739075e-02 -1.263588964939117432e-01
1.932387799024581909e-02 -1.318570822477340698e-01 -7.982692122459411621e-02
3.074967861175537109e-02 -1.957536041736602783e-01 3.912880271673202515e-02
1.865072175860404968e-02 -1.786072701215744019e-01 2.177183143794536591e-02
-1.064215153455734253e-01 -6.005364656448364258e-02 -7.660148292779922485e-02
-1.872396767139434814e-01 9.593261033296585083e-02 1.727247051894664764e-02
-8.337026834487915039e-02 1.279680281877517700e-01 1.752646453678607941e-02
5.581769347190856934e-02 -5.618655122816562653e-03 4.472515359520912170e-02
8.185556530952453613e-02 2.237031422555446625e-02 -2.592813456431031227e-03
1.023422554135322571e-01 -9.490869008004665375e-03 -4.138195142149925232e-02
2.612849883735179901e-02 7.397700101137161255e-02 -2.572341263294219971e-02
-1.453698575496673584e-01 1.710668355226516724e-01 -1.219041738659143448e-02
-2.352763563394546509e-01 4.378375038504600525e-02 -2.551856078207492828e-02
-3.591123819351196289e-01 3.466345369815826416e-02 -4.353068396449089050e-02
-2.317751348018646240e-01 2.177003398537635803e-02 2.046937867999076843e-02
-4.377060011029243469e-02 1.180941052734851837e-02 -5.832413583993911743e-02
1.135639939457178116e-02 1.102519556879997253e-01 -1.808713749051094055e-02
8.739171177148818970e-02 3.592159599065780640e-02 -6.017925590276718140e-02
-9.336808323860168457e-02 1.629078201949596405e-02 4.816682636737823486e-02
-9.700615704059600830e-02 -1.241231919266283512e-03 1.283015012741088867e-01
-8.932156860828399658e-02 -1.881322078406810760e-02 8.769669383764266968e-02
