3.156201514349775139e-01
0.000000000000000000e+00
0.000000000000000000e+00
0.000000000000000000e+00
0.000000000000000000e+00
2.466651226196401800e-02
1.729718407896943880e-02
0.000000000000000000e+00
0.000000000000000000e+00
0.000000000000000000e+00
0.000000000000000000e+00
8.299090365510852774e-02
4.088826605542793258e-02
0.000000000000000000e+00
0.000000000000000000e+00
0.000000000000000000e+00
1.335759748426888216e-01
2.493524339630263931e-01
4.583639601964061283e-01
5.784783190099833661e-01
5.239747695670627925e-01
2.986788552080458237e-01
0.000000000000000000e+00
0.000000000000000000e+00
0.000000000000000000e+00
0.000000000000000000e+00
0.000000000000000000e+00
0.000000000000000000e+00
0.000000000000000000e+00
0.000000000000000000e+00
0.000000000000000000e+00
0.000000000000000000e+00
0.000000000000000000e+00
0.000000000000000000e+00
2.846242814708678792e-01
5.409875663080624397e-01
4.930625039403885301e-01
2.512461243889054230e-01
0.000000000000000000e+00
0.000000000000000000e+00
0.000000000000000000e+00
0.000000000000000000e+00
0.000000000000000000e+00
1.770772029967727645e-01
3.343401058185290764e-01
3.491767808365494608e-01
1.575276772398661596e-01
0.000000000000000000e+00
0.000000000000000000e+00
0.000000000000000000e+00
0.000000000000000000e+00
1.411591498193074008e-02
1.614230029946788769e-01
3.280627046314945616e-01
3.539875648968249244e-01
1.753802571347000683e-01
0.000000000000000000e+00
0.000000000000000000e+00
0.000000000000000000e+00
0.000000000000000000e+00
0.000000000000000000e+00
0.000000000000000000e+00
2.458854959274145695e-03
7.114606370897323640e-05
0.000000000000000000e+00
0.000000000000000000e+00
0.000000000000000000e+00
0.000000000000000000e+00
0.000000000000000000e+00
0.000000000000000000e+00
6.275499626497933747e-02
1.389372843083414855e-01
1.465242811131355904e-01
8.485629220441244513e-02
3.786338505146963351e-02
0.000000000000000000e+00
0.000000000000000000e+00
0.000000000000000000e+00
7.994476875740633148e-03
2.317264512288941605e-02
3.674690580425919034e-02
3.303385450554486430e-02
2.041221854713357736e-02
7.468367520781535145e-03
0.000000000000000000e+00
5.376289916238464681e-03
6.896960722732159432e-03
1.936224468948858322e-03
0.000000000000000000e+00
0.000000000000000000e+00
0.000000000000000000e+00
0.000000000000000000e+00
0.000000000000000000e+00
0.000000000000000000e+00
0.000000000000000000e+00
0.000000000000000000e+00
0.000000000000000000e+00
0.000000000000000000e+00
0.000000000000000000e+00
0.000000000000000000e+00
0.000000000000000000e+00
0.000000000000000000e+00
3.460798627200631361e-01
5.956596109493784708e-01
5.214485690395946893e-01
2.655958239971491497e-01
0.000000000000000000e+00
0.000000000000000000e+00
0.000000000000000000e+00
0.000000000000000000e+00
0.000000000000000000e+00
0.000000000000000000e+00
3.206122696733158528e-01
6.061574263044372524e-01
6.512433806805716374e-01
3.218643327467070048e-01
0.000000000000000000e+00
0.000000000000000000e+00
0.000000000000000000e+00
0.000000000000000000e+00
1.876955117821760971e-02
0.000000000000000000e+00
0.000000000000000000e+00
0.000000000000000000e+00
0.000000000000000000e+00
0.000000000000000000e+00
0.000000000000000000e+00
0.000000000000000000e+00
0.000000000000000000e+00
0.000000000000000000e+00
0.000000000000000000e+00
0.000000000000000000e+00
2.712661107944259759e-04
2.205849605859408827e-03
6.124869382581370680e-04
2.583998909605672144e-03
7.260587407606195962e-03
2.349242826753427868e-02
4.032600112288560468e-02
4.712842862211591433e-02
4.496112221084078847e-02
3.074234278099979151e-02
0.000000000000000000e+00
0.000000000000000000e+00
0.000000000000000000e+00
6.661998205365321502e-02
1.426472210386242057e-01
1.303447906020506752e-01
2.525377414967932763e-02
0.000000000000000000e+00
0.000000000000000000e+00
0.000000000000000000e+00
1.320171694441079485e-02
2.083459537899785483e-02
4.915980332074695348e-03
8.573432153655767118e-04
0.000000000000000000e+00
0.000000000000000000e+00
0.000000000000000000e+00
0.000000000000000000e+00
0.000000000000000000e+00
0.000000000000000000e+00
0.000000000000000000e+00
2.683591550966794581e-01
4.573818996839189577e-01
3.974118166069903757e-01
1.942449798752604040e-01
0.000000000000000000e+00
0.000000000000000000e+00
0.000000000000000000e+00
0.000000000000000000e+00
0.000000000000000000e+00
0.000000000000000000e+00
0.000000000000000000e+00
0.000000000000000000e+00
0.000000000000000000e+00
0.000000000000000000e+00
0.000000000000000000e+00
0.000000000000000000e+00
0.000000000000000000e+00
0.000000000000000000e+00
0.000000000000000000e+00
0.000000000000000000e+00
0.000000000000000000e+00
0.000000000000000000e+00
0.000000000000000000e+00
