3.229767084121704102e-01 -3.977799713611602783e-01 2.476319670677185059e-01
2.758973240852355957e-01 -3.706261217594146729e-01 2.188762426376342773e-01
2.844526171684265137e-01 -3.708656430244445801e-01 2.245979607105255127e-01
3.045096099376678467e-01 -3.532207012176513672e-01 2.501941323280334473e-01
3.151285648345947266e-01 -2.983390986919403076e-01 2.529079020023345947e-01
3.577475249767303467e-01 -2.710599899291992188e-01 1.678812205791473389e-01
3.414987325668334961e-01 -3.008280992507934570e-01 1.610993295907974243e-01
3.471163511276245117e-01 -2.938718497753143311e-01 1.801632344722747803e-01
4.024994373321533203e-01 -3.542558550834655762e-01 1.341280192136764526e-01
4.571260213851928711e-01 -4.228587150573730469e-01 1.034407541155815125e-01
4.439627230167388916e-01 -4.896429777145385742e-01 7.038339972496032715e-02
2.807105183601379395e-01 -5.302799940109252930e-01 1.247990429401397705e-01
-2.424794621765613556e-02 -6.136620640754699707e-01 1.901432573795318604e-01
-1.489087343215942383e-01 -5.928512215614318848e-01 1.557841598987579346e-01
-1.824650913476943970e-01 -5.121557116508483887e-01 8.495612442493438721e-02
-1.683580726385116577e-01 -4.754809737205505371e-01 -4.386417195200920105e-02
-2.237911373376846313e-01 -4.065519571304321289e-01 -1.626610606908798218e-01
-2.057962119579315186e-01 -3.823777735233306885e-01 -3.078157603740692139e-01
-1.570186465978622437e-01 7.011511176824569702e-02 -1.824718564748764038e-01
-4.498235881328582764e-02 1.588529497385025024e-01 -9.316620230674743652e-02
-9.832246601581573486e-02 1.618061959743499756e-01 1.262091845273971558e-01
-3.067945502698421478e-02 2.209517955780029297e-01 2.218456864356994629e-01
1.971716433763504028e-02 5.805017054080963135e-02 2.607184350490570068e-01
1.264852881431579590e-01 -1.112203858792781830e-02 1.933426260948181152e-01
1.520746052265167236e-01 -1.183146424591541290e-02 1.627157330513000488e-01
1.080673858523368835e-01 -2.318619377911090851e-02 1.151505038142204285e-01
5.729562416672706604e-02 5.504739284515380859e-02 1.032310575246810913e-01
4.812007769942283630e-02 1.019969806075096130e-01 1.214817985892295837e-01
1.018424704670906067e-01 1.126126572489738464e-01 9.999220073223114014e-02
1.083266586065292358e-01 3.026953637599945068e-01 4.813900589942932129e-02
1.627791970968246460e-01 3.550567924976348877e-01 -9.781935811042785645e-02
2.435069084167480469e-01 2.557842433452606201e-01 -3.162462711334228516e-01
3.384599685668945312e-01 1.921688914299011230e-01 -5.218548774719238281e-01
4.402510821819305420e-01 1.922125071287155151e-01 -5.735902190208435059e-01
3.624832034111022949e-01 2.636695206165313721e-01 -6.006935834884643555e-01
4.299955070018768311e-01 2.758257687091827393e-01 -6.117800474166870117e-01
4.153664410114288330e-01 2.379174679517745972e-01 -6.365725994110107422e-01
4.742414355278015137e-01 2.808964550495147705e-01 -6.314769387245178223e-01
5.323352217674255371e-01 3.058756589889526367e-01 -5.392215847969055176e-01
4.876470267772674561e-01 4.295808374881744385e-01 -5.645747184753417969e-01
4.340060055255889893e-01 3.553121685981750488e-01 -5.818433761596679688e-01
4.491196572780609131e-01 3.530694842338562012e-01 -5.530369877815246582e-01
4.484084546566009521e-01 3.198539912700653076e-01 -5.511777400970458984e-01
4.252327680587768555e-01 3.870217204093933105e-01 -5.550120472908020020e-01
3.918509185314178467e-01 3.508185744285583496e-01 -5.301125645637512207e-01
3.971597552299499512e-01 4.797149002552032471e-01 -3.599788546562194824e-01
2.798315286636352539e-01 5.217418670654296875e-01 -4.604803398251533508e-02
1.644555181264877319e-01 5.468928813934326172e-01 3.852733224630355835e-02
1.029551476240158081e-01 5.093321204185485840e-01 8.766554296016693115e-02
1.530721783638000488e-01 5.305262804031372070e-01 6.728879362344741821e-02
1.554240137338638306e-01 5.255063772201538086e-01 4.725040867924690247e-02
1.536266356706619263e-01 5.557020902633666992e-01 3.936682641506195068e-02
2.067540436983108521e-01 4.985453188419342041e-01 7.394401729106903076e-02
2.111997902393341064e-01 4.354962408542633057e-01 1.629121229052543640e-02
8.040300011634826660e-02 1.875318288803100586e-01 8.333739638328552246e-02
-2.213647514581680298e-01 1.822364777326583862e-01 2.217761278152465820e-01
-1.504628956317901611e-01 1.633907407522201538e-01 3.057970106601715088e-01
-9.898260235786437988e-02 1.464602202177047729e-01 3.570099174976348877e-01
-1.855847686529159546e-01 1.121758073568344116e-01 3.524436652660369873e-01
-1.828438937664031982e-01 1.126750856637954712e-01 3.467344939708709717e-01
-1.191862300038337708e-01 9.311985969543457031e-02 3.722500205039978027e-01
-1.512434449978172779e-03 1.261182725429534912e-01 2.848562598228454590e-01
-3.896775469183921814e-02 1.513886898756027222e-01 2.498968541622161865e-01
3.592000808566808701e-03 1.522728651762008667e-01 2.474644482135772705e-01
3.870226442813873291e-02 6.591893732547760010e-02 2.522506713867187500e-01
2.777943853288888931e-03 5.288764089345932007e-02 2.387098222970962524e-01
6.595736742019653320e-02 8.560088276863098145e-02 1.613725274801254272e-01
1.620192378759384155e-01 1.498224735260009766e-01 1.220440939068794250e-01
1.703177690505981445e-01 1.861104965209960938e-01 5.406388640403747559e-02
1.865167319774627686e-01 -8.750963956117630005e-02 -7.104475796222686768e-02
-2.500522648915648460e-03 3.264009952545166016e-02 2.237026840448379517e-01
4.900379180908203125e-01 -2.495044469833374023e-01 1.955382227897644043e-01
5.678841471672058105e-01 -2.982656359672546387e-01 2.660154700279235840e-01
5.018813014030456543e-01 -2.689962983131408691e-01 3.550835847854614258e-01
4.964810013771057129e-01 -2.079570740461349487e-01 2.983805537223815918e-01
4.973236918449401855e-01 -1.312612295150756836e-01 2.940718233585357666e-01
4.225534200668334961e-01 -1.652723997831344604e-01 3.213531970977783203e-01
3.261763155460357666e-01 -1.542759686708450317e-01 3.506681621074676514e-01
2.536925971508026123e-01 -1.634568721055984497e-01 3.412163555622100830e-01
1.993622034788131714e-01 -1.755785495042800903e-01 3.142841160297393799e-01
-1.662573032081127167e-02 2.371246181428432465e-02 3.922466635704040527e-01
3.324764221906661987e-02 1.920435875654220581e-01 3.142066895961761475e-01
6.841513514518737793e-02 3.743337392807006836e-01 1.709348112344741821e-01
1.179302036762237549e-01 5.050056576728820801e-01 8.117342740297317505e-02
1.151694506406784058e-01 6.183943748474121094e-01 1.503811683505773544e-02
1.717986762523651123e-01 5.632852315902709961e-01 -4.382042214274406433e-02
2.825531959533691406e-01 5.171859264373779297e-01 -8.750748634338378906e-02
3.575276434421539307e-01 4.865394830703735352e-01 -6.981015950441360474e-02
4.440734386444091797e-01 4.457349181175231934e-01 -1.173156127333641052e-01
5.441257357597351074e-01 3.899395465850830078e-01 -2.050331383943557739e-01
5.661250352859497070e-01 3.351023197174072266e-01 -2.492459863424301147e-01
4.977530539035797119e-01 4.562459290027618408e-01 -1.899646073579788208e-01
5.275935530662536621e-01 4.192885458469390869e-01 -1.992080062627792358e-01
5.160956978797912598e-01 4.622144103050231934e-01 -1.720307469367980957e-01
4.802172780036926270e-01 4.310029149055480957e-01 -1.681564748287200928e-01
4.806889295578002930e-01 4.658537805080413818e-01 -1.362147629261016846e-01
4.677357077598571777e-01 4.916039407253265381e-01 -1.430897712707519531e-01
4.778718054294586182e-01 4.846203923225402832e-01 -2.171947062015533447e-01
4.697950780391693115e-01 4.423945248126983643e-01 -2.604953944683074951e-01
4.984020590782165527e-01 3.895353674888610840e-01 -3.435032069683074951e-01
4.975061714649200439e-01 3.767362534999847412e-01 -4.829493463039398193e-01
4.700346589088439941e-01 4.166510403156280518e-01 -5.589094161987304688e-01
4.676088690757751465e-01 3.189174234867095947e-01 -5.647207498550415039e-01
3.377291858196258545e-01 3.871138393878936768e-01 -6.042135953903198242e-01
3.589185774326324463e-01 4.043720960617065430e-01 -6.143108010292053223e-01
4.325151443481445312e-01 3.422082662582397461e-01 -4.747812747955322266e-01
4.211814105510711670e-01 3.711845576763153076e-01 -5.527869462966918945e-01
4.461236596107482910e-01 3.303356766700744629e-01 -5.704438090324401855e-01
4.614665210247039795e-01 2.862134277820587158e-01 -5.966938734054565430e-01
4.524765908718109131e-01 3.441531658172607422e-01 -6.202127933502197266e-01
4.381187260150909424e-01 3.778043687343597412e-01 -6.075899004936218262e-01
3.997750282287597656e-01 4.164951145648956299e-01 -6.093003749847412109e-01
4.300172626972198486e-01 3.769668936729431152e-01 -5.535595417022705078e-01
4.182164072990417480e-01 3.922285437583923340e-01 -5.600917935371398926e-01
4.172047674655914307e-01 3.943561315536499023e-01 -5.472128391265869141e-01
4.641243815422058105e-01 5.450640320777893066e-01 -4.345180988311767578e-01
5.026976466178894043e-01 4.787857830524444580e-01 -2.908452153205871582e-01
4.288766682147979736e-01 4.762182533740997314e-01 -2.036389708518981934e-01
3.492639958858489990e-01 4.780964851379394531e-01 -1.254654675722122192e-01
3.529952466487884521e-01 4.804162383079528809e-01 -1.242753639817237854e-01
3.478792309761047363e-01 4.397233426570892334e-01 -1.059615388512611389e-01
4.016443192958831787e-01 3.935894668102264404e-01 -1.494989246129989624e-01
3.831834495067596436e-01 3.838106691837310791e-01 -1.438883095979690552e-01
3.696113228797912598e-01 4.043698012828826904e-01 -1.303979605436325073e-01
4.132880866527557373e-01 3.870853781700134277e-01 -1.432380974292755127e-01
4.300016164779663086e-01 3.552879095077514648e-01 -1.446385532617568970e-01
4.250311553478240967e-01 3.304920494556427002e-01 -1.711432635784149170e-01
4.258172214031219482e-01 3.174937069416046143e-01 -1.947558224201202393e-01
4.082565903663635254e-01 3.376344740390777588e-01 -2.177800983190536499e-01
3.710658252239227295e-01 3.607970774173736572e-01 -2.186008393764495850e-01
4.228982627391815186e-01 3.348629176616668701e-01 -2.149137705564498901e-01
4.434008896350860596e-01 4.190099239349365234e-01 -3.241439461708068848e-01
4.326011538505554199e-01 4.529456496238708496e-01 -2.861879169940948486e-01
4.525528252124786377e-01 4.557997882366180420e-01 -2.930767536163330078e-01
4.733278453350067139e-01 4.402759373188018799e-01 -1.991194784641265869e-01
4.571793973445892334e-01 4.351419806480407715e-01 -2.019757628440856934e-01
4.696546196937561035e-01 4.479328691959381104e-01 -2.106583714485168457e-01
4.426937103271484375e-01 4.211346805095672607e-01 -2.086667567491531372e-01
4.357439875602722168e-01 4.713028073310852051e-01 -1.666806340217590332e-01
4.353917837142944336e-01 4.563563466072082520e-01 -1.633283793926239014e-01
4.333611726760864258e-01 4.456611871719360352e-01 -1.074666678905487061e-01
4.569087922573089600e-01 4.334014654159545898e-01 -1.719764918088912964e-01
3.906796574592590332e-01 4.261306822299957275e-01 -1.457466930150985718e-01
4.202947914600372314e-01 4.372405707836151123e-01 -1.521393954753875732e-01
4.666311144828796387e-01 4.376816749572753906e-01 -1.602638959884643555e-01
1.637049317359924316e-01 3.620339035987854004e-01 -1.034147590398788452e-01
3.638702258467674255e-02 4.129962027072906494e-01 -1.323062777519226074e-01
5.618672817945480347e-02 5.635264515876770020e-01 -4.370253905653953552e-02
6.558987498283386230e-02 6.154185533523559570e-01 3.838555514812469482e-02
1.139618158340454102e-01 6.393795609474182129e-01 2.933466993272304535e-02
1.526011973619461060e-01 6.464706063270568848e-01 3.387256339192390442e-02
1.630151718854904175e-01 6.498130559921264648e-01 2.672641538083553314e-02
1.525338441133499146e-01 6.460471153259277344e-01 4.235892370343208313e-02
1.775958240032196045e-01 6.572960019111633301e-01 7.547128200531005859e-02
1.690162122249603271e-01 6.884939670562744141e-01 1.039724722504615784e-01
1.553563028573989868e-01 6.815218329429626465e-01 1.072691008448600769e-01
1.298684030771255493e-01 6.910100579261779785e-01 6.570316106081008911e-02
1.084580942988395691e-01 6.945558190345764160e-01 2.040608786046504974e-02
4.178223758935928345e-02 6.818525791168212891e-01 9.309417009353637695e-02
-8.311464451253414154e-03 6.697067618370056152e-01 6.169413682073354721e-03
7.062069326639175415e-02 5.909582376480102539e-01 -6.035285815596580505e-02
1.658019721508026123e-01 5.131695270538330078e-01 -2.405044585466384888e-01
4.243310540914535522e-02 4.461072087287902832e-01 -4.532829523086547852e-01
1.348913908004760742e-01 3.567948341369628906e-01 -5.259856581687927246e-01
7.920562475919723511e-02 2.742982804775238037e-01 -5.544970631599426270e-01
8.198745548725128174e-02 2.942379713058471680e-01 -5.597472190856933594e-01
2.549434825778007507e-02 2.459255754947662354e-01 -6.251841187477111816e-01
-9.570742957293987274e-03 1.677823960781097412e-01 -6.592025160789489746e-01
4.042078927159309387e-02 1.798556894063949585e-01 -6.436733603477478027e-01
3.584319725632667542e-02 2.539827823638916016e-01 -6.280424594879150391e-01
-1.219463301822543144e-03 2.532058954238891602e-01 -6.118820309638977051e-01
4.481630027294158936e-02 1.486966907978057861e-01 -6.842898130416870117e-01
-2.373226918280124664e-02 1.447961479425430298e-01 -6.896296143531799316e-01
5.920730065554380417e-03 2.153143286705017090e-01 -6.457329988479614258e-01
3.469221666455268860e-02 1.987780183553695679e-01 -6.531988978385925293e-01
9.590063989162445068e-02 1.615648567676544189e-01 -6.365987658500671387e-01
5.379373580217361450e-02 1.144669279456138611e-01 -7.258406877517700195e-01
1.089681386947631836e-01 1.759909391403198242e-01 -7.087680101394653320e-01
1.312501132488250732e-01 1.609047204256057739e-01 -7.035966515541076660e-01
1.380588710308074951e-01 1.937784701585769653e-01 -7.271642088890075684e-01
1.699004173278808594e-01 1.942230463027954102e-01 -7.125048041343688965e-01
2.231739014387130737e-01 2.245614975690841675e-01 -7.304720878601074219e-01
2.021939754486083984e-01 2.217964231967926025e-01 -7.515934705734252930e-01
2.568918466567993164e-01 1.887711733579635620e-01 -7.152573466300964355e-01
3.221790194511413574e-01 2.409777045249938965e-01 -7.485717535018920898e-01
3.259710371494293213e-01 1.472486406564712524e-01 -7.052977085113525391e-01
