-6.962686032056808472e-02 -1.700567901134490967e-01 -3.964193165302276611e-03
-2.869494818150997162e-02 -2.855090796947479248e-01 2.811438404023647308e-02
1.580431684851646423e-02 -2.908318936824798584e-01 4.375234618782997131e-02
6.784487515687942505e-02 -1.325559467077255249e-01 4.005369544029235840e-02
1.714638024568557739e-01 6.010361015796661377e-02 4.686995595693588257e-02
2.386846989393234253e-01 1.194698065519332886e-01 6.583121418952941895e-02
3.575692772865295410e-01 -8.916811086237430573e-03 1.032802462577819824e-01
2.716731131076812744e-01 -2.065562456846237183e-01 1.070838421583175659e-02
-1.595742702484130859e-01 -2.322596907615661621e-01 -2.205595523118972778e-01
-4.801248610019683838e-01 -1.780997067689895630e-01 -3.144704997539520264e-01
-5.883394479751586914e-01 1.043896377086639404e-02 -1.991303861141204834e-01
-4.042029082775115967e-01 2.172160148620605469e-01 1.065905764698982239e-01
1.113049760460853577e-01 3.220675885677337646e-01 3.547859787940979004e-01
4.054253995418548584e-01 3.955816328525543213e-01 3.454815745353698730e-01
4.338489174842834473e-01 3.108690679073333740e-01 2.650530040264129639e-01
1.301966011524200439e-01 1.777758449316024780e-01 1.065962389111518860e-01
-1.385094523429870605e-01 8.477553725242614746e-02 -1.028745621442794800e-01
-2.057014703750610352e-01 -1.402543508447706699e-03 -3.220275342464447021e-01
-1.909387111663818359e-02 -1.659068465232849121e-01 -4.630997776985168457e-01
1.859951168298721313e-01 -3.096492886543273926e-01 -3.201065957546234131e-01
2.530911564826965332e-01 -4.004534184932708740e-01 1.111224666237831116e-02
1.970749497413635254e-01 -3.225598037242889404e-01 2.701522707939147949e-01
6.259227544069290161e-02 3.703388199210166931e-02 3.268898129463195801e-01
-6.361915916204452515e-02 3.246619999408721924e-01 1.710761487483978271e-01
-1.216606795787811279e-01 4.356405436992645264e-01 -2.205708064138889313e-02
-2.148402184247970581e-01 3.572242259979248047e-01 -1.042146384716033936e-01
-2.402119785547256470e-01 1.442326903343200684e-01 -3.354504704475402832e-02
-2.074620425701141357e-01 -1.101046875119209290e-01 1.499345749616622925e-01
-1.839384995400905609e-02 -2.925620079040527344e-01 2.142244428396224976e-01
2.351668775081634521e-01 -3.563382625579833984e-01 1.734510064125061035e-01
3.608557879924774170e-01 -2.629107832908630371e-01 -6.605146080255508423e-02
2.660154700279235840e-01 -3.269646316766738892e-02 -2.294089645147323608e-01
-2.433458343148231506e-02 8.338595181703567505e-02 -2.039344161748886108e-01
-1.680529117584228516e-01 1.359716206789016724e-01 -3.204856812953948975e-02
-1.553824096918106079e-01 1.603434607386589050e-02 1.360661387443542480e-01
-1.437424868345260620e-01 -2.905492112040519714e-02 7.260221242904663086e-02
-1.345590800046920776e-01 8.775909431278705597e-03 -1.153052672743797302e-01
-9.256815165281295776e-02 -7.252065115608274937e-04 -2.862532436847686768e-01
3.881083056330680847e-02 2.175438031554222107e-02 -1.838141828775405884e-01
1.712486743927001953e-01 -6.170454248785972595e-02 1.406915718689560890e-03
1.107283905148506165e-01 -8.656803518533706665e-02 1.216331720352172852e-01
-1.758362799882888794e-01 -4.138300567865371704e-02 1.621835082769393921e-01
-4.856736063957214355e-01 1.286244094371795654e-01 5.502925068140029907e-02
-6.069877743721008301e-01 2.312033623456954956e-01 4.331304505467414856e-02
-5.464205741882324219e-01 2.313490658998489380e-01 3.292997926473617554e-02
-6.593950092792510986e-02 6.371125578880310059e-02 -4.288618639111518860e-02
5.050603747367858887e-01 -1.784296035766601562e-01 -6.787328422069549561e-02
6.447001695632934570e-01 -1.985802054405212402e-01 -5.021280050277709961e-02
5.754073858261108398e-01 -1.957402974367141724e-01 -2.258367836475372314e-02
3.222825527191162109e-01 -1.388134509325027466e-01 7.168187946081161499e-02
1.519308388233184814e-01 -2.502470612525939941e-01 -6.587691605091094971e-03
8.173405379056930542e-02 -2.567473351955413818e-01 -2.077209800481796265e-01
-5.101585388183593750e-02 1.449941337341442704e-04 -3.235386610031127930e-01
-1.733530759811401367e-01 2.105393558740615845e-01 -3.041077852249145508e-01
-2.381343245506286621e-01 4.529460668563842773e-01 -1.459235418587923050e-02
-5.428515002131462097e-02 3.673231303691864014e-01 2.146096527576446533e-01
1.623820215463638306e-01 8.938024193048477173e-02 2.295600473880767822e-01
2.081830054521560669e-01 -6.055131927132606506e-02 1.951233297586441040e-01
8.815497905015945435e-02 -1.064616069197654724e-01 1.584611833095550537e-01
-9.777753800153732300e-02 4.744726791977882385e-02 2.268115580081939697e-01
-1.403155028820037842e-01 6.787244975566864014e-02 2.775349020957946777e-01
-1.324423998594284058e-01 -2.503276569768786430e-03 2.081853896379470825e-01
-8.654852211475372314e-02 -7.410545647144317627e-02 1.347283869981765747e-01
-3.078204952180385590e-02 -7.161188125610351562e-02 5.750201269984245300e-02
-9.305384010076522827e-02 -6.133813410997390747e-02 -4.323889315128326416e-02
-7.703100144863128662e-02 -2.336782962083816528e-01 -9.061560034751892090e-02
-1.148134618997573853e-01 -3.758792281150817871e-01 -2.017029076814651489e-01
-2.239974774420261383e-02 -3.615075349807739258e-01 -1.393915712833404541e-01
1.652143746614456177e-01 -1.849529147148132324e-01 -1.151126325130462646e-01
1.494909822940826416e-01 1.237282678484916687e-01 -1.902599781751632690e-01
1.770193129777908325e-01 2.235079556703567505e-01 -2.205032855272293091e-01
-6.227453052997589111e-02 2.448410540819168091e-01 -3.429836928844451904e-01
-2.124336808919906616e-01 2.792643606662750244e-01 -1.676368266344070435e-01
-1.331126391887664795e-01 2.529622912406921387e-01 3.871759772300720215e-02
-5.633525177836418152e-02 1.893215924501419067e-01 1.292963027954101562e-01
9.921435266733169556e-02 -6.331216543912887573e-02 2.093570381402969360e-01
3.100515529513359070e-02 -3.296116292476654053e-01 5.410672724246978760e-02
-1.431843787431716919e-01 -3.844079077243804932e-01 1.481294333934783936e-01
-3.133919537067413330e-01 -1.944789737462997437e-01 3.798258900642395020e-01
-2.829186320304870605e-01 1.717148572206497192e-01 5.005250573158264160e-01
-9.556999057531356812e-02 5.127341151237487793e-01 4.115785062313079834e-01
1.911548376083374023e-01 5.387282371520996094e-01 -7.576397061347961426e-02
3.991728127002716064e-01 2.587318420410156250e-01 -5.035454034805297852e-01
3.937282562255859375e-01 -1.546760499477386475e-01 -5.460141301155090332e-01
3.680986464023590088e-01 -4.842851161956787109e-01 -2.655346989631652832e-01
1.859619021415710449e-01 -4.562790393829345703e-01 2.293664813041687012e-01
1.450781431049108505e-02 -2.960720956325531006e-01 4.997457861900329590e-01
-9.292607754468917847e-02 -9.227373450994491577e-02 3.447420001029968262e-01
-2.017549425363540649e-01 1.334546208381652832e-01 -6.528989225625991821e-02
-2.294060587882995605e-01 2.507981359958648682e-01 -2.959359288215637207e-01
-2.751927375793457031e-01 2.965618669986724854e-01 -3.037427067756652832e-01
-2.477989941835403442e-01 1.407442986965179443e-01 -8.484794944524765015e-02
-1.884953528642654419e-01 -1.049700565636157990e-02 -1.208143588155508041e-02
-6.605257838964462280e-02 -1.106731817126274109e-01 -2.018605824559926987e-03
2.044737525284290314e-02 -1.276463419198989868e-01 -3.910541534423828125e-02
-3.185099456459283829e-03 -2.766171097755432129e-02 -1.022536903619766235e-01
2.376270014792680740e-03 1.505427411757409573e-03 -6.231643632054328918e-02
2.098851464688777924e-02 -2.867776434868574142e-03 -1.230975985527038574e-01
1.561102718114852905e-01 -2.117604389786720276e-02 -1.060349941253662109e-01
2.376685887575149536e-01 -1.039896830916404724e-01 -3.253697976469993591e-02
1.880609095096588135e-01 -1.394966691732406616e-01 2.143656648695468903e-02
1.107871811836957932e-02 -5.172919854521751404e-02 1.110356897115707397e-01
-1.053415760397911072e-01 1.791126094758510590e-02 1.687453389167785645e-01
-3.091644248343072832e-05 1.306919008493423462e-01 2.347158044576644897e-01
1.047740727663040161e-01 1.462255716323852539e-01 2.294556051492691040e-01
1.451472640037536621e-01 4.608977586030960083e-02 1.489096730947494507e-01
2.635644003748893738e-02 7.159513235092163086e-02 6.754976511001586914e-02
-1.113483905792236328e-01 6.848163157701492310e-02 -1.167560964822769165e-01
-1.513183712959289551e-01 5.693720281124114990e-02 -2.526998519897460938e-01
-1.585644632577896118e-01 -3.134735301136970520e-02 -2.580305635929107666e-01
-1.564003378152847290e-01 -2.260393947362899780e-01 -1.514799743890762329e-01
-2.823835313320159912e-01 -2.192994803190231323e-01 5.896395444869995117e-02
-2.979105114936828613e-01 -7.875937968492507935e-02 1.445247381925582886e-01
-1.510129123926162720e-01 1.279247552156448364e-01 1.634432971477508545e-01
6.235194951295852661e-02 2.665297389030456543e-01 1.950218230485916138e-01
3.576363623142242432e-01 2.030317187309265137e-01 2.008089870214462280e-01
3.376703262329101562e-01 1.445349771529436111e-02 1.163552775979042053e-01
1.508468985557556152e-01 -1.875190585851669312e-01 -4.817201569676399231e-02
8.735578507184982300e-03 -2.107539623975753784e-01 -1.464128494262695312e-01
-8.390697836875915527e-02 -7.149358838796615601e-02 -1.669358164072036743e-01
-1.062827743589878082e-02 9.401073306798934937e-02 -1.114294603466987610e-01
2.243779040873050690e-02 1.365907192230224609e-01 -9.687510877847671509e-02
2.061975002288818359e-02 3.802389651536941528e-02 -2.673323825001716614e-02
4.314911738038063049e-02 -1.165788918733596802e-01 8.737324923276901245e-02
5.934988707304000854e-02 -1.496771723031997681e-01 8.501338958740234375e-02
1.159378327429294586e-03 -4.186900705099105835e-02 5.361217539757490158e-03
-7.526938617229461670e-02 9.109199792146682739e-02 -1.195543929934501648e-01
-7.738202810287475586e-02 2.067443430423736572e-01 -1.452945768833160400e-01
-2.713120356202125549e-02 1.948025375604629517e-01 -4.741354286670684814e-02
8.479659259319305420e-02 9.871703386306762695e-02 6.338681280612945557e-02
5.353173241019248962e-02 -4.175882413983345032e-02 7.564731687307357788e-02
-9.080968797206878662e-02 -1.953242421150207520e-01 2.765136212110519409e-02
-1.169973909854888916e-01 -2.249266952276229858e-01 -2.528117969632148743e-02
-1.181814298033714294e-01 -1.772314459085464478e-01 -6.613846123218536377e-02
2.023292705416679382e-02 -5.394302308559417725e-02 -8.434860408306121826e-02
1.234554648399353027e-01 5.836329981684684753e-02 -1.329850405454635620e-01
8.318033069372177124e-02 8.855415880680084229e-02 -1.243040040135383606e-01
4.800260439515113831e-02 7.004366815090179443e-02 -9.748761542141437531e-03
-6.835339218378067017e-02 3.877301141619682312e-02 1.355530172586441040e-01
-5.628947168588638306e-02 3.788384050130844116e-02 1.587621569633483887e-01
5.072811990976333618e-02 7.514618337154388428e-02 2.150557003915309906e-02
5.489160493016242981e-02 6.430046632885932922e-03 -2.258043438196182251e-01
6.852045189589262009e-03 -8.252661675214767456e-02 -3.654136061668395996e-01
-1.656876057386398315e-01 6.433529406785964966e-02 -1.791109889745712280e-01
-2.825650870800018311e-01 3.319794535636901855e-01 1.742980033159255981e-01
-1.661056429147720337e-01 5.128197669982910156e-01 4.365676045417785645e-01
3.160677850246429443e-03 4.017371535301208496e-01 4.790996909141540527e-01
2.366530597209930420e-01 -7.786343246698379517e-02 1.414724439382553101e-01
3.058454096317291260e-01 -4.399339854717254639e-01 -1.761867851018905640e-01
2.198185026645660400e-01 -4.791752994060516357e-01 -2.986535429954528809e-01
7.374771684408187866e-02 -2.548736333847045898e-01 -2.110827267169952393e-01
-9.233504533767700195e-03 7.633063197135925293e-02 5.039061978459358215e-02
7.052455842494964600e-02 1.515313535928726196e-01 1.391540318727493286e-01
1.542501747608184814e-01 5.646456778049468994e-02 1.215565055608749390e-01
7.564973086118698120e-02 -1.495578289031982422e-01 -2.704288996756076813e-02
-1.398701220750808716e-01 -2.879335880279541016e-01 -1.829835921525955200e-01
-2.461106181144714355e-01 -2.548363804817199707e-01 -1.821683049201965332e-01
-8.458757400512695312e-02 -9.199754148721694946e-02 -9.731193073093891144e-03
1.831949055194854736e-01 2.848489768803119659e-02 1.291546076536178589e-01
2.974627315998077393e-01 3.817189857363700867e-02 1.188684776425361633e-01
2.803201973438262939e-01 3.625233098864555359e-02 -4.494034498929977417e-02
1.256018280982971191e-01 1.096818149089813232e-01 -2.164040654897689819e-01
4.678462445735931396e-02 2.258148938417434692e-01 -1.277497261762619019e-01
3.775531426072120667e-02 1.792815923690795898e-01 -4.706763196736574173e-03
-5.166742578148841858e-02 -8.163860999047756195e-03 1.302845627069473267e-01
-1.733510196208953857e-01 -1.309064328670501709e-01 1.572825908660888672e-01
-3.467379212379455566e-01 -9.769758582115173340e-02 4.022845625877380371e-02
-3.598866760730743408e-01 -1.536856405436992645e-02 6.275790184736251831e-02
-1.137847453355789185e-01 -1.810295134782791138e-02 4.382103681564331055e-02
8.449424058198928833e-02 -9.218941628932952881e-02 3.700328990817070007e-02
1.534531265497207642e-01 3.217990323901176453e-02 3.307333588600158691e-02
-4.031078144907951355e-02 1.408547759056091309e-01 -1.004854291677474976e-01
-1.035730317234992981e-01 1.289150863885879517e-01 -4.969132691621780396e-02
5.784259736537933350e-02 -5.435730889439582825e-02 -1.625010184943675995e-02
1.087273731827735901e-01 -2.431823760271072388e-01 5.533492565155029297e-02
1.303974539041519165e-01 -7.643766701221466064e-02 1.688718348741531372e-01
-6.536323577165603638e-02 1.254101991653442383e-01 9.871001541614532471e-02
-1.056323125958442688e-01 2.559061646461486816e-01 3.886277601122856140e-02
-5.648493394255638123e-02 1.236999779939651489e-01 -9.748099744319915771e-02
-2.216347306966781616e-02 -1.562271416187286377e-01 -1.712545752525329590e-01
8.090616762638092041e-02 -2.465345859527587891e-01 -2.951173670589923859e-02
9.262298047542572021e-02 -2.494453191757202148e-01 6.742143630981445312e-02
6.167874112725257874e-02 -9.805902838706970215e-02 1.219485998153686523e-01
-5.179756134748458862e-02 -4.348368383944034576e-03 9.135701693594455719e-03
-1.268477439880371094e-01 3.163912519812583923e-02 -1.206657513976097107e-01
-1.151961833238601685e-01 4.947324097156524658e-02 -1.098896861076354980e-01
