2.000592201948165894e-01 5.029786005616188049e-02 -2.770644798874855042e-02
2.272269278764724731e-01 2.163796499371528625e-02 3.822783753275871277e-02
2.117845714092254639e-01 -1.652731373906135559e-02 1.251274496316909790e-01
8.615086972713470459e-02 -6.692228466272354126e-02 1.023432910442352295e-01
5.418960005044937134e-02 -8.502966165542602539e-02 9.533642232418060303e-02
4.259750247001647949e-02 1.525218784809112549e-02 8.621120452880859375e-02
-1.145636737346649170e-01 1.716948486864566803e-02 -5.194605886936187744e-02
-2.759104073047637939e-01 6.959976255893707275e-02 -9.247224777936935425e-02
-3.786965310573577881e-01 2.060231752693653107e-02 -1.849879473447799683e-01
-2.879531383514404297e-01 -4.205680266022682190e-02 -1.017651185393333435e-01
-2.042115479707717896e-02 -2.557309903204441071e-02 1.437753289937973022e-01
1.481236368417739868e-01 -2.535149455070495605e-01 2.983246445655822754e-01
2.653802335262298584e-01 -1.615152209997177124e-01 3.975367248058319092e-01
2.660141587257385254e-01 3.165708854794502258e-02 3.826360106468200684e-01
2.847307324409484863e-01 2.339120507240295410e-01 1.936861872673034668e-01
2.253250330686569214e-01 4.541269242763519287e-01 7.723119854927062988e-02
9.478157013654708862e-02 1.945118457078933716e-01 -3.536721318960189819e-02
3.907569870352745056e-02 -5.892838537693023682e-02 -5.872418358922004700e-02
1.037515476346015930e-01 -1.522739976644515991e-01 -1.916221678256988525e-01
2.280373126268386841e-01 -6.014684215188026428e-02 -2.815560400485992432e-01
1.437437385320663452e-01 1.108076199889183044e-01 -1.824008971452713013e-01
-6.686727702617645264e-02 2.105286158621311188e-02 -2.280028760433197021e-01
-2.411155551671981812e-01 -7.409530878067016602e-02 -1.410877108573913574e-01
-2.101201713085174561e-01 -1.421642154455184937e-01 -1.650574356317520142e-01
-6.861624773591756821e-03 -2.089386247098445892e-02 -1.623889952898025513e-01
1.696116626262664795e-01 6.218143552541732788e-02 -1.211939826607704163e-01
2.097378075122833252e-01 1.185434535145759583e-01 -8.998372405767440796e-02
2.684699296951293945e-01 1.869718581438064575e-01 6.743445526808500290e-03
2.202047109603881836e-01 2.393469065427780151e-01 2.170048505067825317e-01
6.884033232927322388e-02 2.951359748840332031e-01 4.149649143218994141e-01
-1.038226261734962463e-01 3.881412446498870850e-01 3.165762126445770264e-01
-3.489970862865447998e-01 3.758123517036437988e-01 1.308204382658004761e-01
-2.876820266246795654e-01 2.843568027019500732e-01 -1.007518991827964783e-01
-1.453685611486434937e-01 1.682957708835601807e-01 -1.598575413227081299e-01
-1.081414595246315002e-01 -4.322691529523581266e-04 -6.469603627920150757e-02
-4.269753769040107727e-02 1.344168782234191895e-01 2.300059422850608826e-02
-1.366203725337982178e-01 2.718524821102619171e-02 2.790899481624364853e-03
5.192543938755989075e-02 -8.324857801198959351e-02 -1.272455416619777679e-02
1.197306290268898010e-01 -1.418159306049346924e-01 -6.775800138711929321e-02
1.287543624639511108e-01 -1.708721071481704712e-01 -1.705481410026550293e-01
6.957096606492996216e-02 -1.127753965556621552e-02 -6.333974003791809082e-02
7.674705237150192261e-03 -2.621327899396419525e-02 -4.171945154666900635e-02
7.038442045450210571e-02 4.101794678717851639e-03 5.586391314864158630e-02
2.038871943950653076e-01 -2.358406484127044678e-01 2.374239116907119751e-01
3.952445387840270996e-01 -2.989611029624938965e-01 3.522109091281890869e-01
4.555036127567291260e-01 -2.654441297054290771e-01 4.140477478504180908e-01
4.713217914104461670e-01 -1.771716475486755371e-01 4.140838384628295898e-01
3.211750388145446777e-01 1.047705579549074173e-02 2.322333604097366333e-01
1.295698732137680054e-01 -3.906144574284553528e-02 -6.555951386690139771e-02
3.842611983418464661e-02 -3.031804412603378296e-02 -1.854919642210006714e-01
-5.098979175090789795e-02 -5.238937586545944214e-02 -1.749697625637054443e-01
-1.156098842620849609e-01 -1.380687654018402100e-01 -1.066174805164337158e-01
-3.073536157608032227e-01 -4.068602919578552246e-01 -2.918246388435363770e-01
-3.007505834102630615e-01 -5.779883265495300293e-01 -3.839277923107147217e-01
-2.014037966728210449e-01 -4.839710891246795654e-01 -3.058052957057952881e-01
-9.593848139047622681e-02 -2.199768275022506714e-01 -2.386646419763565063e-01
5.794781446456909180e-02 6.882110983133316040e-02 -1.595443934202194214e-01
-1.569192856550216675e-02 1.769709885120391846e-01 -2.620322406291961670e-01
-5.785634368658065796e-02 1.639846116304397583e-01 -2.809696197509765625e-01
-1.060297563672065735e-01 1.805979758501052856e-01 -2.057351619005203247e-01
-7.651351392269134521e-02 2.028005868196487427e-01 -1.168610900640487671e-01
-4.225283116102218628e-02 1.820087730884552002e-01 -3.593062236905097961e-02
-6.855653226375579834e-02 1.399371027946472168e-01 5.785195529460906982e-02
-7.581207901239395142e-02 1.353268176317214966e-01 1.918339282274246216e-01
-1.121707707643508911e-01 1.516540199518203735e-01 2.317530065774917603e-01
-1.153956875205039978e-01 7.366429269313812256e-02 1.324226260185241699e-01
-2.905338816344738007e-02 4.815214127302169800e-02 2.589717507362365723e-01
-1.684683263301849365e-01 1.458648592233657837e-02 3.521264791488647461e-01
-5.157534778118133545e-02 -3.419091925024986267e-02 3.780942559242248535e-01
-1.362708508968353271e-01 4.616862162947654724e-02 3.470942974090576172e-01
-2.531250119209289551e-01 4.772706702351570129e-02 1.524987979792058468e-03
-1.778011173009872437e-01 2.478113584220409393e-02 -1.240141764283180237e-01
-1.614951789379119873e-01 -1.214399337768554688e-01 -2.525110840797424316e-01
1.464511603116989136e-01 -2.714944481849670410e-01 -3.144215345382690430e-01
1.796923279762268066e-01 -2.043505907058715820e-01 -1.820334494113922119e-01
1.652968674898147583e-01 -1.149543523788452148e-01 -1.810834854841232300e-01
7.924603670835494995e-02 -4.314991831779479980e-02 -1.779528409242630005e-01
-4.706117883324623108e-02 -1.246095299720764160e-01 -1.668716073036193848e-01
1.265859697014093399e-02 -3.481117486953735352e-01 -6.105446815490722656e-02
6.317450851202011108e-02 -3.320384919643402100e-01 2.408269792795181274e-01
2.006456553936004639e-01 -1.146306097507476807e-01 5.366316437721252441e-01
3.106659054756164551e-01 7.720106840133666992e-02 5.301088690757751465e-01
4.065358340740203857e-01 2.319235950708389282e-01 3.240883052349090576e-01
3.780007362365722656e-01 1.709555685520172119e-01 -1.232298016548156738e-01
1.451724618673324585e-01 9.710069000720977783e-02 -4.316077828407287598e-01
-1.280871033668518066e-01 1.507610678672790527e-01 -3.639495372772216797e-01
-3.142065703868865967e-01 1.876666098833084106e-01 -1.829124242067337036e-01
-2.326786965131759644e-01 2.652752101421356201e-01 -2.079848665744066238e-03
-2.064837813377380371e-01 2.409437149763107300e-01 7.625031471252441406e-02
-9.263938665390014648e-02 1.810709387063980103e-01 -7.289724051952362061e-02
-4.261397942900657654e-02 8.352676033973693848e-02 -1.954047381877899170e-01
1.104839332401752472e-02 -5.333447363227605820e-03 -1.669331789016723633e-01
4.239883646368980408e-02 7.984469085931777954e-02 5.809038993902504444e-04
-1.487529929727315903e-02 1.075509786605834961e-01 1.612319797277450562e-01
1.002757698297500610e-01 3.717488795518875122e-02 1.055552884936332703e-01
1.084386631846427917e-01 9.999724105000495911e-03 8.056146651506423950e-02
7.296178489923477173e-02 1.370335929095745087e-02 9.155210852622985840e-02
9.959671646356582642e-03 8.398176729679107666e-02 1.028766110539436340e-01
-5.712379887700080872e-02 1.293818205595016479e-01 9.000311046838760376e-02
-1.055352017283439636e-01 1.016393974423408508e-01 -3.156283125281333923e-02
-1.701457202434539795e-01 1.430457681417465210e-01 -1.767236888408660889e-01
-9.963278472423553467e-02 9.454094618558883667e-02 -1.416653394699096680e-01
-4.702871292829513550e-02 1.354201696813106537e-03 -1.249129474163055420e-01
-1.223602890968322754e-02 -2.941166609525680542e-02 -5.924726277589797974e-02
-5.159502476453781128e-02 -3.017022088170051575e-02 -4.791206493973731995e-02
-1.772420704364776611e-01 1.496623754501342773e-01 -7.728407531976699829e-02
-1.972158998250961304e-01 2.532794177532196045e-01 -1.906005293130874634e-02
-1.245170086622238159e-01 2.366213500499725342e-01 6.739708036184310913e-02
7.663995027542114258e-03 2.155021876096725464e-01 7.998976111412048340e-02
1.598668098449707031e-01 9.934695065021514893e-02 -6.267032027244567871e-02
1.521503776311874390e-01 -5.610518530011177063e-02 -1.454832255840301514e-01
6.708957999944686890e-02 -2.373458892107009888e-01 -8.424402028322219849e-02
3.721732180565595627e-03 -3.257109224796295166e-01 3.160090371966362000e-02
1.830051541328430176e-01 -3.756444156169891357e-01 2.360529005527496338e-01
2.916793525218963623e-01 -3.128055036067962646e-01 2.786546945571899414e-01
2.609789371490478516e-01 -1.750812977552413940e-01 2.178891450166702271e-01
1.821815520524978638e-01 -1.467342674732208252e-01 1.554719656705856323e-01
3.116691298782825470e-02 -6.446976959705352783e-02 2.386803738772869110e-02
7.184229791164398193e-02 -1.376698017120361328e-01 3.900815546512603760e-02
6.335916463285684586e-03 -1.054182127118110657e-01 1.053446605801582336e-01
-5.326682701706886292e-02 2.119809389114379883e-02 1.167838275432586670e-01
-3.454146906733512878e-02 7.293119281530380249e-02 4.724193736910820007e-02
-4.678128287196159363e-02 7.261332869529724121e-02 -1.703199185431003571e-02
-4.476062580943107605e-02 4.536286741495132446e-02 -1.573749817907810211e-02
-7.822578400373458862e-02 6.878459453582763672e-02 5.625986307859420776e-02
-1.063716560602188110e-01 2.259132638573646545e-02 8.310593664646148682e-02
-3.014070540666580200e-02 -3.426829725503921509e-02 1.257171761244535446e-02
6.348659098148345947e-02 -3.562525659799575806e-02 1.216320600360631943e-02
9.604604542255401611e-02 3.156856074929237366e-02 1.168425008654594421e-02
1.286121010780334473e-01 1.181461140513420105e-01 -7.314351946115493774e-02
8.442803472280502319e-02 1.016788557171821594e-01 -1.005392223596572876e-01
2.250444330275058746e-02 1.784331910312175751e-02 -1.408876776695251465e-01
-1.936366036534309387e-02 -3.525775298476219177e-02 -3.841721266508102417e-02
-6.493120640516281128e-02 -5.525098368525505066e-02 1.514392495155334473e-01
-4.008074849843978882e-02 -2.420086786150932312e-02 1.711320877075195312e-01
-2.151354216039180756e-02 -1.285784691572189331e-02 1.866063475608825684e-01
3.028735704720020294e-02 -7.558017969131469727e-02 1.474276930093765259e-02
5.135234072804450989e-02 -5.860550701618194580e-02 -8.611659705638885498e-02
2.983898669481277466e-02 -4.428265616297721863e-02 -5.278406292200088501e-02
9.136946871876716614e-03 4.746507480740547180e-02 5.245729535818099976e-02
-1.041294354945421219e-02 1.384641826152801514e-01 2.094407975673675537e-01
2.110140630975365639e-03 8.336155861616134644e-02 1.055050268769264221e-01
4.030555859208106995e-02 2.406400814652442932e-02 -1.063406765460968018e-01
8.658688515424728394e-02 -2.392431497573852539e-01 -1.761491745710372925e-01
1.370523720979690552e-01 -4.017908871173858643e-01 -2.038937658071517944e-01
3.189100921154022217e-01 -1.595409661531448364e-01 3.655412793159484863e-02
4.017608165740966797e-01 1.753673106431961060e-01 1.879054605960845947e-01
3.846224248409271240e-01 4.411443471908569336e-01 1.853948086500167847e-01
2.688220441341400146e-01 4.352379441261291504e-01 1.577039361000061035e-01
4.808292165398597717e-02 1.509682983160018921e-01 -5.496872961521148682e-02
-3.542714193463325500e-02 8.145154453814029694e-03 -1.288961619138717651e-01
-4.273942857980728149e-02 -5.837746337056159973e-02 -1.495240479707717896e-01
1.660559512674808502e-02 -4.558363929390907288e-02 -1.159912794828414917e-01
-6.366577930748462677e-03 -1.547368522733449936e-02 -1.407097578048706055e-01
-3.505567833781242371e-02 -5.520090460777282715e-02 -2.285038977861404419e-01
-3.718077437952160835e-03 -7.027055323123931885e-02 -1.934887617826461792e-01
3.036189451813697815e-02 -1.113419756293296814e-01 -4.705961421132087708e-02
7.535009086132049561e-02 -1.945818960666656494e-01 6.360598653554916382e-02
-9.517185389995574951e-02 -2.109695225954055786e-01 7.996659725904464722e-02
-3.043527603149414062e-01 1.699228421784937382e-03 4.724927991628646851e-02
-4.021479189395904541e-01 3.737949579954147339e-02 -5.221141129732131958e-02
-4.115440547466278076e-01 6.429568678140640259e-02 -1.068547666072845459e-01
-2.552154958248138428e-01 1.494669914245605469e-01 -2.390224784612655640e-01
-3.905313089489936829e-02 1.021218076348304749e-01 -3.497956693172454834e-01
1.628388650715351105e-02 2.427937090396881104e-01 -2.810100615024566650e-01
-4.671879112720489502e-02 2.646936178207397461e-01 -2.097589820623397827e-01
-1.371143609285354614e-01 7.485602051019668579e-02 -8.952819555997848511e-02
-7.091691344976425171e-02 2.371957525610923767e-02 -9.910370223224163055e-03
4.975342750549316406e-02 -1.753520369529724121e-01 2.251410484313964844e-02
-3.213751688599586487e-02 -1.326697468757629395e-01 9.629432857036590576e-02
-1.466453075408935547e-01 -7.462654262781143188e-03 -5.710306577384471893e-03
-1.192187592387199402e-01 -4.552635550498962402e-02 1.534165721386671066e-02
1.577624864876270294e-02 8.918750286102294922e-02 5.467996932566165924e-03
8.974348753690719604e-02 -7.026687264442443848e-02 1.182874292135238647e-02
-4.947781935334205627e-02 1.298354268074035645e-01 2.787127904593944550e-02
-1.679440289735794067e-01 9.084837883710861206e-02 -2.041123574599623680e-03
-1.543419957160949707e-01 1.853618770837783813e-03 1.225971579551696777e-01
-2.899124287068843842e-02 1.803807616233825684e-01 1.338854432106018066e-01
3.302963450551033020e-02 7.062970846891403198e-02 8.679084479808807373e-02
4.367005825042724609e-02 1.750284284353256226e-01 3.987886011600494385e-02
7.165929302573204041e-03 8.883053436875343323e-03 2.476447075605392456e-02
-1.426080912351608276e-01 -1.330299824476242065e-01 -4.094162210822105408e-02
-1.989789605140686035e-01 -7.288363575935363770e-02 2.033535763621330261e-02
-2.562275528907775879e-01 -1.962572783231735229e-01 -4.552624374628067017e-02
-2.034979760646820068e-01 -1.625053137540817261e-01 -3.105780668556690216e-02
-1.238831654191017151e-01 -1.344347447156906128e-01 2.946633659303188324e-02
