-5.138477310538291931e-02 8.242925256490707397e-02 -3.392268205061554909e-03
-1.253738701343536377e-01 8.151080459356307983e-02 9.425970166921615601e-02
-2.010570317506790161e-01 7.711545377969741821e-02 1.331224888563156128e-01
-2.259599119424819946e-01 4.128857702016830444e-02 9.545277059078216553e-02
-2.131300866603851318e-01 9.295734763145446777e-02 -1.441546231508255005e-01
1.084565557539463043e-02 4.504385590553283691e-02 -1.627030819654464722e-01
2.790959477424621582e-01 -1.288179159164428711e-01 4.882815480232238770e-02
3.752504587173461914e-01 -1.729906499385833740e-01 2.111639827489852905e-01
2.704752981662750244e-01 -1.450182646512985229e-01 2.513460814952850342e-01
-9.577775746583938599e-02 1.197902411222457886e-01 8.513776957988739014e-02
-3.406438231468200684e-01 2.828436195850372314e-01 -6.107160076498985291e-02
-3.737200498580932617e-01 2.596369087696075439e-01 -8.040887862443923950e-02
-2.562851607799530029e-01 1.712899357080459595e-01 -1.108415424823760986e-01
-6.212926656007766724e-02 -3.537722676992416382e-02 -2.005257308483123779e-01
1.293026506900787354e-01 -1.384550780057907104e-01 -1.025386974215507507e-01
1.948700845241546631e-01 -1.305209994316101074e-01 5.280948430299758911e-02
1.840641498565673828e-01 -5.086342245340347290e-02 1.688429862260818481e-01
1.116650775074958801e-01 8.881379663944244385e-02 1.284222751855850220e-01
6.762254983186721802e-02 1.653155684471130371e-01 -1.154735311865806580e-01
1.558059900999069214e-01 1.070802211761474609e-01 -2.469664812088012695e-01
2.118314504623413086e-01 -1.236266642808914185e-02 -2.578885555267333984e-01
2.606733739376068115e-01 -1.632240116596221924e-01 -7.635466754436492920e-02
1.639082729816436768e-01 -2.623393237590789795e-01 1.800436377525329590e-01
-4.631463810801506042e-02 -3.255063295364379883e-01 3.333039283752441406e-01
-1.489920020103454590e-01 -4.020912945270538330e-01 3.321631848812103271e-01
-2.630350291728973389e-01 -4.257120788097381592e-01 2.569037675857543945e-02
-1.797725409269332886e-01 -3.731591105461120605e-01 -3.546537756919860840e-01
-6.513231433928012848e-03 -1.344393193721771240e-01 -4.532349705696105957e-01
8.342048525810241699e-02 1.366021186113357544e-01 -3.031138479709625244e-01
1.628955900669097900e-01 2.403471022844314575e-01 1.616199165582656860e-01
9.442410618066787720e-02 2.116757035255432129e-01 4.267654418945312500e-01
-3.785489499568939209e-02 1.850083917379379272e-01 3.254366815090179443e-01
-6.795360147953033447e-02 2.734444439411163330e-01 1.170006766915321350e-01
-4.912364110350608826e-02 4.471317529678344727e-01 -2.193579915910959244e-03
2.037624083459377289e-02 5.092179179191589355e-01 3.758538514375686646e-02
9.351619333028793335e-02 3.487302362918853760e-01 1.354930102825164795e-01
-4.065438359975814819e-02 9.333825670182704926e-03 1.412194408476352692e-02
-1.240315139293670654e-01 -2.992930710315704346e-01 -1.146070510149002075e-01
-1.097592264413833618e-01 -4.191658794879913330e-01 -2.756326198577880859e-01
-1.542248763144016266e-02 -4.002704322338104248e-01 -3.441338539123535156e-01
5.871709808707237244e-02 -3.443350791931152344e-01 -2.312344014644622803e-01
-8.814011514186859131e-02 -2.564631104469299316e-01 -1.218576133251190186e-01
-2.505962252616882324e-01 -6.990631669759750366e-02 7.010556757450103760e-02
-3.471705913543701172e-01 2.110311388969421387e-01 1.822443455457687378e-01
-2.394355982542037964e-01 3.250780105590820312e-01 2.096138894557952881e-01
-1.086966600269079208e-02 2.588438093662261963e-01 2.306822240352630615e-01
1.871255487203598022e-01 8.810821175575256348e-02 1.258274167776107788e-01
3.085912764072418213e-01 -1.066889986395835876e-01 -5.873467400670051575e-02
2.449284493923187256e-01 -8.347366750240325928e-02 -1.313021928071975708e-01
2.381379753351211548e-01 3.663608105853199959e-03 -6.343998014926910400e-02
2.712328135967254639e-01 1.426084190607070923e-01 -5.387489870190620422e-02
2.025183439254760742e-01 2.057490348815917969e-01 -1.101710721850395203e-01
5.293512344360351562e-02 2.112929821014404297e-01 -1.429667770862579346e-01
-2.277600765228271484e-01 1.635445803403854370e-01 -3.055301867425441742e-02
-3.298193216323852539e-01 4.592568427324295044e-02 2.389911711215972900e-01
-2.681301236152648926e-01 -6.591639667749404907e-02 3.488738536834716797e-01
-1.124957799911499023e-01 -2.055229544639587402e-01 1.755676418542861938e-01
9.475581347942352295e-02 -2.987987101078033447e-01 -1.903833448886871338e-01
1.012203916907310486e-01 -3.707601726055145264e-01 -3.698264360427856445e-01
1.370626268908381462e-03 -3.408915698528289795e-01 -3.624600172042846680e-01
-1.653197705745697021e-01 -1.947826445102691650e-01 -1.220266893506050110e-01
-3.119515478610992432e-01 5.817460268735885620e-02 1.745138168334960938e-01
-2.919433414936065674e-01 3.891938626766204834e-01 2.385614365339279175e-01
-2.508629560470581055e-01 5.845680832862854004e-01 2.565390169620513916e-01
-1.323309540748596191e-01 6.608161926269531250e-01 1.992257833480834961e-01
8.912263065576553345e-02 5.780501365661621094e-01 -1.364046358503401279e-03
2.670992910861968994e-01 1.558658778667449951e-01 -1.621903330087661743e-01
3.467633724212646484e-01 -3.801495134830474854e-01 -2.434328049421310425e-01
2.545380592346191406e-01 -5.320611596107482910e-01 -1.358408629894256592e-01
1.849220544099807739e-01 -4.690915048122406006e-01 1.105870902538299561e-01
1.233594343066215515e-01 -2.946687638759613037e-01 2.425445020198822021e-01
1.508176233619451523e-02 -1.415263861417770386e-01 2.361658364534378052e-01
-7.006303966045379639e-02 -5.730575695633888245e-02 -1.715569943189620972e-02
-1.370770782232284546e-01 3.904177248477935791e-02 -2.184129953384399414e-01
-6.952275335788726807e-02 2.733280649408698082e-03 -2.104279845952987671e-01
8.670563995838165283e-02 -1.393273025751113892e-01 -1.873870193958282471e-01
2.284203022718429565e-01 -2.564896941184997559e-01 -6.529243290424346924e-02
3.441422879695892334e-01 -2.326976358890533447e-01 -4.921241849660873413e-02
2.504989802837371826e-01 -4.339253529906272888e-02 -1.711983382701873779e-01
-2.096520736813545227e-02 1.388780474662780762e-01 -8.851350098848342896e-02
-2.455424964427947998e-01 2.062287181615829468e-01 -3.085802495479583740e-02
-3.313921988010406494e-01 1.731154322624206543e-01 7.736782543361186981e-03
-5.555027350783348083e-02 8.461198210716247559e-02 9.518769383430480957e-02
2.448876947164535522e-01 4.529834166169166565e-02 9.190393984317779541e-02
2.421689480543136597e-01 3.905471041798591614e-02 1.380977332592010498e-01
7.191677391529083252e-02 1.672424376010894775e-03 1.139183640480041504e-01
-2.052396833896636963e-01 -2.570799365639686584e-02 5.117796733975410461e-02
-2.153159230947494507e-01 -7.206141948699951172e-02 1.287619322538375854e-01
-2.635975182056427002e-02 -4.012450203299522400e-02 2.476623505353927612e-01
4.103007260710000992e-03 2.996911853551864624e-02 2.388913631439208984e-01
-4.606729745864868164e-02 -1.078145205974578857e-02 -3.461513295769691467e-02
-1.699333637952804565e-01 1.762132346630096436e-02 -3.085682094097137451e-01
-1.017733067274093628e-01 -4.671989753842353821e-02 -3.645572662353515625e-01
1.790506243705749512e-01 -4.208070784807205200e-02 -1.524818092584609985e-01
2.705277800559997559e-01 4.530229791998863220e-02 1.327378004789352417e-01
2.201558798551559448e-01 2.193930558860301971e-02 2.437086105346679688e-01
-5.632350966334342957e-02 8.504162728786468506e-02 2.338709086179733276e-01
-2.776357829570770264e-01 -3.328059241175651550e-02 1.245787069201469421e-01
-2.393509149551391602e-01 -1.358942836523056030e-01 1.161610260605812073e-01
-1.402288675308227539e-01 -1.163278967142105103e-01 9.429224580526351929e-02
3.648052690550684929e-03 -9.016922116279602051e-02 5.484572425484657288e-02
4.127989709377288818e-02 1.121688261628150940e-02 1.045812107622623444e-02
