4.088450372219085693e-01 4.625147581100463867e-01 -3.181629478931427002e-01
3.652224242687225342e-01 4.431823492050170898e-01 -2.762881219387054443e-01
3.333307802677154541e-01 4.604006111621856689e-01 -2.508217692375183105e-01
2.811355292797088623e-01 5.376920700073242188e-01 -1.946590095758438110e-01
3.579606711864471436e-01 4.936334192752838135e-01 -2.264087945222854614e-01
3.552820086479187012e-01 5.214991569519042969e-01 -2.086292952299118042e-01
3.390192091464996338e-01 6.022782325744628906e-01 -1.873244643211364746e-01
2.929012775421142578e-01 6.188930869102478027e-01 -1.605848222970962524e-01
2.227277457714080811e-01 6.168653964996337891e-01 -1.671490669250488281e-01
2.432664185762405396e-01 5.223565697669982910e-01 -1.825975328683853149e-01
8.330417424440383911e-02 3.677080571651458740e-01 -1.248931065201759338e-01
1.838262192904949188e-02 4.463122189044952393e-01 -1.296717822551727295e-01
1.136183887720108032e-01 5.871028900146484375e-01 -1.207923367619514465e-01
2.453321963548660278e-01 6.126097440719604492e-01 -1.275777369737625122e-01
2.736128270626068115e-01 6.534885168075561523e-01 -5.221543088555335999e-02
1.906965076923370361e-01 6.871702671051025391e-01 1.466935873031616211e-02
1.871767044067382812e-01 6.806178092956542969e-01 2.628901600837707520e-02
2.031419575214385986e-01 7.019950747489929199e-01 2.713516540825366974e-02
2.143438309431076050e-01 6.671043038368225098e-01 2.890340983867645264e-02
1.677766293287277222e-01 6.594342589378356934e-01 1.608904264867305756e-02
1.215200275182723999e-01 6.419558525085449219e-01 4.451671149581670761e-03
7.927527278661727905e-02 6.458410024642944336e-01 4.597190022468566895e-02
6.958707422018051147e-02 6.688306927680969238e-01 6.460259854793548584e-02
6.373707205057144165e-02 6.652591824531555176e-01 1.040254011750221252e-01
3.771763667464256287e-02 6.314735412597656250e-01 6.825117766857147217e-02
4.622421786189079285e-02 6.059613823890686035e-01 3.833854943513870239e-02
4.139697924256324768e-02 5.740510225296020508e-01 4.245133697986602783e-02
-8.234193548560142517e-03 4.803715348243713379e-01 1.097552776336669922e-01
-1.351205557584762573e-01 2.354079782962799072e-01 3.172468021512031555e-02
-3.036811649799346924e-01 3.037467896938323975e-01 1.529399752616882324e-01
-3.256791234016418457e-01 2.236948311328887939e-01 2.398588061332702637e-01
-3.011015951633453369e-01 7.702626287937164307e-02 2.357169389724731445e-01
-2.345558702945709229e-01 1.089657563716173172e-02 1.809766888618469238e-01
-2.018904238939285278e-01 -5.378488451242446899e-02 2.234527766704559326e-01
-7.311046123504638672e-02 -4.588583484292030334e-02 1.578832566738128662e-01
-4.744655266404151917e-02 9.804204851388931274e-02 8.127158135175704956e-02
2.465602755546569824e-01 -2.429356053471565247e-02 9.917515516281127930e-02
3.124941587448120117e-01 -1.459587216377258301e-01 1.469793766736984253e-01
3.427422046661376953e-01 -1.831779628992080688e-01 8.767119050025939941e-02
3.419517874717712402e-01 -2.554296255111694336e-01 1.301234364509582520e-01
3.333019018173217773e-01 -2.691942155361175537e-01 1.730463951826095581e-01
3.098910450935363770e-01 -3.100988268852233887e-01 1.481178998947143555e-01
2.246999293565750122e-01 -3.306489884853363037e-01 1.801455467939376831e-01
2.800975143909454346e-01 -2.972571551799774170e-01 1.939117312431335449e-01
2.540445029735565186e-01 -2.257814407348632812e-01 1.826061606407165527e-01
1.251775026321411133e-01 -1.575609445571899414e-01 2.324539721012115479e-01
1.690522622084245086e-04 -1.123148649930953979e-01 1.951960027217864990e-01
-1.117814779281616211e-01 -4.764948412775993347e-02 1.675978004932403564e-01
-1.492374241352081299e-01 -1.990589052438735962e-01 1.432442069053649902e-01
-2.059460580348968506e-01 -1.867187768220901489e-01 1.801286041736602783e-01
-1.706054955720901489e-01 -2.162323743104934692e-01 2.177551388740539551e-01
-1.098900064826011658e-01 -1.723021566867828369e-01 1.428423821926116943e-01
-9.980241768062114716e-03 -2.156865894794464111e-01 1.949344426393508911e-01
2.196128964424133301e-01 -2.954372167587280273e-01 1.735823899507522583e-01
2.113790214061737061e-01 -2.188042551279067993e-01 2.123100757598876953e-01
1.813531070947647095e-01 -2.404379993677139282e-01 2.130798846483230591e-01
1.433141976594924927e-01 -2.573489546775817871e-01 1.405841410160064697e-01
2.084894627332687378e-01 -2.715542316436767578e-01 1.223928034305572510e-01
2.479472756385803223e-01 -2.578478753566741943e-01 1.044724062085151672e-01
2.619540393352508545e-01 -2.791438996791839600e-01 1.164815574884414673e-01
2.483329623937606812e-01 -2.450981736183166504e-01 1.681279689073562622e-01
2.489789277315139771e-01 -2.041694372892379761e-01 2.218219637870788574e-01
2.141173630952835083e-01 -1.725973635911941528e-01 2.770514786243438721e-01
1.727982461452484131e-01 5.508407019078731537e-03 3.024087250232696533e-01
1.779019683599472046e-01 7.913959771394729614e-02 3.164384067058563232e-01
1.705192960798740387e-02 -5.932009220123291016e-02 2.298369705677032471e-01
-1.400236785411834717e-01 2.815454304218292236e-01 1.624001935124397278e-02
8.673957735300064087e-02 6.391650438308715820e-01 1.367127448320388794e-01
1.372404396533966064e-01 6.736035346984863281e-01 1.135217919945716858e-01
1.016212776303291321e-01 6.797116994857788086e-01 1.792296618223190308e-01
1.124504506587982178e-01 7.010238766670227051e-01 1.588356047868728638e-01
1.243757084012031555e-01 6.904423236846923828e-01 1.352476328611373901e-01
1.298865675926208496e-01 6.701877713203430176e-01 1.372975707054138184e-01
1.419538706541061401e-01 6.412801146507263184e-01 1.418993771076202393e-01
6.751086562871932983e-02 6.283128857612609863e-01 1.134450808167457581e-01
5.680660530924797058e-02 6.026883125305175781e-01 6.621764600276947021e-02
1.427873875945806503e-02 6.335057020187377930e-01 1.075824573636054993e-01
1.120280250906944275e-01 6.219674348831176758e-01 9.490252286195755005e-02
1.813978701829910278e-01 4.893115162849426270e-01 2.708474546670913696e-02
2.234669178724288940e-01 4.555368721485137939e-01 -2.946884743869304657e-02
1.628921926021575928e-01 5.305955410003662109e-01 -2.665167748928070068e-01
1.748359799385070801e-01 3.130274116992950439e-01 -4.744428694248199463e-01
1.047964841127395630e-01 3.741895854473114014e-01 -4.096742272377014160e-01
3.044599108397960663e-02 4.335853755474090576e-01 -3.938161432743072510e-01
-6.933144479990005493e-02 4.096796810626983643e-01 -4.001810252666473389e-01
-8.688912540674209595e-02 3.667504787445068359e-01 -4.645000398159027100e-01
-9.816776961088180542e-02 3.339369893074035645e-01 -5.435706377029418945e-01
-5.378355737775564194e-03 2.983265519142150879e-01 -5.262984633445739746e-01
-1.465125940740108490e-02 3.420463502407073975e-01 -5.438638329505920410e-01
-2.583781443536281586e-02 2.908524572849273682e-01 -5.485755801200866699e-01
1.063614264130592346e-01 2.755721211433410645e-01 -6.009578108787536621e-01
8.642622083425521851e-02 1.588510125875473022e-01 -6.679477691650390625e-01
9.044120460748672485e-02 2.122902572154998779e-01 -6.658970713615417480e-01
1.147082000970840454e-01 2.505089938640594482e-01 -6.276000142097473145e-01
2.310975268483161926e-02 2.197138220071792603e-01 -6.742187738418579102e-01
7.938149571418762207e-02 1.991040557622909546e-01 -6.690348386764526367e-01
1.872422173619270325e-02 1.370149850845336914e-01 -7.042791843414306641e-01
7.192016392946243286e-02 1.054826155304908752e-01 -7.466104626655578613e-01
1.387868076562881470e-01 1.337228715419769287e-01 -7.284105420112609863e-01
1.674322783946990967e-01 1.792082488536834717e-01 -7.530481815338134766e-01
2.120265513658523560e-01 1.584116220474243164e-01 -7.298507690429687500e-01
1.948513686656951904e-01 2.606898546218872070e-02 -7.010959982872009277e-01
