5.635996349155902863e-03 -2.074882537126541138e-01 -1.595039814710617065e-01
8.500771224498748779e-02 -2.284391820430755615e-01 -2.192950546741485596e-01
6.392817944288253784e-02 -1.418084353208541870e-01 -1.036244630813598633e-01
4.236584156751632690e-02 4.507690202444791794e-03 5.714522674679756165e-02
8.054866641759872437e-02 7.612010836601257324e-02 1.142003238201141357e-01
1.434935927391052246e-01 6.365131586790084839e-02 1.031446978449821472e-01
2.508194744586944580e-01 6.414189701899886131e-04 4.125321749597787857e-03
1.133549213409423828e-01 3.351207077503204346e-02 -1.802984811365604401e-02
-1.591678857803344727e-01 -1.583283767104148865e-02 3.902392461895942688e-02
-2.163000702857971191e-01 -4.953393246978521347e-03 5.450250580906867981e-02
-6.663487106561660767e-02 -5.819211155176162720e-02 1.548853702843189240e-02
1.702825874090194702e-01 -4.318600520491600037e-02 -1.290074083954095840e-03
2.711240947246551514e-01 2.469702996313571930e-02 1.700335182249546051e-02
2.721035778522491455e-01 -8.110108785331249237e-03 2.149884402751922607e-02
1.980998516082763672e-01 9.044650942087173462e-03 4.493450745940208435e-02
1.843588203191757202e-01 -1.368684414774179459e-02 5.527494940906763077e-03
9.299810230731964111e-02 1.457074433565139771e-01 9.399412572383880615e-02
1.991716772317886353e-02 2.868415713310241699e-01 2.160648107528686523e-01
1.175392419099807739e-02 2.778521776199340820e-01 1.993935853242874146e-01
4.487549420446157455e-03 1.618695557117462158e-01 6.300760805606842041e-02
1.666645333170890808e-02 1.126267574727535248e-02 -2.142560482025146484e-01
-2.118294313549995422e-02 -3.243821859359741211e-02 -3.628624677658081055e-01
-3.407093882560729980e-02 3.343518078327178955e-02 -3.530885875225067139e-01
-1.377623528242111206e-01 6.419340521097183228e-02 -2.947196960449218750e-01
-2.136198580265045166e-01 5.773861706256866455e-02 -1.203202605247497559e-01
-3.269497454166412354e-01 -1.730631589889526367e-01 7.248546928167343140e-02
-4.222325384616851807e-01 -3.241958022117614746e-01 1.499201059341430664e-01
-2.825346887111663818e-01 -3.968704640865325928e-01 1.560796052217483521e-01
-1.299413442611694336e-01 -3.770691156387329102e-01 -4.914428293704986572e-02
-6.317401677370071411e-02 -2.207973450422286987e-01 -1.351327598094940186e-01
-1.357429027557373047e-01 -1.275719106197357178e-01 -1.273425519466400146e-01
-3.220943808555603027e-01 -2.374644763767719269e-02 -3.470248356461524963e-02
-2.889949381351470947e-01 1.012902706861495972e-02 7.932418584823608398e-02
-8.661417663097381592e-02 -1.322900131344795227e-02 4.562176391482353210e-02
-5.632958933711051941e-02 5.313039571046829224e-02 -7.006499171257019043e-02
-1.105221360921859741e-01 1.849180757999420166e-01 -1.362129598855972290e-01
-1.771028339862823486e-01 3.058899343013763428e-01 -1.087699830532073975e-01
-2.733851671218872070e-01 3.746545314788818359e-01 2.914738282561302185e-02
-1.910932660102844238e-01 3.115225434303283691e-01 1.577185988426208496e-01
-1.624186038970947266e-01 1.510758101940155029e-01 7.957407087087631226e-02
-1.063385531306266785e-01 -4.264251515269279480e-02 -1.077718585729598999e-01
-7.896162569522857666e-02 -2.442805618047714233e-01 -2.484562397003173828e-01
-6.031456962227821350e-02 -4.011759459972381592e-01 -2.114916592836380005e-01
4.951486829668283463e-03 -4.640828371047973633e-01 -8.765237778425216675e-02
9.027665853500366211e-02 -4.018343091011047363e-01 8.544794470071792603e-02
2.940299808979034424e-01 -1.834786087274551392e-01 3.294511139392852783e-01
2.567249536514282227e-01 -6.677446654066443443e-04 3.879366219043731689e-01
1.786651611328125000e-01 3.483247384428977966e-02 2.776476740837097168e-01
4.044237360358238220e-02 -1.991259120404720306e-02 1.395185142755508423e-01
-5.487116798758506775e-02 -4.198634251952171326e-02 -3.913034498691558838e-02
-2.801284939050674438e-02 6.573963165283203125e-02 -5.679824948310852051e-02
-2.213807702064514160e-01 1.951677501201629639e-01 -1.536432206630706787e-01
-2.344426065683364868e-01 2.067591696977615356e-01 -3.419364392757415771e-01
-1.910158842802047729e-01 1.637197285890579224e-01 -3.810349106788635254e-01
-2.081747539341449738e-02 8.458613604307174683e-02 -3.062880933284759521e-01
1.137050390243530273e-01 9.025903046131134033e-02 3.521185368299484253e-02
6.479180604219436646e-02 1.663009524345397949e-01 2.321492880582809448e-01
8.236131630837917328e-03 1.537777781486511230e-01 2.563785612583160400e-01
-3.282505273818969727e-02 2.880064770579338074e-02 7.571125030517578125e-02
-3.673179075121879578e-02 -2.208858579397201538e-01 -2.046198546886444092e-01
-6.446443498134613037e-02 -4.294347167015075684e-01 -2.136203199625015259e-01
2.462906949222087860e-02 -4.481311142444610596e-01 -1.646447628736495972e-01
5.877422541379928589e-02 -3.450123369693756104e-01 3.244802728295326233e-02
8.037291467189788818e-02 -1.159500703215599060e-01 3.313075304031372070e-01
3.042241334915161133e-01 1.916413158178329468e-01 4.257248640060424805e-01
4.994186758995056152e-01 3.537886142730712891e-01 4.402392804622650146e-01
5.822640657424926758e-01 3.658318817615509033e-01 1.953966170549392700e-01
5.699620842933654785e-01 3.064116835594177246e-01 -9.972001612186431885e-02
3.849991559982299805e-01 2.113656550645828247e-01 -1.843681782484054565e-01
1.245359405875205994e-01 1.401647478342056274e-01 -1.638183295726776123e-01
5.875669047236442566e-02 1.908950805664062500e-01 3.643028810620307922e-02
-4.816281422972679138e-02 1.878344565629959106e-01 1.023074761033058167e-01
-9.730437397956848145e-02 1.004530116915702820e-01 1.435390412807464600e-01
-8.635843545198440552e-02 7.588782906532287598e-02 2.451510727405548096e-01
-1.374596077948808670e-02 -9.708932787179946899e-02 1.105009913444519043e-01
-2.541084773838520050e-02 -1.097084581851959229e-01 2.580427937209606171e-02
-2.115668803453445435e-01 1.107676327228546143e-02 1.123577505350112915e-01
-2.968505322933197021e-01 -3.590815467759966850e-03 -3.038223274052143097e-02
-2.493035644292831421e-01 -1.747150719165802002e-02 -9.283917397260665894e-02
-2.543929219245910645e-01 -2.052037417888641357e-02 -2.419112622737884521e-01
-1.223466247320175171e-01 -6.958161294460296631e-02 -3.370755612850189209e-01
-7.133708894252777100e-02 -1.136762723326683044e-01 -1.816691756248474121e-01
-2.513157948851585388e-02 -9.488779306411743164e-02 -1.428019553422927856e-01
1.357573270797729492e-01 -7.847344875335693359e-02 -1.526742875576019287e-01
4.558042809367179871e-02 1.608900129795074463e-01 -1.878735274076461792e-01
-5.682995915412902832e-02 3.489390909671783447e-01 -1.885383725166320801e-01
1.759253256022930145e-02 2.085413187742233276e-01 -1.222426369786262512e-01
-6.945044733583927155e-03 3.766820579767227173e-02 -1.070633679628372192e-01
-3.969756141304969788e-02 8.851533639244735241e-04 1.847451319918036461e-03
-1.746049076318740845e-01 1.875463314354419708e-02 8.020601421594619751e-02
-2.671241760253906250e-01 9.303667396306991577e-02 6.189981475472450256e-02
-1.327463537454605103e-01 -2.590919472277164459e-02 9.131805598735809326e-02
6.375611759722232819e-03 -1.971056461334228516e-01 -9.555907920002937317e-03
1.305831968784332275e-01 -1.721053570508956909e-01 -5.126227438449859619e-02
-2.146162465214729309e-02 -7.377868890762329102e-02 -9.744431078433990479e-02
-1.666368395090103149e-01 2.310058921575546265e-01 -9.755159914493560791e-02
-1.694000661373138428e-01 3.564894497394561768e-01 3.400081396102905273e-02
-1.118937134742736816e-01 3.096037805080413818e-01 9.439805150032043457e-02
-5.192103609442710876e-02 2.011423856019973755e-01 1.738787740468978882e-01
-1.599940955638885498e-01 -6.900183111429214478e-02 2.133273482322692871e-01
-2.341157346963882446e-01 -1.430826038122177124e-01 1.981326341629028320e-01
-2.113588005304336548e-01 -1.198980212211608887e-01 1.582707613706588745e-01
