3.231662617344812083e-01
0.000000000000000000e+00
0.000000000000000000e+00
0.000000000000000000e+00
0.000000000000000000e+00
9.667443186448338929e-03
0.000000000000000000e+00
0.000000000000000000e+00
0.000000000000000000e+00
1.031542110786676063e-02
6.974179374395772513e-02
8.984290005244881250e-02
8.776673004873593309e-02
3.854285654366725045e-02
0.000000000000000000e+00
0.000000000000000000e+00
0.000000000000000000e+00
0.000000000000000000e+00
0.000000000000000000e+00
0.000000000000000000e+00
0.000000000000000000e+00
0.000000000000000000e+00
0.000000000000000000e+00
0.000000000000000000e+00
0.000000000000000000e+00
0.000000000000000000e+00
0.000000000000000000e+00
7.546976733714344000e-03
5.425630718978594752e-02
5.352764914639326389e-03
0.000000000000000000e+00
0.000000000000000000e+00
0.000000000000000000e+00
1.559682663219221291e-02
1.153735261880232260e-02
7.507219218455993617e-03
5.609196621523586390e-03
5.436487402194265135e-03
7.848574605778178143e-03
7.808515151325195677e-03
6.310017183950316147e-03
3.339591898328146072e-03
1.206857524838354833e-03
0.000000000000000000e+00
0.000000000000000000e+00
0.000000000000000000e+00
0.000000000000000000e+00
0.000000000000000000e+00
0.000000000000000000e+00
0.000000000000000000e+00
0.000000000000000000e+00
0.000000000000000000e+00
0.000000000000000000e+00
0.000000000000000000e+00
6.243590561131348235e-03
1.248998718760410513e-02
1.506689709003147630e-02
1.506496074084850978e-02
8.843858085821686144e-03
1.558383668292751423e-03
0.000000000000000000e+00
0.000000000000000000e+00
0.000000000000000000e+00
0.000000000000000000e+00
0.000000000000000000e+00
1.244824081199851461e-02
2.829093456121064068e-02
1.997929025319603036e-02
2.799624190725011688e-02
3.141138096124376777e-02
2.861617230304546941e-02
2.753820343094163028e-02
1.442176789927544951e-02
8.512965547983045167e-03
2.387984579177661239e-03
0.000000000000000000e+00
0.000000000000000000e+00
0.000000000000000000e+00
0.000000000000000000e+00
0.000000000000000000e+00
0.000000000000000000e+00
0.000000000000000000e+00
0.000000000000000000e+00
2.629175544198629755e-01
4.721133751481922380e-01
4.227055780082719094e-01
2.124169146205554526e-01
0.000000000000000000e+00
0.000000000000000000e+00
0.000000000000000000e+00
0.000000000000000000e+00
0.000000000000000000e+00
0.000000000000000000e+00
0.000000000000000000e+00
0.000000000000000000e+00
0.000000000000000000e+00
1.720685831250581832e-03
3.441371662501163664e-03
2.150857289063227290e-03
0.000000000000000000e+00
0.000000000000000000e+00
0.000000000000000000e+00
