-5.425311625003814697e-02 1.130953207612037659e-01 -1.247714534401893616e-01
-2.958869934082031250e-02 1.055574640631675720e-01 -1.802992373704910278e-01
2.234814874827861786e-02 3.158152103424072266e-02 -1.774139851331710815e-01
6.812880933284759521e-02 -6.098285689949989319e-02 -1.305589526891708374e-01
5.563662573695182800e-02 -3.806665912270545959e-02 -6.459180265665054321e-02
8.495263755321502686e-02 -8.589585311710834503e-03 1.416942197829484940e-02
5.069955810904502869e-02 -6.627860665321350098e-02 -6.190199404954910278e-02
4.391150176525115967e-02 -1.230689287185668945e-01 -6.099529564380645752e-02
2.482728473842144012e-02 -1.408015042543411255e-01 -1.343755982816219330e-02
-8.518422691849991679e-05 -1.014486327767372131e-01 2.574034035205841064e-02
1.493368111550807953e-02 4.557021334767341614e-02 1.446140706539154053e-01
1.800893992185592651e-02 1.033529564738273621e-01 8.669513463973999023e-02
2.946242131292819977e-02 1.315279901027679443e-01 3.925558924674987793e-02
2.095500379800796509e-02 1.407524496316909790e-01 7.959505915641784668e-02
-2.702693082392215729e-02 8.693837374448776245e-02 9.773657470941543579e-02
-7.199800014495849609e-02 2.820779755711555481e-02 3.388940915465354919e-02
-3.771156817674636841e-02 -8.676877245306968689e-03 -3.116062469780445099e-02
-2.001819484576117247e-05 -7.663968950510025024e-02 -9.830646961927413940e-02
1.580698229372501373e-02 -1.104064434766769409e-01 -1.519046723842620850e-01
1.200790796428918839e-02 -1.439675837755203247e-01 -1.800491660833358765e-01
-5.126162618398666382e-02 -1.387575417757034302e-01 -1.693334132432937622e-01
-5.992937460541725159e-02 -4.294884204864501953e-02 -4.881242662668228149e-02
-7.478971034288406372e-02 3.533819690346717834e-02 5.206385627388954163e-02
-7.985526323318481445e-02 8.539492636919021606e-02 7.105944305658340454e-02
2.488580904901027679e-02 1.684404723346233368e-02 -4.355729371309280396e-02
8.676019310951232910e-02 -1.617842167615890503e-01 -1.224020570516586304e-01
1.023875102400779724e-01 -2.647637128829956055e-01 3.045815974473953247e-02
5.100534111261367798e-02 -2.797711193561553955e-01 2.665464878082275391e-01
-3.104282729327678680e-02 -3.885787427425384521e-01 8.383487164974212646e-02
1.230483949184417725e-01 -3.672839403152465820e-01 -1.097709015011787415e-01
8.382725715637207031e-02 -2.758450806140899658e-01 -7.941439747810363770e-02
-2.931299619376659393e-02 -1.985807716846466064e-01 1.996638178825378418e-01
-6.310869008302688599e-02 -7.102090399712324142e-03 4.748085141181945801e-01
-2.877332270145416260e-02 1.097120344638824463e-01 4.001501798629760742e-01
2.898054122924804688e-01 2.824679575860500336e-02 -1.493177376687526703e-02
3.168606758117675781e-01 6.596105545759201050e-02 -2.269916683435440063e-01
1.321491152048110962e-01 4.009352624416351318e-02 -2.134351134300231934e-01
-3.701036795973777771e-02 5.304001271724700928e-02 -1.457730531692504883e-01
-1.557796001434326172e-01 1.263796091079711914e-01 4.944013059139251709e-02
-8.516108244657516479e-02 1.405436396598815918e-01 9.887923300266265869e-02
6.946728378534317017e-02 7.477337121963500977e-02 5.164554342627525330e-02
1.253475099802017212e-01 5.635028705000877380e-02 -4.699424654245376587e-02
1.809976696968078613e-01 1.158287003636360168e-01 -4.841204732656478882e-02
1.040977984666824341e-01 1.436807215213775635e-01 1.126927882432937622e-01
-1.170034781098365784e-01 2.663968801498413086e-01 2.810341715812683105e-01
-2.799235284328460693e-01 2.147850543260574341e-01 3.139537870883941650e-01
-2.402387745678424835e-02 1.630204468965530396e-01 1.502690017223358154e-01
3.154990375041961670e-01 1.468432396650314331e-01 6.597100757062435150e-03
4.801140725612640381e-01 1.940625607967376709e-01 2.817979082465171814e-03
4.584261476993560791e-01 2.179642170667648315e-01 6.318684667348861694e-02
1.410962492227554321e-01 1.813501119613647461e-01 9.969668090343475342e-02
-4.794647544622421265e-02 1.593678593635559082e-01 -5.703146010637283325e-02
5.975925363600254059e-03 1.398975104093551636e-01 -1.305182743817567825e-02
3.948915004730224609e-02 1.615501940250396729e-01 6.931701302528381348e-02
7.478522509336471558e-02 1.341303884983062744e-01 7.194153219461441040e-02
9.554847329854965210e-02 -1.862315274775028229e-02 -1.562025398015975952e-01
6.185564398765563965e-02 -7.415501773357391357e-02 -2.940046191215515137e-01
7.568654417991638184e-02 1.994415558874607086e-02 -6.594149768352508545e-02
6.610135734081268311e-02 4.389012604951858521e-02 4.876432567834854126e-02
-1.219971999526023865e-01 4.615879058837890625e-02 3.629890456795692444e-02
-3.286609351634979248e-01 5.152032524347305298e-02 -1.071052104234695435e-01
-3.876110911369323730e-01 1.112459003925323486e-01 -1.062241718173027039e-01
-3.469715714454650879e-01 2.102166414260864258e-01 -4.993949085474014282e-02
-2.496192008256912231e-01 1.123095974326133728e-01 -1.176773682236671448e-01
-1.303446739912033081e-01 -5.816840380430221558e-02 -1.229460015892982483e-01
-1.225977614521980286e-01 -7.526940107345581055e-02 -4.694113135337829590e-02
-2.688033320009708405e-02 -4.572054371237754822e-02 -3.850093111395835876e-03
6.038822606205940247e-02 5.624693259596824646e-02 -6.025398895144462585e-02
-6.369271129369735718e-02 -1.602006144821643829e-02 -1.613466888666152954e-01
-7.089302688837051392e-02 -6.673442572355270386e-02 -1.589400172233581543e-01
-1.876361966133117676e-01 -1.484814584255218506e-01 -6.079166755080223083e-02
-1.990592777729034424e-01 -1.017745882272720337e-01 -1.432181298732757568e-01
-7.484471797943115234e-02 1.175078190863132477e-02 -1.092416197061538696e-01
-1.222428306937217712e-01 1.642677634954452515e-01 -1.982468962669372559e-01
3.360764682292938232e-02 8.224114775657653809e-02 -1.424343734979629517e-01
-4.028489813208580017e-02 -1.143051236867904663e-01 1.919560693204402924e-02
-6.127924844622612000e-02 -4.138105362653732300e-02 6.675536930561065674e-02
-7.076823152601718903e-03 5.370682850480079651e-02 2.147948294878005981e-01
-6.120960041880607605e-02 2.075199633836746216e-01 1.881622821092605591e-01
-7.047662883996963501e-02 1.387614756822586060e-01 1.122289448976516724e-01
-1.018305942416191101e-01 -4.601674154400825500e-03 3.563097864389419556e-02
-7.410293072462081909e-02 -2.926220558583736420e-02 -3.354000300168991089e-02
-4.812929313629865646e-03 1.414897758513689041e-02 -7.107327878475189209e-02
3.544708341360092163e-02 -2.916992641985416412e-02 1.597544923424720764e-02
