7.071369334615611180e-02
0.000000000000000000e+00
0.000000000000000000e+00
0.000000000000000000e+00
3.763393423718393999e-02
2.947691233435067396e-03
0.000000000000000000e+00
0.000000000000000000e+00
0.000000000000000000e+00
0.000000000000000000e+00
0.000000000000000000e+00
0.000000000000000000e+00
0.000000000000000000e+00
0.000000000000000000e+00
0.000000000000000000e+00
0.000000000000000000e+00
0.000000000000000000e+00
0.000000000000000000e+00
0.000000000000000000e+00
3.034282143339003118e-03
6.506425348110455968e-03
7.656078523357178096e-03
3.756819354144843009e-03
0.000000000000000000e+00
0.000000000000000000e+00
0.000000000000000000e+00
0.000000000000000000e+00
0.000000000000000000e+00
0.000000000000000000e+00
0.000000000000000000e+00
0.000000000000000000e+00
0.000000000000000000e+00
1.888898782138103598e-03
4.538955751828430141e-02
4.835703889675881800e-02
3.160940712565340344e-02
0.000000000000000000e+00
0.000000000000000000e+00
0.000000000000000000e+00
0.000000000000000000e+00
0.000000000000000000e+00
0.000000000000000000e+00
0.000000000000000000e+00
0.000000000000000000e+00
0.000000000000000000e+00
0.000000000000000000e+00
4.047967176321429217e-02
9.003203213840788033e-02
1.027352606002728402e-01
4.757851493898317824e-02
0.000000000000000000e+00
0.000000000000000000e+00
0.000000000000000000e+00
1.337262437441562877e-03
7.213714629587395649e-03
2.336779630105443608e-04
0.000000000000000000e+00
0.000000000000000000e+00
0.000000000000000000e+00
0.000000000000000000e+00
0.000000000000000000e+00
0.000000000000000000e+00
0.000000000000000000e+00
0.000000000000000000e+00
0.000000000000000000e+00
2.518988906721169596e-01
4.509692592752192475e-01
4.005433724002173679e-01
2.017035475000074629e-01
0.000000000000000000e+00
0.000000000000000000e+00
0.000000000000000000e+00
0.000000000000000000e+00
0.000000000000000000e+00
0.000000000000000000e+00
0.000000000000000000e+00
0.000000000000000000e+00
0.000000000000000000e+00
0.000000000000000000e+00
0.000000000000000000e+00
0.000000000000000000e+00
0.000000000000000000e+00
0.000000000000000000e+00
0.000000000000000000e+00
