1.007092893123626709e-01 -2.461366057395935059e-01 4.229410588741302490e-01
2.627823054790496826e-01 -2.235595434904098511e-01 4.174167811870574951e-01
2.566491365432739258e-01 -2.038608342409133911e-01 4.164183735847473145e-01
2.269066870212554932e-01 -1.814576983451843262e-01 4.146879613399505615e-01
2.116120010614395142e-01 -1.507743746042251587e-01 3.983804881572723389e-01
2.477833479642868042e-01 -1.307536661624908447e-01 3.551494777202606201e-01
2.692022919654846191e-01 -1.104530319571495056e-01 3.810616433620452881e-01
2.823499441146850586e-01 -7.787365466356277466e-02 4.128719270229339600e-01
3.191091418266296387e-01 -7.645936310291290283e-02 4.579741954803466797e-01
2.878127694129943848e-01 -7.157963514328002930e-02 4.662396013736724854e-01
2.894354164600372314e-01 -8.181437104940414429e-02 4.817208945751190186e-01
2.978773117065429688e-01 -9.789728373289108276e-02 4.475392103195190430e-01
3.087613284587860107e-01 -1.247400790452957153e-01 4.303298890590667725e-01
2.828005254268646240e-01 -1.298219859600067139e-01 4.304535686969757080e-01
3.166302144527435303e-01 -1.109910681843757629e-01 4.396014213562011719e-01
3.432002067565917969e-01 -1.276782602071762085e-01 4.279588460922241211e-01
3.315482437610626221e-01 -1.722894906997680664e-01 4.362615048885345459e-01
3.493492901325225830e-01 -1.396560966968536377e-01 4.320260882377624512e-01
3.160574138164520264e-01 -1.485964506864547729e-01 4.170849919319152832e-01
3.306044340133666992e-01 -1.433422416448593140e-01 4.161131083965301514e-01
3.165250420570373535e-01 -1.377057731151580811e-01 4.309450984001159668e-01
3.105576932430267334e-01 -9.714502841234207153e-02 4.426240622997283936e-01
3.499283194541931152e-01 -1.359326094388961792e-01 4.330413043498992920e-01
3.264307677745819092e-01 -1.466624587774276733e-01 4.362938702106475830e-01
3.123329281806945801e-01 -1.660681813955307007e-01 4.216938316822052002e-01
2.816048860549926758e-01 -1.809564232826232910e-01 3.806801736354827881e-01
2.075953483581542969e-01 -1.310199201107025146e-01 3.776755928993225098e-01
9.838493168354034424e-02 -2.009093388915061951e-02 4.130240678787231445e-01
7.339362800121307373e-02 -1.692159101366996765e-02 4.131818711757659912e-01
1.053137853741645813e-01 -3.310519456863403320e-02 3.648930490016937256e-01
-3.266969323158264160e-02 1.027241498231887817e-01 4.245408475399017334e-01
-3.045788109302520752e-01 2.678258717060089111e-01 4.381992220878601074e-01
-4.353254139423370361e-01 7.689940184354782104e-02 3.514104187488555908e-01
-3.820523321628570557e-01 2.582255192101001740e-02 2.438811659812927246e-01
-3.280659914016723633e-01 1.597925275564193726e-01 9.655348211526870728e-02
-2.808586657047271729e-01 3.000246882438659668e-01 1.628182381391525269e-01
-1.976034343242645264e-01 4.275532364845275879e-01 3.197350800037384033e-01
-8.319812268018722534e-02 4.732736349105834961e-01 2.759698331356048584e-01
6.570777297019958496e-02 4.963520169258117676e-01 2.224525064229965210e-01
7.506897300481796265e-02 5.026895999908447266e-01 1.965819746255874634e-01
1.209011673927307129e-01 4.788383841514587402e-01 1.494174152612686157e-01
1.547095030546188354e-01 4.977538585662841797e-01 1.103290840983390808e-01
7.131347805261611938e-02 5.794342756271362305e-01 1.066890284419059753e-01
1.223141476511955261e-01 5.937668085098266602e-01 1.035283654928207397e-01
1.291105151176452637e-01 5.775582194328308105e-01 6.915168464183807373e-02
5.619268491864204407e-02 5.775873661041259766e-01 3.363988175988197327e-02
-1.020214781165122986e-01 3.563218712806701660e-01 -2.143509499728679657e-02
4.199669882655143738e-02 1.943933218717575073e-01 5.623718723654747009e-02
1.163102611899375916e-01 5.691366791725158691e-01 1.715317484922707081e-03
1.260007023811340332e-01 6.923589706420898438e-01 8.702496439218521118e-02
1.289139837026596069e-01 6.599439978599548340e-01 1.089074909687042236e-01
5.631726235151290894e-02 6.561129689216613770e-01 1.161319836974143982e-01
9.860304743051528931e-02 6.644794940948486328e-01 9.892827272415161133e-02
1.576815545558929443e-01 6.688464879989624023e-01 1.618237495422363281e-01
1.352820098400115967e-01 6.622910499572753906e-01 1.707973778247833252e-01
1.125698909163475037e-01 6.738711595535278320e-01 1.525968164205551147e-01
1.049386858940124512e-01 6.666896343231201172e-01 1.650343835353851318e-01
6.033941358327865601e-02 6.827712059020996094e-01 1.621672660112380981e-01
4.378739744424819946e-02 6.770127415657043457e-01 1.685874164104461670e-01
4.039833322167396545e-03 6.302615404129028320e-01 1.541740000247955322e-01
2.626519184559583664e-03 6.297165155410766602e-01 1.342634856700897217e-01
9.900145232677459717e-02 6.222302913665771484e-01 9.106080979108810425e-02
1.735364496707916260e-01 5.031882524490356445e-01 -5.692657455801963806e-02
1.170648261904716492e-01 4.568439126014709473e-01 -2.601384520530700684e-01
7.854181528091430664e-02 3.922518193721771240e-01 -3.761667311191558838e-01
1.703031063079833984e-01 3.562199771404266357e-01 -4.016690552234649658e-01
6.148133054375648499e-02 3.512645363807678223e-01 -4.905930161476135254e-01
1.107810884714126587e-01 3.374942243099212646e-01 -5.797400474548339844e-01
3.853885829448699951e-02 3.081734478473663330e-01 -5.836375951766967773e-01
3.445624187588691711e-02 2.659818232059478760e-01 -6.411306858062744141e-01
4.609596729278564453e-02 2.395044714212417603e-01 -6.865645647048950195e-01
7.093200087547302246e-02 2.473274618387222290e-01 -6.113691926002502441e-01
-1.039754785597324371e-02 1.461181044578552246e-01 -6.246274113655090332e-01
6.139438599348068237e-02 1.020864546298980713e-01 -6.664329767227172852e-01
1.243823543190956116e-01 1.602877825498580933e-01 -6.453257203102111816e-01
-4.317134618759155273e-03 5.537674576044082642e-02 -6.645794510841369629e-01
6.061743944883346558e-02 1.885909587144851685e-01 -6.496645808219909668e-01
2.959553897380828857e-02 1.262861639261245728e-01 -6.790347099304199219e-01
9.666345268487930298e-02 1.606345176696777344e-01 -6.924879550933837891e-01
1.282812356948852539e-01 1.633642315864562988e-01 -7.363809347152709961e-01
1.980461627244949341e-01 1.481365412473678589e-01 -7.197308540344238281e-01
1.806147843599319458e-01 8.445002883672714233e-02 -7.430662512779235840e-01
1.692941337823867798e-01 1.507300883531570435e-01 -7.432811260223388672e-01
1.095165461301803589e-01 1.030743718147277832e-01 -7.211872339248657227e-01
