7.005728081897462378e-02
0.000000000000000000e+00
0.000000000000000000e+00
0.000000000000000000e+00
2.717134402751637118e-02
0.000000000000000000e+00
0.000000000000000000e+00
2.095856767397629924e-02
6.602200460647623947e-02
5.329807690004017412e-02
2.449587066972836943e-02
0.000000000000000000e+00
0.000000000000000000e+00
0.000000000000000000e+00
0.000000000000000000e+00
0.000000000000000000e+00
0.000000000000000000e+00
0.000000000000000000e+00
0.000000000000000000e+00
2.499646288079333291e-03
0.000000000000000000e+00
0.000000000000000000e+00
2.647347065418507398e-03
8.391463246894596828e-02
1.744226848754817372e-01
4.872016672557216016e-02
0.000000000000000000e+00
0.000000000000000000e+00
0.000000000000000000e+00
1.327666022168703637e-03
0.000000000000000000e+00
0.000000000000000000e+00
0.000000000000000000e+00
0.000000000000000000e+00
0.000000000000000000e+00
0.000000000000000000e+00
0.000000000000000000e+00
1.357938084808221479e-01
1.206659787485348939e-01
7.813816153359641470e-02
2.918345041080304750e-02
0.000000000000000000e+00
5.815992150368605451e-03
0.000000000000000000e+00
0.000000000000000000e+00
0.000000000000000000e+00
0.000000000000000000e+00
6.701441966417074660e-03
1.770894380980508886e-02
2.145895968622741484e-02
1.461610515439414407e-02
8.437129580913976454e-03
1.160283404066418493e-02
1.936235627571263052e-02
2.413512881694217932e-02
3.213965501674761333e-02
3.959015889582936931e-02
5.188460763543178977e-02
4.885253096099270026e-02
2.515883724660204421e-02
0.000000000000000000e+00
0.000000000000000000e+00
0.000000000000000000e+00
0.000000000000000000e+00
0.000000000000000000e+00
0.000000000000000000e+00
0.000000000000000000e+00
0.000000000000000000e+00
0.000000000000000000e+00
0.000000000000000000e+00
0.000000000000000000e+00
0.000000000000000000e+00
0.000000000000000000e+00
3.519511622542136897e-01
6.117512502826165655e-01
5.643214666525717682e-01
2.707529979526224762e-01
0.000000000000000000e+00
0.000000000000000000e+00
2.590195095713247464e-01
4.631738187474110924e-01
4.549890742317838077e-01
1.508194777429953393e-01
0.000000000000000000e+00
0.000000000000000000e+00
0.000000000000000000e+00
0.000000000000000000e+00
1.132592429248836657e-01
6.347561353634105508e-02
0.000000000000000000e+00
0.000000000000000000e+00
0.000000000000000000e+00
4.892056081529621431e-02
1.884412556456475929e-01
1.845737788586179762e-01
4.862421734160853048e-02
0.000000000000000000e+00
0.000000000000000000e+00
0.000000000000000000e+00
2.974647839620139442e-02
2.432117259005180457e-02
1.480934623895842003e-02
0.000000000000000000e+00
0.000000000000000000e+00
0.000000000000000000e+00
0.000000000000000000e+00
0.000000000000000000e+00
0.000000000000000000e+00
0.000000000000000000e+00
0.000000000000000000e+00
0.000000000000000000e+00
2.316612126711671549e-01
3.971656967799924165e-01
3.490925660568293121e-01
1.770772029967727645e-01
0.000000000000000000e+00
0.000000000000000000e+00
0.000000000000000000e+00
0.000000000000000000e+00
0.000000000000000000e+00
0.000000000000000000e+00
0.000000000000000000e+00
0.000000000000000000e+00
0.000000000000000000e+00
0.000000000000000000e+00
0.000000000000000000e+00
0.000000000000000000e+00
0.000000000000000000e+00
0.000000000000000000e+00
0.000000000000000000e+00
0.000000000000000000e+00
1.720685831250581832e-03
1.720685831250581832e-03
4.301714578126454580e-04
0.000000000000000000e+00
0.000000000000000000e+00
