-1.270511597394943237e-01 1.117907240986824036e-01 1.714539974927902222e-01
-2.582862079143524170e-01 1.689961999654769897e-01 3.627571165561676025e-01
-2.548267245292663574e-01 2.006450444459915161e-01 4.721181690692901611e-01
-2.114195376634597778e-01 1.456573009490966797e-01 3.923298120498657227e-01
-1.503016799688339233e-01 -1.185176819562911987e-01 1.072277650237083435e-01
-2.779870852828025818e-02 -2.641802728176116943e-01 -2.242211252450942993e-01
4.521606862545013428e-02 -9.044298529624938965e-02 -3.670206665992736816e-01
2.383332699537277222e-01 2.726970613002777100e-01 -3.317992389202117920e-01
3.879815936088562012e-01 4.788190126419067383e-01 -1.933760941028594971e-01
2.897152006626129150e-01 2.156185656785964966e-01 -9.146501868963241577e-02
3.928409144282341003e-02 -3.741821944713592529e-01 -1.067738141864538193e-02
-1.900070309638977051e-01 -5.576882958412170410e-01 6.937322765588760376e-02
-2.566638588905334473e-01 -4.336172044277191162e-01 3.087281808257102966e-02
-1.026960462331771851e-01 -4.220001399517059326e-02 3.226107358932495117e-02
3.848979622125625610e-02 1.766248196363449097e-01 1.078235134482383728e-01
9.990718215703964233e-02 1.750962436199188232e-01 1.375944465398788452e-01
7.022288441658020020e-02 1.433599740266799927e-01 2.292321622371673584e-01
-8.161659538745880127e-02 1.201407089829444885e-01 1.282537579536437988e-01
-1.054285168647766113e-01 2.579192258417606354e-02 -2.177934162318706512e-02
1.136988867074251175e-02 -1.736821234226226807e-01 -1.483515202999114990e-01
2.205785214900970459e-01 -3.450388014316558838e-01 -3.480379879474639893e-01
3.298995196819305420e-01 -3.972653150558471680e-01 -3.652398288249969482e-01
1.609692871570587158e-01 -2.163340300321578979e-01 -3.538972139358520508e-01
-6.551606208086013794e-02 6.636948138475418091e-02 -1.466640233993530273e-01
-1.394251883029937744e-01 2.685450911521911621e-01 2.348123043775558472e-01
-9.373940527439117432e-02 2.781419754028320312e-01 3.678422570228576660e-01
-5.411366745829582214e-02 1.372831463813781738e-01 3.526541888713836670e-01
-1.601214110851287842e-01 8.440875262022018433e-02 2.718212902545928955e-01
-2.504987716674804688e-01 2.995463646948337555e-02 1.825523972511291504e-01
-7.853209972381591797e-02 -9.288677014410495758e-03 1.229846030473709106e-01
2.012075930833816528e-01 -5.637751426547765732e-03 2.616954443510621786e-04
1.858145743608474731e-01 -2.066670358180999756e-01 -1.832642257213592529e-01
-1.534160692244768143e-02 -3.565887212753295898e-01 -2.523309290409088135e-01
-2.552058100700378418e-01 -2.417644858360290527e-01 -1.071032062172889709e-01
-2.723765671253204346e-01 1.218654960393905640e-01 -7.717867940664291382e-02
-8.647651970386505127e-02 5.108922719955444336e-01 -8.984355628490447998e-02
2.691278792917728424e-02 5.290172100067138672e-01 -2.441112846136093140e-01
7.878459244966506958e-02 2.312001734972000122e-01 -3.303483724594116211e-01
7.248744368553161621e-02 -9.457807242870330811e-02 -1.390134692192077637e-01
1.248713806271553040e-01 -2.089536637067794800e-01 1.468943804502487183e-01
2.117424160242080688e-01 -1.140533611178398132e-01 4.372659921646118164e-01
1.937601417303085327e-01 -7.406889647245407104e-02 5.577331781387329102e-01
6.911948323249816895e-02 5.881776567548513412e-03 3.655548691749572754e-01
-1.772744506597518921e-01 -7.014419883489608765e-02 -4.716084152460098267e-02
-2.582987248897552490e-01 -2.631897330284118652e-01 -2.810855805873870850e-01
-1.651476919651031494e-01 -4.727379679679870605e-01 -3.063806593418121338e-01
-5.657785222865641117e-04 -5.231511592864990234e-01 -1.049931496381759644e-01
1.112979426980018616e-01 -1.467648446559906006e-01 2.235449850559234619e-02
9.067601710557937622e-02 3.787984848022460938e-01 -8.540152572095394135e-03
7.401025295257568359e-02 5.335177183151245117e-01 1.285568177700042725e-01
6.235812604427337646e-02 4.258576333522796631e-01 1.067162379622459412e-01
5.837928131222724915e-02 1.586503982543945312e-01 7.833913713693618774e-02
8.712243288755416870e-02 2.059654742479324341e-01 8.765047788619995117e-02
7.291702181100845337e-02 4.064605832099914551e-01 -2.215391956269741058e-02
1.551328450441360474e-01 5.057860016822814941e-01 6.019948795437812805e-02
1.622568070888519287e-01 3.845652341842651367e-01 1.961177960038185120e-02
1.975286379456520081e-02 -1.632217168807983398e-01 -2.007201761007308960e-01
-1.376313865184783936e-01 -4.842006266117095947e-01 -2.625955343246459961e-01
-1.967486739158630371e-01 -5.399643778800964355e-01 -2.667728364467620850e-01
-7.915663719177246094e-02 -4.602065384387969971e-01 -2.917822636663913727e-02
1.263989657163619995e-01 -2.967558205127716064e-01 2.826546132564544678e-01
2.202045023441314697e-01 -3.288077414035797119e-01 3.491488695144653320e-01
1.479450315237045288e-01 -3.815911710262298584e-01 2.105746269226074219e-01
-3.869410976767539978e-02 -3.210233449935913086e-01 -1.227688342332839966e-01
-3.011723160743713379e-01 -7.761768251657485962e-02 -3.853406906127929688e-01
-3.915998339653015137e-01 2.300207167863845825e-01 -4.368261992931365967e-01
-3.343308866024017334e-01 3.137450218200683594e-01 -2.849838137626647949e-01
-1.487218141555786133e-01 1.724227666854858398e-01 1.326459273695945740e-02
1.367642283439636230e-01 1.339283026754856110e-02 2.792982757091522217e-01
2.442053854465484619e-01 1.253228485584259033e-01 4.074265658855438232e-01
1.594744771718978882e-01 5.069961547851562500e-01 3.656553328037261963e-01
1.859260499477386475e-01 6.049427986145019531e-01 1.242811456322669983e-01
2.482388317584991455e-01 3.761444687843322754e-01 1.761478558182716370e-02
1.857719421386718750e-01 -1.347226202487945557e-01 5.954886600375175476e-02
6.534377485513687134e-02 -3.653141856193542480e-01 1.362973749637603760e-01
-2.329086959362030029e-01 -2.612019479274749756e-01 1.448125839233398438e-01
-3.370250165462493896e-01 6.327355746179819107e-03 -1.333829760551452637e-01
-2.625402510166168213e-01 -3.724783286452293396e-02 -3.020412921905517578e-01
-1.709417849779129028e-01 -1.556058824062347412e-01 -2.785719931125640869e-01
-1.155932918190956116e-01 -2.914379723370075226e-02 -1.383868604898452759e-01
-1.144310906529426575e-01 8.300165086984634399e-02 -1.208899244666099548e-01
-2.725981362164020538e-02 2.146153151988983154e-01 -3.474680781364440918e-01
1.307634562253952026e-01 9.543813765048980713e-02 -4.176611006259918213e-01
2.809221744537353516e-01 -1.829390078783035278e-01 -2.888311147689819336e-01
2.756578326225280762e-01 -1.987195760011672974e-01 5.138486251235008240e-02
1.952658742666244507e-01 -1.593451499938964844e-01 3.340440094470977783e-01
7.499203830957412720e-02 -6.447836756706237793e-02 3.297960460186004639e-01
3.769110143184661865e-02 1.609533652663230896e-02 2.687561511993408203e-01
-4.968992620706558228e-02 -4.209812264889478683e-03 2.509360611438751221e-01
-1.188818737864494324e-01 1.688594371080398560e-02 3.495107889175415039e-01
-2.626433372497558594e-01 9.657373279333114624e-02 3.251193165779113770e-01
-3.197060525417327881e-01 1.890315115451812744e-01 1.332756727933883667e-01
-1.572262942790985107e-01 2.019322067499160767e-01 -1.639731824398040771e-01
-1.293184235692024231e-02 8.857686072587966919e-02 -3.958227932453155518e-01
2.916729152202606201e-01 -1.314706653356552124e-01 -3.290707767009735107e-01
3.172315061092376709e-01 -2.163126170635223389e-01 -2.041321992874145508e-01
1.565249860286712646e-01 -9.989577531814575195e-02 -9.660995565354824066e-03
1.500958926044404507e-03 2.939460054039955139e-02 9.354253113269805908e-02
-7.619571685791015625e-02 7.823725789785385132e-02 9.239847958087921143e-02
1.169568300247192383e-02 -3.932516276836395264e-02 2.902707271277904510e-02
2.216646075248718262e-02 -1.548021584749221802e-01 -6.097755208611488342e-02
-5.409900471568107605e-02 -9.251956641674041748e-02 -5.140175670385360718e-02
-1.540882438421249390e-01 -2.199056185781955719e-02 -2.685420960187911987e-02
-1.181811913847923279e-01 2.412877976894378662e-03 3.989282622933387756e-02
1.638001576066017151e-02 -5.569307133555412292e-02 3.628668189048767090e-02
2.654503583908081055e-01 -1.064360961318016052e-01 1.968983933329582214e-02
4.045388996601104736e-01 -6.486785411834716797e-02 5.622764676809310913e-02
4.071848988533020020e-01 -3.713249415159225464e-02 -2.159827016294002533e-02
3.067728281021118164e-01 -4.760107398033142090e-02 -1.052529811859130859e-01
3.032386116683483124e-02 -6.484284251928329468e-02 -9.777011722326278687e-02
-1.590872257947921753e-01 2.869049832224845886e-02 -1.431159302592277527e-02
-2.741416692733764648e-01 1.889363676309585571e-01 1.557466536760330200e-01
-2.686170935630798340e-01 2.356814295053482056e-01 1.484371125698089600e-01
-1.707279235124588013e-01 1.385613083839416504e-01 -8.697717566974461079e-04
-4.198563098907470703e-02 -2.586060576140880585e-02 -2.203490585088729858e-03
1.898259855806827545e-02 -9.254296123981475830e-02 5.192617885768413544e-03
5.467353854328393936e-03 2.931953594088554382e-02 -1.335681136697530746e-02
-8.844243735074996948e-02 1.308044046163558960e-01 7.715571671724319458e-03
-1.092105358839035034e-01 8.710785955190658569e-02 -4.477563872933387756e-02
-4.664666578173637390e-02 -3.591579198837280273e-02 7.411729544401168823e-02
-6.057553365826606750e-02 -8.413284271955490112e-02 1.439762115478515625e-01
-3.892798721790313721e-02 5.813444033265113831e-03 -3.271621465682983398e-02
-8.951803296804428101e-02 1.110500916838645935e-01 -1.355756521224975586e-01
1.031090598553419113e-02 -3.491129027679562569e-03 -1.536736637353897095e-01
1.237587556242942810e-01 -2.062996327877044678e-01 -3.397073969244956970e-02
1.812167167663574219e-01 -1.813511699438095093e-01 1.128000617027282715e-01
1.566688269376754761e-01 -1.777490042150020599e-02 4.249411821365356445e-02
4.800782352685928345e-02 1.685489118099212646e-01 -6.261229515075683594e-02
3.768129274249076843e-02 6.164687499403953552e-02 -4.306508973240852356e-02
-2.191522903740406036e-02 -1.992786228656768799e-01 1.580844516865909100e-03
5.315278097987174988e-02 -2.348705977201461792e-01 1.281030774116516113e-01
5.792858079075813293e-03 -9.007542580366134644e-02 1.357593834400177002e-01
-8.378478139638900757e-02 1.040906980633735657e-01 5.454598926007747650e-03
-1.017727255821228027e-01 1.673805862665176392e-01 -6.074869632720947266e-02
-1.386375725269317627e-01 1.019094660878181458e-01 -1.104921177029609680e-01
-6.295054405927658081e-02 3.824526816606521606e-02 -7.376357913017272949e-02
