1.872623115777969360e-01 -2.359811663627624512e-01 4.112380743026733398e-01
1.475874036550521851e-01 -1.907695829868316650e-01 3.892533481121063232e-01
1.227208506315946579e-02 -9.536980837583541870e-02 4.028927683830261230e-01
-7.023763656616210938e-02 -6.191209331154823303e-02 3.772911727428436279e-01
-9.423084557056427002e-02 1.861370168626308441e-02 3.412308990955352783e-01
-8.863592892885208130e-02 1.946687251329421997e-01 3.316643238067626953e-01
-2.477905899286270142e-01 2.899075150489807129e-01 2.295808345079421997e-01
-5.376858115196228027e-01 2.897976636886596680e-01 1.381937116384506226e-01
-4.357361793518066406e-01 3.257663920521736145e-02 1.976606845855712891e-01
-2.632716298103332520e-01 3.348400294780731201e-01 -8.588236756622791290e-03
-2.382467538118362427e-01 5.194631814956665039e-01 5.359467118978500366e-02
-1.418483406305313110e-01 6.078776121139526367e-01 7.046683877706527710e-02
-2.295826375484466553e-02 5.637083053588867188e-01 9.199646115303039551e-02
-2.019141614437103271e-02 5.301795005798339844e-01 1.301048845052719116e-01
-2.963473834097385406e-02 5.801941752433776855e-01 1.761667579412460327e-01
4.679583362303674221e-04 5.927231907844543457e-01 1.433935612440109253e-01
3.701669350266456604e-02 5.614393949508666992e-01 1.880283802747726440e-01
6.947608292102813721e-02 5.888193845748901367e-01 1.666192412376403809e-01
8.524536341428756714e-02 6.067171692848205566e-01 1.439960449934005737e-01
1.535644382238388062e-01 5.996566414833068848e-01 8.612363040447235107e-02
1.913244426250457764e-01 5.538687705993652344e-01 5.632497742772102356e-02
2.778343297541141510e-02 6.024441719055175781e-01 6.875366717576980591e-02
8.143802732229232788e-02 5.442948937416076660e-01 5.416971817612648010e-02
3.785414993762969971e-02 4.018447101116180420e-01 6.311767548322677612e-02
-1.123387813568115234e-01 1.357654929161071777e-01 2.147719413042068481e-01
-1.379853487014770508e-01 -3.455473855137825012e-02 3.148262202739715576e-01
-8.564835041761398315e-02 -9.658303856849670410e-02 3.076256215572357178e-01
-2.019364386796951294e-02 -6.787749379873275757e-02 2.720037102699279785e-01
-6.059938669204711914e-02 2.924299240112304688e-02 1.690821349620819092e-01
-7.281225919723510742e-02 3.219337016344070435e-02 1.229313686490058899e-01
-2.426458150148391724e-02 -3.460333496332168579e-02 1.353648900985717773e-01
9.146994352340698242e-02 4.377526231110095978e-03 5.573297664523124695e-02
1.263750195503234863e-01 -3.328494355082511902e-02 1.634995453059673309e-02
1.845816522836685181e-01 9.035442769527435303e-02 -1.176401786506175995e-02
1.193090677261352539e-01 1.083332598209381104e-01 -2.512332051992416382e-02
-1.402429789304733276e-01 -1.662697941064834595e-01 6.855224072933197021e-02
-1.109943091869354248e-01 -2.117213606834411621e-01 -8.935163170099258423e-02
3.175637722015380859e-01 -2.545112669467926025e-01 1.711841970682144165e-01
3.942795097827911377e-01 -1.755192130804061890e-01 3.165374696254730225e-01
3.625507652759552002e-01 -1.738281995058059692e-01 3.212569355964660645e-01
2.997809052467346191e-01 -1.595161110162734985e-01 3.566959202289581299e-01
1.190335601568222046e-01 -8.917587995529174805e-02 3.849521279335021973e-01
2.052589058876037598e-01 -1.579749137163162231e-01 3.066966533660888672e-01
1.397061347961425781e-01 -2.254324704408645630e-01 1.914828717708587646e-01
1.573643535375595093e-01 -1.876437962055206299e-01 1.264178901910781860e-01
8.372847735881805420e-02 -1.924788504838943481e-01 1.853370293974876404e-02
6.558805471286177635e-04 -9.843413531780242920e-02 5.307587981224060059e-02
-1.314614117145538330e-01 -1.628149002790451050e-01 7.939830422401428223e-02
-2.028703838586807251e-01 -2.030762284994125366e-01 3.861821824102662504e-05
-2.156464457511901855e-01 -8.079497516155242920e-02 8.937712013721466064e-02
-1.822394281625747681e-01 -5.317369475960731506e-02 7.349436730146408081e-02
-2.146974951028823853e-01 -6.954624503850936890e-02 1.011516228318214417e-01
-1.685674488544464111e-01 -2.094365283846855164e-02 8.812702447175979614e-02
-1.535754203796386719e-01 -9.608319401741027832e-02 5.198201537132263184e-02
-2.126029431819915771e-01 -1.024470403790473938e-01 8.406449109315872192e-02
-1.201251074671745300e-01 -6.461814790964126587e-02 9.167402982711791992e-02
1.180870160460472107e-01 -1.285569220781326294e-01 1.065017282962799072e-01
1.777632683515548706e-01 -1.767685413360595703e-01 1.867993623018264771e-01
2.702841162681579590e-01 -2.054927051067352295e-01 9.782855212688446045e-02
2.197937965393066406e-01 -1.932813078165054321e-01 1.484047323465347290e-01
2.609625160694122314e-01 -1.407376080751419067e-01 2.365758270025253296e-01
3.100672066211700439e-01 -9.667131304740905762e-02 2.868234515190124512e-01
3.566985726356506348e-01 -1.496274173259735107e-01 2.743167877197265625e-01
3.445860147476196289e-01 -1.783976554870605469e-01 2.544389069080352783e-01
4.278844892978668213e-01 -2.631475329399108887e-01 1.471186876296997070e-01
4.731431901454925537e-01 -3.465088903903961182e-01 1.863267272710800171e-01
4.376533031463623047e-01 -3.452040255069732666e-01 2.518780231475830078e-01
3.823493719100952148e-01 -3.322921097278594971e-01 2.772960066795349121e-01
2.592267990112304688e-01 -2.817213237285614014e-01 3.038772046566009521e-01
1.802221685647964478e-01 -1.098276004195213318e-01 2.693744599819183350e-01
9.116209298372268677e-02 -2.798770070075988770e-01 1.574602276086807251e-01
-8.670675754547119141e-02 -4.335424005985260010e-01 8.585134148597717285e-02
-1.697107404470443726e-01 -3.931724131107330322e-01 9.543890506029129028e-02
-2.406599521636962891e-01 -3.536723852157592773e-01 -2.454902231693267822e-01
-4.535320401191711426e-02 -3.712456524372100830e-01 -2.594725489616394043e-01
3.837935253977775574e-02 -3.329988718032836914e-01 -2.370362132787704468e-01
1.986731439828872681e-01 -4.088572263717651367e-01 -2.086426764726638794e-01
2.424693256616592407e-01 -9.693735092878341675e-02 -4.106428921222686768e-01
4.201694726943969727e-01 1.613361835479736328e-01 -4.977295398712158203e-01
4.930672049522399902e-01 2.715061902999877930e-01 -5.092816352844238281e-01
4.722543954849243164e-01 2.516761422157287598e-01 -4.172921180725097656e-01
4.836366176605224609e-01 2.416361272335052490e-01 -3.339702785015106201e-01
4.081053435802459717e-01 3.164449930191040039e-01 -9.706972166895866394e-03
1.303938627243041992e-01 3.994261026382446289e-01 1.316938102245330811e-01
-6.210051011294126511e-03 4.641959071159362793e-01 1.980849653482437134e-01
-1.116971746087074280e-01 5.220271944999694824e-01 2.145715802907943726e-01
-1.894549727439880371e-01 4.249195158481597900e-01 1.913151144981384277e-01
-2.967707812786102295e-01 3.552135825157165527e-01 1.709814071655273438e-01
-3.016378581523895264e-01 3.094412684440612793e-01 1.770075708627700806e-01
-2.203018665313720703e-01 3.373511433601379395e-01 1.799674928188323975e-01
-9.859997034072875977e-02 3.689131736755371094e-01 1.638595461845397949e-01
-9.778140112757682800e-03 3.222597837448120117e-01 1.434126049280166626e-01
3.284600749611854553e-02 3.438989520072937012e-01 7.549820095300674438e-02
-6.943737715482711792e-02 2.758265435695648193e-01 -7.373596727848052979e-02
-1.500349342823028564e-01 5.396156311035156250e-01 -5.053473263978958130e-02
-1.496921479701995850e-01 5.857771039009094238e-01 -7.108227163553237915e-02
-1.178797036409378052e-01 5.893632769584655762e-01 -3.128553926944732666e-02
-7.554256916046142578e-02 6.212776303291320801e-01 -2.843549288809299469e-02
-5.010643228888511658e-02 6.428462266921997070e-01 2.796189859509468079e-02
2.168728504329919815e-03 6.492484211921691895e-01 8.725378662347793579e-02
6.673602759838104248e-02 6.698564887046813965e-01 8.422233164310455322e-02
8.662217855453491211e-02 6.487352252006530762e-01 1.129658967256546021e-01
8.754999935626983643e-02 6.310627460479736328e-01 7.911983877420425415e-02
-7.456781715154647827e-02 6.076152920722961426e-01 9.064181149005889893e-02
-1.192536763846874237e-02 6.596479415893554688e-01 9.081938117742538452e-02
1.124949939548969269e-02 6.650029420852661133e-01 1.153223812580108643e-01
2.863095141947269440e-02 6.690397858619689941e-01 1.213425323367118835e-01
3.581961989402770996e-02 6.558160185813903809e-01 3.485163673758506775e-02
9.735978208482265472e-03 6.222068667411804199e-01 -8.761122077703475952e-02
1.812229007482528687e-01 4.833657443523406982e-01 -2.928460836410522461e-01
1.685616075992584229e-01 4.107313156127929688e-01 -3.926510512828826904e-01
4.096864163875579834e-02 3.823712468147277832e-01 -5.490838289260864258e-01
4.341753944754600525e-02 3.447807431221008301e-01 -5.955274701118469238e-01
1.064870804548263550e-01 2.774983346462249756e-01 -6.229823231697082520e-01
1.136660277843475342e-01 2.990313470363616943e-01 -6.023370027542114258e-01
1.332232654094696045e-01 2.881171703338623047e-01 -5.858840942382812500e-01
1.144693791866302490e-01 2.756298482418060303e-01 -6.119351983070373535e-01
3.967260941863059998e-02 2.164692878723144531e-01 -6.139075160026550293e-01
8.405964076519012451e-02 1.933255046606063843e-01 -6.506426334381103516e-01
2.612285315990447998e-02 2.025962471961975098e-01 -6.265920400619506836e-01
4.234624654054641724e-02 1.976221203804016113e-01 -5.788378715515136719e-01
8.390581607818603516e-02 1.871381551027297974e-01 -5.880190730094909668e-01
1.043666303157806396e-01 1.640918701887130737e-01 -6.553429961204528809e-01
8.355658501386642456e-02 2.162205278873443604e-01 -6.392316222190856934e-01
2.002975195646286011e-01 2.780041992664337158e-01 -5.380389094352722168e-01
1.686790436506271362e-01 2.234729230403900146e-01 -5.453837513923645020e-01
1.311498731374740601e-01 2.976149022579193115e-01 -6.249097585678100586e-01
1.751253008842468262e-01 2.033327668905258179e-01 -6.549947261810302734e-01
2.495300322771072388e-01 1.840666234493255615e-01 -6.093120574951171875e-01
2.266183197498321533e-01 2.810853719711303711e-01 -6.781275272369384766e-01
2.036521583795547485e-01 3.236106336116790771e-01 -6.776013374328613281e-01
2.552773952484130859e-01 2.951910197734832764e-01 -6.816994547843933105e-01
3.357229828834533691e-01 2.130706757307052612e-01 -6.761271953582763672e-01
3.381779789924621582e-01 2.351347953081130981e-01 -6.956839561462402344e-01
2.722110152244567871e-01 1.413940042257308960e-01 -7.274383306503295898e-01
2.641097605228424072e-01 6.743529438972473145e-02 -6.076251268386840820e-01
