1.523594744503498077e-02 -1.070870384573936462e-01 -1.012708395719528198e-01
-3.475283272564411163e-03 -2.074074298143386841e-01 -7.729526609182357788e-02
-8.953118324279785156e-02 -1.265903562307357788e-01 -4.856425523757934570e-02
-1.479597687721252441e-01 -5.121370032429695129e-02 9.063676744699478149e-02
-2.043429166078567505e-01 1.914157159626483917e-02 1.642508208751678467e-01
-6.297694146633148193e-02 9.710597246885299683e-02 1.530385911464691162e-01
7.903718948364257812e-02 -2.596969157457351685e-02 1.131575927138328552e-01
7.196942716836929321e-02 -4.494172986596822739e-03 3.766721859574317932e-02
1.254665013402700424e-02 -2.614843472838401794e-02 1.232411861419677734e-01
-4.161849990487098694e-02 2.995572984218597412e-02 2.800577580928802490e-01
7.443412207067012787e-03 1.217246502637863159e-01 3.467414379119873047e-01
7.771871984004974365e-02 1.492622792720794678e-01 2.439790666103363037e-01
-6.247511599212884903e-03 1.455837041139602661e-01 -4.058569669723510742e-02
-1.215563341975212097e-01 2.606579475104808807e-02 -2.875063121318817139e-01
-1.360657811164855957e-01 -1.408622711896896362e-01 -3.170008957386016846e-01
1.569273066706955433e-03 -2.794103622436523438e-01 -1.665543764829635620e-01
2.050176709890365601e-01 -2.659948170185089111e-01 1.134199723601341248e-01
2.216971665620803833e-01 -1.061295717954635620e-01 2.783758342266082764e-01
8.382391184568405151e-02 1.952230632305145264e-01 2.774276435375213623e-01
-1.207660213112831116e-01 2.132006138563156128e-01 5.056249722838401794e-02
-1.791602075099945068e-01 7.950589805841445923e-02 -2.647863924503326416e-01
-1.719137430191040039e-01 -1.050094440579414368e-01 -3.465789258480072021e-01
-1.105196848511695862e-01 -1.519520729780197144e-01 -2.995870113372802734e-01
-5.016450583934783936e-02 -5.242700502276420593e-02 -2.756220102310180664e-02
-4.499289672821760178e-03 6.156884878873825073e-02 1.389190554618835449e-01
1.948269307613372803e-01 2.170166373252868652e-01 1.276334077119827271e-01
2.331122606992721558e-01 3.845773637294769287e-01 7.725778501480817795e-03
1.732467710971832275e-01 4.920783936977386475e-01 -1.087834686040878296e-01
2.333162166178226471e-02 4.359098970890045166e-01 -1.181705594062805176e-01
-2.090000659227371216e-01 1.353004574775695801e-01 -2.093188464641571045e-02
-1.920766532421112061e-01 -2.404067218303680420e-01 1.209993287920951843e-01
-1.004872545599937439e-01 -3.586099147796630859e-01 8.717599511146545410e-02
5.897198989987373352e-02 -3.062574863433837891e-01 4.470388591289520264e-02
1.781819611787796021e-01 -2.024751454591751099e-01 -1.281112898141145706e-02
2.260268032550811768e-01 -2.050705105066299438e-01 -7.522241771221160889e-02
1.787924915552139282e-01 -1.834425032138824463e-01 -8.559092879295349121e-02
2.602929063141345978e-02 -6.532038003206253052e-02 -9.582790732383728027e-02
-8.140011690557003021e-03 -9.208567440509796143e-03 -4.010467603802680969e-02
-5.305447848513722420e-04 9.807059913873672485e-02 7.484553754329681396e-02
1.698483973741531372e-01 -3.403242677450180054e-02 4.742885008454322815e-02
2.423826158046722412e-01 -1.615355461835861206e-01 -3.105666115880012512e-02
5.892552435398101807e-02 -1.589557081460952759e-01 -4.729747772216796875e-02
-6.828509271144866943e-02 -1.286677420139312744e-01 1.090774592012166977e-02
-1.615408658981323242e-01 1.358373165130615234e-01 1.692611426115036011e-01
-9.669053554534912109e-02 2.611755728721618652e-01 1.534672677516937256e-01
4.030923917889595032e-02 2.109538465738296509e-01 1.920896233059465885e-03
2.112731896340847015e-02 1.274342536926269531e-01 -1.372074037790298462e-01
1.123632490634918213e-02 -5.359957739710807800e-02 -1.989382207393646240e-01
-6.918278988450765610e-03 -1.595632731914520264e-01 -8.303409814834594727e-02
5.444838479161262512e-02 -1.678907573223114014e-01 1.159613281488418579e-01
4.108291491866111755e-02 -1.154625713825225830e-01 2.463168352842330933e-01
1.214093994349241257e-02 4.166735336184501648e-02 2.264602333307266235e-01
-1.199805885553359985e-01 1.893006861209869385e-01 8.517921715974807739e-02
-2.784891128540039062e-01 1.977780461311340332e-01 -7.659875601530075073e-02
-1.809810996055603027e-01 6.028207764029502869e-02 -1.181772127747535706e-01
-1.299898773431777954e-01 -7.578407227993011475e-02 -5.228850245475769043e-02
1.203649342060089111e-01 -1.310645043849945068e-01 4.006594419479370117e-02
1.767957508563995361e-01 -6.976728909648954868e-04 8.902612142264842987e-03
3.104153461754322052e-02 1.452223211526870728e-01 -6.998099386692047119e-02
5.828242748975753784e-02 1.830031275749206543e-01 -6.577289849519729614e-02
4.760634526610374451e-02 1.072502136230468750e-01 -1.402414739131927490e-01
1.048630848526954651e-01 -1.512694656848907471e-01 -3.184701874852180481e-02
9.290416538715362549e-02 -2.571348547935485840e-01 1.533872783184051514e-01
-7.278944551944732666e-02 -2.872838079929351807e-01 2.563766539096832275e-01
-1.146573051810264587e-01 -1.760349124670028687e-01 2.907093763351440430e-01
-1.314713656902313232e-01 3.108151070773601532e-02 -2.909082546830177307e-02
-1.625289320945739746e-01 7.819992303848266602e-02 -3.250406980514526367e-01
-8.515803515911102295e-02 1.140279695391654968e-01 -3.186659514904022217e-01
-8.288371562957763672e-02 7.044517248868942261e-02 -1.998302042484283447e-01
-7.300579920411109924e-03 2.096645534038543701e-02 3.704832633957266808e-03
