5.241978913545608521e-02 1.753751337528228760e-01 -2.007309049367904663e-01
1.125687062740325928e-01 7.937232404947280884e-02 -2.339321970939636230e-01
4.955536127090454102e-02 5.333386361598968506e-02 -2.988879382610321045e-01
7.267623674124479294e-03 -1.875724941492080688e-01 -1.676084101200103760e-01
1.048412248492240906e-01 -2.157351970672607422e-01 -1.377891749143600464e-01
-1.451134961098432541e-02 -1.723731905221939087e-01 2.852392196655273438e-02
1.206093952059745789e-01 -2.255418300628662109e-01 6.517340987920761108e-02
1.488212347030639648e-01 -4.233721643686294556e-02 -6.076061353087425232e-02
1.110565066337585449e-01 -9.703475050628185272e-03 -6.362865120172500610e-02
5.007713660597801208e-02 8.552797883749008179e-02 6.461867690086364746e-02
-8.621466159820556641e-02 1.209885627031326294e-01 2.294786125421524048e-01
-1.434077322483062744e-01 6.842081993818283081e-02 2.779698669910430908e-01
-1.318244040012359619e-01 2.004339918494224548e-02 2.667705118656158447e-01
-7.670706510543823242e-02 -5.591637641191482544e-02 1.576084792613983154e-01
3.962988778948783875e-02 -4.016065597534179688e-02 2.018271982669830322e-01
1.170746460556983948e-01 -8.582182228565216064e-02 2.114799022674560547e-01
1.381291151046752930e-01 -3.064357638359069824e-01 1.667869836091995239e-01
6.668689101934432983e-02 -4.021437168121337891e-01 5.771696940064430237e-02
1.071124989539384842e-02 -3.719246089458465576e-01 5.054455250501632690e-02
-1.463415287435054779e-02 -2.220624089241027832e-01 9.090684354305267334e-02
-1.040506586432456970e-01 2.239360474050045013e-02 2.197715342044830322e-01
-4.429288208484649658e-03 -5.975997447967529297e-02 1.725188940763473511e-01
4.875546693801879883e-02 -4.869387671351432800e-02 5.634621530771255493e-02
7.519010454416275024e-02 8.761037141084671021e-02 1.990836560726165771e-01
9.136348962783813477e-02 9.074290096759796143e-02 2.240288555622100830e-01
4.880089312791824341e-03 1.287642121315002441e-01 3.516508042812347412e-01
-1.303280987485777587e-05 1.198687627911567688e-01 3.244020938873291016e-01
-6.022712960839271545e-02 1.884692162275314331e-01 -7.102204021066427231e-03
1.997468769550323486e-01 2.573172450065612793e-01 -2.723183631896972656e-01
3.746833801269531250e-01 2.190019339323043823e-01 -3.556009232997894287e-01
3.819798529148101807e-01 1.771486252546310425e-01 -2.717748582363128662e-01
3.305494487285614014e-01 1.092055216431617737e-01 -2.491955086588859558e-02
1.624393463134765625e-01 1.113925874233245850e-01 8.225822448730468750e-02
1.499883830547332764e-01 2.200650721788406372e-01 4.031000286340713501e-02
1.019716784358024597e-01 1.950126886367797852e-01 -1.512222178280353546e-02
3.475442156195640564e-02 1.890186816453933716e-01 -2.850623056292533875e-02
3.911007195711135864e-03 3.778230457101017237e-04 -2.017054259777069092e-01
5.076333880424499512e-02 -1.377514749765396118e-01 -2.118152379989624023e-01
3.952491655945777893e-02 -1.295593529939651489e-01 -9.625440090894699097e-02
-1.779151707887649536e-01 -6.332611292600631714e-02 -9.137431532144546509e-02
-2.065016627311706543e-01 7.650699466466903687e-02 -5.583028122782707214e-02
-3.499681055545806885e-01 2.569739893078804016e-02 -2.092803120613098145e-01
-3.976716995239257812e-01 -5.612483248114585876e-02 -2.379769831895828247e-01
-2.810492515563964844e-01 -1.526207476854324341e-01 -9.966639429330825806e-02
-2.564107775688171387e-01 -3.314324468374252319e-02 -5.360738188028335571e-02
-5.251917615532875061e-02 5.599756911396980286e-02 -1.647763513028621674e-02
2.141519077122211456e-02 1.428679227828979492e-01 -8.884768933057785034e-02
3.427099809050559998e-02 1.528109908103942871e-01 -1.757029145956039429e-01
7.980956882238388062e-02 1.419952064752578735e-01 -1.716135144233703613e-01
-1.749489828944206238e-02 2.011700272560119629e-01 -1.270393729209899902e-01
-1.321509331464767456e-01 1.157538369297981262e-01 -6.707291305065155029e-02
-2.642575800418853760e-01 1.778823733329772949e-01 -2.978352457284927368e-02
-1.770964264869689941e-01 1.564591974020004272e-01 9.547359496355056763e-02
-1.053526028990745544e-01 2.108991593122482300e-01 -1.276898547075688839e-03
9.697058051824569702e-02 4.933457076549530029e-02 2.638040855526924133e-02
1.764536499977111816e-01 -1.859090477228164673e-01 3.633921593427658081e-02
2.291657589375972748e-02 -1.406342238187789917e-01 1.465432811528444290e-03
8.333273231983184814e-02 -1.344021409749984741e-01 7.428753376007080078e-02
-3.710240870714187622e-02 6.571963429450988770e-02 3.996376320719718933e-02
7.628673315048217773e-02 1.474472880363464355e-01 -7.280261721462011337e-03
4.195699095726013184e-02 4.779023677110671997e-02 -6.309907883405685425e-02
-7.969259470701217651e-02 3.860428556799888611e-02 -1.550238877534866333e-01
-5.082400888204574585e-02 1.000355482101440430e-01 -2.160546779632568359e-01
-2.068555504083633423e-01 8.375838398933410645e-02 -1.986630260944366455e-02
-2.552261352539062500e-01 1.936993747949600220e-01 1.509819030761718750e-01
-2.512252628803253174e-01 5.325309932231903076e-02 2.466114610433578491e-01
-2.498236447572708130e-01 5.329779163002967834e-02 1.724255383014678955e-01
-8.668732643127441406e-02 -1.038392782211303711e-01 -2.068147994577884674e-02
-2.669422654435038567e-03 -2.486003041267395020e-01 -5.325564369559288025e-02
3.397819236852228642e-04 -2.069027423858642578e-01 -4.170609638094902039e-02
