1.290514373437936374e-02
8.603429156252909160e-03
2.370281490362675381e-01
4.392170834833319937e-01
4.712092740229797405e-01
2.384214671415819942e-01
0.000000000000000000e+00
0.000000000000000000e+00
0.000000000000000000e+00
0.000000000000000000e+00
2.221226187540800701e-02
0.000000000000000000e+00
0.000000000000000000e+00
0.000000000000000000e+00
0.000000000000000000e+00
0.000000000000000000e+00
0.000000000000000000e+00
0.000000000000000000e+00
0.000000000000000000e+00
0.000000000000000000e+00
0.000000000000000000e+00
0.000000000000000000e+00
0.000000000000000000e+00
5.860209832643306638e-03
5.995307930554372340e-03
0.000000000000000000e+00
3.806180504961139549e-02
6.237558341134250700e-02
5.714501197599150539e-02
1.692825704845050613e-02
0.000000000000000000e+00
0.000000000000000000e+00
4.463694782008269940e-02
8.386648629519327658e-02
8.107537350780912033e-02
1.859002207142693500e-02
0.000000000000000000e+00
0.000000000000000000e+00
0.000000000000000000e+00
0.000000000000000000e+00
0.000000000000000000e+00
0.000000000000000000e+00
0.000000000000000000e+00
0.000000000000000000e+00
0.000000000000000000e+00
0.000000000000000000e+00
2.166121628130965870e-01
3.720307685228783079e-01
3.328330879147491927e-01
1.672375560109513326e-01
0.000000000000000000e+00
0.000000000000000000e+00
0.000000000000000000e+00
0.000000000000000000e+00
0.000000000000000000e+00
0.000000000000000000e+00
0.000000000000000000e+00
0.000000000000000000e+00
0.000000000000000000e+00
0.000000000000000000e+00
0.000000000000000000e+00
0.000000000000000000e+00
0.000000000000000000e+00
0.000000000000000000e+00
0.000000000000000000e+00
0.000000000000000000e+00
0.000000000000000000e+00
0.000000000000000000e+00
0.000000000000000000e+00
0.000000000000000000e+00
