-7.710874825716018677e-02 2.744046449661254883e-01 -3.572533428668975830e-01
-2.370918728411197662e-02 3.649280965328216553e-01 -2.396465986967086792e-01
2.790371421724557877e-03 2.874335050582885742e-01 -2.731491029262542725e-01
2.806509379297494888e-03 4.834082722663879395e-01 -1.191107928752899170e-01
4.599708691239356995e-02 3.319849371910095215e-01 -7.796420902013778687e-02
-7.295416668057441711e-03 3.188348114490509033e-01 -6.611820310354232788e-02
-7.068592309951782227e-02 2.980431318283081055e-01 5.242392793297767639e-02
-8.306577801704406738e-03 2.770072221755981445e-01 8.446156978607177734e-02
-1.923669725656509399e-01 2.597640156745910645e-01 1.319618225097656250e-01
-1.256493031978607178e-01 3.157486319541931152e-01 1.442666947841644287e-01
-7.250042259693145752e-02 2.971626520156860352e-01 1.963801383972167969e-01
-7.793018966913223267e-02 2.363059520721435547e-01 2.087376862764358521e-01
-6.526568531990051270e-02 2.313840985298156738e-01 9.662885218858718872e-02
-5.442034080624580383e-02 1.636823117733001709e-01 3.997608274221420288e-02
1.841077581048011780e-02 1.824085414409637451e-01 2.788887917995452881e-02
-3.591054305434226990e-02 2.029575407505035400e-01 4.438962414860725403e-02
-1.134841144084930420e-01 2.117029130458831787e-01 6.026320531964302063e-02
-2.137867212295532227e-01 2.088592648506164551e-01 5.238582193851470947e-02
-2.699553668498992920e-01 2.759108841419219971e-01 8.919394016265869141e-02
-2.496101558208465576e-01 2.498035281896591187e-01 6.045508384704589844e-02
-2.269674241542816162e-01 2.158722430467605591e-01 1.640729978680610657e-02
-2.364168614149093628e-01 1.815182417631149292e-01 8.182886987924575806e-03
-2.274387776851654053e-01 1.492389738559722900e-01 3.038270957767963409e-02
-2.933293879032135010e-01 2.286606729030609131e-01 1.430936902761459351e-01
-2.013587057590484619e-01 2.394500970840454102e-01 1.201322600245475769e-01
-2.388564497232437134e-01 1.613576859235763550e-01 1.367873251438140869e-01
-3.030843436717987061e-01 1.019137352705001831e-01 1.324998140335083008e-01
-2.296657711267471313e-01 3.678933903574943542e-02 1.480760425329208374e-01
-2.011520564556121826e-01 -1.044637039303779602e-01 9.926113486289978027e-02
-8.518648147583007812e-02 6.638344377279281616e-02 -8.372811228036880493e-02
4.203797504305839539e-02 4.849427044391632080e-01 -1.100686728022992611e-03
-3.244447708129882812e-02 4.783812761306762695e-01 -6.245831772685050964e-02
6.118637695908546448e-02 5.012879967689514160e-01 -4.366388171911239624e-02
5.663730576634407043e-02 5.558534264564514160e-01 -8.659538812935352325e-03
-4.792129155248403549e-03 5.960642695426940918e-01 9.000834077596664429e-03
6.876616925001144409e-02 5.906959176063537598e-01 4.104850441217422485e-02
9.704300016164779663e-02 5.837578177452087402e-01 8.119890093803405762e-02
1.600751094520092010e-02 5.848190188407897949e-01 6.867270171642303467e-02
7.502150535583496094e-02 6.693215370178222656e-01 2.061303891241550446e-02
5.838616937398910522e-02 6.408547759056091309e-01 -4.083191975951194763e-02
3.827476128935813904e-02 6.206691265106201172e-01 -3.400249779224395752e-02
2.230890244245529175e-01 5.858330130577087402e-01 -5.987435579299926758e-02
1.737375557422637939e-01 6.069393157958984375e-01 -1.758912801742553711e-01
2.425323128700256348e-01 4.715116322040557861e-01 -3.124655783176422119e-01
2.387561649084091187e-01 3.909361660480499268e-01 -4.145681560039520264e-01
2.228833138942718506e-01 4.587348997592926025e-01 -4.988649189472198486e-01
2.565746605396270752e-01 3.938112258911132812e-01 -5.438367724418640137e-01
2.215869277715682983e-01 3.951524198055267334e-01 -5.765311717987060547e-01
1.976726502180099487e-01 4.289367794990539551e-01 -5.805498361587524414e-01
1.847884058952331543e-01 3.908004164695739746e-01 -6.428462862968444824e-01
1.245329529047012329e-01 3.713661432266235352e-01 -6.285051703453063965e-01
9.213716536760330200e-02 3.363351821899414062e-01 -6.461257934570312500e-01
1.050980016589164734e-01 2.849679887294769287e-01 -6.089082956314086914e-01
1.385971158742904663e-01 1.824092715978622437e-01 -6.948152780532836914e-01
1.797474473714828491e-01 2.486062645912170410e-01 -6.639215946197509766e-01
9.550024569034576416e-02 1.675271689891815186e-01 -6.848917603492736816e-01
2.890107408165931702e-02 2.664552330970764160e-01 -6.541023850440979004e-01
1.744559779763221741e-02 2.292758077383041382e-01 -6.743882298469543457e-01
4.535031318664550781e-02 1.887794882059097290e-01 -6.996719241142272949e-01
-3.845088649541139603e-03 2.390592098236083984e-01 -6.892015337944030762e-01
6.260463595390319824e-02 2.095144987106323242e-01 -7.134242057800292969e-01
1.249047964811325073e-01 2.718879580497741699e-01 -6.728234887123107910e-01
5.264505371451377869e-02 2.130653560161590576e-01 -7.001339793205261230e-01
9.298270195722579956e-02 2.011459767818450928e-01 -7.059779167175292969e-01
1.424295753240585327e-01 2.563122510910034180e-01 -7.211208343505859375e-01
2.122402489185333252e-01 2.055437266826629639e-01 -7.447774410247802734e-01
2.658129036426544189e-01 1.497059911489486694e-01 -7.787064909934997559e-01
3.195918798446655273e-01 1.470019221305847168e-01 -7.183010578155517578e-01
3.193698823451995850e-01 1.307314783334732056e-01 -7.675269246101379395e-01
2.842548489570617676e-01 1.034873202443122864e-01 -6.862210035324096680e-01
