3.658096790313720703e-01 -2.850372493267059326e-01 -2.367666810750961304e-01
3.928661048412322998e-01 -1.819876730442047119e-01 -4.123042821884155273e-01
4.671785235404968262e-01 -1.516123414039611816e-01 -4.103357195854187012e-01
4.748257696628570557e-01 -2.254789769649505615e-01 -2.594191730022430420e-01
4.378077387809753418e-01 -1.609328836202621460e-01 -2.869465947151184082e-01
4.352030456066131592e-01 -1.914127171039581299e-01 -2.264720350503921509e-01
2.079928815364837646e-01 -2.003322988748550415e-01 3.168949782848358154e-01
1.171483397483825684e-01 -1.671035885810852051e-01 3.891378343105316162e-01
6.742640584707260132e-02 -1.698630601167678833e-01 3.870735764503479004e-01
-2.768030017614364624e-02 -1.181217655539512634e-01 3.483977913856506348e-01
-9.527102112770080566e-02 -4.227992892265319824e-02 2.868689596652984619e-01
-2.757250070571899414e-01 9.192927181720733643e-02 2.525231838226318359e-01
-3.234189450740814209e-01 2.195015996694564819e-01 2.794297635555267334e-01
-3.974267542362213135e-01 2.379359602928161621e-01 2.145124077796936035e-01
-4.043345749378204346e-01 1.333156973123550415e-01 1.950830072164535522e-01
-4.479879438877105713e-01 6.378729641437530518e-02 1.850267797708511353e-01
-3.060180544853210449e-01 4.440366923809051514e-01 4.561488702893257141e-02
-7.246169447898864746e-02 5.996052026748657227e-01 1.209481284022331238e-01
8.788893371820449829e-02 6.328125000000000000e-01 1.330360323190689087e-01
1.372329443693161011e-01 5.721507668495178223e-01 1.037221252918243408e-01
1.037745922803878784e-01 5.333581566810607910e-01 1.021167188882827759e-01
2.156433090567588806e-02 5.458210706710815430e-01 5.094009637832641602e-02
9.189557284116744995e-03 5.895892977714538574e-01 4.208471253514289856e-02
1.060169637203216553e-01 6.015364527702331543e-01 2.790150605142116547e-02
1.249930709600448608e-01 5.544327497482299805e-01 1.331451162695884705e-02
3.153546154499053955e-02 5.684408545494079590e-01 5.542050674557685852e-02
-3.541138768196105957e-02 5.737733840942382812e-01 6.636209785938262939e-02
-5.431047081947326660e-02 6.164070367813110352e-01 9.482538735028356314e-05
4.215196892619132996e-02 5.706724524497985840e-01 3.032778203487396240e-02
-8.045623451471328735e-02 4.695576727390289307e-01 5.408624187111854553e-02
-1.502708792686462402e-01 9.169521927833557129e-02 1.975233852863311768e-01
-2.071715742349624634e-01 -5.296841263771057129e-02 3.392832279205322266e-01
-1.507332772016525269e-01 -8.092693984508514404e-02 3.596628010272979736e-01
-1.147205382585525513e-01 1.454124459996819496e-03 3.553078174591064453e-01
-5.083194002509117126e-02 2.537478506565093994e-02 3.567945659160614014e-01
-1.846167445182800293e-02 3.501432016491889954e-02 2.666198015213012695e-01
-1.003536060452461243e-01 3.913799300789833069e-02 2.603636085987091064e-01
-8.201762288808822632e-02 7.937707006931304932e-03 2.470591515302658081e-01
-5.983072519302368164e-02 1.694562658667564392e-02 2.254684716463088989e-01
-6.246013566851615906e-02 1.205124706029891968e-02 2.245256453752517700e-01
-6.042280420660972595e-02 1.975679583847522736e-02 2.263906598091125488e-01
-1.022555902600288391e-01 -5.944099649786949158e-02 2.160335779190063477e-01
-5.736542865633964539e-02 -1.099570095539093018e-01 2.392203062772750854e-01
-8.482071571052074432e-03 -7.682791352272033691e-02 2.315457314252853394e-01
-4.359666630625724792e-02 -1.137817949056625366e-01 2.645241320133209229e-01
-9.253825247287750244e-02 2.636253833770751953e-01 3.050309419631958008e-02
6.114501878619194031e-02 3.126789033412933350e-01 -2.295460402965545654e-01
4.977368563413619995e-02 2.578415870666503906e-01 -3.127750456333160400e-01
5.970942601561546326e-02 2.907959222793579102e-01 -3.524155616760253906e-01
1.263791974633932114e-02 4.341283738613128662e-01 -3.041886091232299805e-01
-4.435463622212409973e-02 3.751301169395446777e-01 -1.785666048526763916e-01
-5.410222336649894714e-02 3.361671268939971924e-01 -6.869982928037643433e-02
3.910236118827015162e-04 2.563276588916778564e-01 -6.594513356685638428e-02
-4.231101647019386292e-02 1.838640421628952026e-01 5.939388647675514221e-02
-1.848735362291336060e-01 1.367650181055068970e-01 1.231762245297431946e-01
-1.449700891971588135e-01 1.245888173580169678e-01 1.935638785362243652e-01
-1.365454494953155518e-01 3.931589424610137939e-02 9.771598130464553833e-02
-1.219864487648010254e-01 -3.264524042606353760e-03 9.349640458822250366e-02
9.734955430030822754e-02 -2.304306998848915100e-02 2.221089974045753479e-02
1.528386175632476807e-01 -1.375832259654998779e-01 2.345471270382404327e-02
1.151056662201881409e-01 -5.616464093327522278e-02 -3.048603795468807220e-02
1.748814284801483154e-01 -3.793983906507492065e-02 -4.515197873115539551e-02
1.642295718193054199e-01 -5.350289400666952133e-03 -2.348078228533267975e-02
2.384191602468490601e-01 2.573287300765514374e-02 -1.157256886363029480e-01
1.859057098627090454e-01 -4.754427820444107056e-02 -1.216997280716896057e-01
-1.136948727071285248e-02 5.971855018287897110e-03 -4.634169489145278931e-02
-2.565433681011199951e-01 1.021814048290252686e-01 7.795970141887664795e-02
-2.380146235227584839e-01 9.158761799335479736e-02 9.420381486415863037e-02
-2.453435063362121582e-01 1.341823786497116089e-01 8.720173686742782593e-02
-2.118209153413772583e-01 3.769734874367713928e-02 8.608541637659072876e-02
-1.866667270660400391e-01 7.617469131946563721e-02 1.301324963569641113e-01
-1.430249810218811035e-01 1.218228861689567566e-01 6.315129250288009644e-02
-1.986439973115921021e-01 1.527397632598876953e-01 4.149925708770751953e-02
-2.275843918323516846e-01 1.826209574937820435e-01 1.233088746666908264e-01
-2.430556118488311768e-01 9.926156699657440186e-02 1.599133908748626709e-01
-2.287694215774536133e-01 7.949376851320266724e-02 1.278381943702697754e-01
-2.087679058313369751e-01 1.359027028083801270e-01 6.758043169975280762e-02
-1.983021944761276245e-01 7.767684012651443481e-02 7.717166095972061157e-02
-2.364495396614074707e-01 -5.989036057144403458e-03 5.126057565212249756e-02
-2.221859991550445557e-01 -1.368915662169456482e-02 8.391485363245010376e-02
-1.965758353471755981e-01 -1.242083534598350525e-01 9.828816354274749756e-02
-1.292742043733596802e-01 -2.033433467149734497e-01 9.800188243389129639e-03
-2.513957321643829346e-01 -1.826672703027725220e-01 3.677316009998321533e-02
-1.843845993280410767e-01 -1.262895613908767700e-01 1.577683025971055031e-03
-1.532782465219497681e-01 2.213252633810043335e-01 -7.440771162509918213e-02
-9.622532129287719727e-02 5.443191528320312500e-01 1.601046323776245117e-02
-9.474270790815353394e-02 5.565466880798339844e-01 -1.362085714936256409e-02
7.028450723737478256e-03 6.199333667755126953e-01 -2.810198068618774414e-02
9.287083894014358521e-02 6.273484230041503906e-01 -1.576677896082401276e-02
1.273169070482254028e-01 6.385968327522277832e-01 7.620880845934152603e-03
1.084864586591720581e-01 6.636707186698913574e-01 2.289943210780620575e-02
1.099877655506134033e-01 6.565568447113037109e-01 -9.446345502510666847e-04
7.509984821081161499e-02 6.687110662460327148e-01 3.395878896117210388e-02
7.554828375577926636e-02 6.645291447639465332e-01 4.623878002166748047e-02
8.217564970254898071e-02 6.547818183898925781e-01 6.162946578115224838e-03
1.269312947988510132e-01 5.944343805313110352e-01 -3.599322587251663208e-02
1.397782713174819946e-01 5.232210755348205566e-01 -1.212556064128875732e-01
1.629752814769744873e-01 5.535656213760375977e-01 -2.564105391502380371e-01
1.957099288702011108e-01 4.607792794704437256e-01 -3.453748822212219238e-01
2.520099580287933350e-01 3.638427555561065674e-01 -5.533148646354675293e-01
2.415626198053359985e-01 3.347747027873992920e-01 -6.267325282096862793e-01
2.452827394008636475e-01 3.200861215591430664e-01 -6.525135040283203125e-01
1.954593062400817871e-01 3.092833161354064941e-01 -6.750325560569763184e-01
1.771536469459533691e-01 2.948612570762634277e-01 -6.405008435249328613e-01
1.447430104017257690e-01 2.804646193981170654e-01 -6.634057164192199707e-01
1.433931589126586914e-01 2.459816336631774902e-01 -6.578732728958129883e-01
1.243461817502975464e-01 2.492077350616455078e-01 -6.660084128379821777e-01
1.033748686313629150e-01 2.501212358474731445e-01 -6.569647192955017090e-01
7.651312649250030518e-02 2.017498314380645752e-01 -6.839737892150878906e-01
5.712121725082397461e-02 2.586998641490936279e-01 -6.419597864151000977e-01
6.641142070293426514e-02 2.390062510967254639e-01 -6.985055208206176758e-01
1.160850077867507935e-01 2.287730425596237183e-01 -7.333682179450988770e-01
7.684978842735290527e-02 1.498417407274246216e-01 -7.638763785362243652e-01
6.598480045795440674e-02 2.087873667478561401e-01 -7.234343886375427246e-01
1.072881147265434265e-01 1.833454072475433350e-01 -7.606418728828430176e-01
1.333766132593154907e-01 2.237739264965057373e-01 -7.477567791938781738e-01
1.178988516330718994e-01 2.272461056709289551e-01 -7.435209155082702637e-01
1.674320399761199951e-01 2.261436730623245239e-01 -7.493880987167358398e-01
1.424155384302139282e-01 2.260004132986068726e-01 -7.534055709838867188e-01
1.976092606782913208e-01 1.693079769611358643e-01 -7.491824030876159668e-01
2.073532789945602417e-01 2.039689570665359497e-01 -7.152281999588012695e-01
2.528851628303527832e-01 1.913765221834182739e-01 -7.393885254859924316e-01
1.976172029972076416e-01 2.032431662082672119e-01 -7.313267588615417480e-01
1.887925863265991211e-01 2.022942006587982178e-01 -7.553508877754211426e-01
1.793216168880462646e-01 1.426393538713455200e-01 -7.482228279113769531e-01
1.937415003776550293e-01 9.559825062751770020e-02 -6.816177964210510254e-01
