-5.520628765225410461e-02 2.903046905994415283e-01 7.831530272960662842e-02
-1.488647907972335815e-01 1.958204805850982666e-01 -3.262318670749664307e-02
-1.532399505376815796e-01 5.675966665148735046e-02 -1.499844491481781006e-01
-4.952303320169448853e-02 -2.777085006237030029e-01 -2.711579389870166779e-02
2.784182429313659668e-01 -4.464341104030609131e-01 2.041127681732177734e-01
4.277432858943939209e-01 -3.936902880668640137e-01 2.238392829895019531e-01
3.789804279804229736e-01 -4.009425342082977295e-01 5.265902355313301086e-02
2.470549196004867554e-01 -3.020597994327545166e-01 -1.505552977323532104e-01
5.722993984818458557e-02 -2.320501506328582764e-01 -8.176833391189575195e-02
1.827868074178695679e-01 -2.537081837654113770e-01 4.837913811206817627e-02
3.421159088611602783e-01 -1.296174675226211548e-01 2.123947441577911377e-01
3.216113448143005371e-01 -6.904736161231994629e-02 1.867936700582504272e-01
1.157065555453300476e-01 -3.031323477625846863e-02 1.693194210529327393e-01
-7.307091355323791504e-02 -1.269733458757400513e-01 2.715623378753662109e-01
1.819716095924377441e-01 -1.525595318526029587e-02 2.134165912866592407e-01
3.500469923019409180e-01 2.621200084686279297e-01 1.307256370782852173e-01
3.800357282161712646e-01 4.266590178012847900e-01 -4.371214658021926880e-02
2.171650677919387817e-01 5.074449777603149414e-01 -6.337311118841171265e-02
-1.302521079778671265e-01 2.987882792949676514e-01 -2.400426752865314484e-02
-1.313724964857101440e-01 1.194595322012901306e-01 -6.410096539184451103e-04
-5.430438742041587830e-02 -4.959671199321746826e-02 -1.289904415607452393e-01
-2.570289745926856995e-02 -1.071311086416244507e-01 -3.432873487472534180e-01
-6.472477316856384277e-02 2.407766878604888916e-04 -2.672795355319976807e-01
-4.233739525079727173e-02 1.963259838521480560e-02 -1.693125963211059570e-01
5.979791656136512756e-02 7.787363231182098389e-02 6.632266193628311157e-02
1.819604784250259399e-01 6.168655818328261375e-04 7.063682377338409424e-02
5.477495864033699036e-02 -1.922479718923568726e-01 -1.130976900458335876e-02
-1.897787898778915405e-01 -4.053346812725067139e-01 2.787877433001995087e-02
-3.984243273735046387e-01 -5.280999541282653809e-01 -1.314608007669448853e-01
-4.439022243022918701e-01 -4.255722165107727051e-01 -1.495533287525177002e-01
-3.666690587997436523e-01 -2.022946178913116455e-01 -2.170959413051605225e-01
-1.848753243684768677e-01 1.183501183986663818e-01 -2.356668710708618164e-01
4.253926500678062439e-02 3.090794086456298828e-01 -1.174473613500595093e-01
-7.303848862648010254e-03 2.472906559705734253e-01 -1.728531718254089355e-01
-8.208853192627429962e-03 8.054534345865249634e-02 -2.068212777376174927e-01
-8.754847943782806396e-02 -4.731553047895431519e-02 -1.830963492393493652e-01
-6.875127553939819336e-02 -7.366698235273361206e-02 -1.324434727430343628e-01
-4.117008764296770096e-03 2.030105330049991608e-02 4.563720524311065674e-02
-4.158884286880493164e-03 1.492315810173749924e-02 5.164345726370811462e-02
3.450366109609603882e-02 -3.405548259615898132e-02 8.444169163703918457e-02
-2.813415136188268661e-03 -4.917605966329574585e-02 1.743187010288238525e-01
-4.912841692566871643e-02 -1.578540652990341187e-01 7.882852107286453247e-02
-3.282079473137855530e-02 -1.505286097526550293e-01 1.712562292814254761e-01
3.375517949461936951e-02 -7.261410355567932129e-02 1.229494735598564148e-01
1.001594066619873047e-01 2.985791862010955811e-01 1.862313300371170044e-01
5.992876738309860229e-02 5.424287915229797363e-01 1.862730979919433594e-01
-3.596984781324863434e-03 6.180813908576965332e-01 1.227336324518546462e-04
5.775913968682289124e-02 5.012351870536804199e-01 -6.044568866491317749e-02
9.390121698379516602e-02 5.968060716986656189e-02 -2.108425199985504150e-01
7.064546644687652588e-02 -2.568216919898986816e-01 -1.082888767123222351e-01
-2.461310476064682007e-02 -4.228022992610931396e-01 -1.264437474310398102e-02
-1.518660634756088257e-01 -3.721526861190795898e-01 -2.220002375543117523e-02
-5.684535484760999680e-03 -1.974718421697616577e-01 6.439110636711120605e-02
8.641700446605682373e-02 3.504394367337226868e-02 1.312201023101806641e-01
7.365447282791137695e-02 3.732815012335777283e-02 3.533007577061653137e-02
-1.417859643697738647e-02 8.897739462554454803e-03 -1.071562152355909348e-02
-2.768161594867706299e-01 -2.072101831436157227e-02 -1.559930592775344849e-01
-3.807126283645629883e-01 2.577267820015549660e-03 -6.977698206901550293e-02
-3.163501620292663574e-01 9.410905092954635620e-02 1.979608088731765747e-01
-1.711938679218292236e-01 7.883285731077194214e-02 2.247456759214401245e-01
5.970960110425949097e-02 2.864944748580455780e-02 2.232225388288497925e-01
6.956343352794647217e-02 8.738805772736668587e-04 1.386071462184190750e-02
-4.110615700483322144e-02 8.214149624109268188e-02 4.068991541862487793e-02
-1.513998769223690033e-02 -6.658811122179031372e-02 1.517955362796783447e-01
1.471253037452697754e-01 -2.482061833143234253e-01 3.258323669433593750e-01
2.714247405529022217e-01 -3.696597814559936523e-01 3.174689114093780518e-01
3.088000714778900146e-01 -3.734571933746337891e-01 2.237278521060943604e-01
2.117055207490921021e-01 -1.654988825321197510e-01 2.839310169219970703e-01
5.676056817173957825e-02 1.300393696874380112e-02 2.332433015108108521e-01
5.245874077081680298e-02 7.332187891006469727e-02 2.617825567722320557e-01
3.498131409287452698e-02 -2.758277114480733871e-04 1.741205006837844849e-01
1.191382929682731628e-01 -4.116921871900558472e-02 7.742694020271301270e-02
1.210758835077285767e-01 -1.316065434366464615e-02 1.478291302919387817e-01
9.454671293497085571e-02 8.707236498594284058e-03 1.568452417850494385e-01
6.611069291830062866e-02 4.721464123576879501e-03 1.677811704576015472e-02
-8.238198934122920036e-04 -2.659149840474128723e-02 5.135001614689826965e-03
1.175326644442975521e-03 1.741253398358821869e-02 7.478742301464080811e-02
4.242035001516342163e-02 3.489731997251510620e-02 1.243545934557914734e-01
-3.029477968811988831e-02 7.896468043327331543e-03 6.951472163200378418e-02
-1.005632504820823669e-01 4.433603584766387939e-02 -9.601391851902008057e-02
-9.057869762182235718e-02 3.786139190196990967e-02 -2.042716592550277710e-01
-3.951009362936019897e-02 1.514507532119750977e-01 -1.665804535150527954e-01
2.390682250261306763e-01 2.086814641952514648e-01 -1.874659359455108643e-01
4.853552579879760742e-01 1.349730938673019409e-01 -1.908486932516098022e-01
5.224903225898742676e-01 1.342176645994186401e-01 -1.521949768066406250e-01
4.640514850616455078e-01 1.710252165794372559e-01 -1.523080468177795410e-01
2.130628675222396851e-01 2.799173295497894287e-01 -8.227888494729995728e-02
-3.980592265725135803e-02 3.891620635986328125e-01 -3.773395344614982605e-02
1.003121607936918736e-03 3.427458703517913818e-01 -2.887207828462123871e-02
3.829800710082054138e-02 1.141860112547874451e-01 -6.693010777235031128e-02
8.626595139503479004e-02 -1.068966090679168701e-01 -3.959232568740844727e-02
5.825230479240417480e-02 -2.543229758739471436e-01 -3.791566565632820129e-02
3.052548132836818695e-02 -2.331294417381286621e-01 -1.547202467918395996e-03
-7.128569483757019043e-02 -6.746787577867507935e-02 3.253172710537910461e-02
-2.272531241178512573e-01 6.280525587499141693e-03 -4.084013402462005615e-02
-3.161256611347198486e-01 -1.739335805177688599e-02 -1.574205607175827026e-01
-3.607284426689147949e-01 6.474126130342483521e-02 -1.637771874666213989e-01
-3.204761147499084473e-01 1.978804618120193481e-01 -1.383416652679443359e-01
-2.969721257686614990e-01 2.171936035156250000e-01 -8.448944240808486938e-02
-2.871637940406799316e-01 1.000008583068847656e-01 7.173716276884078979e-02
-1.897042691707611084e-01 -9.311343729496002197e-02 -1.031216531991958618e-01
-4.505808651447296143e-02 -8.069407194852828979e-02 -1.673082560300827026e-01
1.980137825012207031e-02 5.179212987422943115e-02 -9.986997395753860474e-02
2.957830391824245453e-02 7.171882688999176025e-02 -1.121448501944541931e-01
-3.836788609623908997e-02 4.139471426606178284e-02 2.831109240651130676e-02
-3.900039568543434143e-02 3.522496204823255539e-03 4.116351716220378876e-03
-2.348669804632663727e-02 8.729352056980133057e-02 -2.066577784717082977e-02
8.998007327318191528e-02 6.258468329906463623e-02 -1.063068583607673645e-01
8.813238143920898438e-02 2.728564292192459106e-02 -1.002250760793685913e-01
2.408787049353122711e-02 9.991519153118133545e-02 -5.395771190524101257e-02
-1.001823469996452332e-01 1.267849802970886230e-01 -2.103540347889065742e-03
-1.049083322286605835e-01 1.166236177086830139e-01 9.832677245140075684e-02
-5.389595031738281250e-02 1.365648508071899414e-01 -1.194790098816156387e-02
-5.856910254806280136e-03 2.859022235497832298e-03 -7.836472243070602417e-02
2.421613223850727081e-02 -1.403212100267410278e-01 -8.973268419504165649e-02
-4.692721739411354065e-02 -3.560397401452064514e-02 -3.000320121645927429e-02
2.487303502857685089e-02 -4.887406900525093079e-02 1.249923184514045715e-02
-9.661830961704254150e-02 1.222281306982040405e-01 4.924701526761054993e-02
-1.243702843785285950e-01 8.092961460351943970e-02 -2.730613574385643005e-02
-1.411182433366775513e-01 -8.415990322828292847e-02 2.292009443044662476e-02
-4.762150719761848450e-02 -7.616401463747024536e-02 -8.211059495806694031e-03
1.783633232116699219e-02 -1.029704809188842773e-01 7.558560930192470551e-03
-6.683932989835739136e-02 -3.191288188099861145e-02 8.798869699239730835e-02
-5.528429150581359863e-02 -1.363695412874221802e-01 6.569692492485046387e-02
-6.591389328241348267e-02 -1.826779395341873169e-01 1.601361036300659180e-01
-7.823920808732509613e-03 -1.563747227191925049e-01 8.710489422082901001e-02
