1.290514373437936374e-02
8.603429156252909160e-03
0.000000000000000000e+00
0.000000000000000000e+00
1.706223600217278147e-01
3.412447200434556294e-01
3.825299130667829672e-01
2.101980258362148579e-01
0.000000000000000000e+00
0.000000000000000000e+00
0.000000000000000000e+00
0.000000000000000000e+00
2.278984529915627395e-03
2.534757878077675136e-02
6.740974996448111101e-02
6.518896421433074961e-02
3.924902996290315776e-02
0.000000000000000000e+00
0.000000000000000000e+00
0.000000000000000000e+00
0.000000000000000000e+00
5.934296521552171605e-03
5.648576712788646453e-03
0.000000000000000000e+00
0.000000000000000000e+00
0.000000000000000000e+00
0.000000000000000000e+00
0.000000000000000000e+00
2.708355192472944230e-03
0.000000000000000000e+00
0.000000000000000000e+00
0.000000000000000000e+00
0.000000000000000000e+00
0.000000000000000000e+00
0.000000000000000000e+00
1.047972525896291064e-02
1.069735777933699707e-02
6.425095400478201407e-03
0.000000000000000000e+00
0.000000000000000000e+00
0.000000000000000000e+00
0.000000000000000000e+00
0.000000000000000000e+00
0.000000000000000000e+00
0.000000000000000000e+00
0.000000000000000000e+00
0.000000000000000000e+00
2.511486800777336104e-01
4.835381339849268434e-01
4.469679019929003183e-01
4.526330689516550043e-01
4.248585094883243207e-01
4.852459972462488391e-01
2.802642433989610549e-01
0.000000000000000000e+00
0.000000000000000000e+00
0.000000000000000000e+00
0.000000000000000000e+00
1.584874894284360111e-02
1.350178542881486608e-02
1.434362144097788613e-03
0.000000000000000000e+00
0.000000000000000000e+00
0.000000000000000000e+00
0.000000000000000000e+00
0.000000000000000000e+00
0.000000000000000000e+00
0.000000000000000000e+00
0.000000000000000000e+00
0.000000000000000000e+00
0.000000000000000000e+00
0.000000000000000000e+00
0.000000000000000000e+00
1.343470898033788906e-02
3.502097213852799207e-02
3.913599639983457446e-02
3.667703970017963111e-02
2.861812834391503496e-02
1.454560235244765042e-02
0.000000000000000000e+00
0.000000000000000000e+00
0.000000000000000000e+00
0.000000000000000000e+00
4.081876917047227993e-02
8.328311679753050423e-02
1.240281209099751425e-01
6.285179075049317221e-02
1.870065981262506588e-02
0.000000000000000000e+00
0.000000000000000000e+00
0.000000000000000000e+00
0.000000000000000000e+00
0.000000000000000000e+00
0.000000000000000000e+00
0.000000000000000000e+00
0.000000000000000000e+00
0.000000000000000000e+00
0.000000000000000000e+00
2.304242892228284822e-01
4.018357115366141818e-01
3.531072152276075182e-01
1.741484978311740595e-01
0.000000000000000000e+00
0.000000000000000000e+00
0.000000000000000000e+00
0.000000000000000000e+00
0.000000000000000000e+00
0.000000000000000000e+00
0.000000000000000000e+00
0.000000000000000000e+00
0.000000000000000000e+00
0.000000000000000000e+00
0.000000000000000000e+00
0.000000000000000000e+00
0.000000000000000000e+00
0.000000000000000000e+00
0.000000000000000000e+00
0.000000000000000000e+00
0.000000000000000000e+00
0.000000000000000000e+00
0.000000000000000000e+00
1.720685831250581832e-03
1.720685831250581832e-03
4.301714578126454580e-04
0.000000000000000000e+00
0.000000000000000000e+00
