3.148555330898937243e-01
0.000000000000000000e+00
0.000000000000000000e+00
0.000000000000000000e+00
0.000000000000000000e+00
5.238768756290467649e-02
1.705045380968660956e-02
1.129730767712237155e-02
1.403296211112734122e-02
1.766058102749973671e-02
2.351227420568577017e-02
3.274596861125463054e-02
3.712745749377143606e-02
4.706161472946034097e-02
4.791355257685247365e-02
3.172557823078794165e-02
4.163049002991853556e-03
0.000000000000000000e+00
0.000000000000000000e+00
0.000000000000000000e+00
0.000000000000000000e+00
0.000000000000000000e+00
0.000000000000000000e+00
0.000000000000000000e+00
0.000000000000000000e+00
0.000000000000000000e+00
0.000000000000000000e+00
0.000000000000000000e+00
0.000000000000000000e+00
0.000000000000000000e+00
0.000000000000000000e+00
0.000000000000000000e+00
0.000000000000000000e+00
0.000000000000000000e+00
3.434790307003568466e-01
6.107486414951557308e-01
5.459250466799635548e-01
2.734079099076456298e-01
0.000000000000000000e+00
0.000000000000000000e+00
0.000000000000000000e+00
0.000000000000000000e+00
3.516906871876795404e-01
6.639110689300596890e-01
7.135351431459261429e-01
3.473768753500812712e-01
0.000000000000000000e+00
0.000000000000000000e+00
0.000000000000000000e+00
0.000000000000000000e+00
2.480651030789231964e-02
0.000000000000000000e+00
0.000000000000000000e+00
0.000000000000000000e+00
0.000000000000000000e+00
0.000000000000000000e+00
0.000000000000000000e+00
0.000000000000000000e+00
0.000000000000000000e+00
0.000000000000000000e+00
0.000000000000000000e+00
1.029881117021425041e-02
7.296751190058887657e-03
3.979240236312056068e-03
1.056223998973931412e-02
1.939565491776407136e-02
4.029589253406440363e-02
3.992473049711564581e-02
4.232750025098695051e-02
0.000000000000000000e+00
0.000000000000000000e+00
0.000000000000000000e+00
0.000000000000000000e+00
1.974076124318999981e-01
5.832881184859284307e-01
7.545339041778242883e-01
6.406999331237501760e-01
2.556338128707554835e-01
0.000000000000000000e+00
0.000000000000000000e+00
0.000000000000000000e+00
0.000000000000000000e+00
1.799729574067833807e-02
0.000000000000000000e+00
0.000000000000000000e+00
0.000000000000000000e+00
0.000000000000000000e+00
0.000000000000000000e+00
0.000000000000000000e+00
0.000000000000000000e+00
0.000000000000000000e+00
0.000000000000000000e+00
0.000000000000000000e+00
0.000000000000000000e+00
0.000000000000000000e+00
0.000000000000000000e+00
0.000000000000000000e+00
0.000000000000000000e+00
9.835633163701491474e-03
1.190563638755878090e-02
1.101342904105654871e-02
5.718839932548094168e-03
6.895024373549191177e-03
0.000000000000000000e+00
0.000000000000000000e+00
0.000000000000000000e+00
9.320829954704853981e-02
2.304052736174622418e-01
2.184583601728286584e-01
6.325098554430003128e-02
0.000000000000000000e+00
0.000000000000000000e+00
0.000000000000000000e+00
3.350960565395580230e-03
4.561300236815504609e-03
0.000000000000000000e+00
0.000000000000000000e+00
0.000000000000000000e+00
0.000000000000000000e+00
0.000000000000000000e+00
0.000000000000000000e+00
2.382933333368341122e-01
4.065141412073124405e-01
3.508629799606566291e-01
1.695924716844212921e-01
0.000000000000000000e+00
0.000000000000000000e+00
0.000000000000000000e+00
0.000000000000000000e+00
0.000000000000000000e+00
0.000000000000000000e+00
0.000000000000000000e+00
0.000000000000000000e+00
0.000000000000000000e+00
0.000000000000000000e+00
0.000000000000000000e+00
0.000000000000000000e+00
0.000000000000000000e+00
0.000000000000000000e+00
0.000000000000000000e+00
0.000000000000000000e+00
0.000000000000000000e+00
1.720685831250581832e-03
3.441371662501163664e-03
2.150857289063227290e-03
0.000000000000000000e+00
0.000000000000000000e+00
0.000000000000000000e+00
