-6.316950917243957520e-02 1.730279065668582916e-02 2.936177141964435577e-02
-1.686642616987228394e-01 -4.580425843596458435e-02 -3.651084750890731812e-02
-2.489477396011352539e-01 -1.002174466848373413e-01 -8.119117468595504761e-02
-2.319448441267013550e-01 -7.969381660223007202e-02 -1.389972418546676636e-01
-9.130705147981643677e-02 3.790577873587608337e-02 -5.627665668725967407e-02
5.956467986106872559e-02 9.081877022981643677e-02 2.101255394518375397e-02
1.579191386699676514e-01 7.964964956045150757e-02 3.407878428697586060e-02
1.470550000667572021e-01 -1.830702461302280426e-02 1.046653166413307190e-01
9.698578715324401855e-02 -3.945660963654518127e-02 1.035679578781127930e-01
6.413220614194869995e-02 -2.361598052084445953e-02 8.187708258628845215e-02
1.235885825008153915e-02 -3.348200395703315735e-02 7.773135788738727570e-03
-2.910118550062179565e-02 -1.339025446213781834e-03 -1.503211706876754761e-01
-5.697749927639961243e-02 -4.133576154708862305e-02 -1.317397058010101318e-01
-6.682631373405456543e-02 -5.936580896377563477e-02 -5.730279907584190369e-02
-3.871341794729232788e-02 -8.915726095438003540e-02 3.203674405813217163e-02
3.276010975241661072e-02 -1.156777217984199524e-01 1.272313594818115234e-01
8.597014099359512329e-02 -6.012506037950515747e-02 7.973418384790420532e-02
1.287322640419006348e-01 -6.233445368707180023e-03 6.075465679168701172e-02
1.105139181017875671e-01 7.926435768604278564e-02 1.716090925037860870e-02
6.996915489435195923e-02 1.669274419546127319e-01 -3.913523256778717041e-02
-4.004593472927808762e-03 1.758998632431030273e-01 -5.066914111375808716e-02
-5.648332461714744568e-02 1.312481909990310669e-01 -9.794869273900985718e-02
-4.044894129037857056e-02 7.697314489632844925e-03 -1.411300152540206909e-01
-4.460978135466575623e-02 -6.728490442037582397e-02 -1.165477782487869263e-01
7.332211825996637344e-03 -1.401230134069919586e-02 -8.359288424253463745e-02
-1.135015394538640976e-02 -7.582031190395355225e-02 1.686711795628070831e-02
-6.834406405687332153e-02 -1.656428277492523193e-01 1.884945551864802837e-03
-1.732178963720798492e-02 -3.774402141571044922e-01 2.028499171137809753e-02
-4.025030881166458130e-02 -5.106909275054931641e-01 5.888256803154945374e-02
-5.324004590511322021e-02 -2.358348369598388672e-01 6.683325767517089844e-02
-7.795432209968566895e-02 2.670685946941375732e-01 1.521988660097122192e-01
-1.098584234714508057e-01 6.272886395454406738e-01 9.598681330680847168e-02
-2.655801922082901001e-02 6.366450190544128418e-01 8.721627295017242432e-02
-7.063486427068710327e-02 2.070685625076293945e-01 -2.466536872088909149e-02
-7.308816164731979370e-02 -2.620042264461517334e-01 -1.625158488750457764e-01
3.689219430088996887e-02 -3.965535163879394531e-01 -1.642062067985534668e-01
1.776415854692459106e-01 -1.947003006935119629e-01 -7.817693799734115601e-02
2.767554521560668945e-01 1.434491425752639771e-01 1.053228303790092468e-01
2.365459650754928589e-01 2.267033755779266357e-01 2.201782912015914917e-01
5.086104944348335266e-02 1.962265670299530029e-01 1.983569711446762085e-01
-1.119659170508384705e-01 4.052120260894298553e-03 1.236198749393224716e-02
-2.100846320390701294e-01 -1.173890233039855957e-01 -7.084054499864578247e-02
-2.886890172958374023e-01 -5.552597343921661377e-02 -8.409240096807479858e-02
-2.135136127471923828e-01 2.869382128119468689e-02 1.326180715113878250e-02
4.118113219738006592e-02 1.112848147749900818e-01 1.178302317857742310e-01
2.940594851970672607e-01 2.666277252137660980e-02 5.689633265137672424e-02
2.723803818225860596e-01 -1.423175930976867676e-01 -1.686437241733074188e-02
8.378010988235473633e-02 -1.487627774477005005e-01 -1.097614169120788574e-01
-1.024153679609298706e-01 -8.175886422395706177e-02 -2.000333368778228760e-01
-1.430262476205825806e-01 3.234769450500607491e-03 -2.024005353450775146e-01
-6.651473790407180786e-02 4.339213483035564423e-03 -1.641930192708969116e-01
3.881337866187095642e-02 -1.012085974216461182e-01 -1.088623516261577606e-02
8.891150355339050293e-02 -1.350319981575012207e-01 1.460987031459808350e-01
6.845137476921081543e-02 -7.394316792488098145e-02 1.482896804809570312e-01
1.220349222421646118e-03 4.447817429900169373e-02 1.592191308736801147e-02
-7.871261984109878540e-02 7.550644129514694214e-02 -1.512080878019332886e-01
-5.064052343368530273e-02 2.483661845326423645e-02 -1.898627728223800659e-01
2.451593428850173950e-02 -2.243415080010890961e-02 -1.835276745259761810e-02
-5.140378139913082123e-03 -1.710329763591289520e-02 1.543310582637786865e-01
-3.075513057410717010e-02 7.410229742527008057e-02 2.123587429523468018e-01
-8.486981689929962158e-02 9.101743996143341064e-02 1.600344330072402954e-01
-9.961906820535659790e-02 2.161130122840404510e-02 -4.221587628126144409e-02
-2.831052057445049286e-02 -6.376748532056808472e-02 -1.384785920381546021e-01
-3.924855845980346203e-04 -1.085165813565254211e-01 -1.282497793436050415e-01
1.011216863989830017e-01 -3.616018593311309814e-02 -5.077661573886871338e-02
7.230111211538314819e-02 5.143362656235694885e-02 1.777478866279125214e-02
-1.712492085061967373e-03 8.971624821424484253e-02 -4.132330417633056641e-02
-5.484002828598022461e-02 1.111869439482688904e-01 -1.579561680555343628e-01
-2.484946511685848236e-02 6.262350827455520630e-02 -1.879274994134902954e-01
1.594000458717346191e-01 -1.095955669879913330e-01 -9.454849362373352051e-02
1.891715824604034424e-01 -1.231620162725448608e-01 7.912132889032363892e-02
1.204786375164985657e-01 2.863405644893646240e-02 3.109316527843475342e-01
4.540283605456352234e-02 2.706827819347381592e-01 3.866105973720550537e-01
-2.558880299329757690e-02 2.745176553726196289e-01 2.052568644285202026e-01
9.116362780332565308e-02 -1.328954845666885376e-01 -1.160441339015960693e-01
6.676738709211349487e-02 -4.034037888050079346e-01 -4.300403296947479248e-01
3.179536014795303345e-02 -3.463719487190246582e-01 -5.058404207229614258e-01
2.239250764250755310e-02 1.149491965770721436e-02 -3.467709422111511230e-01
-5.035270377993583679e-02 2.566647827625274658e-01 -1.529269814491271973e-01
-7.006423175334930420e-02 1.355258673429489136e-01 2.334942072629928589e-01
-1.054784804582595825e-01 -7.702839374542236328e-02 4.305060207843780518e-01
-1.184794828295707703e-01 -1.919640600681304932e-01 4.506013393402099609e-01
-9.805107116699218750e-02 -1.521428525447845459e-01 4.116171002388000488e-01
-6.551175564527511597e-02 -3.933851141482591629e-03 1.974654048681259155e-01
1.230980921536684036e-02 1.160446032881736755e-01 2.983256615698337555e-02
8.053404837846755981e-02 2.914498746395111084e-01 -5.582239478826522827e-03
6.423542648553848267e-02 3.639137744903564453e-01 8.115492761135101318e-03
-3.962659835815429688e-02 2.886248826980590820e-01 2.119158394634723663e-02
-1.892657428979873657e-01 1.333168447017669678e-01 -2.785964682698249817e-02
-2.653163075447082520e-01 -2.016388773918151855e-01 -1.826631426811218262e-01
-2.668779790401458740e-01 -4.323190748691558838e-01 -2.803499102592468262e-01
-2.400211840867996216e-01 -4.432699382305145264e-01 -2.729175388813018799e-01
-1.408587694168090820e-01 -3.169305622577667236e-01 -1.056716591119766235e-01
-3.392372280359268188e-02 2.391457790508866310e-03 1.372866779565811157e-01
7.558487355709075928e-02 2.553159892559051514e-01 2.067048549652099609e-01
1.132469326257705688e-01 2.284697592258453369e-01 1.123503670096397400e-01
1.596448123455047607e-01 1.361503601074218750e-01 -6.958808004856109619e-02
2.226292937994003296e-01 8.706191927194595337e-02 -1.736243069171905518e-01
2.192959189414978027e-01 4.364277049899101257e-02 -9.186054021120071411e-02
1.141288205981254578e-01 2.216906473040580750e-02 5.307536944746971130e-02
-4.343117587268352509e-03 -1.692637056112289429e-02 5.825445428490638733e-02
2.553552016615867615e-02 -2.182951197028160095e-02 -5.629466380923986435e-03
1.362707912921905518e-01 5.822313949465751648e-02 -1.341320425271987915e-01
1.938022077083587646e-01 3.216722607612609863e-01 -1.711312681436538696e-01
7.373199611902236938e-02 5.279877185821533203e-01 -7.965770363807678223e-02
-1.195537298917770386e-01 5.764650702476501465e-01 -1.284518092870712280e-02
-2.057256400585174561e-01 4.534880518913269043e-01 1.107164025306701660e-01
-1.567899286746978760e-01 -1.798655390739440918e-01 1.209778860211372375e-01
5.802095308899879456e-02 -5.357372164726257324e-01 3.090298175811767578e-02
1.682505607604980469e-01 -5.685231089591979980e-01 -2.082776464521884918e-02
1.304943114519119263e-01 -4.591335058212280273e-01 -7.589620351791381836e-02
2.753247693181037903e-02 -1.870727390050888062e-01 -2.590890601277351379e-02
-9.853731095790863037e-02 -1.181016042828559875e-01 1.610329188406467438e-02
-1.451943367719650269e-01 -5.376033857464790344e-02 3.551447065547108650e-03
-1.233249306678771973e-01 6.954902410507202148e-02 2.509262971580028534e-02
5.728067085146903992e-02 1.354372054338455200e-01 5.087496712803840637e-03
2.730420529842376709e-01 9.003797918558120728e-02 -5.640065670013427734e-02
3.641291856765747070e-01 -4.903078451752662659e-02 -1.283081471920013428e-01
2.858524620532989502e-01 -1.468531638383865356e-01 -1.505302935838699341e-01
6.572162359952926636e-02 -1.467079669237136841e-01 -7.200963795185089111e-02
-3.214458748698234558e-02 -9.131513535976409912e-02 1.427833437919616699e-01
-3.432943299412727356e-02 -4.580116644501686096e-02 2.092785686254501343e-01
-5.467408895492553711e-02 6.259592622518539429e-02 1.281247884035110474e-01
-6.091580167412757874e-02 1.497048288583755493e-01 1.649626642465591431e-01
-1.090219765901565552e-01 2.503638267517089844e-01 1.007079705595970154e-01
-1.218652725219726562e-01 1.939724832773208618e-01 1.273422688245773315e-01
-1.857524365186691284e-01 3.484738990664482117e-02 -1.781997457146644592e-02
-2.409505099058151245e-01 -1.973142474889755249e-02 -2.669586837291717529e-01
-8.748086541891098022e-02 -5.155855044722557068e-02 -2.489833384752273560e-01
9.142590314149856567e-02 6.364040821790695190e-02 -7.404381036758422852e-02
2.245627194643020630e-01 -1.708872057497501373e-02 1.612554937601089478e-01
1.311632543802261353e-01 -1.033845022320747375e-01 2.749085724353790283e-01
-1.082347556948661804e-01 -7.164318114519119263e-02 1.210059970617294312e-01
-1.388178914785385132e-01 -8.063228428363800049e-02 -1.055547147989273071e-01
-1.450348198413848877e-01 2.923173829913139343e-02 -1.847322434186935425e-01
-2.379816770553588867e-02 -1.984442956745624542e-02 -2.247849851846694946e-01
3.848361968994140625e-02 -6.009611114859580994e-02 -1.096918955445289612e-01
7.111919671297073364e-02 -8.084964938461780548e-03 6.308379024267196655e-02
2.094185054302215576e-01 2.167034195736050606e-03 1.417534798383712769e-01
1.543514430522918701e-01 2.127987146377563477e-02 1.123001351952552795e-01
1.070180535316467285e-01 1.038683857768774033e-02 -3.691027313470840454e-02
6.767272949218750000e-02 -1.612983644008636475e-02 -1.175719499588012695e-01
6.457445025444030762e-02 -6.148640811443328857e-02 3.377228276804089546e-03
2.828111313283443451e-02 -5.619834735989570618e-02 1.457099318504333496e-01
-1.976224184036254883e-01 -5.974671617150306702e-02 1.072945147752761841e-01
-3.742250502109527588e-01 5.256378091871738434e-03 -2.993031777441501617e-02
-3.880226612091064453e-01 7.142513245344161987e-02 -1.277373880147933960e-01
-2.467952668666839600e-01 6.760488450527191162e-02 -1.208172366023063660e-01
