4.303035438060760498e-01 -1.998305767774581909e-01 1.994181722402572632e-01
5.726572275161743164e-01 -1.320411711931228638e-01 2.300711274147033691e-01
5.726733207702636719e-01 -1.440012902021408081e-01 2.447021156549453735e-01
5.906065106391906738e-01 -1.496081352233886719e-01 1.988702118396759033e-01
6.037622094154357910e-01 -1.012718230485916138e-01 2.413437217473983765e-01
5.622773766517639160e-01 -1.163719445466995239e-01 2.542449235916137695e-01
5.379282832145690918e-01 -1.313751041889190674e-01 2.778527736663818359e-01
5.178502798080444336e-01 -1.311264783143997192e-01 2.746475338935852051e-01
5.489792227745056152e-01 -1.754174530506134033e-01 2.956585288047790527e-01
5.449805855751037598e-01 -1.605301052331924438e-01 3.017907142639160156e-01
5.357000827789306641e-01 -1.559342145919799805e-01 2.832665145397186279e-01
5.477859377861022949e-01 -2.146394550800323486e-01 2.431776523590087891e-01
5.541720390319824219e-01 -1.922562718391418457e-01 2.931057810783386230e-01
5.428589582443237305e-01 -1.705038249492645264e-01 3.090118169784545898e-01
5.102216601371765137e-01 -1.795259416103363037e-01 3.017902672290802002e-01
4.844104349613189697e-01 -1.583998054265975952e-01 3.242505192756652832e-01
5.534701347351074219e-01 -1.196598857641220093e-01 2.765859067440032959e-01
5.243976116180419922e-01 -1.083601564168930054e-01 3.034406304359436035e-01
5.397521257400512695e-01 -1.396847963333129883e-01 2.858473658561706543e-01
5.964448451995849609e-01 -1.896684914827346802e-01 2.418468147516250610e-01
5.995038151741027832e-01 -1.858925521373748779e-01 2.467173486948013306e-01
5.993636846542358398e-01 -2.022200226783752441e-01 2.714393436908721924e-01
6.119285821914672852e-01 -2.568807303905487061e-01 2.603256702423095703e-01
6.246143579483032227e-01 -2.121823728084564209e-01 2.367576360702514648e-01
5.711695551872253418e-01 -2.123679667711257935e-01 2.624357044696807861e-01
5.971543192863464355e-01 -2.114639133214950562e-01 2.514158189296722412e-01
6.122267842292785645e-01 -2.573879063129425049e-01 2.395167499780654907e-01
5.939393639564514160e-01 -2.667499184608459473e-01 2.111981660127639771e-01
5.730130672454833984e-01 -2.042620182037353516e-01 2.127520889043807983e-01
6.417005062103271484e-01 -3.174982666969299316e-01 1.225643754005432129e-01
5.253641605377197266e-01 -3.339267075061798096e-01 8.723025023937225342e-02
3.060621321201324463e-01 -5.057199001312255859e-01 6.138604879379272461e-02
1.827120222151279449e-02 -5.669413208961486816e-01 1.165659353137016296e-01
6.090421229600906372e-02 -3.619152307510375977e-01 -3.347734808921813965e-01
3.689557313919067383e-02 -2.696832418441772461e-01 -1.952803432941436768e-01
-1.009411886334419250e-01 -3.225865662097930908e-01 -1.199260279536247253e-01
-1.048046424984931946e-01 -3.630556166172027588e-01 -1.692662239074707031e-01
-1.549738198518753052e-01 -2.688305377960205078e-01 -1.561989933252334595e-01
-2.424007803201675415e-01 -2.641455233097076416e-01 -1.427390724420547485e-01
-2.152324765920639038e-01 -2.620753645896911621e-01 -3.221478462219238281e-01
3.517627418041229248e-01 3.610804080963134766e-01 -3.143262565135955811e-01
3.690664172172546387e-01 3.909027874469757080e-01 -2.887527644634246826e-01
3.954115211963653564e-01 3.966265618801116943e-01 -5.346421003341674805e-01
3.944393396377563477e-01 4.103442132472991943e-01 -5.587495565414428711e-01
4.243461787700653076e-01 4.399708509445190430e-01 -4.926608502864837646e-01
4.598911404609680176e-01 5.203357338905334473e-01 -4.028818607330322266e-01
5.204076766967773438e-01 4.436269998550415039e-01 -2.932526767253875732e-01
5.222200155258178711e-01 4.026246070861816406e-01 -2.422893345355987549e-01
4.981670975685119629e-01 4.194236993789672852e-01 -2.359357327222824097e-01
4.679541587829589844e-01 3.961021006107330322e-01 -2.570278644561767578e-01
4.822775125503540039e-01 4.056404829025268555e-01 -2.321890145540237427e-01
4.744224250316619873e-01 4.511295855045318604e-01 -1.938733607530593872e-01
4.395446479320526123e-01 4.732765555381774902e-01 -1.801634281873703003e-01
4.394162595272064209e-01 4.350533485412597656e-01 -2.144288867712020874e-01
4.766320884227752686e-01 4.635440707206726074e-01 -2.098511159420013428e-01
5.042772889137268066e-01 4.311279952526092529e-01 -2.454552352428436279e-01
5.057324171066284180e-01 4.503603577613830566e-01 -2.076730877161026001e-01
5.040533542633056641e-01 4.643820822238922119e-01 -1.671576797962188721e-01
4.962458312511444092e-01 4.721561074256896973e-01 -1.900381445884704590e-01
5.232724547386169434e-01 4.601429998874664307e-01 -1.898255944252014160e-01
5.139777660369873047e-01 4.846859872341156006e-01 -1.714171171188354492e-01
5.037493109703063965e-01 4.524496793746948242e-01 -2.500376999378204346e-01
4.786178469657897949e-01 4.476222097873687744e-01 -2.478664964437484741e-01
5.078370571136474609e-01 4.451687037944793701e-01 -2.362801879644393921e-01
5.387409329414367676e-01 4.222461283206939697e-01 -1.905591487884521484e-01
5.376184582710266113e-01 4.001585245132446289e-01 -1.945217996835708618e-01
5.367285609245300293e-01 4.199024736881256104e-01 -1.755177229642868042e-01
5.244441032409667969e-01 4.150435626506805420e-01 -2.360010892152786255e-01
4.851502776145935059e-01 3.842626512050628662e-01 -2.320097088813781738e-01
4.387225508689880371e-01 4.660721123218536377e-01 -2.026069611310958862e-01
4.070023596286773682e-01 4.841621220111846924e-01 -2.235843837261199951e-01
3.799243569374084473e-01 5.384750366210937500e-01 -2.534175813198089600e-01
3.950971961021423340e-01 4.734581112861633301e-01 -3.505553603172302246e-01
1.004745885729789734e-01 4.163433909416198730e-01 -3.979731500148773193e-01
-2.149620950222015381e-01 3.852886557579040527e-01 -1.804338246583938599e-01
-5.673984810709953308e-02 3.135759234428405762e-01 -1.745566725730895996e-01
5.989840719848871231e-03 3.138980865478515625e-01 -2.525670528411865234e-01
1.043656691908836365e-01 3.841707408428192139e-01 -1.592508554458618164e-01
1.072900816798210144e-01 3.007701337337493896e-01 -1.709263622760772705e-01
-1.322207599878311157e-01 3.575927019119262695e-01 5.756662040948867798e-02
-1.300781965255737305e-01 3.856917619705200195e-01 1.748434007167816162e-01
-1.169870942831039429e-01 3.826900124549865723e-01 1.939336657524108887e-01
-9.960376471281051636e-02 3.743656575679779053e-01 1.941874921321868896e-01
-6.441712379455566406e-02 3.142716586589813232e-01 1.739889532327651978e-01
-5.186814069747924805e-02 3.038541674613952637e-01 6.591192632913589478e-02
3.022944182157516479e-02 2.766952514648437500e-01 6.137682870030403137e-02
2.078662626445293427e-02 1.583284139633178711e-01 1.623984426259994507e-01
4.153727367520332336e-02 9.455601871013641357e-02 1.286499202251434326e-01
7.180666923522949219e-02 6.638834625482559204e-02 6.898157298564910889e-02
2.153013944625854492e-01 9.533677995204925537e-02 1.090569142252206802e-02
2.503121197223663330e-01 1.306842267513275146e-01 -1.668084529228508472e-03
2.716247439384460449e-01 1.153972148895263672e-01 -5.799550935626029968e-02
2.096320092678070068e-01 1.511847227811813354e-01 -6.105248630046844482e-02
-7.316155731678009033e-02 1.882042139768600464e-01 4.189451783895492554e-02
-1.302106529474258423e-01 2.166146337985992432e-01 1.320710182189941406e-01
-1.549486368894577026e-01 2.391816377639770508e-01 1.086435541510581970e-01
-2.046064734458923340e-01 2.147650718688964844e-01 6.977500021457672119e-02
-2.164740860462188721e-01 2.060910165309906006e-01 2.582926861941814423e-02
-2.134128808975219727e-01 2.398304194211959839e-01 6.304764002561569214e-02
-2.136492878198623657e-01 2.665517330169677734e-01 1.442909687757492065e-01
-1.949243992567062378e-01 2.142945826053619385e-01 1.253358423709869385e-01
-2.447875738143920898e-01 7.469604909420013428e-02 7.209916412830352783e-02
-2.669917941093444824e-01 6.089407578110694885e-02 6.478229165077209473e-02
-2.244349271059036255e-01 -1.649532653391361237e-02 8.636013418436050415e-02
-1.698816269636154175e-01 -6.700254231691360474e-02 1.001934036612510681e-01
-1.588065773248672485e-01 -1.299809813499450684e-01 1.151082590222358704e-01
-2.632390856742858887e-01 -1.265949457883834839e-01 1.586182415485382080e-01
-2.444668263196945190e-01 3.973475694656372070e-01 -1.428337097167968750e-01
-7.662131637334823608e-02 6.179781556129455566e-01 -3.041120059788227081e-02
2.825334109365940094e-02 6.734018325805664062e-01 6.495199352502822876e-02
2.925908192992210388e-02 6.667556166648864746e-01 3.309985250234603882e-02
5.098910257220268250e-02 6.459126472473144531e-01 3.756948933005332947e-02
5.099398270249366760e-02 6.643822193145751953e-01 7.503385841846466064e-02
1.201563626527786255e-01 6.758257150650024414e-01 7.182928174734115601e-02
1.150558516383171082e-01 6.769108772277832031e-01 4.321384429931640625e-02
1.115566045045852661e-01 6.654524207115173340e-01 4.177139699459075928e-02
1.087161973118782043e-01 6.690613031387329102e-01 9.585823863744735718e-02
7.317895442247390747e-02 6.899648308753967285e-01 7.353831827640533447e-02
9.709932655096054077e-02 6.677789688110351562e-01 -8.728987537324428558e-03
2.046513408422470093e-01 5.883347988128662109e-01 -1.514528691768646240e-01
2.597502171993255615e-01 5.299876928329467773e-01 -3.146393001079559326e-01
2.626588642597198486e-01 5.152105689048767090e-01 -3.247397840023040771e-01
1.990029066801071167e-01 4.374773800373077393e-01 -4.849268198013305664e-01
1.381778568029403687e-01 3.169713020324707031e-01 -5.919519662857055664e-01
1.110789403319358826e-01 2.634154260158538818e-01 -6.210867166519165039e-01
8.908194303512573242e-02 2.834384143352508545e-01 -6.124930381774902344e-01
1.237714737653732300e-01 3.244013488292694092e-01 -6.652589440345764160e-01
1.177384033799171448e-01 1.944923102855682373e-01 -7.124792337417602539e-01
1.259461790323257446e-01 2.900257110595703125e-01 -6.504893302917480469e-01
1.356652379035949707e-01 1.684349030256271362e-01 -6.510263681411743164e-01
1.185732260346412659e-01 2.670817077159881592e-01 -6.104030609130859375e-01
7.110904902219772339e-02 2.769138514995574951e-01 -6.219512820243835449e-01
2.404025197029113770e-02 2.603917717933654785e-01 -6.929745078086853027e-01
1.458219587802886963e-01 2.347108423709869385e-01 -7.000463604927062988e-01
1.484600901603698730e-01 1.854867339134216309e-01 -6.906423568725585938e-01
1.274772435426712036e-01 2.505293190479278564e-01 -7.172229886054992676e-01
1.596672087907791138e-01 2.280965745449066162e-01 -6.664876937866210938e-01
9.060280025005340576e-02 2.043407559394836426e-01 -7.123305201530456543e-01
9.958191961050033569e-02 2.274988740682601929e-01 -6.086670756340026855e-01
8.257604390382766724e-02 2.157544642686843872e-01 -6.529838442802429199e-01
1.687674075365066528e-01 1.975001990795135498e-01 -6.856465339660644531e-01
2.027900218963623047e-01 1.748591512441635132e-01 -7.173866629600524902e-01
2.050081044435501099e-01 2.200020104646682739e-01 -7.082887291908264160e-01
1.730996072292327881e-01 2.371254265308380127e-01 -7.414792776107788086e-01
2.129759192466735840e-01 2.108016759157180786e-01 -7.603811025619506836e-01
1.756471693515777588e-01 1.364563703536987305e-01 -7.734119892120361328e-01
2.117499709129333496e-01 1.181382164359092712e-01 -7.653010487556457520e-01
1.980504095554351807e-01 1.328194886445999146e-01 -6.324331164360046387e-01
