-3.747845068573951721e-02 1.093682050704956055e-01 -1.288685947656631470e-01
-3.259515762329101562e-02 1.788873076438903809e-01 -8.071728050708770752e-02
-1.557067781686782837e-02 7.663495093584060669e-02 -4.180983826518058777e-02
2.865076996386051178e-02 -1.026912182569503784e-01 2.669923007488250732e-02
5.768864601850509644e-02 -1.852717548608779907e-01 1.087734326720237732e-01
9.114104509353637695e-02 -1.662020683288574219e-01 5.117611214518547058e-02
2.027209289371967316e-02 -3.793033212423324585e-02 3.540694341063499451e-02
-4.381410032510757446e-02 -3.865765407681465149e-03 1.439079642295837402e-02
-6.116864457726478577e-02 4.307107627391815186e-02 -4.689443111419677734e-02
-7.927791774272918701e-02 5.798764899373054504e-02 4.525879397988319397e-02
-2.142257429659366608e-02 1.204804480075836182e-01 5.530486255884170532e-02
-2.327332273125648499e-02 9.616002440452575684e-02 6.099507212638854980e-03
-1.629635319113731384e-02 -3.061590716242790222e-02 -6.379915028810501099e-02
4.228729754686355591e-02 -1.682845205068588257e-01 -1.478908658027648926e-01
5.421312898397445679e-02 -2.147944271564483643e-01 -7.620286941528320312e-02
8.057861030101776123e-02 -1.748853027820587158e-01 -1.928768679499626160e-02
4.859048500657081604e-02 -6.421733647584915161e-02 5.338685959577560425e-02
-6.354941427707672119e-02 4.121320322155952454e-02 8.260812610387802124e-02
-1.121349185705184937e-01 6.423386186361312866e-02 1.346670649945735931e-02
-1.324008554220199585e-01 5.677735432982444763e-02 -2.228973247110843658e-02
-1.302991360425949097e-01 7.431647181510925293e-02 -4.822363704442977905e-02
-5.952292680740356445e-02 8.196827769279479980e-02 -1.229693740606307983e-01
3.657333180308341980e-02 7.266312837600708008e-02 -7.868270576000213623e-02
5.929693579673767090e-02 3.862894326448440552e-02 -1.039391905069351196e-01
-7.912101224064826965e-03 -2.444811351597309113e-02 -1.461689174175262451e-01
-1.242449656128883362e-01 -2.555515617132186890e-02 -8.446426689624786377e-02
-1.470685005187988281e-01 -7.185371965169906616e-02 -1.665095090866088867e-01
-2.249993681907653809e-01 -1.125745177268981934e-01 -2.717347629368305206e-02
-1.286613047122955322e-01 -9.649033099412918091e-02 4.010309278964996338e-02
-2.238031476736068726e-01 -1.544748842716217041e-01 1.694977432489395142e-01
-2.719508111476898193e-01 -2.765345573425292969e-01 3.244143426418304443e-01
5.432540178298950195e-02 -5.371642485260963440e-02 2.460993528366088867e-01
2.471395730972290039e-01 1.726564168930053711e-01 2.244572192430496216e-01
3.911190032958984375e-01 3.561324477195739746e-01 1.702592223882675171e-01
3.148142993450164795e-01 3.596493601799011230e-01 1.768852025270462036e-01
1.403226554393768311e-01 -8.703795261681079865e-03 2.400239855051040649e-01
1.171848624944686890e-01 -1.553845852613449097e-01 1.359199136495590210e-01
7.301045209169387817e-02 -5.907926708459854126e-02 -4.956777021288871765e-02
4.559158161282539368e-02 1.018870547413825989e-01 -2.962000966072082520e-01
3.410059958696365356e-02 1.444208472967147827e-01 -3.422520756721496582e-01
1.615330926142632961e-03 2.304337024688720703e-01 -2.361297309398651123e-01
4.245900362730026245e-02 2.051921933889389038e-01 -9.625095129013061523e-02
5.917312204837799072e-02 1.049997061491012573e-01 1.195391044020652771e-01
2.102358341217041016e-01 -2.100989967584609985e-02 2.570626437664031982e-01
2.636651694774627686e-01 -1.077036559581756592e-01 2.241587340831756592e-01
1.658331453800201416e-01 -4.473940283060073853e-02 1.652276962995529175e-01
5.871737748384475708e-02 1.366052180528640747e-01 6.644184142351150513e-02
4.434826318174600601e-03 1.691590398550033569e-01 -5.403674021363258362e-02
8.812354505062103271e-02 4.810118302702903748e-02 1.314675994217395782e-02
1.153520196676254272e-01 2.554773585870862007e-03 -1.466913614422082901e-02
1.021464988589286804e-01 -6.851466000080108643e-02 -9.916452318429946899e-02
5.490465089678764343e-02 -8.947326987981796265e-02 -1.092378348112106323e-01
1.134419627487659454e-02 -1.142633184790611267e-01 -6.235003471374511719e-02
-5.586042627692222595e-02 -9.285918623208999634e-02 -1.994257979094982147e-02
-8.006957918405532837e-02 -2.409317903220653534e-02 9.805347770452499390e-03
-4.067154601216316223e-02 -2.667590416967868805e-02 -1.702160388231277466e-02
-1.769815199077129364e-02 -4.760823026299476624e-02 -8.335581421852111816e-02
-2.975617349147796631e-02 -7.378861308097839355e-02 -8.491978049278259277e-02
-1.854534074664115906e-02 -1.250221729278564453e-01 -1.079973801970481873e-01
1.441986486315727234e-02 -9.930786676704883575e-03 1.701639778912067413e-02
4.538033530116081238e-02 7.524020969867706299e-02 1.723487675189971924e-01
3.460348024964332581e-02 1.084952875971794128e-01 1.240232661366462708e-01
-4.112918302416801453e-02 1.673165410757064819e-01 1.884025335311889648e-01
-7.141195982694625854e-02 1.053576841950416565e-01 1.292277425527572632e-01
-3.797578811645507812e-02 5.738781020045280457e-02 1.232836693525314331e-01
1.606835424900054932e-02 1.656286418437957764e-02 1.124820783734321594e-01
2.168062143027782440e-02 -8.103433996438980103e-02 -2.850106917321681976e-02
1.023817583918571472e-01 -1.028364375233650208e-01 8.614757098257541656e-03
1.468414515256881714e-01 -8.594778925180435181e-02 2.007163129746913910e-02
2.087758034467697144e-01 -1.036021783947944641e-01 -6.534319370985031128e-02
1.161094531416893005e-01 -1.076864302158355713e-01 -1.436408162117004395e-01
-1.635183393955230713e-01 -2.176784574985504150e-01 -1.899572163820266724e-01
-1.827286332845687866e-01 -8.186694979667663574e-02 -1.288866102695465088e-01
-1.711482852697372437e-01 2.055612355470657349e-01 2.934344299137592316e-02
-4.245461151003837585e-02 3.670414686203002930e-01 5.399263650178909302e-02
-7.163906004279851913e-03 2.844201326370239258e-01 -7.715354859828948975e-02
-1.944766491651535034e-01 1.106507796794176102e-02 -2.088996618986129761e-01
-5.148727446794509888e-02 -2.419920563697814941e-01 -3.615452051162719727e-01
8.527722209692001343e-02 -2.830914556980133057e-01 -4.993045628070831299e-01
1.723830550909042358e-01 -1.743110418319702148e-01 -4.929603040218353271e-01
1.539415270090103149e-01 -1.638184040784835815e-01 -4.488711357116699219e-01
-7.062783092260360718e-02 -4.705832898616790771e-02 -1.886813491582870483e-01
-1.368144601583480835e-01 1.088767684996128082e-02 5.181621015071868896e-02
-1.623603999614715576e-01 -7.466248236596584320e-03 1.801759153604507446e-01
-1.879912912845611572e-01 -3.594041243195533752e-02 2.696150541305541992e-01
-2.219706475734710693e-01 -5.305478721857070923e-02 2.315734922885894775e-01
-2.512032687664031982e-01 -7.204183936119079590e-02 1.310768723487854004e-01
-2.106589525938034058e-01 7.690516859292984009e-02 2.311027422547340393e-02
-1.096370816230773926e-01 2.449871897697448730e-01 6.849034875631332397e-02
-4.752451181411743164e-02 3.221284151077270508e-01 1.719622910022735596e-01
3.558297641575336456e-03 2.271982729434967041e-01 2.260163277387619019e-01
1.191462874412536621e-01 -1.166209205985069275e-01 3.013967573642730713e-01
2.034490406513214111e-01 -3.913090825080871582e-01 3.557552397251129150e-01
2.612484693527221680e-01 -4.556309580802917480e-01 3.216870427131652832e-01
2.943550646305084229e-01 -3.834558725357055664e-01 3.127977550029754639e-01
2.310776412487030029e-01 -1.990737468004226685e-01 3.468662798404693604e-01
1.972328573465347290e-01 3.579141199588775635e-02 3.747574985027313232e-01
1.882327497005462646e-01 2.730014920234680176e-02 2.781872153282165527e-01
1.024729236960411072e-01 9.906577318906784058e-02 1.269554495811462402e-01
3.765147924423217773e-02 1.938199847936630249e-01 8.250756561756134033e-02
-2.209469676017761230e-02 1.388492584228515625e-01 1.776664704084396362e-01
-7.312478125095367432e-02 4.840373992919921875e-02 2.631908357143402100e-01
-8.279714733362197876e-02 -4.060651361942291260e-02 1.610941290855407715e-01
-1.417320221662521362e-01 3.017896227538585663e-02 2.544122748076915741e-02
-1.230185404419898987e-01 8.631174266338348389e-02 -1.264892518520355225e-01
2.269765436649322510e-01 2.656617760658264160e-01 -2.921586036682128906e-01
4.519230723381042480e-01 3.445757031440734863e-01 -3.069880902767181396e-01
5.325573682785034180e-01 3.668870329856872559e-01 -2.426783144474029541e-01
4.723874330520629883e-01 3.508920371532440186e-01 -1.608182042837142944e-01
1.695649027824401855e-01 1.106174290180206299e-01 -9.443447738885879517e-02
-4.660322796553373337e-03 5.783116444945335388e-02 -1.412440836429595947e-01
-5.092298239469528198e-02 1.101838573813438416e-01 -9.536846727132797241e-02
-4.876261577010154724e-02 8.957392722368240356e-02 -3.171583637595176697e-02
-4.343704134225845337e-02 -2.859297441318631172e-03 3.072467446327209473e-02
-5.174793675541877747e-02 -1.505149900913238525e-01 5.582437664270401001e-02
3.112926147878170013e-02 -2.568452358245849609e-01 2.355858683586120605e-03
3.701269254088401794e-02 -2.031073421239852905e-01 3.818336874246597290e-02
-1.473387479782104492e-01 -9.635957330465316772e-02 -1.112036630511283875e-01
-2.906358540058135986e-01 -1.099962089210748672e-02 -2.269967794418334961e-01
-3.422079086303710938e-01 -4.367607831954956055e-02 -3.069576919078826904e-01
-3.520154058933258057e-01 3.216007957234978676e-03 -2.544683516025543213e-01
-2.984639108180999756e-01 7.060667127370834351e-02 -1.753565669059753418e-01
-3.230477273464202881e-01 1.002594456076622009e-01 -6.182845681905746460e-02
-2.273501008749008179e-01 9.996339678764343262e-02 -5.528173968195915222e-02
-1.193823292851448059e-02 1.054295152425765991e-01 -8.138295263051986694e-02
-5.418626591563224792e-02 2.448254674673080444e-01 3.630955889821052551e-02
3.465703129768371582e-02 2.674117088317871094e-01 6.366853602230548859e-03
-7.254139333963394165e-02 1.046639457345008850e-01 3.521204367280006409e-02
3.241254761815071106e-02 -1.133307591080665588e-01 -3.440506011247634888e-02
1.869923621416091919e-01 -1.946628242731094360e-01 -1.411196142435073853e-01
9.252431988716125488e-02 -2.827590703964233398e-02 -1.378610134124755859e-01
5.860525742173194885e-02 1.429068595170974731e-01 -3.803572803735733032e-02
-1.489672213792800903e-01 4.523293301463127136e-02 -1.170369982719421387e-02
-1.110898256301879883e-01 5.950979143381118774e-02 1.284699589014053345e-01
-2.114293910562992096e-02 7.304348796606063843e-02 9.383010864257812500e-02
-1.570563763380050659e-02 7.171289622783660889e-02 -6.790285930037498474e-03
-3.662701696157455444e-02 -2.733214013278484344e-02 -2.839531190693378448e-02
-8.483190089464187622e-02 -1.525551825761795044e-01 -1.396163552999496460e-01
-8.311580121517181396e-02 -1.184088811278343201e-01 -6.169217452406883240e-02
-1.181576102972030640e-01 6.287662684917449951e-02 5.330129060894250870e-03
-1.163934171199798584e-01 1.894174367189407349e-01 -4.644739255309104919e-02
-7.926104217767715454e-02 4.033137112855911255e-02 -5.614494904875755310e-02
-1.378159413434332237e-05 7.372874766588211060e-02 -9.497915953397750854e-02
-9.741401672363281250e-02 1.410298794507980347e-01 -1.063568964600563049e-01
-2.239043563604354858e-01 1.303394883871078491e-01 -4.296522215008735657e-02
-1.509920954704284668e-01 -1.607935726642608643e-01 -6.860929727554321289e-02
-2.891016751527786255e-02 -3.844960629940032959e-01 -2.580836415290832520e-02
1.034698784351348877e-01 -3.867292702198028564e-01 1.430232194252312183e-03
