1.290514373437936374e-02
8.603429156252909160e-03
0.000000000000000000e+00
0.000000000000000000e+00
1.920269476792871299e-01
3.740815132772345453e-01
4.113318107940046042e-01
2.172063758661839650e-01
0.000000000000000000e+00
0.000000000000000000e+00
0.000000000000000000e+00
0.000000000000000000e+00
6.782025927321726211e-02
1.030914077261842199e-01
7.422223991556729794e-02
0.000000000000000000e+00
0.000000000000000000e+00
0.000000000000000000e+00
0.000000000000000000e+00
1.584610697489056974e-02
4.418085882074822453e-03
1.313074482393347285e-03
0.000000000000000000e+00
0.000000000000000000e+00
0.000000000000000000e+00
0.000000000000000000e+00
0.000000000000000000e+00
0.000000000000000000e+00
0.000000000000000000e+00
0.000000000000000000e+00
0.000000000000000000e+00
2.497024011812912225e-03
8.822216922241239018e-03
1.164756698873842429e-02
2.675141881063459841e-03
0.000000000000000000e+00
0.000000000000000000e+00
0.000000000000000000e+00
0.000000000000000000e+00
0.000000000000000000e+00
0.000000000000000000e+00
0.000000000000000000e+00
0.000000000000000000e+00
0.000000000000000000e+00
0.000000000000000000e+00
0.000000000000000000e+00
0.000000000000000000e+00
0.000000000000000000e+00
0.000000000000000000e+00
0.000000000000000000e+00
0.000000000000000000e+00
3.184951639350961372e-01
5.250721413143695226e-01
7.213080294722846730e-01
7.438219023475476366e-01
5.899177645629786193e-01
3.352524544784819538e-01
0.000000000000000000e+00
0.000000000000000000e+00
0.000000000000000000e+00
0.000000000000000000e+00
0.000000000000000000e+00
0.000000000000000000e+00
0.000000000000000000e+00
0.000000000000000000e+00
0.000000000000000000e+00
0.000000000000000000e+00
0.000000000000000000e+00
0.000000000000000000e+00
0.000000000000000000e+00
0.000000000000000000e+00
0.000000000000000000e+00
0.000000000000000000e+00
0.000000000000000000e+00
0.000000000000000000e+00
0.000000000000000000e+00
0.000000000000000000e+00
0.000000000000000000e+00
0.000000000000000000e+00
0.000000000000000000e+00
0.000000000000000000e+00
0.000000000000000000e+00
0.000000000000000000e+00
0.000000000000000000e+00
7.611903506403457087e-03
3.451594601602883672e-02
4.708008224954939036e-02
5.093525829634550084e-02
5.963232142241191996e-02
2.441461948884253788e-02
3.193272820999188549e-02
3.191082777253777952e-02
2.597918306478194314e-02
2.556196217286078182e-02
2.767853623554223253e-03
0.000000000000000000e+00
2.559630447430235895e-03
2.315115492890628887e-03
2.212511959827909332e-03
3.173636927504825626e-03
1.769960995035365194e-03
2.876486094666274099e-03
1.621423321015417682e-03
0.000000000000000000e+00
0.000000000000000000e+00
0.000000000000000000e+00
6.419214150078416184e-03
1.852067779704244521e-02
2.912040419418484086e-02
3.396063388983242698e-02
2.876088322596823468e-02
2.036017341943282058e-02
1.398193110528682045e-02
1.207192611705441149e-02
1.416938939788434278e-02
1.562079797868775113e-02
1.005458174513043645e-02
0.000000000000000000e+00
0.000000000000000000e+00
0.000000000000000000e+00
0.000000000000000000e+00
0.000000000000000000e+00
0.000000000000000000e+00
0.000000000000000000e+00
0.000000000000000000e+00
0.000000000000000000e+00
0.000000000000000000e+00
2.814378416651211468e-01
