2.898295596241950989e-02 -9.841158986091613770e-02 -1.941295224241912365e-03
9.462784975767135620e-03 -1.530723422765731812e-01 -1.047832518815994263e-01
-9.152432531118392944e-02 -1.927373856306076050e-01 -3.295615017414093018e-01
-2.331468015909194946e-01 -6.151779741048812866e-02 -4.233597218990325928e-01
-3.289558291435241699e-01 4.957692697644233704e-02 -3.380321264266967773e-01
-2.148364037275314331e-01 2.176226526498794556e-01 6.717395037412643433e-02
7.823956757783889771e-02 2.553479075431823730e-01 4.629718363285064697e-01
2.280250638723373413e-01 1.999075710773468018e-01 5.770855545997619629e-01
2.465541064739227295e-01 1.804733574390411377e-01 5.149857401847839355e-01
1.256702989339828491e-01 -5.000955238938331604e-02 2.468799948692321777e-01
1.290096901357173920e-02 -6.271837651729583740e-02 -4.105594009160995483e-02
1.789275556802749634e-02 3.745427727699279785e-02 -2.506439089775085449e-01
-1.600120915099978447e-03 2.551357448101043701e-01 -2.478936761617660522e-01
1.413600444793701172e-01 3.963313400745391846e-01 -7.986450940370559692e-02
2.347051501274108887e-01 7.638836652040481567e-02 -6.694717705249786377e-02
1.350782960653305054e-01 -2.932214140892028809e-01 -1.883992105722427368e-01
2.207409404218196869e-02 -4.601727426052093506e-01 -2.310497462749481201e-01
-1.110827922821044922e-01 -4.304064512252807617e-01 -1.070550382137298584e-01
-1.193126142024993896e-01 -1.761879175901412964e-01 1.785407066345214844e-01
-3.270458802580833435e-02 2.381343394517898560e-02 3.041777610778808594e-01
-6.660814583301544189e-02 1.389319598674774170e-01 2.209971547126770020e-01
-1.253545284271240234e-01 2.345504909753799438e-01 -4.468811675906181335e-02
-2.368195168673992157e-02 2.530478835105895996e-01 -2.406282126903533936e-01
1.297184377908706665e-01 2.415243238210678101e-01 -2.817407250404357910e-01
2.245121300220489502e-01 1.038322225213050842e-01 -2.285364717245101929e-01
1.905279904603958130e-01 -2.849611341953277588e-01 -2.973107807338237762e-02
6.284244591370224953e-04 -5.148641467094421387e-01 4.619680717587471008e-02
-6.605024635791778564e-02 -5.129681825637817383e-01 -3.724418114870786667e-03
-7.222321815788745880e-03 -2.355090826749801636e-01 -1.068797186017036438e-01
5.076635628938674927e-03 1.501329839229583740e-01 -1.746446788311004639e-01
-2.345364354550838470e-02 2.811038494110107422e-01 -6.062003970146179199e-02
5.755463987588882446e-02 2.400503158569335938e-01 6.489232927560806274e-02
1.281352490186691284e-01 1.588900387287139893e-01 1.821070164442062378e-01
1.590428203344345093e-01 1.368832886219024658e-01 1.154189184308052063e-01
7.892815023660659790e-02 1.367910951375961304e-01 8.154325187206268311e-02
-1.481827348470687866e-01 1.241448968648910522e-01 8.313389122486114502e-02
-1.979717910289764404e-01 4.464724287390708923e-02 8.665416389703750610e-02
-2.151424288749694824e-01 -4.131104797124862671e-02 1.380180865526199341e-01
-1.148315072059631348e-01 -7.556600868701934814e-02 8.550394326448440552e-02
7.313539832830429077e-02 -3.249257430434226990e-02 1.852066442370414734e-02
1.618077009916305542e-01 2.204854786396026611e-02 3.014431707561016083e-02
1.873336136341094971e-01 4.940682277083396912e-02 5.004607141017913818e-02
-1.661599427461624146e-02 6.295936182141304016e-03 5.841826274991035461e-02
-2.185189127922058105e-01 -1.121999248862266541e-01 7.452215999364852905e-02
-2.867543995380401611e-01 -1.855039000511169434e-01 6.152193248271942139e-02
-1.946980506181716919e-01 -2.634789645671844482e-01 1.620029360055923462e-01
-2.479923889040946960e-02 -2.187539935111999512e-01 2.513501644134521484e-01
8.699440211057662964e-02 -1.675962703302502632e-03 1.576929688453674316e-01
1.273734122514724731e-01 2.869355082511901855e-01 9.203073568642139435e-03
1.260709613561630249e-01 3.758377432823181152e-01 -2.418011575937271118e-01
1.204049363732337952e-01 2.792156636714935303e-01 -4.238073825836181641e-01
8.526941388845443726e-02 -3.578694537281990051e-03 -4.633575975894927979e-01
4.035446792840957642e-02 -2.554910182952880859e-01 -3.963683843612670898e-01
-4.093873500823974609e-02 -2.161764800548553467e-01 -2.129909545183181763e-01
-1.312924176454544067e-01 -1.739191859960556030e-01 -8.476442843675613403e-02
-5.929821357131004333e-02 -1.135886311531066895e-01 1.662864834070205688e-01
1.166512370109558105e-01 -1.296146363019943237e-01 2.926404476165771484e-01
2.398158758878707886e-01 -1.281278580427169800e-01 3.484256863594055176e-01
2.108047157526016235e-01 -2.150624617934226990e-02 3.459785580635070801e-01
-1.242838986217975616e-02 7.532592862844467163e-02 1.837501823902130127e-01
-2.392484992742538452e-01 2.039235830307006836e-01 1.709339916706085205e-01
-3.286843895912170410e-01 3.210780024528503418e-01 1.216293126344680786e-01
-2.647300362586975098e-01 3.917645514011383057e-01 -3.283761814236640930e-02
-9.469955414533615112e-02 3.626188039779663086e-01 -1.719209998846054077e-01
8.905326575040817261e-02 2.132699340581893921e-01 -2.599533498287200928e-01
1.420313268899917603e-01 -1.646715961396694183e-02 -1.874817311763763428e-01
5.736503005027770996e-02 -2.684662938117980957e-01 -4.472170770168304443e-02
-6.227376312017440796e-02 -4.849863052368164062e-01 -5.578329041600227356e-02
-1.700939089059829712e-01 -5.437663197517395020e-01 -6.108623929321765900e-04
-1.888839304447174072e-01 -4.322113394737243652e-01 1.158960759639739990e-01
-9.291118383407592773e-02 -6.040114536881446838e-02 2.039053142070770264e-01
1.233800426125526428e-01 3.588221371173858643e-01 2.529224157333374023e-01
2.672871351242065430e-01 3.873951137065887451e-01 1.329643726348876953e-01
2.894689142704010010e-01 2.546010911464691162e-01 1.984266005456447601e-02
1.797514557838439941e-01 1.212292984127998352e-01 -2.742802910506725311e-02
5.740517377853393555e-02 6.138639524579048157e-02 -1.237677261233329773e-01
-1.304457057267427444e-02 1.191384121775627136e-01 -1.705653667449951172e-01
-4.827416688203811646e-02 6.667491793632507324e-02 -2.097999304533004761e-01
-5.376083403825759888e-02 3.556860983371734619e-02 -1.818282455205917358e-01
-1.054693982005119324e-01 4.798336327075958252e-02 -5.283422023057937622e-02
-1.193080246448516846e-01 5.808277800679206848e-02 3.115378133952617645e-02
-1.138007342815399170e-01 3.037806227803230286e-02 -4.982591420412063599e-02
-5.185389146208763123e-02 -4.203118756413459778e-02 -1.422730237245559692e-01
1.350944340229034424e-01 1.289940178394317627e-01 -1.409445852041244507e-01
2.955583631992340088e-01 2.743342220783233643e-01 -3.631567955017089844e-02
3.284797072410583496e-01 2.999764084815979004e-01 1.498292535543441772e-01
1.205792799592018127e-01 1.259106993675231934e-01 1.238674223423004150e-01
-7.799668610095977783e-02 -3.221786618232727051e-01 1.962693408131599426e-02
-1.806662380695343018e-01 -4.465392231941223145e-01 -4.117973893880844116e-02
-1.991422474384307861e-01 -3.868116140365600586e-01 -8.744502812623977661e-02
-1.299450695514678955e-01 -2.585484981536865234e-01 -3.108406998217105865e-02
-1.635000705718994141e-01 -7.130691409111022949e-02 -1.171417534351348877e-03
9.582825936377048492e-03 1.668115518987178802e-02 -4.454446956515312195e-02
1.564003974199295044e-01 9.096073359251022339e-02 -1.014134380966424942e-02
1.936718523502349854e-01 1.938553452491760254e-01 5.421927943825721741e-02
1.763692349195480347e-01 2.172682583332061768e-01 1.830580085515975952e-01
-5.454859510064125061e-02 2.048367708921432495e-01 2.315621972084045410e-01
-1.490568369626998901e-01 1.714712232351303101e-01 8.694235235452651978e-02
-3.107143044471740723e-01 1.337979547679424286e-02 -5.205114558339118958e-02
-3.177403807640075684e-01 -2.069692462682723999e-01 -1.497861146926879883e-01
-1.855179369449615479e-01 -3.630664348602294922e-01 -1.101894304156303406e-01
-1.108774542808532715e-01 -4.323254525661468506e-01 -2.558379620313644409e-02
9.388004988431930542e-02 -3.670771121978759766e-01 -3.921733424067497253e-02
1.300958395004272461e-01 -5.194802954792976379e-02 -1.249927654862403870e-02
2.093037366867065430e-01 2.726281881332397461e-01 4.339196160435676575e-02
2.516709566116333008e-01 4.312690198421478271e-01 8.844446390867233276e-02
1.111804172396659851e-01 4.654128849506378174e-01 3.537143021821975708e-02
-4.626538977026939392e-02 3.503020405769348145e-01 -1.256429702043533325e-01
-8.887687325477600098e-02 2.038221508264541626e-01 -6.504820287227630615e-02
5.319989845156669617e-02 -1.045141071081161499e-01 1.835455745458602905e-01
3.014304935932159424e-01 -3.398183882236480713e-01 2.620890140533447266e-01
3.876800537109375000e-01 -4.484963119029998779e-01 6.084701791405677795e-02
2.671646475791931152e-01 -3.964016437530517578e-01 -3.711029291152954102e-01
6.485580652952194214e-02 -1.022741794586181641e-01 -5.542513728141784668e-01
-1.039669811725616455e-01 6.922805309295654297e-02 -3.989497125148773193e-01
-5.254985764622688293e-02 2.877104282379150391e-01 1.820186711847782135e-02
9.038746356964111328e-02 3.185243308544158936e-01 3.587522208690643311e-01
5.669913440942764282e-02 1.848074495792388916e-01 3.721332550048828125e-01
-8.480583876371383667e-02 -4.334579035639762878e-02 2.684641778469085693e-01
-3.571271598339080811e-01 -3.435432314872741699e-01 9.168107807636260986e-02
-4.449543356895446777e-01 -3.421599864959716797e-01 2.440536953508853912e-02
-2.747204601764678955e-01 -1.068626716732978821e-01 8.180854469537734985e-02
-3.281398862600326538e-02 1.812130510807037354e-01 7.891666889190673828e-02
9.549106657505035400e-02 3.449589312076568604e-01 8.238578587770462036e-02
3.530604392290115356e-02 2.893162667751312256e-01 2.722124941647052765e-02
-1.012611240148544312e-01 1.766363978385925293e-01 -9.547567926347255707e-03
-1.027206778526306152e-01 9.388423711061477661e-02 3.363873343914747238e-03
-5.831049010157585144e-02 1.955492608249187469e-02 -1.017518620938062668e-02
