4.726008772850036621e-01 -3.555876910686492920e-01 -2.243473380804061890e-01
4.942961335182189941e-01 -2.846108078956604004e-01 -3.095911145210266113e-01
5.950211882591247559e-01 -1.825693249702453613e-01 -3.211520612239837646e-01
5.718373656272888184e-01 -1.799228638410568237e-01 -2.733812034130096436e-01
4.428148269653320312e-01 -2.252546697854995728e-01 -2.207799553871154785e-01
3.087280392646789551e-01 -2.353033572435379028e-01 -1.728840172290802002e-01
1.988168805837631226e-01 -2.182514965534210205e-01 2.244371473789215088e-01
1.252544522285461426e-01 -9.458943456411361694e-02 3.124124407768249512e-01
8.628028631210327148e-02 -2.804339863359928131e-02 3.080798685550689697e-01
5.921487510204315186e-02 -3.966100141406059265e-02 2.309845387935638428e-01
-8.265669643878936768e-02 1.451923549175262451e-01 2.522153854370117188e-01
-2.120991796255111694e-01 2.686159312725067139e-01 1.548187583684921265e-01
-2.799973785877227783e-01 2.583967447280883789e-01 4.323055595159530640e-02
-4.744139909744262695e-01 1.555322259664535522e-01 5.596528574824333191e-02
-3.165502548217773438e-01 3.675229549407958984e-01 -1.558512002229690552e-01
-1.324441730976104736e-01 4.668398201465606689e-01 -1.942101866006851196e-02
5.157463019713759422e-04 5.258684754371643066e-01 4.039209708571434021e-02
4.728316515684127808e-02 4.893525242805480957e-01 8.176230639219284058e-02
5.803750827908515930e-02 5.416175127029418945e-01 9.826283901929855347e-02
5.143971368670463562e-02 5.502077341079711914e-01 1.084898039698600769e-01
1.913339793682098389e-01 5.588707923889160156e-01 5.685073137283325195e-02
3.000269830226898193e-01 5.261729955673217773e-01 7.444617897272109985e-02
2.557803690433502197e-01 5.605072975158691406e-01 6.371814012527465820e-02
2.369577735662460327e-01 5.764562487602233887e-01 6.943452358245849609e-02
2.746704518795013428e-01 5.439903140068054199e-01 1.076377853751182556e-01
1.564732491970062256e-01 5.936195254325866699e-01 6.392530351877212524e-02
1.139105409383773804e-01 6.209238171577453613e-01 -9.066307917237281799e-03
7.325546443462371826e-02 6.031444072723388672e-01 -5.867445096373558044e-02
5.326295271515846252e-02 5.214321613311767578e-01 -2.179773757234215736e-03
9.692899882793426514e-02 3.968870639801025391e-01 7.830578833818435669e-02
2.821482531726360321e-02 3.552411198616027832e-01 6.175014749169349670e-02
2.500854246318340302e-02 2.120187431573867798e-01 8.884808421134948730e-02
-2.662181667983531952e-02 1.557672917842864990e-01 1.618015468120574951e-01
-2.510692179203033447e-02 -2.894724346697330475e-02 2.644145488739013672e-01
-7.530523836612701416e-02 -2.790501341223716736e-02 2.830680310726165771e-01
-1.722272485494613647e-02 -4.134795069694519043e-02 2.859596908092498779e-01
-5.640289932489395142e-02 -4.536509141325950623e-02 2.859990894794464111e-01
-5.961134657263755798e-02 6.538939476013183594e-02 2.299581766128540039e-01
-9.120468795299530029e-02 1.609467715024948120e-02 2.437956333160400391e-01
-9.504289925098419189e-02 -8.828115649521350861e-03 2.552658319473266602e-01
-1.125526502728462219e-01 4.156686738133430481e-02 2.305383533239364624e-01
-1.020156815648078918e-01 9.117745608091354370e-02 2.233819067478179932e-01
-8.346910774707794189e-02 1.401197314262390137e-01 1.799304485321044922e-01
-1.104259639978408813e-01 1.917892396450042725e-01 1.308092474937438965e-01
-8.834966272115707397e-02 1.322494447231292725e-01 1.177766025066375732e-01
-7.639827579259872437e-02 2.149426788091659546e-01 1.241199150681495667e-01
-1.027454808354377747e-01 2.829079031944274902e-01 1.426997631788253784e-01
5.592921376228332520e-02 2.310756593942642212e-01 1.203295066952705383e-01
1.927300393581390381e-01 2.929558455944061279e-01 4.788347706198692322e-02
2.231146693229675293e-01 2.390343844890594482e-01 -3.942873701453208923e-02
-1.101129576563835144e-01 3.385794162750244141e-01 -2.745040357112884521e-01
-1.073967739939689636e-01 2.654924094676971436e-01 -3.261488080024719238e-01
1.174516752362251282e-01 3.180837035179138184e-01 -3.627055585384368896e-01
-4.013959690928459167e-02 3.402956426143646240e-01 -3.036281466484069824e-01
1.305357068777084351e-01 4.095521271228790283e-01 -1.821696162223815918e-01
6.977219134569168091e-02 4.579322338104248047e-01 -1.800155937671661377e-01
9.620499610900878906e-02 5.419268012046813965e-01 -1.586334705352783203e-01
-4.264788236469030380e-03 4.270690083503723145e-01 1.647210866212844849e-02
8.977008610963821411e-02 3.184763491153717041e-01 1.136242747306823730e-01
2.474556416273117065e-01 1.005310788750648499e-01 8.850833773612976074e-02
1.951450556516647339e-01 1.018963232636451721e-01 9.256783872842788696e-02
2.038094252347946167e-01 -4.330716561526060104e-03 7.316530495882034302e-02
2.088523656129837036e-01 -1.548289507627487183e-01 6.519664824008941650e-02
2.180599123239517212e-01 -1.165066957473754883e-01 3.623306006193161011e-02
2.055706232786178589e-01 -1.153662353754043579e-01 2.873429656028747559e-02
1.850665956735610962e-01 -6.499712169170379639e-02 4.746919125318527222e-02
1.956870257854461670e-01 1.281615793704986572e-01 1.052279118448495865e-02
1.865958422422409058e-01 1.525597721338272095e-01 -5.448343977332115173e-02
1.146843582391738892e-01 1.654693484306335449e-01 -3.756500780582427979e-02
2.131917513906955719e-02 1.835588216781616211e-01 3.074095398187637329e-02
-5.316837877035140991e-02 1.372483223676681519e-01 9.091921895742416382e-02
-2.063560336828231812e-01 1.734058409929275513e-01 1.587062329053878784e-01
-1.608983576297760010e-01 2.198868542909622192e-01 2.185772545635700226e-02
-1.092019230127334595e-01 3.216361403465270996e-01 2.454223670065402985e-02
-1.039339080452919006e-01 2.831340730190277100e-01 4.955672845244407654e-02
-1.082082241773605347e-01 1.610213220119476318e-01 2.987044304609298706e-02
-9.054252505302429199e-02 1.014732047915458679e-01 8.631046861410140991e-02
-1.504781842231750488e-01 -6.702416390180587769e-02 2.226027287542819977e-02
-1.343386024236679077e-01 -1.319258362054824829e-01 -6.264818832278251648e-03
-1.112700104713439941e-01 -1.228654459118843079e-01 -3.164241556078195572e-03
-4.546053707599639893e-02 -1.542948186397552490e-01 3.171059943269938231e-04
8.579371124505996704e-02 -1.359018385410308838e-01 3.544950624927878380e-03
3.983718529343605042e-02 -2.997458167374134064e-02 -4.611859098076820374e-02
-2.356305532157421112e-02 -2.128047496080398560e-02 -5.020110309123992920e-02
-4.689425602555274963e-02 3.725781664252281189e-02 -9.478696435689926147e-02
-4.423982277512550354e-02 1.096901446580886841e-01 -2.365948632359504700e-02
4.921643808484077454e-02 1.589137315750122070e-01 -7.282697409391403198e-02
2.618964612483978271e-01 2.626042068004608154e-01 -1.555227935314178467e-01
1.698023378849029541e-01 3.625227510929107666e-01 -1.839835047721862793e-01
2.555299103260040283e-01 2.594546973705291748e-01 4.874283075332641602e-02
5.409030988812446594e-02 2.518312633037567139e-01 8.943695574998855591e-02
6.936429440975189209e-02 1.850013434886932373e-01 5.578225478529930115e-02
5.853630974888801575e-02 1.171903684735298157e-01 7.578315585851669312e-02
-6.967929005622863770e-02 1.161846593022346497e-01 9.402438253164291382e-02
-1.119293123483657837e-01 1.343726217746734619e-01 7.337795197963714600e-02
-1.139434948563575745e-01 1.885999888181686401e-01 1.183278262615203857e-01
-1.883388459682464600e-01 2.283193469047546387e-01 5.490874126553535461e-02
-9.822833538055419922e-02 2.461993098258972168e-01 5.284110456705093384e-02
-8.998026698827743530e-02 2.523739039897918701e-01 -6.445830687880516052e-03
-3.429125994443893433e-02 2.696405947208404541e-01 5.369113758206367493e-03
6.471259891986846924e-02 3.500142693519592285e-01 -9.763661772012710571e-03
1.385650187730789185e-01 4.783987104892730713e-01 -2.038817852735519409e-02
2.996003627777099609e-02 4.925227463245391846e-01 -2.880613319575786591e-02
2.432858049869537354e-01 4.800554513931274414e-01 -3.285535052418708801e-02
2.719787657260894775e-01 5.445286035537719727e-01 -4.476067051291465759e-02
2.508663237094879150e-01 5.302489399909973145e-01 -3.838682919740676880e-02
3.443833291530609131e-01 5.424177050590515137e-01 -3.102105855941772461e-02
3.613174557685852051e-01 5.859094262123107910e-01 -1.053705886006355286e-01
3.582556545734405518e-01 5.617243051528930664e-01 -9.665888547897338867e-02
2.009005397558212280e-01 6.316486597061157227e-01 -1.246635918505489826e-03
2.503952383995056152e-02 6.485870480537414551e-01 3.582438826560974121e-02
-1.243610009551048279e-01 6.187305450439453125e-01 9.122056886553764343e-03
-3.225272148847579956e-02 5.104343891143798828e-01 6.540336459875106812e-02
2.814929932355880737e-02 3.749361634254455566e-01 1.681333631277084351e-01
1.611572317779064178e-02 3.792085945606231689e-01 2.819908261299133301e-01
5.878565460443496704e-02 2.156034260988235474e-01 3.542702198028564453e-01
8.260473608970642090e-02 1.066628620028495789e-01 3.302382826805114746e-01
1.899281442165374756e-01 3.181022405624389648e-02 3.139747977256774902e-01
2.319432646036148071e-01 5.357199534773826599e-02 2.984895706176757812e-01
3.378978371620178223e-01 -2.326922304928302765e-02 2.742198109626770020e-01
3.767164349555969238e-01 -1.277081519365310669e-01 2.846355736255645752e-01
4.354124665260314941e-01 -1.682464033365249634e-01 3.568265736103057861e-01
4.750839471817016602e-01 -1.530808806419372559e-01 3.358644545078277588e-01
4.683685898780822754e-01 -2.862973809242248535e-01 3.379882872104644775e-01
4.052946865558624268e-01 -3.121429085731506348e-01 3.492565453052520752e-01
3.960347771644592285e-01 -4.314561486244201660e-01 2.836236059665679932e-01
3.931564092636108398e-01 -4.867464900016784668e-01 2.948368489742279053e-01
3.082171082496643066e-01 -4.762069582939147949e-01 2.652879357337951660e-01
