3.020289263655962508e-01
0.000000000000000000e+00
0.000000000000000000e+00
0.000000000000000000e+00
0.000000000000000000e+00
0.000000000000000000e+00
2.216484691961798092e-01
3.748508740368426961e-01
3.245268456927602463e-01
1.608592611856410337e-01
0.000000000000000000e+00
0.000000000000000000e+00
0.000000000000000000e+00
2.425163796269678984e-01
4.802168290995605382e-01
5.415499936970193939e-01
3.047702159039185066e-01
0.000000000000000000e+00
0.000000000000000000e+00
0.000000000000000000e+00
0.000000000000000000e+00
1.082504523918851637e-02
0.000000000000000000e+00
0.000000000000000000e+00
0.000000000000000000e+00
0.000000000000000000e+00
0.000000000000000000e+00
0.000000000000000000e+00
0.000000000000000000e+00
3.556313218723998193e-01
5.998650397438951565e-01
5.221817824264890495e-01
2.574263208469551589e-01
0.000000000000000000e+00
0.000000000000000000e+00
0.000000000000000000e+00
0.000000000000000000e+00
0.000000000000000000e+00
2.134973974646494077e-01
4.227379773966349341e-01
4.591302424890081890e-01
2.256170595119855182e-01
0.000000000000000000e+00
0.000000000000000000e+00
0.000000000000000000e+00
0.000000000000000000e+00
2.886064787421187619e-02
1.544770345869049821e-01
2.641217831045394870e-01
2.700184717866211392e-01
1.057426767191851635e-01
0.000000000000000000e+00
0.000000000000000000e+00
0.000000000000000000e+00
0.000000000000000000e+00
0.000000000000000000e+00
0.000000000000000000e+00
0.000000000000000000e+00
0.000000000000000000e+00
0.000000000000000000e+00
0.000000000000000000e+00
0.000000000000000000e+00
0.000000000000000000e+00
0.000000000000000000e+00
0.000000000000000000e+00
5.053589120028082610e-02
1.176500755126952125e-01
1.302576286332351452e-01
9.109774293559921854e-02
1.863434149408243123e-03
8.302435162578338315e-03
1.668443458488989145e-02
2.095474748677465110e-02
2.478121633644637944e-02
2.503646654213425096e-02
1.791379970751937750e-02
1.523541526206140077e-02
6.763542982078171381e-03
1.385136537724298775e-02
1.685042237519088909e-02
4.326473592086248904e-03
0.000000000000000000e+00
0.000000000000000000e+00
0.000000000000000000e+00
0.000000000000000000e+00
0.000000000000000000e+00
0.000000000000000000e+00
0.000000000000000000e+00
0.000000000000000000e+00
0.000000000000000000e+00
0.000000000000000000e+00
0.000000000000000000e+00
0.000000000000000000e+00
3.294663083611131249e-01
5.878547125044935040e-01
5.220897303554995483e-01
2.598235605188378705e-01
0.000000000000000000e+00
0.000000000000000000e+00
0.000000000000000000e+00
0.000000000000000000e+00
0.000000000000000000e+00
0.000000000000000000e+00
0.000000000000000000e+00
0.000000000000000000e+00
2.895009014033641526e-01
5.638054919523194375e-01
6.255579450687930310e-01
3.313612853105170619e-01
0.000000000000000000e+00
0.000000000000000000e+00
0.000000000000000000e+00
0.000000000000000000e+00
6.610039721085636359e-03
1.871826089850351000e-04
4.727173158944632074e-03
0.000000000000000000e+00
0.000000000000000000e+00
0.000000000000000000e+00
0.000000000000000000e+00
0.000000000000000000e+00
0.000000000000000000e+00
0.000000000000000000e+00
0.000000000000000000e+00
0.000000000000000000e+00
2.452075111575556868e-02
2.484788254145238115e-02
1.788238818543438566e-02
1.793211297606335172e-02
3.366961373542400743e-02
4.626439023330414929e-02
4.457735421251615704e-02
0.000000000000000000e+00
0.000000000000000000e+00
0.000000000000000000e+00
7.860695002981812896e-02
1.772068727530759780e-01
1.515378206245539816e-01
8.099146394923140840e-03
0.000000000000000000e+00
0.000000000000000000e+00
0.000000000000000000e+00
2.711616135774966990e-02
1.617093119130667139e-02
1.111882222972183573e-02
0.000000000000000000e+00
0.000000000000000000e+00
0.000000000000000000e+00
0.000000000000000000e+00
0.000000000000000000e+00
0.000000000000000000e+00
0.000000000000000000e+00
0.000000000000000000e+00
0.000000000000000000e+00
0.000000000000000000e+00
2.546692878051911579e-01
4.279701044752278194e-01
3.714553905680299528e-01
1.824491738697488763e-01
0.000000000000000000e+00
0.000000000000000000e+00
0.000000000000000000e+00
0.000000000000000000e+00
0.000000000000000000e+00
0.000000000000000000e+00
0.000000000000000000e+00
0.000000000000000000e+00
0.000000000000000000e+00
0.000000000000000000e+00
0.000000000000000000e+00
0.000000000000000000e+00
0.000000000000000000e+00
0.000000000000000000e+00
0.000000000000000000e+00
0.000000000000000000e+00
0.000000000000000000e+00
0.000000000000000000e+00
0.000000000000000000e+00
1.720685831250581832e-03
1.720685831250581832e-03
4.301714578126454580e-04
0.000000000000000000e+00
0.000000000000000000e+00
