-1.195854097604751587e-01 4.437651857733726501e-02 2.893473394215106964e-02
-2.764554321765899658e-01 1.063709184527397156e-01 1.031858101487159729e-01
-3.246002495288848877e-01 1.754853576421737671e-01 1.864845156669616699e-01
-3.003268241882324219e-01 1.600038856267929077e-01 1.851078271865844727e-01
-1.287744194269180298e-01 1.481676846742630005e-01 1.673909723758697510e-01
5.428991839289665222e-02 -1.265109330415725708e-02 9.536112844944000244e-02
1.507758498191833496e-01 -1.252424418926239014e-01 7.030582427978515625e-02
2.082261443138122559e-01 -8.891855180263519287e-02 6.537228822708129883e-02
1.371957063674926758e-01 -2.855104207992553711e-02 9.817922115325927734e-02
1.601378470659255981e-01 2.056846022605895996e-01 1.132033616304397583e-01
1.206909045577049255e-01 1.979855000972747803e-01 1.051520481705665588e-01
1.026823092252016068e-02 7.017805427312850952e-02 9.048612788319587708e-03
-3.718980029225349426e-02 2.053430490195751190e-02 -8.191368728876113892e-02
-3.248861059546470642e-02 -8.199655264616012573e-02 -7.536096125841140747e-02
2.014793902635574341e-01 -4.800986126065254211e-02 -2.104108482599258423e-01
2.743358612060546875e-01 -5.347741534933447838e-04 -2.895652353763580322e-01
2.494836151599884033e-01 -3.695761039853096008e-02 -3.069145679473876953e-01
2.005102038383483887e-01 -6.993827223777770996e-02 -2.560885250568389893e-01
1.394881010055541992e-01 -1.154985092580318451e-02 -1.207475364208221436e-01
2.018355578184127808e-01 -1.545174419879913330e-02 -1.008182391524314880e-01
8.019260317087173462e-02 5.412046611309051514e-02 -1.876232773065567017e-01
-1.352960914373397827e-01 1.788592040538787842e-01 -7.095921039581298828e-02
-1.255926638841629028e-01 1.560025662183761597e-01 1.073440909385681152e-01
1.370677202939987183e-01 1.523120105266571045e-01 2.076550126075744629e-01
3.164877891540527344e-01 1.195035502314567566e-01 2.904129922389984131e-01
1.923995912075042725e-01 2.142073214054107666e-02 2.918312847614288330e-01
-1.822988241910934448e-01 -6.796386092901229858e-02 2.063983380794525146e-01
-3.841807544231414795e-01 3.399032726883888245e-02 1.145728398114442825e-02
-3.950477838516235352e-01 2.725476622581481934e-01 -1.041757166385650635e-01
-3.549571633338928223e-01 3.695325255393981934e-01 -1.257152706384658813e-01
-2.920549809932708740e-01 4.030521214008331299e-01 -6.751539558172225952e-02
-2.489643692970275879e-01 3.082848489284515381e-01 -4.159272834658622742e-02
-7.034465670585632324e-02 8.338829129934310913e-02 -8.502438664436340332e-02
1.668258011341094971e-02 8.039559423923492432e-02 -9.053494036197662354e-02
4.587747901678085327e-02 -1.140686422586441040e-01 -1.273726373910903931e-01
6.846812367439270020e-02 -1.660004556179046631e-01 -9.527314454317092896e-02
6.671777367591857910e-02 -5.848762020468711853e-02 1.509751845151185989e-02
7.224031537771224976e-02 -1.783752739429473877e-01 2.542070345953106880e-03
9.118751436471939087e-02 -9.007322043180465698e-02 -4.354888200759887695e-02
2.491569370031356812e-01 -2.471474707126617432e-01 1.133070588111877441e-01
3.932949006557464600e-01 -3.533442318439483643e-01 2.461043447256088257e-01
4.747305810451507568e-01 -2.862033545970916748e-01 3.948667943477630615e-01
4.334546327590942383e-01 -2.381702959537506104e-01 3.398866057395935059e-01
3.162534832954406738e-01 4.347229376435279846e-02 1.593278795480728149e-01
1.202522590756416321e-01 1.794323772192001343e-01 4.175863042473793030e-02
-4.153262451291084290e-02 1.572960466146469116e-01 -2.698324434459209442e-02
-3.073666393756866455e-01 -3.539640307426452637e-01 -7.649190723896026611e-02
-3.400923013687133789e-01 -5.471200942993164062e-01 -2.082104682922363281e-01
-2.530346512794494629e-01 -5.065308809280395508e-01 -3.105197250843048096e-01
-1.616401672363281250e-01 -2.909020483493804932e-01 -3.910482525825500488e-01
-8.508977480232715607e-03 2.373705357313156128e-01 -2.499938756227493286e-01
-3.439763486385345459e-01 3.207349777221679688e-01 -3.029557503759860992e-02
-4.699309766292572021e-01 2.192375957965850830e-01 2.104936167597770691e-02
-4.141789972782135010e-01 6.714186817407608032e-02 -8.858530223369598389e-02
-2.782243490219116211e-01 -5.772569403052330017e-02 -3.218151032924652100e-01
2.109285257756710052e-02 -4.782569408416748047e-02 -3.461889326572418213e-01
3.369471058249473572e-02 -4.809887707233428955e-02 -3.091400265693664551e-01
1.550196204334497452e-02 -9.279640763998031616e-02 -2.065210342407226562e-01
4.772087186574935913e-02 -1.081534326076507568e-01 -1.163501664996147156e-01
-2.375702001154422760e-02 -1.198356151580810547e-01 -1.077103242278099060e-01
-8.733218535780906677e-03 4.499637335538864136e-02 7.051132619380950928e-02
-2.217119373381137848e-02 1.980315446853637695e-01 2.081518620252609253e-01
1.298801600933074951e-01 4.032227024435997009e-02 3.753733038902282715e-01
3.132508099079132080e-01 6.488474458456039429e-02 4.952966272830963135e-01
3.971371948719024658e-01 -1.904103718698024750e-02 4.678603410720825195e-01
3.349986374378204346e-01 -3.982919082045555115e-02 3.161092996597290039e-01
1.360875666141510010e-01 9.391346573829650879e-02 7.399686425924301147e-02
6.204768270254135132e-02 -7.801999896764755249e-02 -1.439538002014160156e-01
2.233215719461441040e-01 -9.755928069353103638e-03 -2.380498498678207397e-01
1.997776776552200317e-01 -6.046787276864051819e-02 -2.157576382160186768e-01
2.041471749544143677e-02 -2.639774382114410400e-01 -3.694798052310943604e-02
-9.053637087345123291e-02 -3.302934765815734863e-01 2.740280032157897949e-01
-2.093600779771804810e-01 -2.614422142505645752e-01 4.880518317222595215e-01
-2.609167993068695068e-02 -1.108242124319076538e-01 4.828433394432067871e-01
2.563265562057495117e-01 5.188916251063346863e-02 1.847887188196182251e-01
3.795901238918304443e-01 1.351730972528457642e-01 -1.434159129858016968e-01
3.126730322837829590e-01 2.033302485942840576e-01 -2.838446795940399170e-01
8.821300417184829712e-02 2.581312954425811768e-01 -2.718018293380737305e-01
-1.916808784008026123e-01 1.994265615940093994e-01 -1.374401301145553589e-01
-3.211033344268798828e-01 1.286336779594421387e-01 -1.163370907306671143e-01
-2.130971401929855347e-01 1.932541728019714355e-01 -1.189872547984123230e-01
-1.909047961235046387e-01 2.256285995244979858e-01 -4.786833748221397400e-02
-1.796969324350357056e-01 2.413643449544906616e-01 7.160628447309136391e-04
-1.669766753911972046e-01 1.172025278210639954e-01 2.689719013869762421e-02
-1.864886581897735596e-01 2.098000980913639069e-02 -5.221213772892951965e-02
-1.115971729159355164e-01 4.324844852089881897e-02 -1.017400175333023071e-01
-2.395873516798019409e-02 3.938359767198562622e-02 -5.611976608633995056e-02
-2.101220935583114624e-02 5.984121933579444885e-02 5.331154167652130127e-02
-2.389528788626194000e-02 7.114600390195846558e-02 1.702860444784164429e-01
-5.022028833627700806e-02 3.997441381216049194e-02 1.593487709760665894e-01
4.316619038581848145e-02 7.540994137525558472e-02 4.505698010325431824e-02
1.089685112237930298e-01 -4.658740945160388947e-03 -5.376861244440078735e-02
6.498380005359649658e-02 3.049550810828804970e-03 -2.043517976999282837e-01
-2.422288618981838226e-02 3.038922511041164398e-02 -2.049982547760009766e-01
-1.762061119079589844e-01 1.660484224557876587e-01 -1.202305555343627930e-01
-7.066230475902557373e-02 3.237400650978088379e-01 3.701759502291679382e-03
6.180838681757450104e-03 3.113477826118469238e-01 6.935828179121017456e-02
4.336966946721076965e-02 2.748174667358398438e-01 -6.510204821825027466e-02
8.213637769222259521e-02 9.252107143402099609e-02 -1.292303204536437988e-01
3.581887111067771912e-02 -1.600062102079391479e-02 -1.264769434928894043e-01
-1.888423599302768707e-02 -8.984254300594329834e-02 -7.706424221396446228e-03
2.579241991043090820e-02 -1.521349698305130005e-01 3.573665022850036621e-02
3.032247722148895264e-02 9.008360654115676880e-02 2.625299617648124695e-03
3.251253068447113037e-02 2.109241336584091187e-01 -1.222456991672515869e-01
-2.288956381380558014e-02 2.055669724941253662e-01 -1.702253818511962891e-01
-1.866164238890632987e-04 -1.920721232891082764e-01 8.377309888601303101e-02
7.125955075025558472e-02 -4.403147101402282715e-01 2.129539996385574341e-01
2.253805696964263916e-01 -2.791123390197753906e-01 3.183718025684356689e-01
2.870799601078033447e-01 -1.634553670883178711e-01 2.879360914230346680e-01
2.299193739891052246e-01 8.168724179267883301e-02 2.035117298364639282e-01
2.342900782823562622e-01 -1.231851130723953247e-01 1.626808494329452515e-01
1.004098653793334961e-01 -2.121469825506210327e-01 6.982747465372085571e-02
-9.405984543263912201e-03 -1.029046997427940369e-01 7.069452200084924698e-03
-1.026233732700347900e-01 -8.415700495243072510e-02 -8.083910495042800903e-02
-8.425356447696685791e-02 -5.326827056705951691e-03 -1.886740326881408691e-02
-7.350645214319229126e-02 2.593084797263145447e-02 -3.520173951983451843e-02
-8.553371578454971313e-02 6.778004765510559082e-02 -3.719678847119212151e-03
-5.721434578299522400e-02 3.882342949509620667e-02 1.691480353474617004e-02
-5.161925405263900757e-02 -3.543022274971008301e-02 -2.723075076937675476e-02
-6.892652064561843872e-02 -1.019295603036880493e-01 -6.669931858777999878e-02
-7.257474958896636963e-02 -1.488828361034393311e-01 -9.866121411323547363e-02
-3.364774584770202637e-02 -5.987580493092536926e-02 -4.710021242499351501e-02
2.480394020676612854e-02 2.140236273407936096e-02 -1.618531718850135803e-02
4.296361282467842102e-02 1.149680092930793762e-01 8.575685322284698486e-02
2.255806233733892441e-03 1.700490713119506836e-01 1.528336405754089355e-01
-8.647394366562366486e-03 1.096991971135139465e-01 8.302853256464004517e-02
4.341555014252662659e-02 6.820624321699142456e-02 1.199480146169662476e-01
3.589002788066864014e-02 -2.296656742691993713e-02 6.313005089759826660e-02
9.514112770557403564e-02 -1.194972097873687744e-01 -6.533232983201742172e-03
1.210815086960792542e-01 -1.463251858949661255e-01 7.744054496288299561e-02
1.353919506072998047e-01 -1.264495104551315308e-01 8.312995731830596924e-02
1.278787255287170410e-01 -7.393248379230499268e-02 1.312983036041259766e-01
9.222104400396347046e-02 -5.237267166376113892e-02 6.826183944940567017e-02
1.211724281311035156e-01 -1.708485558629035950e-02 -1.104393973946571350e-01
2.439969033002853394e-01 -9.916285425424575806e-02 -2.921074330806732178e-01
2.935797572135925293e-01 -1.407405585050582886e-01 -1.085014045238494873e-01
3.279269933700561523e-01 -8.798366785049438477e-02 2.311587631702423096e-01
3.353390991687774658e-01 -6.175494566559791565e-02 2.774686813354492188e-01
1.928454786539077759e-01 1.220852583646774292e-01 2.219997793436050415e-01
7.514629513025283813e-02 2.043505758047103882e-01 -1.411775499582290649e-01
-6.228724494576454163e-02 2.472691088914871216e-01 -2.577988207340240479e-01
-6.943033635616302490e-02 2.203528285026550293e-01 -1.847516298294067383e-01
3.210347611457109451e-03 1.201640442013740540e-01 -1.398841142654418945e-01
6.332761794328689575e-02 4.886560142040252686e-02 -1.875907555222511292e-02
4.867258295416831970e-02 -1.858970709145069122e-02 7.840842008590698242e-02
4.601852223277091980e-02 -4.157932475209236145e-02 1.201125532388687134e-01
-1.394472550600767136e-02 -9.591493755578994751e-02 6.578395515680313110e-02
-6.258198525756597519e-03 -1.067955270409584045e-01 -8.684942871332168579e-02
-4.033060744404792786e-03 -8.927775919437408447e-02 -1.466019153594970703e-01
-1.260782182216644287e-01 -2.897987887263298035e-02 -7.474368065595626831e-02
-2.556553184986114502e-01 -5.562657490372657776e-02 -8.530499041080474854e-02
-3.404482901096343994e-01 -1.218270286917686462e-01 -1.315578520298004150e-01
-3.045640289783477783e-01 -8.832675218582153320e-02 -1.944683343172073364e-01
-2.860965430736541748e-01 5.822914652526378632e-03 -2.719011008739471436e-01
-2.083011269569396973e-01 1.677998304367065430e-01 -1.850308030843734741e-01
-1.912789046764373779e-01 1.184994205832481384e-01 -8.453212678432464600e-02
-1.190529838204383850e-01 1.461792439222335815e-01 -3.887703642249107361e-02
-5.176533386111259460e-02 1.197733953595161438e-01 4.207561537623405457e-02
-1.438592970371246338e-01 2.937777936458587646e-01 3.355183824896812439e-02
-9.525306522846221924e-02 2.973592579364776611e-01 8.663620054721832275e-02
-1.600653231143951416e-01 2.496295981109142303e-02 8.289596438407897949e-02
-8.357298374176025391e-02 -9.575735777616500854e-03 6.499433517456054688e-02
-7.548290491104125977e-02 -5.337507277727127075e-02 6.627367436885833740e-02
-8.232997357845306396e-02 1.382212340831756592e-01 -4.339112713932991028e-02
-5.433561652898788452e-02 1.706085950136184692e-01 -9.706746786832809448e-02
7.388886064291000366e-02 4.311316087841987610e-02 -1.225691065192222595e-01
1.107692271471023560e-01 -1.192841455340385437e-01 -5.661711469292640686e-02
1.156278103590011597e-01 -2.852397859096527100e-01 -1.586311496794223785e-02
6.133017316460609436e-02 -2.608458697795867920e-01 1.529382262378931046e-02
-9.462279826402664185e-02 -2.045743912458419800e-01 -4.738662764430046082e-02
-5.489482730627059937e-02 -6.009557470679283142e-02 -7.049197703599929810e-02
-7.274857163429260254e-02 3.026087395846843719e-02 -1.089585050940513611e-01
-1.421703994274139404e-01 -2.697972394526004791e-02 -9.247656911611557007e-02
-7.262974977493286133e-02 1.098003759980201721e-01 -6.950792856514453888e-03
-5.364024639129638672e-02 1.180485710501670837e-01 -1.129246409982442856e-02
-1.251400262117385864e-01 2.123122364282608032e-01 9.484367817640304565e-02
-1.110453382134437561e-01 1.016160473227500916e-01 2.968970313668251038e-02
-1.391777992248535156e-01 4.550332576036453247e-02 -1.979268342256546021e-02
-6.225292012095451355e-02 -6.246979348361492157e-03 -7.270514033734798431e-03
-7.359050214290618896e-02 -1.043204516172409058e-01 -6.941240280866622925e-02
-1.401425432413816452e-02 -1.967382133007049561e-01 -3.067822381854057312e-02
-8.586539886891841888e-03 -3.056588470935821533e-01 1.677868538536131382e-03
3.905527666211128235e-02 -2.535236477851867676e-01 -1.949168927967548370e-02
