3.078311979770660400e-01 -2.865928113460540771e-01 2.228869348764419556e-01
3.207806944847106934e-01 -3.025376796722412109e-01 1.940146237611770630e-01
3.719908595085144043e-01 -3.359367549419403076e-01 2.221408039331436157e-01
4.737536609172821045e-01 -4.155352711677551270e-01 1.736926734447479248e-01
5.452772974967956543e-01 -4.155647158622741699e-01 2.716911770403385162e-02
6.110814809799194336e-01 -3.892611563205718994e-01 -5.001400411128997803e-02
4.557011425495147705e-01 -3.713718652725219727e-01 -2.573905587196350098e-01
1.108058169484138489e-01 -3.828494250774383545e-01 -1.493187546730041504e-01
-2.735113911330699921e-02 -4.895863234996795654e-01 -8.202590793371200562e-02
-2.078767865896224976e-01 -3.985979855060577393e-01 -2.863396108150482178e-01
-2.627753615379333496e-01 -3.685582280158996582e-01 -3.139649331569671631e-01
-2.288546413183212280e-01 -3.650145530700683594e-01 -3.190323710441589355e-01
-1.582348793745040894e-01 -3.075012862682342529e-01 -4.021552205085754395e-01
-1.873954236507415771e-01 -2.861934155225753784e-02 -3.451061844825744629e-01
-7.267335057258605957e-02 4.599178582429885864e-02 -1.441721469163894653e-01
2.897248603403568268e-02 -2.941897138953208923e-03 -3.183847060427069664e-03
-7.090211659669876099e-02 1.935927420854568481e-01 2.023848295211791992e-01
-6.346429139375686646e-02 1.439055949449539185e-01 1.615431010723114014e-01
-2.058365046977996826e-01 1.022499427199363708e-01 2.170246094465255737e-01
-3.280918002128601074e-01 8.303668349981307983e-02 2.970088124275207520e-01
-3.151038885116577148e-01 1.873227953910827637e-01 2.433935850858688354e-01
-3.213488757610321045e-01 2.150772660970687866e-01 2.720275223255157471e-01
-1.820935904979705811e-01 2.034585922956466675e-01 2.458331882953643799e-01
3.227418288588523865e-02 8.131983131170272827e-02 2.051232755184173584e-01
-2.718891203403472900e-02 1.887273937463760376e-01 1.214654669165611267e-01
-1.164783611893653870e-01 3.817736208438873291e-01 3.994584083557128906e-02
-8.735171705484390259e-02 4.685519039630889893e-01 -8.961936086416244507e-02
-1.619933731853961945e-02 3.238310217857360840e-01 -2.732925117015838623e-01
1.138451397418975830e-01 3.762192428112030029e-01 -4.300838410854339600e-01
2.385732680559158325e-01 3.395867943763732910e-01 -4.765927791595458984e-01
4.370425045490264893e-01 2.339219003915786743e-01 -5.794189572334289551e-01
5.016551613807678223e-01 1.967035531997680664e-01 -5.602489113807678223e-01
4.976906478404998779e-01 2.210801094770431519e-01 -5.619265437126159668e-01
5.063563585281372070e-01 2.828672528266906738e-01 -6.246655583381652832e-01
5.058720707893371582e-01 2.989388406276702881e-01 -5.708442926406860352e-01
4.844357669353485107e-01 2.845011651515960693e-01 -5.636271238327026367e-01
5.022964477539062500e-01 3.558386862277984619e-01 -5.336350202560424805e-01
5.298799276351928711e-01 3.449043035507202148e-01 -5.158452987670898438e-01
5.030433535575866699e-01 3.876863420009613037e-01 -5.792891979217529297e-01
5.331947803497314453e-01 3.475911319255828857e-01 -4.154631495475769043e-01
4.927054345607757568e-01 4.307771623134613037e-01 -5.013933181762695312e-01
5.097543001174926758e-01 5.211671590805053711e-01 -3.521367311477661133e-01
3.530675470829010010e-01 5.514123439788818359e-01 -1.154889017343521118e-01
2.837608456611633301e-01 6.012262701988220215e-01 -3.276978060603141785e-02
2.599550485610961914e-01 6.007810235023498535e-01 -3.651563078165054321e-03
2.392333447933197021e-01 5.891042351722717285e-01 -3.699948266148567200e-02
2.464075535535812378e-01 5.375853776931762695e-01 -8.571656793355941772e-02
1.541042029857635498e-01 4.489672780036926270e-01 -9.461952000856399536e-02
-1.713674664497375488e-01 3.156827762722969055e-02 1.710035502910614014e-01
-2.608956992626190186e-01 -7.559990137815475464e-02 2.814431190490722656e-01
-1.635213494300842285e-01 -3.683525696396827698e-02 3.412804007530212402e-01
-7.207787781953811646e-02 2.299708873033523560e-02 4.035242497920989990e-01
-2.987768128514289856e-02 -9.430711716413497925e-02 3.621617853641510010e-01
1.899263262748718262e-01 -2.784004509449005127e-01 2.750694453716278076e-01
1.983011513948440552e-01 -2.878866195678710938e-01 2.144180983304977417e-01
1.630496084690093994e-01 -2.646931111812591553e-01 2.019030004739761353e-01
2.040985822677612305e-01 -2.895246148109436035e-01 1.993336677551269531e-01
1.726414859294891357e-01 -2.568720281124114990e-01 2.345807552337646484e-01
2.212918549776077271e-01 -2.614133656024932861e-01 1.868038028478622437e-01
1.544184386730194092e-01 -2.686392068862915039e-01 2.040282934904098511e-01
1.183346062898635864e-01 -2.345933169126510620e-01 2.147273421287536621e-01
1.437695473432540894e-01 -1.922119557857513428e-01 2.179493755102157593e-01
2.003193497657775879e-01 -2.917768955230712891e-01 2.366324961185455322e-01
2.245633751153945923e-01 -3.844328820705413818e-01 2.714706659317016602e-01
2.725320160388946533e-01 -2.726266384124755859e-01 4.590997099876403809e-01
4.633572995662689209e-01 -8.538927137851715088e-02 3.958525657653808594e-01
3.346376121044158936e-01 -1.599614322185516357e-01 4.225413799285888672e-01
3.232437372207641602e-01 -1.900963187217712402e-01 4.172129929065704346e-01
2.810804545879364014e-01 -1.898246258497238159e-01 3.886032402515411377e-01
1.810865402221679688e-01 -1.636816114187240601e-01 3.988396525382995605e-01
1.647786120884120464e-03 -3.492453694343566895e-02 4.566519856452941895e-01
2.469139732420444489e-02 -3.833042085170745850e-02 4.476928114891052246e-01
6.112366914749145508e-03 -5.644393712282180786e-02 4.618259668350219727e-01
-3.792762756347656250e-02 4.702187702059745789e-02 4.039407968521118164e-01
1.245965585112571716e-01 2.451796382665634155e-01 2.943075299263000488e-01
1.346628963947296143e-01 4.459906816482543945e-01 2.750729322433471680e-01
9.489305317401885986e-02 5.862480401992797852e-01 1.807101070880889893e-01
2.069790214300155640e-01 6.114315986633300781e-01 5.814355611801147461e-02
2.729046642780303955e-01 4.817742109298706055e-01 -1.009263247251510620e-01
2.968743741512298584e-01 4.989643692970275879e-01 -1.383146792650222778e-01
2.996019721031188965e-01 5.257354974746704102e-01 -1.122681796550750732e-01
3.931552469730377197e-01 4.511103928089141846e-01 -1.690371781587600708e-01
4.076692163944244385e-01 4.256991744041442871e-01 -2.287782132625579834e-01
4.541815221309661865e-01 3.642170131206512451e-01 -2.226987779140472412e-01
5.051767230033874512e-01 3.187606036663055420e-01 -2.379699349403381348e-01
5.114876031875610352e-01 3.049406707286834717e-01 -2.269525825977325439e-01
5.220678448677062988e-01 3.348978161811828613e-01 -2.235336303710937500e-01
5.101623535156250000e-01 3.484546244144439697e-01 -2.121305316686630249e-01
5.196259617805480957e-01 3.726902306079864502e-01 -2.006689012050628662e-01
5.264178514480590820e-01 3.298092186450958252e-01 -2.179877609014511108e-01
5.240277647972106934e-01 3.184687197208404541e-01 -2.374316453933715820e-01
5.448080897331237793e-01 2.797416150569915771e-01 -3.504799008369445801e-01
4.844357371330261230e-01 3.816502690315246582e-01 -4.722409248352050781e-01
4.586552083492279053e-01 4.695475995540618896e-01 -5.544418096542358398e-01
4.667069911956787109e-01 4.464004337787628174e-01 -5.826483368873596191e-01
4.979496598243713379e-01 4.221734404563903809e-01 -5.865687131881713867e-01
5.020207762718200684e-01 3.202739059925079346e-01 -5.753950476646423340e-01
4.478487074375152588e-01 4.050365984439849854e-01 -6.234987378120422363e-01
4.634037911891937256e-01 3.474843204021453857e-01 -5.566311478614807129e-01
4.677013456821441650e-01 3.574495017528533936e-01 -5.391437411308288574e-01
4.402107298374176025e-01 3.651038408279418945e-01 -5.306938886642456055e-01
4.225243031978607178e-01 3.950619399547576904e-01 -5.162228941917419434e-01
4.850353896617889404e-01 3.637219369411468506e-01 -5.636810660362243652e-01
4.660046398639678955e-01 4.071418941020965576e-01 -5.033504366874694824e-01
4.749318361282348633e-01 4.079276621341705322e-01 -5.719429850578308105e-01
4.427402615547180176e-01 3.811342716217041016e-01 -5.888478159904479980e-01
4.081417620182037354e-01 3.431370854377746582e-01 -6.293338537216186523e-01
4.687396883964538574e-01 4.785167574882507324e-01 -4.761890769004821777e-01
5.593382716178894043e-01 3.949424028396606445e-01 -3.430736958980560303e-01
5.023145079612731934e-01 4.678125679492950439e-01 -3.252549171447753906e-01
4.231172502040863037e-01 5.095443129539489746e-01 -1.875035613775253296e-01
3.561110198497772217e-01 5.522524118423461914e-01 -1.176381632685661316e-01
3.685109019279479980e-01 5.671280026435852051e-01 -5.919556692242622375e-02
4.012727737426757812e-01 5.409176349639892578e-01 -3.537913784384727478e-02
4.058436453342437744e-01 5.216209292411804199e-01 -5.264651030302047729e-02
4.329077899456024170e-01 5.057574510574340820e-01 -5.369621515274047852e-02
4.563153386116027832e-01 5.065899491310119629e-01 -9.611817449331283569e-02
4.715409874916076660e-01 4.885855615139007568e-01 -1.127295419573783875e-01
4.768485724925994873e-01 4.791568517684936523e-01 -1.337749660015106201e-01
4.504743516445159912e-01 4.805875420570373535e-01 -1.401392221450805664e-01
4.481791853904724121e-01 4.580448567867279053e-01 -1.189094036817550659e-01
4.708510339260101318e-01 4.388564229011535645e-01 -1.477226167917251587e-01
4.655686914920806885e-01 4.347634017467498779e-01 -1.530545651912689209e-01
4.594186246395111084e-01 4.298439621925354004e-01 -1.813460141420364380e-01
4.690729975700378418e-01 4.332365989685058594e-01 -2.303524762392044067e-01
5.047140121459960938e-01 4.164985716342926025e-01 -2.103981077671051025e-01
5.128492712974548340e-01 3.986151218414306641e-01 -2.041492164134979248e-01
5.322895050048828125e-01 4.255122542381286621e-01 -2.354765832424163818e-01
4.984427690505981445e-01 4.218185544013977051e-01 -2.401750981807708740e-01
5.088148713111877441e-01 3.785232603549957275e-01 -2.058654129505157471e-01
4.306185245513916016e-01 4.734625220298767090e-01 -2.136701643466949463e-01
3.718083500862121582e-01 4.372403919696807861e-01 -2.376278042793273926e-01
3.403892219066619873e-01 3.991290628910064697e-01 -1.839708089828491211e-01
2.983655929565429688e-01 3.730100989341735840e-01 -1.472927182912826538e-01
1.781814396381378174e-01 4.085122346878051758e-01 -1.278796643018722534e-01
1.189977526664733887e-01 3.789460957050323486e-01 -1.907207816839218140e-01
-2.030578441917896271e-02 5.105347037315368652e-01 -1.472107023000717163e-01
1.081782355904579163e-01 5.759093761444091797e-01 4.344096779823303223e-02
5.793245974928140640e-03 5.652997493743896484e-01 2.565316483378410339e-02
-8.057741820812225342e-02 5.932323932647705078e-01 6.780967116355895996e-02
-3.678810596466064453e-02 5.837370753288269043e-01 5.038633942604064941e-02
6.059022620320320129e-02 6.193074584007263184e-01 5.188642814755439758e-02
1.155651211738586426e-01 6.313702464103698730e-01 6.379030644893646240e-02
1.221900209784507751e-01 6.407817602157592773e-01 6.750136613845825195e-02
1.354031711816787720e-01 6.652129292488098145e-01 5.811390280723571777e-02
1.226173043251037598e-01 6.707245707511901855e-01 9.356405586004257202e-02
1.600390523672103882e-01 6.674948930740356445e-01 1.169198080897331238e-01
1.684723347425460815e-01 6.855993866920471191e-01 1.494179815053939819e-01
1.529412716627120972e-01 6.621797680854797363e-01 1.682652086019515991e-01
6.455912441015243530e-02 6.892729401588439941e-01 9.635049849748611450e-02
6.940970569849014282e-02 6.826325058937072754e-01 2.418818883597850800e-02
1.208333149552345276e-01 6.096540093421936035e-01 -1.939736306667327881e-02
1.800833493471145630e-01 5.327851176261901855e-01 -5.005196854472160339e-02
1.640378981828689575e-01 5.318267345428466797e-01 -2.005477696657180786e-01
6.860416382551193237e-02 4.974601864814758301e-01 -3.774578571319580078e-01
1.598873436450958252e-01 4.119884371757507324e-01 -4.671942591667175293e-01
1.207083538174629211e-01 4.334625005722045898e-01 -5.096554160118103027e-01
1.169673800468444824e-01 3.378721177577972412e-01 -5.328158736228942871e-01
1.700820624828338623e-01 2.878583073616027832e-01 -5.692660212516784668e-01
1.473780572414398193e-01 3.041562438011169434e-01 -5.259301066398620605e-01
1.630192399024963379e-01 2.540251314640045166e-01 -6.307855248451232910e-01
2.446385771036148071e-01 2.674992084503173828e-01 -6.091380119323730469e-01
2.299829423427581787e-01 1.949479728937149048e-01 -6.156959533691406250e-01
1.338658481836318970e-01 2.475653737783432007e-01 -6.566361784934997559e-01
2.151779234409332275e-01 1.987591981887817383e-01 -6.677017211914062500e-01
2.439174205064773560e-01 1.569589376449584961e-01 -6.627151966094970703e-01
2.060727030038833618e-01 1.310239881277084351e-01 -6.887027025222778320e-01
1.946519762277603149e-01 3.110989630222320557e-01 -6.447268724441528320e-01
2.224614322185516357e-01 2.367261350154876709e-01 -6.790232658386230469e-01
1.722962409257888794e-01 2.298328876495361328e-01 -6.213819384574890137e-01
1.676405370235443115e-01 2.443493753671646118e-01 -7.072826027870178223e-01
1.654714494943618774e-01 2.504785358905792236e-01 -6.401638388633728027e-01
1.799973249435424805e-01 2.286611944437026978e-01 -7.103547453880310059e-01
1.619137376546859741e-01 2.169366180896759033e-01 -6.802409887313842773e-01
2.199028134346008301e-01 1.861248761415481567e-01 -7.025725841522216797e-01
2.065313905477523804e-01 2.125974744558334351e-01 -6.913460493087768555e-01
2.464395165443420410e-01 2.169491201639175415e-01 -7.058216929435729980e-01
2.981091141700744629e-01 1.797359287738800049e-01 -7.158114314079284668e-01
2.981874048709869385e-01 1.998144984245300293e-01 -7.138297557830810547e-01
2.248375117778778076e-01 1.594960242509841919e-01 -7.222382426261901855e-01
2.425666153430938721e-01 1.086077988147735596e-01 -7.149531245231628418e-01
2.464483529329299927e-01 8.750493824481964111e-02 -7.283792495727539062e-01
2.069248408079147339e-01 7.800308614969253540e-02 -5.343362689018249512e-01
