1.750459223985671997e-01 1.269840728491544724e-02 -1.654757857322692871e-01
2.955417931079864502e-01 6.246347725391387939e-02 -2.281242907047271729e-01
2.686410546302795410e-01 5.195124074816703796e-02 -1.376091688871383667e-01
9.127642214298248291e-02 5.769482627511024475e-02 3.197431936860084534e-02
-1.519135981798171997e-01 7.986333221197128296e-02 1.765415668487548828e-01
-2.489292323589324951e-01 -1.627358794212341309e-02 3.134934604167938232e-01
-1.663988977670669556e-01 -7.075863331556320190e-02 3.456585705280303955e-01
-7.203142344951629639e-02 -1.850871741771697998e-01 3.967381119728088379e-01
-1.618021540343761444e-02 -1.931343227624893188e-01 3.316603600978851318e-01
-4.462969675660133362e-02 -4.384396225214004517e-02 1.372070759534835815e-01
-7.674532383680343628e-02 3.169612213969230652e-02 -1.320561468601226807e-01
-5.495079979300498962e-02 -7.944717071950435638e-03 -2.188983857631683350e-01
-6.679971516132354736e-02 -1.199519783258438110e-01 -5.740961804986000061e-02
-1.356156915426254272e-01 -1.109656393527984619e-01 1.707213819026947021e-01
-1.154444292187690735e-01 9.993367642164230347e-02 2.891605198383331299e-01
2.856294624507427216e-03 2.536960840225219727e-01 1.112413629889488220e-01
3.284551501274108887e-01 1.920753717422485352e-01 -1.024505645036697388e-01
4.325487017631530762e-01 4.420225694775581360e-02 -1.928555816411972046e-01
3.719285130500793457e-01 -7.310971617698669434e-02 -2.418089956045150757e-01
1.306507587432861328e-01 -1.227636262774467468e-01 -2.372999638319015503e-01
-1.374323368072509766e-01 -1.696902811527252197e-01 -1.473953127861022949e-01
-1.384872943162918091e-01 -2.070081532001495361e-01 5.894698202610015869e-03
-2.049385160207748413e-01 -7.776799052953720093e-02 1.858255118131637573e-01
-6.294784694910049438e-02 1.537387520074844360e-01 2.082812637090682983e-01
2.843476086854934692e-02 3.652333021163940430e-01 7.370383292436599731e-02
1.007379218935966492e-01 3.925261795520782471e-01 -1.541734952479600906e-02
8.345095068216323853e-02 2.117289155721664429e-01 -1.456401646137237549e-01
-1.138256788253784180e-01 3.769477829337120056e-02 -1.125710979104042053e-01
-2.669292390346527100e-01 -1.166879460215568542e-01 -6.047998741269111633e-02
-1.864089071750640869e-01 -1.554453969001770020e-01 -2.162889763712882996e-02
4.783473908901214600e-03 -1.419828534126281738e-01 1.792656630277633667e-02
1.753654479980468750e-01 -2.786178588867187500e-01 -1.871490478515625000e-02
2.371758073568344116e-01 -2.839381396770477295e-01 1.394963636994361877e-02
4.924369230866432190e-02 -1.497851610183715820e-01 1.240668371319770813e-01
4.911892581731081009e-03 1.073759421706199646e-01 1.518495380878448486e-01
-1.875893794931471348e-03 3.831609785556793213e-01 7.470026612281799316e-02
5.060653761029243469e-02 4.039869308471679688e-01 -1.926001347601413727e-02
6.819164752960205078e-02 2.763845324516296387e-01 -9.310171008110046387e-02
-8.372759819030761719e-02 2.052257508039474487e-01 -1.460214238613843918e-02
-2.222677022218704224e-01 4.199561476707458496e-02 5.204401165246963501e-02
-2.790220379829406738e-01 -9.720910340547561646e-02 9.312136471271514893e-02
-1.916541010141372681e-01 -2.041719257831573486e-01 1.557311564683914185e-01
-8.975417166948318481e-02 -2.829309105873107910e-01 1.296001672744750977e-01
-8.480804413557052612e-02 -1.279169172048568726e-01 7.273938041180372238e-03
-1.638127267360687256e-01 3.085092268884181976e-02 -1.677179485559463501e-01
-1.826413720846176147e-01 4.841808602213859558e-02 -3.292227089405059814e-01
3.846491873264312744e-02 1.160832401365041733e-02 -2.695335149765014648e-01
3.074908554553985596e-01 -5.583706125617027283e-02 -4.230123385787010193e-02
3.596166968345642090e-01 -3.335046395659446716e-02 1.201037690043449402e-01
2.350877970457077026e-01 2.384897507727146149e-02 1.986157298088073730e-01
8.546479046344757080e-02 -1.720587909221649170e-02 1.829827725887298584e-01
-6.598149891942739487e-03 1.973167993128299713e-02 1.017483100295066833e-01
6.508388370275497437e-02 1.846409961581230164e-02 3.287433460354804993e-02
2.137492895126342773e-01 -2.914561890065670013e-02 -2.085775285959243774e-01
1.573133021593093872e-01 4.683226719498634338e-02 -4.815645813941955566e-01
5.129219219088554382e-02 1.227229610085487366e-01 -4.634368121623992920e-01
-2.202164828777313232e-01 2.659331858158111572e-01 -2.552168965339660645e-01
-3.781349956989288330e-01 2.713191211223602295e-01 1.985237598419189453e-01
-1.445057690143585205e-01 2.763768658041954041e-02 4.699093103408813477e-01
8.526603132486343384e-02 -1.274722516536712646e-01 3.396358788013458252e-01
1.658128052949905396e-01 -1.616675555706024170e-01 1.762565076351165771e-01
1.290949434041976929e-01 -1.666027307510375977e-01 -2.115514688193798065e-02
-2.493337262421846390e-03 -7.865887135267257690e-02 -7.482332736253738403e-02
6.970850378274917603e-02 -9.691105037927627563e-02 -5.231338366866111755e-02
1.892188340425491333e-01 -8.127547800540924072e-02 -9.935931116342544556e-02
1.800393015146255493e-01 -9.084720909595489502e-02 -1.951889693737030029e-02
1.396278738975524902e-01 -1.391568779945373535e-01 1.354144662618637085e-01
8.401406556367874146e-02 -1.436414271593093872e-01 1.299700140953063965e-01
7.147491443902254105e-03 -1.224502399563789368e-01 1.448452589102089405e-03
-7.060831785202026367e-02 2.170825004577636719e-02 -1.488927155733108521e-01
-5.540709942579269409e-02 8.506331592798233032e-02 -1.521045267581939697e-01
-2.283281832933425903e-02 1.878937482833862305e-01 1.917997933924198151e-02
8.630958944559097290e-02 1.252043843269348145e-01 1.103293895721435547e-01
1.329106390476226807e-01 3.528617322444915771e-02 1.034362837672233582e-01
-2.283250540494918823e-02 -3.897130489349365234e-02 5.455601215362548828e-02
-1.695601344108581543e-01 -1.123693957924842834e-01 -7.954701036214828491e-02
-3.360480964183807373e-01 -1.500939484685659409e-02 -1.606920063495635986e-01
-3.666077852249145508e-01 4.138062149286270142e-02 -1.833131611347198486e-01
-1.645046323537826538e-01 5.427858233451843262e-02 -1.269372254610061646e-01
5.041321367025375366e-02 -2.354366704821586609e-02 1.305820494890213013e-01
2.336987704038619995e-01 -8.169215172529220581e-02 1.717626303434371948e-01
2.624486386775970459e-01 -7.098416984081268311e-02 1.619844436645507812e-01
8.880824595689773560e-02 7.396038621664047241e-02 -3.055205754935741425e-02
1.637840829789638519e-02 8.600310236215591431e-02 -2.035598605871200562e-01
-8.200441300868988037e-02 7.271176576614379883e-02 -1.298556029796600342e-01
-3.596938773989677429e-02 1.770442910492420197e-02 -2.460113167762756348e-02
2.847569994628429413e-02 -7.619453966617584229e-02 1.796697527170181274e-01
-3.200912848114967346e-02 1.698990166187286377e-02 1.723885983228683472e-01
-4.496678709983825684e-02 3.880366915836930275e-03 5.525928363204002380e-02
-1.288044899702072144e-01 9.623067080974578857e-02 -4.398934915661811829e-02
-3.207208588719367981e-02 1.720514297485351562e-01 -7.368450611829757690e-02
1.256452649831771851e-01 7.389528304338455200e-02 1.766990683972835541e-02
1.568165719509124756e-01 2.144685946404933929e-02 1.338673755526542664e-02
1.529982537031173706e-01 -1.814151704311370850e-01 5.599210411310195923e-02
2.792686596512794495e-02 -2.599049508571624756e-01 6.267388164997100830e-02
-7.947811484336853027e-02 -1.960612386465072632e-01 5.332522094249725342e-02
-9.155181050300598145e-02 -1.904836148023605347e-01 5.043712258338928223e-02
-1.254204660654067993e-01 -1.268946286290884018e-02 -1.122484505176544189e-01
-8.655861765146255493e-02 5.176958814263343811e-02 -1.570742130279541016e-01
-3.854049742221832275e-02 8.081345260143280029e-02 -1.457409858703613281e-01
