-5.575619265437126160e-02 2.213157415390014648e-01 -3.759439885616302490e-01
4.738487675786018372e-02 3.817729651927947998e-01 -3.080964088439941406e-01
1.093562021851539612e-01 3.752911090850830078e-01 -1.065305471420288086e-01
8.332159370183944702e-02 1.875554621219635010e-01 4.364052042365074158e-02
6.896402686834335327e-02 1.846690773963928223e-01 1.001824662089347839e-01
-2.873061597347259521e-02 3.108031153678894043e-01 2.140392363071441650e-01
-2.170236408710479736e-02 2.817845046520233154e-01 2.522717714309692383e-01
-7.173266261816024780e-02 2.528822720050811768e-01 2.329197227954864502e-01
-1.382479220628738403e-01 2.543926537036895752e-01 2.694719731807708740e-01
4.629701748490333557e-02 2.333883643150329590e-01 2.767842113971710205e-01
1.989279389381408691e-01 1.164044961333274841e-01 2.603532075881958008e-01
2.696228623390197754e-01 -4.432987479958683252e-04 2.326710075139999390e-01
2.771163284778594971e-01 3.900956362485885620e-02 1.991291642189025879e-01
1.803103685379028320e-01 5.573585256934165955e-02 1.384577602148056030e-01
-1.723438352346420288e-01 1.763105206191539764e-02 3.770418092608451843e-02
-1.917045265436172485e-01 -2.292712330818176270e-01 1.232476811856031418e-02
-3.040563166141510010e-01 -5.365702882409095764e-02 -6.217522919178009033e-02
-3.772842884063720703e-01 -7.340898737311363220e-03 -1.423560231924057007e-01
-3.305082023143768311e-01 -5.439340695738792419e-02 -1.876448541879653931e-01
-3.467120528221130371e-01 -1.479955464601516724e-01 -2.524443268775939941e-01
-2.962636053562164307e-01 -2.736408114433288574e-01 -3.190099000930786133e-01
-2.529071569442749023e-01 -2.524598538875579834e-01 -1.289411932229995728e-01
-2.959657013416290283e-01 -2.934437990188598633e-01 -3.662061393260955811e-01
-3.498514890670776367e-01 -2.205072343349456787e-01 -3.710366785526275635e-01
-3.533245623111724854e-01 -3.323722481727600098e-01 -4.019699990749359131e-01
-3.982011675834655762e-01 -2.033545225858688354e-01 -4.086402356624603271e-01
-3.535944521427154541e-01 -2.435407638549804688e-01 -3.886427581310272217e-01
-3.299676477909088135e-01 -2.809168994426727295e-01 -4.095162451267242432e-01
-3.715352714061737061e-01 -2.986619174480438232e-01 -5.405709743499755859e-01
-4.275607764720916748e-01 -2.602585554122924805e-01 -5.088776350021362305e-01
-3.955526649951934814e-01 -2.491523176431655884e-01 -3.632535636425018311e-01
-2.804483771324157715e-01 -2.460380792617797852e-01 -2.976778745651245117e-01
-2.521202862262725830e-01 -2.523367702960968018e-01 -1.303037106990814209e-01
-3.093208968639373779e-01 -2.976824641227722168e-01 -3.658443987369537354e-01
-3.549754321575164795e-01 -2.206647098064422607e-01 -3.716015517711639404e-01
-3.482764363288879395e-01 -3.263151347637176514e-01 -4.028829038143157959e-01
-3.890936374664306641e-01 -2.007068395614624023e-01 -4.128684103488922119e-01
-3.489598929882049561e-01 -2.581528723239898682e-01 -3.971473872661590576e-01
-3.410948514938354492e-01 -2.906443178653717041e-01 -4.099433124065399170e-01
-3.729431927204132080e-01 -2.947366237640380859e-01 -5.405824184417724609e-01
-4.288527965545654297e-01 -2.556251585483551025e-01 -5.093365907669067383e-01
-1.455355584621429443e-01 -1.971947103738784790e-01 -4.159466028213500977e-01
5.683442950248718262e-02 1.134538874030113220e-01 -4.387468099594116211e-01
-5.088697373867034912e-02 1.595878005027770996e-01 -3.626271486282348633e-01
-1.098353266716003418e-01 3.300637006759643555e-01 -1.489364057779312134e-01
5.774177983403205872e-02 3.385447859764099121e-01 -2.946051061153411865e-01
8.204218745231628418e-02 4.246686697006225586e-01 -1.309866607189178467e-01
1.071582734584808350e-01 4.330822825431823730e-01 9.463387727737426758e-02
1.041555330157279968e-01 3.828902840614318848e-01 1.351906508207321167e-01
4.407545179128646851e-02 3.339473903179168701e-01 1.424144953489303589e-01
5.380237940698862076e-03 3.711858391761779785e-01 1.595376729965209961e-01
3.074764646589756012e-02 3.299811184406280518e-01 1.563580185174942017e-01
5.034260824322700500e-02 3.683625459671020508e-01 1.557829827070236206e-01
1.090613380074501038e-01 3.373858332633972168e-01 1.428349316120147705e-01
1.288567334413528442e-01 3.010739982128143311e-01 7.670711725950241089e-02
5.698182433843612671e-02 4.199105501174926758e-01 5.070421099662780762e-02
9.555801749229431152e-03 2.852004170417785645e-01 2.384559065103530884e-02
-6.967354565858840942e-02 6.653292477130889893e-02 -3.630463778972625732e-02
1.364119537174701691e-02 4.700709581375122070e-01 -1.930308761075139046e-03
1.459156125783920288e-01 6.255381703376770020e-01 -1.424011960625648499e-02
4.204218834638595581e-02 6.303315162658691406e-01 2.227022312581539154e-02
1.399625837802886963e-01 7.022612094879150391e-01 1.288508176803588867e-01
1.213084980845451355e-01 6.945120096206665039e-01 6.319767981767654419e-02
1.016395166516304016e-01 6.995006203651428223e-01 8.175248652696609497e-02
1.461318135261535645e-01 6.887059211730957031e-01 8.192420750856399536e-02
1.807003468275070190e-01 6.639095544815063477e-01 9.898628294467926025e-02
3.846396505832672119e-02 6.878241300582885742e-01 8.522030711174011230e-02
-2.763328701257705688e-02 6.662383079528808594e-01 1.249681226909160614e-02
-2.739471383392810822e-02 6.060006618499755859e-01 -8.088760823011398315e-02
2.449808716773986816e-01 4.668259322643280029e-01 -1.794054061174392700e-01
1.856182217597961426e-01 5.184640884399414062e-01 -2.279729545116424561e-01
1.870010495185852051e-01 4.104666709899902344e-01 -4.256365895271301270e-01
2.120364159345626831e-01 4.317315518856048584e-01 -5.123813152313232422e-01
2.703969776630401611e-01 3.053788244724273682e-01 -5.326696038246154785e-01
2.675588428974151611e-01 1.684640198945999146e-01 -5.873303413391113281e-01
1.662523001432418823e-01 2.242282778024673462e-01 -6.051718592643737793e-01
1.130049303174018860e-01 2.118493914604187012e-01 -6.885039806365966797e-01
8.196407556533813477e-02 1.857291311025619507e-01 -7.243868708610534668e-01
3.074941411614418030e-02 2.286343276500701904e-01 -6.966677308082580566e-01
-6.767861545085906982e-02 2.314811199903488159e-01 -6.478630304336547852e-01
1.673867180943489075e-02 2.022326290607452393e-01 -6.168559789657592773e-01
2.864501439034938812e-02 2.387268543243408203e-01 -6.058226823806762695e-01
4.313243553042411804e-02 1.834066361188888550e-01 -6.834448575973510742e-01
8.404580503702163696e-02 1.939941346645355225e-01 -6.814735531806945801e-01
3.076330386102199554e-02 1.735782623291015625e-01 -7.091199159622192383e-01
4.315103963017463684e-02 1.370822340250015259e-01 -7.150316238403320312e-01
6.299606710672378540e-02 2.861633300781250000e-01 -6.965570449829101562e-01
9.380772709846496582e-02 2.003245502710342407e-01 -7.161897420883178711e-01
9.060986340045928955e-02 2.019800692796707153e-01 -7.051182389259338379e-01
1.451838314533233643e-01 1.693400740623474121e-01 -7.402951717376708984e-01
1.417237371206283569e-01 2.010193914175033569e-01 -7.227762341499328613e-01
1.666592955589294434e-01 2.416579425334930420e-01 -7.068470716476440430e-01
1.806571185588836670e-01 1.796379536390304565e-01 -7.310899496078491211e-01
2.101909965276718140e-01 2.122588157653808594e-01 -7.322666049003601074e-01
2.302928417921066284e-01 1.286267936229705811e-01 -7.113153338432312012e-01
2.052715867757797241e-01 1.603844165802001953e-01 -7.722779512405395508e-01
2.195050418376922607e-01 1.846450865268707275e-01 -7.163885235786437988e-01
2.342621833086013794e-01 1.059279665350914001e-01 -7.685713768005371094e-01
2.419894337654113770e-01 1.117244064807891846e-01 -7.679120302200317383e-01
2.265309244394302368e-01 4.773800820112228394e-02 -7.567195296287536621e-01
