1.646090298891067505e-01 -2.285060137510299683e-01 -6.553701311349868774e-02
4.484019055962562561e-02 -2.148179709911346436e-01 -2.310926169157028198e-01
-7.497785240411758423e-02 -1.902289539575576782e-01 -3.910636603832244873e-01
-3.266258165240287781e-02 -8.260618150234222412e-02 -5.313072204589843750e-01
3.549003601074218750e-02 -1.462969332933425903e-01 -4.291135370731353760e-01
1.798115223646163940e-01 -1.629561036825180054e-01 -3.556358814239501953e-01
1.890586912631988525e-01 -1.129699200391769409e-01 -1.625111997127532959e-01
-6.870650686323642731e-03 -3.767937421798706055e-02 6.363700143992900848e-03
-1.584335714578628540e-01 5.541085451841354370e-02 9.114108979701995850e-02
-2.912477850914001465e-01 1.120482832193374634e-01 2.201853394508361816e-01
-2.249182760715484619e-01 1.064667403697967529e-01 2.374891340732574463e-01
4.192526265978813171e-02 -1.225601695477962494e-02 2.148096859455108643e-01
2.553443610668182373e-01 -1.288613975048065186e-01 2.119919061660766602e-01
1.100822985172271729e-01 -1.233103200793266296e-01 2.968592345714569092e-01
1.881522685289382935e-02 -1.509618163108825684e-01 4.484243392944335938e-01
1.429232209920883179e-01 -8.420102298259735107e-02 5.459628105163574219e-01
2.063148021697998047e-01 -7.924155145883560181e-02 4.479060173034667969e-01
2.041020095348358154e-01 1.355580985546112061e-02 2.561939358711242676e-01
-1.299453079700469971e-01 2.130873352289199829e-01 -2.003571763634681702e-02
-2.325766533613204956e-01 1.203495934605598450e-01 -1.238606646656990051e-01
-2.003311961889266968e-01 1.930193752050399780e-01 -1.707482933998107910e-01
-6.607180088758468628e-02 -1.288616377860307693e-02 -1.070346832275390625e-01
-1.297104507684707642e-01 -1.060368046164512634e-01 3.199777007102966309e-02
-1.481602489948272705e-01 -1.142424866557121277e-01 8.196297287940979004e-02
-7.527679204940795898e-02 -1.782626360654830933e-01 1.447980105876922607e-01
-6.904281675815582275e-02 6.335204094648361206e-02 2.886666217818856239e-03
7.556790858507156372e-02 2.011016309261322021e-01 -1.270300894975662231e-01
9.840825200080871582e-02 2.082741856575012207e-01 -1.979963183403015137e-01
1.266699135303497314e-01 -1.529200747609138489e-02 -1.269856393337249756e-01
1.173797398805618286e-01 -4.297821968793869019e-02 -3.275790810585021973e-02
8.222230523824691772e-02 -1.519374698400497437e-01 9.510912001132965088e-02
-2.524338103830814362e-02 4.739463701844215393e-02 7.171395421028137207e-02
2.975797513499855995e-03 5.082838237285614014e-02 1.775924302637577057e-02
-1.524423956871032715e-01 -9.900479018688201904e-02 2.892616763710975647e-02
-1.497219800949096680e-01 -1.172871217131614685e-01 6.260448694229125977e-02
-9.663533419370651245e-02 -1.781946420669555664e-01 1.130881682038307190e-01
-8.180428296327590942e-02 6.261926144361495972e-02 2.433233894407749176e-03
7.562626898288726807e-02 2.007868885993957520e-01 -1.157435774803161621e-01
1.174655780196189880e-01 2.159163951873779297e-01 -1.764619648456573486e-01
9.187421947717666626e-02 1.420641839504241943e-01 -1.291674971580505371e-01
1.496140658855438232e-01 1.634585261344909668e-01 -9.353749454021453857e-02
1.262154728174209595e-01 -1.287957280874252319e-02 4.755005240440368652e-02
6.867483258247375488e-02 -1.936615854501724243e-01 8.458104729652404785e-02
-1.596328616142272949e-02 -2.286714017391204834e-01 9.000936895608901978e-02
-5.060670524835586548e-02 -2.893849611282348633e-01 1.953556984663009644e-01
8.120249956846237183e-02 -2.103525549173355103e-01 2.038297653198242188e-01
1.951819062232971191e-01 -2.028987854719161987e-01 2.393518984317779541e-01
2.050679624080657959e-01 -3.406988978385925293e-01 1.454730629920959473e-01
3.354907408356666565e-02 -2.517924010753631592e-01 2.312083356082439423e-02
-7.942130416631698608e-02 -1.602926999330520630e-01 -1.393687073141336441e-02
-4.649807885289192200e-02 -5.839114636182785034e-02 4.234870150685310364e-02
-3.103668987751007080e-02 1.552888602018356323e-01 1.415865123271942139e-01
-3.431503474712371826e-02 2.023664116859436035e-01 1.646597385406494141e-01
1.305303275585174561e-01 2.258974015712738037e-01 1.331338286399841309e-01
1.016895622014999390e-01 1.830357313156127930e-01 5.400287732481956482e-02
8.582506328821182251e-02 2.243348211050033569e-01 -2.261432856321334839e-01
3.203175961971282959e-01 2.189233899116516113e-01 -3.735271990299224854e-01
4.501552283763885498e-01 2.088004797697067261e-01 -2.306951731443405151e-01
5.261710882186889648e-01 9.816092997789382935e-02 -1.666870862245559692e-01
4.512657821178436279e-01 7.304582744836807251e-02 -9.736756910569965839e-04
1.398993283510208130e-01 1.510542035102844238e-01 -8.125682920217514038e-02
5.508846789598464966e-02 1.085617169737815857e-01 -2.037192285060882568e-01
5.607183650135993958e-02 1.821397244930267334e-01 3.496580198407173157e-02
-5.672495067119598389e-02 1.110940426588058472e-01 5.565669015049934387e-02
-4.301914200186729431e-02 3.417941927909851074e-02 -4.672950878739356995e-02
1.591202890267595649e-04 -6.890409439802169800e-02 -1.750728487968444824e-01
-5.095111671835184097e-03 -2.051005065441131592e-01 -2.423543035984039307e-01
-2.412572801113128662e-01 -1.181369498372077942e-01 -1.018232405185699463e-01
-3.670577406883239746e-01 1.060200110077857971e-01 6.293375790119171143e-02
-4.445844590663909912e-01 2.392110973596572876e-01 -4.059078171849250793e-03
-3.406354784965515137e-01 2.222297191619873047e-01 -1.567812450230121613e-02
-2.434249073266983032e-01 1.004639044404029846e-01 -9.996657818555831909e-02
-3.623550534248352051e-01 2.619546838104724884e-02 -2.021017670631408691e-01
-2.433641254901885986e-01 1.817558147013187408e-02 -2.104443758726119995e-01
-1.853368282318115234e-01 1.892317086458206177e-03 -1.809009611606597900e-01
-1.097067166119813919e-02 1.892647147178649902e-01 -6.002004817128181458e-02
6.001225486397743225e-02 7.512998580932617188e-02 8.711803704500198364e-02
1.324155330657958984e-01 -5.197565257549285889e-02 -5.818570964038372040e-03
1.093655303120613098e-01 -7.301083207130432129e-02 -8.477745577692985535e-03
1.082463562488555908e-01 -2.054235041141510010e-01 -2.959635294973850250e-02
-1.028124336153268814e-02 -5.082944780588150024e-02 -2.499272115528583527e-02
-6.540153920650482178e-02 1.025253906846046448e-01 1.331647336483001709e-01
-1.239460054785013199e-02 1.203417330980300903e-01 1.617297530174255371e-02
-5.051666125655174255e-02 1.344127506017684937e-01 5.839271470904350281e-03
1.309717744588851929e-01 7.978638261556625366e-02 -1.137376874685287476e-01
-9.331474080681800842e-03 -6.047979742288589478e-02 -1.820185482501983643e-01
-2.453481592237949371e-02 -3.716610744595527649e-02 -6.139332801103591919e-02
-1.247649267315864563e-01 2.001560851931571960e-02 -6.576050072908401489e-02
-1.938597261905670166e-01 -5.317643657326698303e-02 1.684432383626699448e-03
-2.083467133343219757e-02 -2.157497033476829529e-02 1.880710758268833160e-02
-5.566821992397308350e-02 4.000712931156158447e-02 2.944473363459110260e-02
2.919824235141277313e-02 1.749678403139114380e-01 5.020014941692352295e-02
-4.225999489426612854e-02 1.432538926601409912e-01 -7.053019851446151733e-02
-1.529521495103836060e-01 -4.961105063557624817e-02 -1.257608532905578613e-01
-8.405873924493789673e-02 -1.309313625097274780e-01 -1.759159266948699951e-01
-1.998109221458435059e-01 -6.963326036930084229e-02 -1.035563298501074314e-03
-1.254566758871078491e-01 7.957699149847030640e-02 1.283204704523086548e-01
-8.627062290906906128e-02 7.556929439306259155e-02 1.891891062259674072e-01
-9.839350730180740356e-02 -1.933568091772031039e-05 1.728590577840805054e-01
3.536663949489593506e-02 -3.185226768255233765e-02 3.913320228457450867e-02
