1.290514373437936374e-02
8.603429156252909160e-03
1.756005234181577668e-01
3.483210457755900324e-01
3.845242739584894820e-01
2.040582957941413089e-01
0.000000000000000000e+00
0.000000000000000000e+00
0.000000000000000000e+00
0.000000000000000000e+00
6.840399634903005649e-04
2.417192601531402765e-02
7.000654847038095818e-02
8.096371179890744785e-02
5.114840767606885358e-02
0.000000000000000000e+00
0.000000000000000000e+00
0.000000000000000000e+00
0.000000000000000000e+00
3.297044727467217818e-03
5.767521063786923072e-03
0.000000000000000000e+00
0.000000000000000000e+00
0.000000000000000000e+00
0.000000000000000000e+00
0.000000000000000000e+00
0.000000000000000000e+00
0.000000000000000000e+00
5.160304933643775679e-04
9.495895776628796719e-03
1.288479565821940183e-02
0.000000000000000000e+00
0.000000000000000000e+00
0.000000000000000000e+00
0.000000000000000000e+00
0.000000000000000000e+00
3.124414274883753522e-06
3.217040686733129567e-03
1.796840147253119056e-03
0.000000000000000000e+00
0.000000000000000000e+00
0.000000000000000000e+00
0.000000000000000000e+00
0.000000000000000000e+00
1.438477017389498680e-01
1.658045033640128674e-01
1.391460490058471500e-01
7.512320349871384750e-02
2.397567866659449255e-03
0.000000000000000000e+00
0.000000000000000000e+00
0.000000000000000000e+00
2.299495390684867108e-02
5.295919610133485722e-02
4.761614903403579846e-02
3.737678378373854998e-02
1.054478987345826638e-02
0.000000000000000000e+00
0.000000000000000000e+00
0.000000000000000000e+00
0.000000000000000000e+00
0.000000000000000000e+00
0.000000000000000000e+00
0.000000000000000000e+00
0.000000000000000000e+00
0.000000000000000000e+00
0.000000000000000000e+00
0.000000000000000000e+00
0.000000000000000000e+00
0.000000000000000000e+00
0.000000000000000000e+00
0.000000000000000000e+00
0.000000000000000000e+00
0.000000000000000000e+00
0.000000000000000000e+00
0.000000000000000000e+00
0.000000000000000000e+00
0.000000000000000000e+00
0.000000000000000000e+00
0.000000000000000000e+00
0.000000000000000000e+00
0.000000000000000000e+00
0.000000000000000000e+00
0.000000000000000000e+00
0.000000000000000000e+00
0.000000000000000000e+00
6.790468081564667371e-03
2.660712141313057930e-02
3.804645866184946934e-02
3.731779733650903569e-02
4.125747041053327152e-02
3.593976654389666181e-02
2.389496244319481988e-02
6.621677507870027575e-03
0.000000000000000000e+00
0.000000000000000000e+00
1.359799900957380132e-02
1.898534580784176293e-02
1.701827102987619328e-02
1.504917457208570846e-03
0.000000000000000000e+00
3.430140837239971287e-03
7.220934914676415371e-03
8.873723810508080817e-03
6.604119087312643535e-03
2.338729107079485798e-03
6.563895535495153739e-09
0.000000000000000000e+00
0.000000000000000000e+00
0.000000000000000000e+00
0.000000000000000000e+00
0.000000000000000000e+00
0.000000000000000000e+00
0.000000000000000000e+00
0.000000000000000000e+00
0.000000000000000000e+00
0.000000000000000000e+00
2.268180357864240694e-03
9.580694743051549819e-03
1.733436526523011653e-02
1.815044783325972522e-02
1.605302721775076977e-02
3.161725098081829416e-02
4.454744910445654349e-02
4.754641092591917889e-02
2.777360441653023773e-02
0.000000000000000000e+00
0.000000000000000000e+00
0.000000000000000000e+00
0.000000000000000000e+00
9.977354232207847479e-03
5.314225002002810790e-03
0.000000000000000000e+00
0.000000000000000000e+00
0.000000000000000000e+00
0.000000000000000000e+00
0.000000000000000000e+00
0.000000000000000000e+00
0.000000000000000000e+00
0.000000000000000000e+00
2.627867589554754857e-01
4.451850495070333591e-01
3.817605752808091446e-01
1.824491738697488763e-01
0.000000000000000000e+00
0.000000000000000000e+00
0.000000000000000000e+00
0.000000000000000000e+00
0.000000000000000000e+00
0.000000000000000000e+00
0.000000000000000000e+00
0.000000000000000000e+00
0.000000000000000000e+00
0.000000000000000000e+00
0.000000000000000000e+00
0.000000000000000000e+00
0.000000000000000000e+00
0.000000000000000000e+00
0.000000000000000000e+00
0.000000000000000000e+00
0.000000000000000000e+00
0.000000000000000000e+00
1.720685831250581832e-03
1.720685831250581832e-03
4.301714578126454580e-04
0.000000000000000000e+00
0.000000000000000000e+00
