4.480210542678833008e-01 -2.738097310066223145e-01 -2.071643322706222534e-01
4.615450203418731689e-01 -2.410073131322860718e-01 -3.038999438285827637e-01
4.375542998313903809e-01 -2.424555271863937378e-01 -1.898483783006668091e-01
4.334110915660858154e-01 -2.558986246585845947e-01 -1.547666043043136597e-01
4.377623796463012695e-01 -3.209334015846252441e-01 -1.549282073974609375e-01
2.631107270717620850e-01 -3.615426123142242432e-01 1.973506361246109009e-01
1.417433470487594604e-01 -2.451617419719696045e-01 2.285498827695846558e-01
7.065957784652709961e-02 -3.108375668525695801e-01 2.481021136045455933e-01
1.021707653999328613e-01 -2.716647684574127197e-01 1.828007996082305908e-01
2.087668478488922119e-01 -2.745622992515563965e-01 9.966681152582168579e-02
-1.190232932567596436e-01 6.256274133920669556e-02 2.201844751834869385e-01
-3.424350023269653320e-01 2.553457617759704590e-01 9.828039258718490601e-02
-3.296127021312713623e-01 2.336541712284088135e-01 7.260296493768692017e-02
-4.178296327590942383e-01 4.951087012887001038e-02 1.613237857818603516e-01
-3.503271341323852539e-01 4.445240795612335205e-01 -3.677436709403991699e-02
-6.158280745148658752e-02 4.049843549728393555e-01 -5.960218608379364014e-03
-2.216258645057678223e-02 5.038809776306152344e-01 7.777012139558792114e-02
6.163438782095909119e-02 5.393675565719604492e-01 8.181861042976379395e-02
2.693948149681091309e-02 5.465281009674072266e-01 1.259284764528274536e-01
3.876093029975891113e-02 5.760678648948669434e-01 1.212128922343254089e-01
1.027229428291320801e-01 5.935410261154174805e-01 9.862201660871505737e-02
2.087385803461074829e-01 5.472031235694885254e-01 1.226272657513618469e-01
2.620933055877685547e-01 5.400561690330505371e-01 8.437240868806838989e-02
2.469199299812316895e-01 5.516782999038696289e-01 1.251511871814727783e-01
1.945147067308425903e-01 5.860069990158081055e-01 9.964217990636825562e-02
1.988637149333953857e-01 5.903092622756958008e-01 4.363870993256568909e-02
8.533854782581329346e-02 6.378864049911499023e-01 6.959693133831024170e-02
6.260054558515548706e-02 6.387713551521301270e-01 1.675897464156150818e-02
3.786734072491526604e-03 6.402074694633483887e-01 4.881364107131958008e-02
-8.743800967931747437e-02 5.280226469039916992e-01 6.479228287935256958e-02
-2.603969871997833252e-01 2.620662376284599304e-02 2.773458957672119141e-01
-1.933248490095138550e-01 1.459506452083587646e-01 2.461260557174682617e-01
-1.348802447319030762e-01 1.630229502916336060e-01 2.284185290336608887e-01
-1.482642143964767456e-01 1.826757490634918213e-01 2.499570697546005249e-01
-1.924507766962051392e-01 2.160666435956954956e-01 2.555103003978729248e-01
-1.928149163722991943e-01 2.880769073963165283e-01 1.525795012712478638e-01
-1.793447285890579224e-01 2.705348730087280273e-01 1.527353674173355103e-01
-1.212644502520561218e-01 2.923013567924499512e-01 1.309648603200912476e-01
-1.326615661382675171e-01 2.825468182563781738e-01 1.204222217202186584e-01
-1.408603489398956299e-01 2.927850186824798584e-01 1.195681393146514893e-01
-1.329843252897262573e-01 2.320101112127304077e-01 1.315287500619888306e-01
-9.258998930454254150e-02 3.112085163593292236e-01 9.401463717222213745e-02
7.619431708008050919e-04 3.078330755233764648e-01 4.649877920746803284e-02
2.980069071054458618e-02 2.471015602350234985e-01 6.150666624307632446e-02
-1.073279753327369690e-01 1.498330235481262207e-01 -7.140065729618072510e-02
-3.089526593685150146e-01 1.113355159759521484e-01 -1.115407720208168030e-01
-2.096537798643112183e-01 6.698096543550491333e-02 -1.747205257415771484e-01
-1.227104067802429199e-01 1.342011839151382446e-01 -2.115944772958755493e-01
7.327324897050857544e-02 2.829082906246185303e-01 -1.066098064184188843e-01
-1.791912317276000977e-01 3.945753276348114014e-01 -1.512294821441173553e-02
-1.185797452926635742e-01 3.268581330776214600e-01 3.402421250939369202e-02
-1.568924486637115479e-01 3.209446072578430176e-01 8.402579277753829956e-02
-5.015663057565689087e-02 2.800046205520629883e-01 5.299144610762596130e-02
-1.467150729149580002e-02 2.524028718471527100e-01 1.936613582074642181e-02
5.228048563003540039e-02 1.795166432857513428e-01 -5.466940812766551971e-03
8.674166165292263031e-03 1.568214744329452515e-01 1.039360463619232178e-02
7.929871231317520142e-02 1.514359116554260254e-01 -9.793286211788654327e-03
3.450251370668411255e-02 1.097910776734352112e-01 -1.207986287772655487e-02
8.860736340284347534e-02 4.546193405985832214e-02 2.590063959360122681e-02
1.504306048154830933e-01 2.422960661351680756e-02 6.314527243375778198e-02
4.317069426178932190e-02 1.742485724389553070e-02 7.196829468011856079e-02
-3.150778124108910561e-03 -2.265374362468719482e-02 1.944926381111145020e-02
7.877980917692184448e-02 -9.812292456626892090e-02 9.820501506328582764e-02
4.976781085133552551e-02 -4.994184523820877075e-02 9.355658292770385742e-02
3.544712066650390625e-02 -4.319902509450912476e-02 8.959098160266876221e-02
8.379906415939331055e-02 -4.612111300230026245e-02 7.378543168306350708e-02
9.628608822822570801e-02 -5.079303681850433350e-02 1.083844453096389771e-01
1.042964607477188110e-01 -5.874830111861228943e-02 8.992262184619903564e-02
1.266490817070007324e-01 -5.074628069996833801e-02 8.554733544588088989e-02
1.180953308939933777e-01 -2.734097652137279510e-02 4.940657690167427063e-02
9.063167124986648560e-02 -3.280277550220489502e-02 2.948799170553684235e-02
1.131704151630401611e-01 -5.849419534206390381e-02 1.006482318043708801e-01
1.132390573620796204e-01 -5.000866577029228210e-02 8.146493136882781982e-02
8.642178028821945190e-02 -4.561497643589973450e-02 7.345762103796005249e-02
1.223953291773796082e-01 -6.539110094308853149e-02 6.129874661564826965e-02
1.467875391244888306e-01 -8.072222024202346802e-02 4.173574596643447876e-02
1.567033678293228149e-01 -7.773976027965545654e-02 8.894868195056915283e-02
1.565239876508712769e-01 -9.044283628463745117e-02 6.564851850271224976e-02
1.493323147296905518e-01 -8.183002471923828125e-02 5.317255109548568726e-02
1.677580177783966064e-01 -9.361002594232559204e-02 5.462127923965454102e-02
1.940475404262542725e-01 -1.384136080741882324e-01 4.483031108975410461e-02
1.242502331733703613e-01 -5.349926277995109558e-02 5.243638902902603149e-02
5.415473878383636475e-02 1.772039802744984627e-03 -2.758143702521920204e-03
2.632045000791549683e-02 6.151319667696952820e-02 -1.522665917873382568e-01
-5.854448303580284119e-02 1.387744210660457611e-02 -4.839289933443069458e-02
-3.115085661411285400e-01 5.956203117966651917e-02 1.034216135740280151e-01
-2.479243874549865723e-01 1.421491652727127075e-01 1.501144319772720337e-01
-2.671859562397003174e-01 2.298166006803512573e-01 1.437435150146484375e-01
-3.133365809917449951e-01 3.065210580825805664e-01 1.546747386455535889e-01
-2.675563693046569824e-01 2.865290343761444092e-01 1.611358225345611572e-01
-2.571114897727966309e-01 2.778256237506866455e-01 1.546189934015274048e-01
-2.853597104549407959e-01 2.632586061954498291e-01 1.557395141571760178e-02
-3.704397976398468018e-01 2.571909725666046143e-01 2.618103101849555969e-02
-1.353026479482650757e-01 4.279951155185699463e-01 -1.107422858476638794e-01
-1.503932029008865356e-01 5.243171453475952148e-01 -4.552471637725830078e-02
2.871097764000296593e-03 5.206774473190307617e-01 -6.607335060834884644e-02
6.354859471321105957e-02 4.276896715164184570e-01 -3.690990805625915527e-02
1.192853823304176331e-01 4.035185873508453369e-01 -1.115140970796346664e-03
2.029580771923065186e-01 3.060127794742584229e-01 -3.062887862324714661e-02
1.687492728233337402e-01 3.084697723388671875e-01 -3.179191425442695618e-02
1.207539886236190796e-01 4.605206549167633057e-01 -4.851276753470301628e-04
-5.452985875308513641e-03 4.431340098381042480e-01 2.586658485233783722e-02
-4.724146565422415733e-04 3.335002362728118896e-01 2.433438599109649658e-02
3.048170590773224831e-03 4.064701199531555176e-01 2.183864824473857880e-02
2.734740450978279114e-02 3.904690146446228027e-01 3.311187773942947388e-02
2.265423350036144257e-02 4.133683741092681885e-01 7.273367140442132950e-03
-1.550194527953863144e-02 3.796397149562835693e-01 -3.667993098497390747e-02
-1.022465825080871582e-01 2.181890308856964111e-01 -1.268639862537384033e-01
-2.145786881446838379e-01 4.622779786586761475e-02 -7.861062884330749512e-03
-2.784568965435028076e-01 -3.359378874301910400e-02 4.317529127001762390e-02
-2.718409597873687744e-01 -7.201813161373138428e-02 3.184892237186431885e-02
-2.101870924234390259e-01 -1.053867861628532410e-01 8.122050203382968903e-03
-2.544088959693908691e-01 -7.800481468439102173e-02 -1.351228449493646622e-02
-2.822999060153961182e-01 2.148492261767387390e-02 7.576232776045799255e-03
-2.955264449119567871e-01 -5.407038610428571701e-03 -2.748070517554879189e-03
-2.029084712266921997e-01 -1.412224769592285156e-01 -3.299209848046302795e-02
-1.526597142219543457e-01 -1.988874524831771851e-01 -1.764277182519435883e-02
-1.805938929319381714e-01 -1.669772863388061523e-01 7.909022271633148193e-03
-1.129237934947013855e-01 -1.981657743453979492e-01 -2.992785535752773285e-02
-1.970571577548980713e-01 -2.330421954393386841e-01 -8.337640017271041870e-02
-1.723053753376007080e-01 -2.303441911935806274e-01 -5.229118838906288147e-02
-5.687620118260383606e-02 -2.643243372440338135e-01 -6.527370959520339966e-02
-6.938667595386505127e-02 -1.698743104934692383e-01 -1.090169325470924377e-01
-7.743115723133087158e-02 -2.486950308084487915e-01 -5.195281654596328735e-02
-1.406558305025100708e-01 5.154318213462829590e-01 -1.454980820417404175e-01
9.609120897948741913e-03 6.272035837173461914e-01 -5.907927826046943665e-02
1.039488837122917175e-01 6.578085422515869141e-01 7.215233985334634781e-03
9.505395591259002686e-02 6.717380285263061523e-01 2.144352719187736511e-02
1.007437407970428467e-01 6.601741313934326172e-01 6.482286006212234497e-02
1.843477338552474976e-01 6.830458045005798340e-01 5.913839861750602722e-02
1.625049263238906860e-01 6.882022619247436523e-01 6.785955280065536499e-02
2.017156928777694702e-01 6.750460267066955566e-01 3.385052084922790527e-02
1.160647422075271606e-01 6.499430537223815918e-01 1.928944699466228485e-02
1.382579952478408813e-01 6.597138643264770508e-01 9.590579569339752197e-02
1.436200886964797974e-01 6.429505348205566406e-01 7.591228932142257690e-02
6.073487177491188049e-02 6.362153887748718262e-01 7.359618786722421646e-03
7.389779388904571533e-02 6.106243133544921875e-01 -1.621085405349731445e-02
2.310160994529724121e-01 4.683330357074737549e-01 -4.584953933954238892e-02
2.898498475551605225e-01 4.329172670841217041e-01 -2.045914977788925171e-01
1.756239831447601318e-01 4.304113686084747314e-01 -4.598532915115356445e-01
2.203320264816284180e-01 4.227072000503540039e-01 -5.217487215995788574e-01
2.948445081710815430e-01 3.561554551124572754e-01 -5.557960867881774902e-01
2.451191693544387817e-01 3.178122043609619141e-01 -5.653811097145080566e-01
2.816164195537567139e-01 2.217776328325271606e-01 -6.193441152572631836e-01
2.110135108232498169e-01 2.339649796485900879e-01 -6.312966346740722656e-01
2.237914651632308960e-01 2.739315629005432129e-01 -6.318261623382568359e-01
2.114576846361160278e-01 2.362436950206756592e-01 -6.632903814315795898e-01
1.484496742486953735e-01 2.472649961709976196e-01 -6.674032807350158691e-01
1.136887967586517334e-01 2.631416618824005127e-01 -5.939120054244995117e-01
7.172873616218566895e-02 2.443048804998397827e-01 -6.161207556724548340e-01
3.788297250866889954e-02 2.264058589935302734e-01 -5.863054990768432617e-01
-5.363843590021133423e-02 1.824561357498168945e-01 -5.471031665802001953e-01
5.097172781825065613e-02 2.700488567352294922e-01 -6.044341921806335449e-01
1.118931919336318970e-01 2.396406084299087524e-01 -6.338509917259216309e-01
2.074525132775306702e-02 1.572011113166809082e-01 -7.009781002998352051e-01
6.501677632331848145e-02 2.030630558729171753e-01 -6.484345793724060059e-01
9.287183731794357300e-02 1.649181842803955078e-01 -6.615445017814636230e-01
9.694644063711166382e-02 1.355497539043426514e-01 -6.749156713485717773e-01
5.784347280859947205e-02 2.236601114273071289e-01 -6.824483871459960938e-01
5.369163304567337036e-02 2.353437393903732300e-01 -6.722708940505981445e-01
1.684275567531585693e-01 2.419416904449462891e-01 -6.777971386909484863e-01
2.174907028675079346e-01 2.215996086597442627e-01 -6.378472447395324707e-01
2.644219100475311279e-01 2.710079252719879150e-01 -6.755815148353576660e-01
2.610234320163726807e-01 2.551125288009643555e-01 -7.160802483558654785e-01
2.555478215217590332e-01 2.267463803291320801e-01 -7.466773986816406250e-01
2.176184207201004028e-01 1.300925016403198242e-01 -7.498941421508789062e-01
2.647436261177062988e-01 -2.484932169318199158e-02 -7.208254933357238770e-01
