-8.065595477819442749e-02 4.787972196936607361e-02 -7.443144917488098145e-02
-8.702025562524795532e-02 -1.727356947958469391e-02 -1.385327279567718506e-01
-5.471753701567649841e-02 -1.511849462985992432e-01 -6.907964590936899185e-03
1.286702007055282593e-01 -4.023013412952423096e-01 1.700916513800621033e-02
2.763479948043823242e-01 -3.985825777053833008e-01 -9.789465367794036865e-02
2.951723039150238037e-01 -4.677680432796478271e-01 -1.072834655642509460e-01
1.756604015827178955e-01 -3.756805956363677979e-01 -9.930253028869628906e-02
-9.979052096605300903e-02 -1.207963898777961731e-01 1.655056923627853394e-01
6.509927660226821899e-02 -1.412039399147033691e-01 2.269379645586013794e-01
4.251190721988677979e-01 -1.020454317331314087e-01 1.493000388145446777e-01
4.753471910953521729e-01 -9.142714738845825195e-02 1.031142547726631165e-01
4.055963158607482910e-01 -7.351225614547729492e-02 1.979963481426239014e-01
2.328768372535705566e-01 5.350278690457344055e-02 1.510126888751983643e-01
1.064626500010490417e-01 5.495905131101608276e-02 1.473200619220733643e-01
2.171733826398849487e-01 2.042454928159713745e-01 5.647147819399833679e-02
1.927746087312698364e-01 3.284732401371002197e-01 -9.533528983592987061e-02
1.017715707421302795e-01 3.520263433456420898e-01 -2.739682048559188843e-02
1.332615464925765991e-01 1.851539313793182373e-01 -1.946943402290344238e-01
4.121351987123489380e-02 -1.630824618041515350e-02 -4.533240944147109985e-02
-5.569120123982429504e-02 -1.583162248134613037e-01 1.233202889561653137e-01
-1.530113220214843750e-01 -2.292074561119079590e-01 1.416392326354980469e-01
-1.233160346746444702e-01 -1.698044538497924805e-01 1.249665319919586182e-01
1.360838301479816437e-02 -9.190136194229125977e-02 -1.550065632909536362e-02
1.248225271701812744e-01 -1.376741100102663040e-03 -1.802419573068618774e-01
2.257644534111022949e-01 3.689346462488174438e-02 -1.501439660787582397e-01
2.075215429067611694e-01 1.573131978511810303e-01 1.778906024992465973e-02
1.397730410099029541e-01 2.390004321932792664e-02 2.568481117486953735e-02
-5.500568076968193054e-02 -2.565405070781707764e-01 -2.151310443878173828e-02
-3.842404186725616455e-01 -3.489931821823120117e-01 -1.870634108781814575e-01
-3.899483084678649902e-01 -2.784756124019622803e-01 -3.706035017967224121e-01
-2.861930131912231445e-01 1.391371246427297592e-03 -3.637994825839996338e-01
-4.956363886594772339e-02 2.177802622318267822e-01 -3.283719420433044434e-01
1.234981864690780640e-01 2.158769369125366211e-01 -1.274595409631729126e-01
7.946603000164031982e-02 1.142530217766761780e-01 5.915853194892406464e-03
4.543351009488105774e-02 2.439362369477748871e-02 -6.617412436753511429e-03
-2.128403633832931519e-02 -3.859760472550988197e-03 -5.158725380897521973e-02
-8.806361258029937744e-02 -3.304042294621467590e-02 -1.293479055166244507e-01
-1.016877517104148865e-01 -3.812057152390480042e-02 -4.708369821310043335e-02
-1.111409515142440796e-01 4.238738864660263062e-02 5.691673234105110168e-02
-6.910748034715652466e-02 1.184065416455268860e-01 1.630467176437377930e-01
-8.741497248411178589e-02 1.644103229045867920e-01 2.272101938724517822e-01
-1.070910915732383728e-01 1.452642381191253662e-01 2.511755824089050293e-01
-7.837930321693420410e-02 -2.063854783773422241e-01 2.678023576736450195e-01
8.105991780757904053e-02 -1.673033982515335083e-01 5.702799558639526367e-01
1.186300590634346008e-01 -8.354702591896057129e-02 6.648321747779846191e-01
4.468707367777824402e-02 -1.958517543971538544e-02 5.058011412620544434e-01
-4.405160620808601379e-02 3.045032918453216553e-01 9.154142439365386963e-02
6.651743501424789429e-02 2.791625857353210449e-01 -4.507146775722503662e-01
1.633857488632202148e-01 3.174850046634674072e-01 -4.576723575592041016e-01
1.673188954591751099e-01 2.803288400173187256e-01 -3.203574120998382568e-01
-7.410450279712677002e-02 -8.542396128177642822e-03 -2.841269373893737793e-01
-3.178958892822265625e-01 -1.542237251996994019e-01 -2.855549156665802002e-01
-3.071196377277374268e-01 -1.149808615446090698e-01 -2.934493422508239746e-01
-2.744525671005249023e-01 -4.090003669261932373e-02 -2.785163223743438721e-01
-2.254532724618911743e-01 -4.927629604935646057e-02 -3.100734651088714600e-01
-1.888490468263626099e-01 -8.097925782203674316e-02 -2.087540477514266968e-01
-1.834824532270431519e-01 -1.262056529521942139e-01 -1.565400213003158569e-01
-1.783721446990966797e-01 -3.046514280140399933e-02 1.178083941340446472e-03
-4.664344713091850281e-02 -8.363889530301094055e-03 -2.631852962076663971e-02
-1.125012757256627083e-03 -7.113414257764816284e-02 -1.759379208087921143e-01
-2.861933037638664246e-02 -7.202857732772827148e-02 -1.271100640296936035e-01
-5.010757967829704285e-02 -8.835880458354949951e-02 -1.196775585412979126e-01
-1.067615300416946411e-01 -3.459750488400459290e-02 -4.600829258561134338e-02
-1.133530065417289734e-01 1.656733948038890958e-04 -6.024150177836418152e-02
-7.572748512029647827e-02 -3.429828211665153503e-02 -2.439454570412635803e-02
-1.295951157808303833e-01 -3.004106879234313965e-02 7.249996811151504517e-02
-8.745416253805160522e-02 -5.577349103987216949e-03 9.320382028818130493e-02
-3.811710700392723083e-02 -6.693475414067506790e-03 -7.887898012995719910e-03
-3.120570443570613861e-03 2.584380097687244415e-02 -1.037950441241264343e-01
2.766672894358634949e-02 3.076097927987575531e-02 -3.484163805842399597e-02
2.233812212944030762e-02 2.173703350126743317e-02 3.581795468926429749e-02
1.838687062263488770e-02 -1.362689957022666931e-02 8.060196787118911743e-02
-1.793091930449008942e-02 -4.723424464464187622e-02 2.731153555214405060e-02
-1.003214344382286072e-02 1.994649879634380341e-02 -4.617169965058565140e-03
1.482202857732772827e-02 6.874515861272811890e-02 4.104682710021734238e-03
3.294762596487998962e-02 9.352432191371917725e-02 8.696539700031280518e-02
5.807508155703544617e-02 3.834881633520126343e-02 1.660362780094146729e-01
4.795011878013610840e-02 -2.741088531911373138e-02 2.135319113731384277e-01
2.786777727305889130e-02 2.858192101120948792e-02 2.394114583730697632e-01
1.323012560606002808e-01 6.443057209253311157e-02 2.368567138910293579e-01
2.035011351108551025e-01 6.499483250081539154e-03 2.051934748888015747e-01
2.479647397994995117e-01 -6.545455008745193481e-02 2.013515233993530273e-01
2.481585592031478882e-01 -2.114707678556442261e-01 2.015137970447540283e-01
2.199115902185440063e-01 -3.466374874114990234e-01 2.749385535717010498e-01
2.417241185903549194e-01 -3.142192065715789795e-01 3.872536420822143555e-01
2.630968689918518066e-01 -2.201419323682785034e-01 3.860293626785278320e-01
3.133849501609802246e-01 -7.680628448724746704e-02 3.494018316268920898e-01
2.216297984123229980e-01 1.251512914896011353e-01 2.554428577423095703e-01
1.123107224702835083e-01 1.183721423149108887e-01 2.214716970920562744e-01
4.339479655027389526e-02 1.153269261121749878e-01 2.242138683795928955e-01
7.888563722372055054e-02 1.373250037431716919e-01 2.021933197975158691e-01
1.336854547262191772e-01 1.157814115285873413e-01 -7.332842797040939331e-02
2.542686164379119873e-01 3.255425095558166504e-01 -3.599400222301483154e-01
2.204132676124572754e-01 4.120361506938934326e-01 -4.776717424392700195e-01
8.485445380210876465e-02 4.361873865127563477e-01 -4.266711473464965820e-01
-4.514090344309806824e-02 3.482808172702789307e-01 -1.871783882379531860e-01
-3.034138083457946777e-01 1.025151312351226807e-01 -1.624706760048866272e-02
-2.758201956748962402e-01 -4.094531014561653137e-02 1.138923689723014832e-02
-8.742997050285339355e-02 -8.617391437292098999e-02 -1.021878048777580261e-01
1.485964655876159668e-01 -4.702284187078475952e-02 2.317991480231285095e-02
1.894888430833816528e-01 -3.090389445424079895e-02 1.361421197652816772e-01
9.987869858741760254e-02 -2.183341048657894135e-02 1.735973954200744629e-01
-8.027835935354232788e-02 -9.461382031440734863e-02 1.604269444942474365e-01
-1.277889162302017212e-01 -1.708528101444244385e-01 1.846593990921974182e-02
-2.754626795649528503e-02 -2.213873565196990967e-01 5.304191261529922485e-02
-1.635238826274871826e-01 -2.637393772602081299e-01 9.191840887069702148e-02
-2.563427984714508057e-01 -3.283517658710479736e-01 2.393790930509567261e-01
-2.756733298301696777e-01 -3.319525122642517090e-01 2.967214584350585938e-01
-2.545300126075744629e-01 -2.539773881435394287e-01 2.809038460254669189e-01
-1.662308424711227417e-01 -6.897693872451782227e-02 2.892936766147613525e-01
-1.008581891655921936e-01 5.286122858524322510e-02 1.272768676280975342e-01
-2.196038514375686646e-02 -4.526971653103828430e-02 -2.847915329039096832e-02
5.848668888211250305e-02 -1.360204517841339111e-01 -1.171418875455856323e-01
-6.702037062495946884e-04 -8.422651141881942749e-02 -7.128209620714187622e-02
-1.370400339365005493e-01 6.132286414504051208e-02 7.915868610143661499e-02
-1.787161082029342651e-01 1.053459271788597107e-01 1.660224199295043945e-01
-9.457407891750335693e-02 7.361616939306259155e-02 1.254647672176361084e-01
4.854621738195419312e-02 1.572080701589584351e-02 -2.302806451916694641e-02
8.770348876714706421e-02 -1.106299553066492081e-02 -1.625186502933502197e-01
1.036600954830646515e-02 1.394120603799819946e-02 -2.069484293460845947e-01
3.950400650501251221e-02 -7.951462641358375549e-03 -2.386710643768310547e-01
1.993182301521301270e-02 -8.189781010150909424e-02 -1.792800873517990112e-01
4.495199620723724365e-01 1.497739851474761963e-01 -1.272885948419570923e-01
5.738689899444580078e-01 2.588260173797607422e-01 -1.130442842841148376e-01
5.570198297500610352e-01 3.152893781661987305e-01 -8.032753318548202515e-02
4.908840656280517578e-01 3.063305914402008057e-01 -4.123090207576751709e-02
9.232403337955474854e-02 7.634824514389038086e-02 1.948023773729801178e-02
-6.701660342514514923e-03 4.493989050388336182e-02 -6.319596618413925171e-02
-2.380041778087615967e-02 8.042406290769577026e-02 -7.623095065355300903e-02
-5.429184064269065857e-02 9.403098374605178833e-02 -1.266802698373794556e-01
-1.219533942639827728e-02 1.354705244302749634e-01 -8.548223972320556641e-02
2.088782936334609985e-02 1.320799440145492554e-01 6.185915786772966385e-03
-4.600179195404052734e-02 8.809743076562881470e-02 -9.122906625270843506e-02
-2.000303752720355988e-02 1.135124266147613525e-01 -6.518965214490890503e-02
-3.376508876681327820e-02 9.351550787687301636e-02 -9.672215580940246582e-02
-2.268672287464141846e-01 -6.165799684822559357e-03 -1.400407254695892334e-01
-3.295980989933013916e-01 -4.915337637066841125e-02 -5.780532583594322205e-02
-4.200499057769775391e-01 -1.298696547746658325e-01 -2.662798948585987091e-02
-3.423811793327331543e-01 -1.099006682634353638e-01 1.725365035235881805e-02
-1.804906427860260010e-01 6.436786614358425140e-03 -1.823392882943153381e-02
-8.816239982843399048e-02 4.946699365973472595e-03 -7.616065442562103271e-02
-5.694849044084548950e-02 1.850674599409103394e-01 -6.993456184864044189e-02
-8.277031034231185913e-02 2.097675502300262451e-01 -1.159563586115837097e-01
-3.508983179926872253e-02 2.058052122592926025e-01 -7.820110023021697998e-02
-5.307465791702270508e-02 2.078148424625396729e-01 -2.126018404960632324e-01
8.087397553026676178e-03 -5.388679355382919312e-02 -1.995598822832107544e-01
6.397850066423416138e-02 -1.528641134500503540e-01 -8.801535516977310181e-02
4.486257210373878479e-02 -1.921413391828536987e-01 -6.829120963811874390e-02
7.259268313646316528e-02 -1.662476509809494019e-01 -4.036767035722732544e-02
2.701638266444206238e-02 -3.074605762958526611e-02 -9.867461770772933960e-02
5.022086948156356812e-02 -4.259725660085678101e-02 -2.569797076284885406e-02
7.171668112277984619e-02 1.259930245578289032e-02 7.238297909498214722e-02
-3.649179264903068542e-02 1.209904849529266357e-01 3.597455471754074097e-02
-6.942324340343475342e-02 1.311848312616348267e-01 1.137287020683288574e-01
-1.377532631158828735e-01 1.036085486412048340e-01 2.439096756279468536e-02
-1.274816393852233887e-01 1.318313460797071457e-02 5.142367258667945862e-02
-5.614979565143585205e-02 -9.116268903017044067e-02 6.621214747428894043e-02
-3.098410181701183319e-02 -2.184063568711280823e-02 -4.758404567837715149e-02
2.596469037234783173e-02 -1.135840918868780136e-02 7.108890265226364136e-02
7.081380486488342285e-02 -1.137057878077030182e-02 5.757286399602890015e-02
1.540084276348352432e-02 1.348018050193786621e-01 3.226247802376747131e-02
-8.868342638015747070e-02 1.643207371234893799e-01 -1.469049751758575439e-01
-1.637585163116455078e-01 1.677413731813430786e-01 -1.750070750713348389e-01
-2.660780549049377441e-01 6.047050282359123230e-02 -1.334543526172637939e-01
-3.479174375534057617e-01 -9.675674885511398315e-02 5.803354084491729736e-03
-3.209124207496643066e-01 -1.123061031103134155e-01 1.193027868866920471e-01
-2.714728713035583496e-01 -7.845576107501983643e-02 9.214768558740615845e-02
