1.449474096298217773e-01 -1.987572908401489258e-01 -4.210697114467620850e-01
1.120644733309745789e-01 -2.584292590618133545e-01 -3.190371096134185791e-01
7.237215340137481689e-02 -2.130134105682373047e-01 -1.675114780664443970e-01
9.253977239131927490e-02 2.480916529893875122e-01 1.431548744440078735e-01
8.790046721696853638e-02 3.660841882228851318e-01 9.798017144203186035e-02
1.304221004247665405e-01 2.753190696239471436e-01 8.353541605174541473e-03
9.614469483494758606e-03 2.151123806834220886e-02 1.167625337839126587e-01
-1.378166824579238892e-01 -3.034089505672454834e-01 1.591954529285430908e-01
-7.234840188175439835e-03 -1.215292662382125854e-01 2.057293802499771118e-01
-9.495913051068782806e-03 -2.231031656265258789e-02 1.370611041784286499e-01
3.971275687217712402e-02 -2.162228710949420929e-02 2.300776727497577667e-02
8.618942648172378540e-02 -3.354468941688537598e-02 -8.412136882543563843e-02
6.424403935670852661e-02 -5.546937510371208191e-02 -4.816318303346633911e-02
1.644756942987442017e-01 7.561535388231277466e-02 -2.663091756403446198e-02
2.681135535240173340e-01 2.890358269214630127e-01 -3.950535878539085388e-02
2.989541590213775635e-01 3.826500475406646729e-01 -1.294759511947631836e-01
3.396486341953277588e-01 3.728660047054290771e-01 -1.703461557626724243e-01
2.773252725601196289e-01 3.000616431236267090e-01 -7.744493335485458374e-02
6.701846420764923096e-02 1.158718205988407135e-02 -1.186070367693901062e-01
-7.901197671890258789e-02 -3.649406731128692627e-01 -8.765473961830139160e-02
-2.472888529300689697e-01 -4.385774135589599609e-01 -2.877167761325836182e-01
-3.768723905086517334e-01 -4.070179462432861328e-01 -3.818805813789367676e-01
-4.947847127914428711e-01 -3.022293001413345337e-02 -2.864817082881927490e-01
-5.182963609695434570e-01 2.431454062461853027e-01 -1.973145902156829834e-01
-3.646418750286102295e-01 1.798570156097412109e-01 -4.469001293182373047e-02
-2.219903320074081421e-01 1.028647050261497498e-01 -7.347386330366134644e-02
-1.430982798337936401e-01 -7.391054183244705200e-02 -1.769208014011383057e-01
-8.070719242095947266e-02 -3.747135773301124573e-02 -3.726098313927650452e-02
-6.081744283437728882e-02 -5.546953901648521423e-02 1.402919553220272064e-02
-1.960682868957519531e-02 -3.125790506601333618e-02 6.014125421643257141e-02
-1.883679255843162537e-02 5.275344848632812500e-02 2.026772350072860718e-01
1.171072479337453842e-03 5.020154267549514771e-02 1.499875932931900024e-01
7.985498011112213135e-02 2.320445887744426727e-02 1.221032291650772095e-01
2.054931223392486572e-01 -4.561655223369598389e-02 4.686128348112106323e-02
4.318527281284332275e-01 -7.254154980182647705e-02 -4.508832097053527832e-02
5.525892376899719238e-01 8.243519812822341919e-02 1.506777852773666382e-02
5.466758012771606445e-01 1.934846043586730957e-01 1.008641347289085388e-01
4.357353448867797852e-01 2.150505185127258301e-01 1.154181733727455139e-01
2.145815938711166382e-01 1.155170723795890808e-01 5.431449972093105316e-05
8.768372237682342529e-03 -7.425934076309204102e-02 -1.985652893781661987e-01
-2.064482122659683228e-02 -1.504455506801605225e-01 -3.484233021736145020e-01
4.311471804976463318e-02 -1.878988444805145264e-01 -3.376625180244445801e-01
7.911095768213272095e-02 -2.016254067420959473e-01 -2.228625118732452393e-01
1.251391172409057617e-01 -2.059737145900726318e-01 -8.421038836240768433e-02
1.470148414373397827e-01 -1.900801360607147217e-01 4.708680510520935059e-02
1.148506104946136475e-01 -1.629767417907714844e-01 8.770572394132614136e-02
8.147808909416198730e-02 -1.453841924667358398e-01 6.844660639762878418e-02
5.315689370036125183e-02 -1.016896143555641174e-01 8.934375643730163574e-02
1.029928028583526611e-02 -8.009672164916992188e-02 1.298970133066177368e-01
1.953460276126861572e-02 -7.680754363536834717e-02 1.556838899850845337e-01
2.085412852466106415e-02 -9.072265028953552246e-02 1.607794314622879028e-01
-2.994851209223270416e-02 -1.370558291673660278e-01 3.282501921057701111e-02
-6.747225672006607056e-02 -1.225590333342552185e-01 -1.672638021409511566e-02
-1.514111161231994629e-01 -1.634701043367385864e-01 -7.010763883590698242e-02
-2.032349705696105957e-01 -1.723159849643707275e-01 -1.178223416209220886e-01
-1.955358833074569702e-01 -1.259751915931701660e-01 -1.574657410383224487e-01
-1.215036362409591675e-01 -7.879921793937683105e-02 -1.484916508197784424e-01
-1.235411241650581360e-01 -2.067720750346779823e-03 7.872937619686126709e-02
-2.562602460384368896e-01 6.843221187591552734e-02 2.551414072513580322e-01
-3.210949897766113281e-01 1.698956936597824097e-01 3.921465873718261719e-01
-2.997029125690460205e-01 2.776583433151245117e-01 4.044483900070190430e-01
-1.306991279125213623e-01 2.787259221076965332e-01 2.655615508556365967e-01
2.494951523840427399e-02 2.450497746467590332e-01 1.967044025659561157e-01
-7.354984059929847717e-03 1.709688603878021240e-01 8.275056630373001099e-02
-6.188829615712165833e-02 1.011835262179374695e-01 6.440789997577667236e-02
-6.908158212900161743e-02 1.110162958502769470e-01 1.531063467264175415e-01
-3.729248791933059692e-02 1.372429728507995605e-01 1.471122652292251587e-01
-2.988385036587715149e-02 1.679092943668365479e-01 1.188868135213851929e-01
-6.572389602661132812e-02 1.885248720645904541e-01 3.714798763394355774e-02
-1.464338600635528564e-01 1.525013446807861328e-01 -8.732951432466506958e-02
-2.185302674770355225e-01 9.412760287523269653e-02 -1.165956854820251465e-01
-1.752890795469284058e-01 8.407910913228988647e-02 -1.042579710483551025e-01
-1.307625919580459595e-01 9.160389006137847900e-02 -3.847029432654380798e-02
-7.252725958824157715e-02 1.484744548797607422e-01 6.424137949943542480e-02
-2.309863455593585968e-02 1.765476763248443604e-01 4.419801756739616394e-02
-5.433067306876182556e-02 1.318501383066177368e-01 -3.291843459010124207e-02
-5.083829909563064575e-02 7.448335736989974976e-02 -7.929170876741409302e-02
-1.043338254094123840e-01 -1.991666667163372040e-02 -1.363575309514999390e-01
-1.605759114027023315e-01 -8.008429408073425293e-02 -1.074815616011619568e-01
-1.468313038349151611e-01 -6.265479326248168945e-02 -7.797984872013330460e-03
-1.513919830322265625e-01 -5.907844007015228271e-02 1.636495441198348999e-02
-8.750643581151962280e-02 -1.471461914479732513e-02 5.609213933348655701e-02
1.765849627554416656e-02 5.574614182114601135e-02 7.213810831308364868e-02
-1.748817740008234978e-03 2.419599564746022224e-03 -2.975696139037609100e-02
-3.387576667591929436e-03 -8.612680248916149139e-03 -2.929176203906536102e-02
-1.681347377598285675e-02 -8.433875627815723419e-03 -8.985886350274085999e-03
-2.538878284394741058e-02 -2.880124934017658234e-02 -9.507747367024421692e-03
5.601561814546585083e-02 2.252741158008575439e-02 3.156607225537300110e-02
7.757825404405593872e-02 1.754065603017807007e-02 8.392370305955410004e-03
9.016122668981552124e-02 1.891611516475677490e-02 1.539701363071799278e-03
1.212149411439895630e-01 1.082591991871595383e-02 2.924189344048500061e-02
1.918973177671432495e-01 2.280066348612308502e-02 4.139399528503417969e-02
1.665472537279129028e-01 -4.481923580169677734e-02 -2.591635286808013916e-02
2.164139598608016968e-01 -1.059149950742721558e-01 -3.109613247215747833e-02
1.570537388324737549e-01 -2.386670857667922974e-01 5.245771259069442749e-02
1.666731573641300201e-02 -3.059988617897033691e-01 -2.387504093348979950e-02
-1.941186003386974335e-02 -1.982337981462478638e-01 -6.964599713683128357e-03
-1.105837374925613403e-01 -7.387837767601013184e-02 3.520501195453107357e-04
5.173932388424873352e-02 1.625386327505111694e-01 7.193215191364288330e-02
1.342976093292236328e-01 2.239547222852706909e-01 2.306213825941085815e-01
1.311732381582260132e-01 1.380315124988555908e-01 1.102269962430000305e-01
1.013025417923927307e-01 7.236570119857788086e-02 6.163389887660741806e-03
-4.302378278225660324e-03 -3.665743768215179443e-02 -4.079294204711914062e-02
-3.549674153327941895e-02 -5.292684957385063171e-02 -4.352471232414245605e-02
-4.634229466319084167e-02 4.015423730015754700e-02 4.379417374730110168e-02
-4.658268019556999207e-02 7.344609498977661133e-02 3.205749392509460449e-02
-4.469737410545349121e-02 7.028199732303619385e-02 4.151605244260281324e-04
-1.003693044185638428e-01 1.195246875286102295e-01 1.662709265947341919e-01
-2.003512382507324219e-01 -1.399917341768741608e-02 3.103578090667724609e-02
-2.126769870519638062e-01 -3.951792791485786438e-02 1.400753576308488846e-02
-1.726714372634887695e-01 1.010612584650516510e-02 1.017944961786270142e-01
-6.918703764677047729e-02 1.171887488453648984e-04 1.021346896886825562e-01
5.940366536378860474e-02 9.245875477790832520e-02 2.626829743385314941e-01
1.319208145141601562e-01 -1.088304817676544189e-02 1.014788374304771423e-01
1.516090631484985352e-01 -8.557565510272979736e-02 -7.511525601148605347e-02
7.421172410249710083e-02 -9.102364629507064819e-02 -1.042110398411750793e-01
-2.755118347704410553e-02 -9.557069838047027588e-02 -9.442687034606933594e-02
-6.064300611615180969e-02 -5.349710583686828613e-02 -7.744939625263214111e-02
-1.779918558895587921e-02 -7.600805908441543579e-02 -1.645942479372024536e-01
2.401297353208065033e-02 -1.649674624204635620e-01 -3.039976954460144043e-01
4.496695101261138916e-02 -2.103817015886306763e-01 -3.460582196712493896e-01
8.287338912487030029e-02 -1.531987339258193970e-01 -2.533590495586395264e-01
5.425431579351425171e-02 -7.629847526550292969e-02 -9.086835384368896484e-02
8.441857993602752686e-02 1.138340565375983715e-03 5.691692978143692017e-02
9.232898801565170288e-02 -1.581053249537944794e-02 7.317826151847839355e-02
7.877408713102340698e-02 -7.082802057266235352e-02 6.244430691003799438e-02
1.143417879939079285e-01 -1.056312546133995056e-01 1.894831284880638123e-02
1.389264464378356934e-01 -9.302669018507003784e-02 5.450537800788879395e-02
3.115833997726440430e-01 4.930612817406654358e-02 6.356669962406158447e-02
4.379386603832244873e-01 1.031875982880592346e-01 -6.254872679710388184e-02
4.280704855918884277e-01 1.224307045340538025e-01 -5.782087892293930054e-02
2.674145400524139404e-01 6.489892303943634033e-02 -6.423997133970260620e-02
-1.956353336572647095e-02 2.402145601809024811e-02 7.303628325462341309e-02
-1.446706205606460571e-01 6.837049126625061035e-02 1.615918874740600586e-01
-2.710714638233184814e-01 1.085658520460128784e-01 1.275624334812164307e-01
-3.685862123966217041e-01 1.091436147689819336e-01 4.329475387930870056e-02
-3.512586355209350586e-01 9.729135781526565552e-02 -8.030814118683338165e-03
-2.854712009429931641e-01 8.865839242935180664e-02 2.874499186873435974e-02
-7.525371760129928589e-02 8.652756363153457642e-02 9.917255491018295288e-02
6.203471124172210693e-02 1.233808547258377075e-01 2.278275340795516968e-01
4.395767301321029663e-02 9.814676642417907715e-02 2.006602287292480469e-01
5.436011031270027161e-02 1.055244132876396179e-01 1.789517700672149658e-01
1.251872349530458450e-02 6.004994735121726990e-02 8.194818347692489624e-02
-4.371907562017440796e-02 1.563980057835578918e-02 1.224423758685588837e-02
-6.871754676103591919e-02 9.942003525793552399e-03 1.090469537302851677e-03
-1.131755039095878601e-01 -4.817947000265121460e-02 -7.289230078458786011e-02
-1.081241220235824585e-01 -6.525184214115142822e-02 -6.469589471817016602e-02
-1.269823163747787476e-01 -8.376891911029815674e-02 -6.000823527574539185e-02
-1.068519800901412964e-01 -7.668285071849822998e-02 -3.275535628199577332e-02
-1.016432642936706543e-01 -1.411248147487640381e-01 -1.189050599932670593e-01
-1.253508031368255615e-02 -2.716663777828216553e-01 -2.801734209060668945e-01
2.022255957126617432e-01 -3.268555700778961182e-01 -2.708855271339416504e-01
9.376087691634893417e-04 -2.723077535629272461e-01 -2.191672772169113159e-01
-2.316910475492477417e-01 -1.435741037130355835e-01 -2.151113599538803101e-01
-3.946758210659027100e-01 7.093867287039756775e-03 -3.072054684162139893e-01
-3.897290229797363281e-01 3.176683932542800903e-02 -4.853298366069793701e-01
-1.015500277280807495e-01 1.738351071253418922e-03 -4.610355496406555176e-01
6.158801168203353882e-02 4.867249354720115662e-02 -2.720000445842742920e-01
1.128133758902549744e-01 -4.795142915099859238e-03 -7.536684721708297729e-02
5.747704580426216125e-02 -2.445619367063045502e-02 4.376346245408058167e-02
2.005374804139137268e-02 8.535952307283878326e-03 4.578819125890731812e-02
-2.369183115661144257e-02 1.475800294429063797e-02 4.200611263513565063e-02
-6.311586499214172363e-02 -7.593511603772640228e-03 -1.686701364815235138e-02
-2.817928791046142578e-02 3.049007384106516838e-03 -3.370817750692367554e-02
-9.267231822013854980e-02 -6.580956280231475830e-02 -9.568636864423751831e-02
-8.279073238372802734e-02 -5.778876319527626038e-02 -7.963536679744720459e-02
-1.628390699625015259e-02 -2.869418449699878693e-02 6.585637480020523071e-02
1.070559397339820862e-01 -1.013642176985740662e-01 -1.216900162398815155e-02
2.633635997772216797e-01 -3.218888118863105774e-02 1.801614910364151001e-01
2.921941578388214111e-01 -6.054017320275306702e-02 3.863648176193237305e-01
1.652934402227401733e-01 -6.523149460554122925e-02 4.692153930664062500e-01
2.132103294134140015e-01 -9.027125313878059387e-03 4.896153211593627930e-01
2.290869057178497314e-01 2.143132267519831657e-03 4.133649468421936035e-01
2.676634788513183594e-01 -3.527164086699485779e-02 2.222432196140289307e-01
2.934494018554687500e-01 -8.220034092664718628e-02 1.205430924892425537e-01
1.484231650829315186e-01 -1.242531165480613708e-01 -4.793706163763999939e-02
1.577666699886322021e-01 2.925124205648899078e-02 -9.799531102180480957e-02
1.180034503340721130e-01 9.559283405542373657e-02 -4.577958956360816956e-02
1.032519862055778503e-01 4.833200946450233459e-02 -1.645476073026657104e-01
-4.220411181449890137e-02 -1.632872670888900757e-01 -1.999619007110595703e-01
-1.423923969268798828e-01 -5.492540448904037476e-02 -1.179827451705932617e-01
-2.648164890706539154e-02 1.577208340167999268e-01 -2.935451269149780273e-02
4.262522235512733459e-02 2.163985967636108398e-01 9.226872026920318604e-02
1.131028980016708374e-01 2.466153651475906372e-01 6.070426851511001587e-02
8.319703489542007446e-02 6.417915225028991699e-02 -1.952080428600311279e-02
8.182354271411895752e-02 -1.118654236197471619e-01 2.263892814517021179e-02
3.634380176663398743e-02 -8.736336976289749146e-02 -9.339999407529830933e-02
-3.076886385679244995e-02 1.171606332063674927e-01 -1.290033608675003052e-01
-1.668641716241836548e-01 1.725481897592544556e-01 -1.364440172910690308e-01
-2.569685876369476318e-01 4.189437627792358398e-01 -3.682658821344375610e-02
-5.417778715491294861e-02 3.514421284198760986e-01 9.201556444168090820e-02
-3.528584167361259460e-02 6.696674227714538574e-02 4.440936073660850525e-02
3.353344649076461792e-02 -1.456033587455749512e-01 1.437815278768539429e-01
-1.523363025626167655e-04 -4.212304949760437012e-01 8.754719048738479614e-03
-9.999983012676239014e-02 -3.494201302528381348e-01 2.258086204528808594e-02
-3.176463022828102112e-02 -9.738297015428543091e-02 1.339251846075057983e-01
-1.223816871643066406e-01 3.112829029560089111e-01 -3.842668235301971436e-02
-2.744199521839618683e-02 2.859030663967132568e-01 1.076519954949617386e-02
3.556259721517562866e-02 8.126991987228393555e-02 -5.642151832580566406e-02
2.557069621980190277e-02 -1.120008751749992371e-01 7.761380821466445923e-02
-2.366577461361885071e-02 -2.482304424047470093e-01 1.702883690595626831e-01
-1.237165853381156921e-01 -4.983677715063095093e-02 2.106445878744125366e-01
-1.398400515317916870e-01 -1.785211563110351562e-01 1.955731958150863647e-01
-1.831576973199844360e-01 -1.520837694406509399e-01 -2.545322850346565247e-02
-1.776688545942306519e-01 -1.301849484443664551e-01 -8.534747362136840820e-02
-2.515538036823272705e-01 -2.010467462241649628e-02 -1.718180030584335327e-01
