-5.132180079817771912e-02 -1.000861525535583496e-01 1.197295710444450378e-01
-6.796085089445114136e-02 7.644432038068771362e-02 2.865572869777679443e-01
-5.244397372007369995e-02 2.884206473827362061e-01 3.645204305648803711e-01
-6.877066195011138916e-02 4.652522504329681396e-01 3.507213294506072998e-01
-1.383631378412246704e-01 3.471594750881195068e-01 2.414326220750808716e-01
-2.395976632833480835e-01 -1.568558961153030396e-01 -3.140277415513992310e-02
-2.641728222370147705e-01 -3.634996712207794189e-01 -1.653622537851333618e-01
-1.754948645830154419e-01 -3.612640500068664551e-01 -2.249930202960968018e-01
2.532485872507095337e-02 -6.558521091938018799e-02 -2.148770093917846680e-01
2.022843509912490845e-01 2.387624382972717285e-01 -6.497381627559661865e-02
2.273986935615539551e-01 2.410707622766494751e-01 1.046131625771522522e-01
1.579572707414627075e-01 2.323508113622665405e-01 1.534458547830581665e-01
7.445658743381500244e-02 2.682534456253051758e-01 1.026188433170318604e-01
7.169312983751296997e-02 2.543596029281616211e-01 -3.244816884398460388e-02
4.192096367478370667e-02 2.010419964790344238e-01 -2.126201540231704712e-01
-5.843993276357650757e-02 1.921071670949459076e-02 -2.376571148633956909e-01
-1.067130267620086670e-01 -3.207360506057739258e-01 -1.735149621963500977e-01
-1.251784861087799072e-01 -5.388535261154174805e-01 -2.051215805113315582e-02
1.806206256151199341e-01 -5.552233457565307617e-01 1.202119812369346619e-01
3.434835374355316162e-01 -4.750899970531463623e-01 7.572428137063980103e-02
3.478423655033111572e-01 -1.648281365633010864e-01 1.365263760089874268e-01
3.280353546142578125e-01 1.811158359050750732e-01 2.369973361492156982e-01
4.387739300727844238e-02 2.253985255956649780e-01 2.646002173423767090e-01
-1.359811574220657349e-01 2.553179860115051270e-01 1.744621396064758301e-01
-1.993920058012008667e-01 1.716783940792083740e-01 -7.128752768039703369e-02
-2.924716472625732422e-01 1.632104814052581787e-01 -1.901912689208984375e-01
-2.773862779140472412e-01 1.681108623743057251e-01 -2.073792815208435059e-01
-2.639558017253875732e-01 1.166317462921142578e-01 -8.371480554342269897e-02
-2.027937918901443481e-01 5.844230204820632935e-02 1.017302870750427246e-01
-4.522642493247985840e-02 -5.245255772024393082e-03 1.462164819240570068e-01
-4.957644734531641006e-03 1.061070337891578674e-02 1.088085994124412537e-01
2.545127179473638535e-03 2.545895799994468689e-02 -3.076386079192161560e-02
-4.308529198169708252e-02 1.243169754743576050e-01 -2.587717473506927490e-01
-1.475253552198410034e-01 2.797117829322814941e-01 -3.556904196739196777e-01
-1.409615576267242432e-01 3.715556263923645020e-01 -2.644335925579071045e-01
-4.620863869786262512e-02 3.271844685077667236e-01 -2.683349326252937317e-02
1.295452713966369629e-01 5.949501693248748779e-02 1.916312873363494873e-01
2.689034640789031982e-01 -2.726090550422668457e-01 1.404210329055786133e-01
2.587612867355346680e-01 -3.800450563430786133e-01 -1.350031495094299316e-01
1.316546648740768433e-01 -3.183091878890991211e-01 -2.961422502994537354e-01
-5.751881003379821777e-02 -1.865186393260955811e-01 -2.605277001857757568e-01
-2.072501331567764282e-01 -5.933193862438201904e-02 -2.458328381180763245e-02
-2.423498779535293579e-01 -1.154183875769376755e-02 2.222414314746856689e-01
-1.552728265523910522e-01 2.000553766265511513e-03 3.114047646522521973e-01
-3.458696603775024414e-02 1.403421279974281788e-03 2.492236495018005371e-01
3.808267787098884583e-02 -2.530181035399436951e-02 1.084060147404670715e-01
5.742287635803222656e-02 -5.785611644387245178e-02 1.825824007391929626e-02
1.736208610236644745e-02 -5.767291411757469177e-02 6.629479117691516876e-03
-1.436432823538780212e-02 -3.210461884737014771e-02 4.704472050070762634e-02
5.753390491008758545e-02 -2.779924310743808746e-02 3.527933731675148010e-02
1.153468415141105652e-01 -1.761029846966266632e-02 -1.308914180845022202e-02
1.727723032236099243e-01 -6.369173526763916016e-02 -3.913865238428115845e-02
2.188976705074310303e-01 -1.086138933897018433e-01 -1.676973653957247734e-03
2.181166261434555054e-01 -7.097579538822174072e-02 8.096206933259963989e-02
1.960743963718414307e-01 1.824733801186084747e-02 1.098199337720870972e-01
6.453361362218856812e-02 1.216850206255912781e-01 1.873635947704315186e-01
-7.616278529167175293e-02 1.084002777934074402e-01 2.519296109676361084e-01
-1.969663649797439575e-01 3.945416770875453949e-03 2.514477968215942383e-01
-2.436191439628601074e-01 -3.599853813648223877e-02 1.744092255830764771e-01
-2.112113684415817261e-01 2.780115231871604919e-02 -9.345267713069915771e-02
-1.509460955858230591e-01 1.405180692672729492e-01 -3.072776198387145996e-01
3.177471458911895752e-03 1.558389961719512939e-01 -3.427756130695343018e-01
1.207352653145790100e-01 4.758203402161598206e-02 -2.202533334493637085e-01
1.137718781828880310e-01 -3.875825926661491394e-02 -1.604367978870868683e-03
4.497304186224937439e-02 -2.102849818766117096e-02 7.138465344905853271e-02
-6.371148675680160522e-02 7.056116312742233276e-02 2.721395902335643768e-02
-1.812347769737243652e-02 1.081832200288772583e-01 -3.427172824740409851e-02
1.436448544263839722e-01 4.496909305453300476e-02 -8.324262499809265137e-02
2.477308809757232666e-01 -7.579277455806732178e-02 -3.137258812785148621e-02
2.384071648120880127e-01 -1.021610870957374573e-01 4.252678528428077698e-02
1.012666299939155579e-01 -3.984591364860534668e-02 1.054874062538146973e-01
-7.430820167064666748e-02 6.895030289888381958e-02 1.500876098871231079e-01
-1.401589214801788330e-01 1.503915339708328247e-01 1.009327173233032227e-01
-6.744968146085739136e-02 9.119807928800582886e-02 2.185001596808433533e-02
2.659964188933372498e-02 -4.711585585027933121e-03 -7.398128509521484375e-02
1.130069866776466370e-01 -1.212134733796119690e-01 -1.314157396554946899e-01
1.235639825463294983e-01 -2.070708423852920532e-01 -8.527921885251998901e-02
3.446326777338981628e-02 -1.820326298475265503e-01 -1.178303617052733898e-03
-2.839776501059532166e-02 -1.273794919252395630e-01 6.032670661807060242e-02
-1.244649216532707214e-01 -1.069534942507743835e-02 4.952888190746307373e-02
-1.835011392831802368e-01 1.107946261763572693e-01 -2.277112007141113281e-02
-1.097754985094070435e-01 1.241964995861053467e-01 -8.357452601194381714e-02
-5.709989741444587708e-02 1.068954691290855408e-01 -8.599355816841125488e-02
7.605432998389005661e-03 2.760267443954944611e-02 -6.148220971226692200e-02
3.741644695401191711e-02 -5.376844108104705811e-02 -4.665314033627510071e-02
-5.124711990356445312e-02 -2.575334534049034119e-02 -5.943271890282630920e-02
-7.669007778167724609e-02 8.685667067766189575e-03 -8.380594104528427124e-02
-9.266913682222366333e-02 6.731552630662918091e-02 -7.432142645120620728e-02
-1.242659986019134521e-01 9.921900928020477295e-02 -6.030311062932014465e-02
-1.330764144659042358e-01 1.183724403381347656e-01 -5.188002064824104309e-02
-8.430551737546920776e-02 1.351439505815505981e-01 4.657370038330554962e-03
-1.062954403460025787e-02 1.012233570218086243e-01 6.164908409118652344e-02
5.835834890604019165e-02 -9.831627458333969116e-02 1.328389495611190796e-01
1.489709615707397461e-01 -3.395668268203735352e-01 1.105910837650299072e-01
1.327392458915710449e-01 -4.112502336502075195e-01 3.041552752256393433e-02
1.341547369956970215e-01 -2.790580093860626221e-01 8.345581591129302979e-03
3.639859706163406372e-02 1.389074474573135376e-01 9.808184579014778137e-03
-1.788684874773025513e-01 3.277275562286376953e-01 4.565799236297607422e-02
-2.163156569004058838e-01 2.969927191734313965e-01 -5.548836290836334229e-02
-1.217147335410118103e-01 1.402534544467926025e-01 -1.587222367525100708e-01
9.703738987445831299e-02 -1.337335407733917236e-01 -1.486908644437789917e-01
2.300846129655838013e-01 -1.815665662288665771e-01 -8.037870377302169800e-02
1.641340404748916626e-01 -1.167158484458923340e-01 6.662096083164215088e-02
6.606347858905792236e-02 -2.052463591098785400e-02 9.871953725814819336e-02
3.489938098937273026e-03 7.684663683176040649e-02 6.820392608642578125e-02
-6.400817632675170898e-02 6.185198575258255005e-02 8.052672445774078369e-02
-3.420171793550252914e-03 -1.358725037425756454e-02 8.383299410343170166e-02
3.215866535902023315e-02 -3.487876802682876587e-02 1.083693876862525940e-01
2.141129411756992340e-02 -1.772542111575603485e-02 9.870496392250061035e-02
2.186564169824123383e-02 -1.405626907944679260e-02 -1.061599794775247574e-02
-1.316753178834915161e-01 -4.148457944393157959e-02 -9.635007381439208984e-02
-1.281023025512695312e-01 -6.086498126387596130e-02 -1.897800862789154053e-01
-3.366345167160034180e-02 -7.487569004297256470e-03 -2.310674339532852173e-01
6.728873401880264282e-02 6.146368756890296936e-02 -1.471087336540222168e-01
1.763463169336318970e-01 6.884155422449111938e-02 -1.792504452168941498e-02
1.522051841020584106e-01 5.110242590308189392e-02 1.245699524879455566e-01
1.112207099795341492e-01 4.067660123109817505e-02 1.289323866367340088e-01
1.130179986357688904e-01 4.470744729042053223e-02 -6.268428638577461243e-03
1.090794205665588379e-01 3.417249768972396851e-02 -1.269230842590332031e-01
3.272932395339012146e-02 -3.920855466276407242e-03 -1.689852476119995117e-01
-9.195086359977722168e-02 -3.540299832820892334e-02 -6.658735871315002441e-02
-2.314478307962417603e-01 -1.368074584752321243e-02 5.210701748728752136e-02
-2.534026801586151123e-01 9.737936779856681824e-03 9.166590124368667603e-02
-1.625862866640090942e-01 4.890809766948223114e-03 7.454413920640945435e-02
-4.431881755590438843e-02 3.180809551849961281e-03 3.496031276881694794e-03
5.752059072256088257e-02 -1.343301311135292053e-02 -2.247886732220649719e-03
4.142296686768531799e-02 7.498903572559356689e-02 -3.414348140358924866e-02
5.208090413361787796e-03 2.228750586509704590e-01 -1.049423739314079285e-01
-4.436633735895156860e-02 2.700400650501251221e-01 -1.318557709455490112e-01
-4.367738217115402222e-02 1.532010287046432495e-01 -1.049369201064109802e-01
3.275423310697078705e-03 -1.340562105178833008e-01 1.014785394072532654e-01
2.244932949542999268e-02 -2.986700236797332764e-01 2.615822553634643555e-01
1.125106364488601685e-01 -2.378300130367279053e-01 3.349896073341369629e-01
2.221574932336807251e-01 -4.887571185827255249e-02 3.312844634056091309e-01
2.661365866661071777e-01 1.427344828844070435e-01 2.068970203399658203e-01
1.953810453414916992e-01 1.698036044836044312e-01 9.244147688150405884e-02
-2.472225576639175415e-02 7.518546283245086670e-02 -6.999135762453079224e-02
-2.604326605796813965e-01 -1.050160359591245651e-02 -1.491328924894332886e-01
-2.964586615562438965e-01 -7.790323346853256226e-02 -1.453443467617034912e-01
-2.324868291616439819e-01 -6.036435440182685852e-02 -1.239264532923698425e-01
-3.453232347965240479e-02 -4.987864941358566284e-02 -6.934661418199539185e-02
1.486085802316665649e-01 -5.829639732837677002e-02 -4.950409382581710815e-02
1.661263704299926758e-01 -4.320684820413589478e-02 -1.360676437616348267e-02
1.840650588274002075e-01 -5.770390108227729797e-02 1.938454806804656982e-02
1.112279221415519714e-01 -2.813132293522357941e-02 2.873226068913936615e-02
6.456799805164337158e-02 -2.466774731874465942e-02 2.032270468771457672e-02
2.082303725183010101e-02 -2.340746857225894928e-02 2.387671032920479774e-03
-7.023150101304054260e-03 -1.357098110020160675e-02 -3.269732370972633362e-02
3.395773470401763916e-02 -6.594148930162191391e-03 -1.488780230283737183e-01
-4.754539206624031067e-02 6.078498065471649170e-02 -2.166376858949661255e-01
-7.010036706924438477e-02 1.640239916741847992e-02 -1.547110974788665771e-01
-2.754738926887512207e-02 -1.009007543325424194e-01 -1.835828833281993866e-02
1.609784662723541260e-01 -2.014035880565643311e-01 1.104648485779762268e-01
4.121693968772888184e-01 -1.977076083421707153e-01 1.689744181931018829e-02
3.892002701759338379e-01 3.489861264824867249e-02 -8.590503782033920288e-02
6.263668835163116455e-02 2.754741907119750977e-01 -6.498755514621734619e-02
-3.254439830780029297e-01 3.030793964862823486e-01 -6.744101177901029587e-03
-4.853026270866394043e-01 1.505060791969299316e-01 7.714016735553741455e-02
-3.867267668247222900e-01 -3.820592910051345825e-02 6.988035887479782104e-02
-1.869346946477890015e-01 -1.093231216073036194e-01 2.459943667054176331e-02
-2.068190835416316986e-03 -6.218391656875610352e-02 2.773261256515979767e-02
8.806025236845016479e-02 -6.069655530154705048e-03 2.780953235924243927e-02
1.574124097824096680e-01 -6.170563027262687683e-02 2.215606626123189926e-03
1.489475369453430176e-01 -6.684310734272003174e-02 -9.216537699103355408e-03
7.008468965068459511e-04 -2.807428315281867981e-02 1.115213613957166672e-02
-1.022338867187500000e-01 7.396955043077468872e-02 8.220256306231021881e-03
-2.398125082254409790e-01 2.284454554319381714e-01 6.726498901844024658e-02
-3.102367222309112549e-01 2.054536938667297363e-01 1.120100244879722595e-01
-2.354568839073181152e-01 6.378891319036483765e-02 1.976048052310943604e-01
-1.834447681903839111e-01 -9.732107818126678467e-02 1.861430704593658447e-01
-5.961652472615242004e-02 -1.647071391344070435e-01 9.161678142845630646e-03
5.217752605676651001e-02 -1.039868891239166260e-01 -2.317190170288085938e-01
4.170390963554382324e-02 -2.057124860584735870e-02 -3.808885216712951660e-01
1.531965583562850952e-01 -2.100350148975849152e-02 -3.335564434528350830e-01
2.754082083702087402e-01 4.857642203569412231e-02 -1.140584498643875122e-01
2.826778292655944824e-01 1.298402845859527588e-01 1.497703939676284790e-01
2.545557618141174316e-01 1.411321312189102173e-01 1.587766557931900024e-01
1.311373412609100342e-01 -3.739193081855773926e-02 1.575686037540435791e-02
3.456424549221992493e-02 -1.938431560993194580e-01 -8.966402709484100342e-02
2.766764350235462189e-02 -7.180877029895782471e-02 2.164015080779790878e-03
-4.205520078539848328e-02 1.215048506855964661e-01 1.925581693649291992e-01
-6.967769563198089600e-02 3.002047538757324219e-01 2.169850319623947144e-01
-6.340722739696502686e-02 1.739315092563629150e-01 1.076041981577873230e-01
-9.740455448627471924e-02 -7.901826500892639160e-02 -6.250133737921714783e-03
-4.732147604227066040e-02 -1.536260247230529785e-01 -8.832146972417831421e-02
5.452358722686767578e-02 -1.651681810617446899e-01 -1.209256201982498169e-01
1.873124539852142334e-01 -1.194853559136390686e-01 -8.486606925725936890e-02
3.663159608840942383e-01 -7.218181341886520386e-02 1.217114031314849854e-01
2.334408015012741089e-01 -4.827749449759721756e-03 2.483491152524948120e-01
-5.421898514032363892e-02 4.968412593007087708e-02 1.586763709783554077e-01
-3.632562458515167236e-01 5.035446956753730774e-02 -9.077668190002441406e-02
-4.306924939155578613e-01 -1.044938787817955017e-01 -3.362861871719360352e-01
-2.417014837265014648e-01 -2.732177674770355225e-01 -3.195220828056335449e-01
2.671312540769577026e-02 -2.036130428314208984e-01 -6.106600165367126465e-02
3.968044221401214600e-01 1.899536140263080597e-02 1.467175781726837158e-01
3.789315521717071533e-01 2.385100275278091431e-01 1.928614377975463867e-01
2.062517702579498291e-01 2.481455951929092407e-01 2.974795363843441010e-02
-1.466516703367233276e-01 7.609423249959945679e-02 -9.335889667272567749e-02
-4.150248467922210693e-01 -1.176521852612495422e-01 -2.646918036043643951e-02
-2.858247458934783936e-01 -1.726218611001968384e-01 1.574802547693252563e-01
-1.493593156337738037e-01 -1.923896521329879761e-01 1.749773025512695312e-01
9.159856289625167847e-02 -1.610936969518661499e-01 -6.866409629583358765e-02
1.743275076150894165e-01 -3.091198951005935669e-02 -2.412398457527160645e-01
1.940303146839141846e-01 7.221309840679168701e-02 -2.584891915321350098e-01
2.129237651824951172e-01 1.619580239057540894e-01 -9.297164529561996460e-02
1.342421025037765503e-01 1.235652267932891846e-01 4.367514699697494507e-02
