-3.764843046665191650e-01 -4.497595727443695068e-01 -4.126420021057128906e-01
-4.846916198730468750e-01 -2.507968246936798096e-01 1.319734603166580200e-01
-5.305188298225402832e-01 -3.535051941871643066e-01 1.018140688538551331e-01
-4.983065426349639893e-01 -4.098670184612274170e-01 -1.475206464529037476e-01
-5.094711780548095703e-01 -3.540686070919036865e-01 -1.703505963087081909e-01
-5.859048962593078613e-01 -2.504882216453552246e-01 -3.878194987773895264e-01
-4.910143315792083740e-01 -4.041939079761505127e-01 -3.019465804100036621e-01
-3.713652491569519043e-01 -2.503665387630462646e-01 -7.773064076900482178e-02
-3.180727064609527588e-01 -3.264640867710113525e-01 2.100710421800613403e-01
-3.023487627506256104e-01 -3.441537320613861084e-01 3.895753324031829834e-01
-2.908135652542114258e-01 -2.651369273662567139e-01 4.550246000289916992e-01
-3.469716310501098633e-01 -2.933270633220672607e-01 4.544031620025634766e-01
-3.181726336479187012e-01 -2.711611092090606689e-01 4.721800386905670166e-01
-3.221145272254943848e-01 -1.998325288295745850e-01 4.489748179912567139e-01
-3.827983438968658447e-01 -1.987072527408599854e-01 3.966110050678253174e-01
-4.412498176097869873e-01 -1.422435939311981201e-01 3.410918116569519043e-01
-4.432840645313262939e-01 -4.357812553644180298e-02 3.274427354335784912e-01
-4.669939577579498291e-01 6.634440273046493530e-02 3.510588705539703369e-01
-5.355232357978820801e-01 6.393227726221084595e-02 4.568788707256317139e-01
-5.312103629112243652e-01 -1.001516077667474747e-02 4.876209497451782227e-01
-4.802767634391784668e-01 -4.750887304544448853e-02 4.488441944122314453e-01
-3.460767865180969238e-01 4.592467471957206726e-02 5.383929014205932617e-01
-1.218459531664848328e-01 -1.860399730503559113e-02 5.346177220344543457e-01
-7.587787508964538574e-02 -2.023239880800247192e-01 4.606177210807800293e-01
7.496900856494903564e-02 -2.951588034629821777e-01 3.399005830287933350e-01
2.314745634794235229e-01 -2.523727416992187500e-01 2.933158278465270996e-01
3.110254704952239990e-01 -2.271215617656707764e-01 2.399661242961883545e-01
2.855652272701263428e-01 -3.103143274784088135e-01 2.533376514911651611e-01
3.280513882637023926e-01 -2.563193440437316895e-01 2.670499980449676514e-01
3.183052241802215576e-01 -2.839893996715545654e-01 2.633544206619262695e-01
3.319488763809204102e-01 -2.816441953182220459e-01 2.545126080513000488e-01
3.205398619174957275e-01 -3.016753792762756348e-01 2.257882654666900635e-01
3.656997680664062500e-01 -2.992181777954101562e-01 2.023922055959701538e-01
3.648731410503387451e-01 -2.706944942474365234e-01 1.798451393842697144e-01
3.250164687633514404e-01 -2.190557420253753662e-01 1.878153532743453979e-01
2.358390390872955322e-01 -1.703765541315078735e-01 2.279282659292221069e-01
3.812183812260627747e-02 1.024038624018430710e-02 3.178016245365142822e-01
-6.839568167924880981e-02 2.526126205921173096e-01 3.686007261276245117e-01
-4.789208993315696716e-02 3.727599382400512695e-01 3.619519770145416260e-01
-8.811120688915252686e-02 3.688175082206726074e-01 3.962065279483795166e-01
-1.806392520666122437e-01 3.693937659263610840e-01 4.103865027427673340e-01
-2.501392364501953125e-01 3.487870097160339355e-01 4.117074906826019287e-01
-2.834371030330657959e-01 3.812340795993804932e-01 3.975358307361602783e-01
-3.672025799751281738e-01 4.124706685543060303e-01 3.945345878601074219e-01
-3.561758399009704590e-01 4.469158947467803955e-01 3.749047815799713135e-01
-3.209411203861236572e-01 5.057319402694702148e-01 3.435940146446228027e-01
-3.307198882102966309e-01 5.490948557853698730e-01 3.295701444149017334e-01
-3.521769046783447266e-01 5.494884252548217773e-01 3.297182321548461914e-01
-3.485045731067657471e-01 5.533697009086608887e-01 3.468659818172454834e-01
-3.745745122432708740e-01 5.486971735954284668e-01 3.403598070144653320e-01
-4.086788594722747803e-01 5.182916522026062012e-01 3.379814624786376953e-01
-4.130728244781494141e-01 5.186774134635925293e-01 3.319770097732543945e-01
-4.463145136833190918e-01 4.921144247055053711e-01 3.314918875694274902e-01
-4.403855204582214355e-01 4.960984289646148682e-01 3.238463997840881348e-01
-4.206233322620391846e-01 4.634951055049896240e-01 3.213946819305419922e-01
-3.862541913986206055e-01 4.084482491016387939e-01 3.263438344001770020e-01
-2.961872220039367676e-01 3.507219851016998291e-01 2.923398911952972412e-01
-1.733891665935516357e-01 3.413753509521484375e-01 2.656505107879638672e-01
-1.911748945713043213e-01 3.191764354705810547e-01 2.927714288234710693e-01
-5.197764933109283447e-02 1.884083300828933716e-01 3.186265528202056885e-01
1.701410561800003052e-01 9.247349202632904053e-02 3.695975840091705322e-01
1.696894019842147827e-01 6.067191064357757568e-02 3.662231862545013428e-01
1.898997128009796143e-01 6.123344972729682922e-02 3.695062994956970215e-01
1.574259698390960693e-01 4.455273598432540894e-02 3.617853820323944092e-01
1.930080354213714600e-01 4.087493196129798889e-02 3.162799775600433350e-01
2.035667896270751953e-01 2.658905647695064545e-02 2.846334278583526611e-01
2.055641561746597290e-01 -8.212246000766754150e-03 2.948181033134460449e-01
2.096762359142303467e-01 -2.424298040568828583e-02 2.618716061115264893e-01
2.045004516839981079e-01 -3.203735128045082092e-02 2.300228625535964966e-01
1.973800659179687500e-01 -9.099118411540985107e-02 2.157388180494308472e-01
2.126588970422744751e-01 -1.342746764421463013e-01 1.827521324157714844e-01
2.283294051885604858e-01 -1.724641323089599609e-01 1.619293838739395142e-01
2.856788635253906250e-01 -2.172195613384246826e-01 1.225003004074096680e-01
3.502514958381652832e-01 -1.860384494066238403e-01 1.026330515742301941e-01
3.786096274852752686e-01 -2.050555199384689331e-01 9.051421284675598145e-02
4.038310647010803223e-01 -1.923605352640151978e-01 7.124125212430953979e-02
4.391371905803680420e-01 -1.833121627569198608e-01 7.566411793231964111e-02
4.652549922466278076e-01 -2.083811759948730469e-01 7.988802343606948853e-02
4.730373024940490723e-01 -2.251518517732620239e-01 4.964251071214675903e-02
4.992504715919494629e-01 -2.318234294652938843e-01 4.175037145614624023e-02
5.044440627098083496e-01 -2.571574747562408447e-01 5.960192158818244934e-02
5.197558403015136719e-01 -2.640809714794158936e-01 3.817593306303024292e-02
5.197229981422424316e-01 -2.959904372692108154e-01 5.311484634876251221e-02
5.229408740997314453e-01 -2.921237945556640625e-01 4.427274689078330994e-02
5.494011640548706055e-01 -2.359112799167633057e-01 4.958236217498779297e-02
5.565913319587707520e-01 -2.645148336887359619e-01 4.929056391119956970e-02
5.230599045753479004e-01 -3.092972338199615479e-01 3.739381581544876099e-02
5.292348861694335938e-01 -2.868977189064025879e-01 5.449298769235610962e-02
5.257421731948852539e-01 -2.827644348144531250e-01 6.475180387496948242e-02
5.207962989807128906e-01 -2.528017163276672363e-01 6.305412948131561279e-02
5.056353807449340820e-01 -2.457147538661956787e-01 7.558543235063552856e-02
5.026787519454956055e-01 -1.957933753728866577e-01 9.904911369085311890e-02
4.326746165752410889e-01 -1.984751075506210327e-01 1.282338201999664307e-01
3.470683991909027100e-01 -1.200520992279052734e-01 1.775904148817062378e-01
3.040779531002044678e-01 -1.635856926441192627e-01 1.331204921007156372e-01
2.773874998092651367e-01 -7.506670802831649780e-02 1.454326063394546509e-01
1.737662404775619507e-01 -1.709947884082794189e-01 2.278838157653808594e-01
2.017894536256790161e-01 -2.268026173114776611e-01 1.555047035217285156e-01
3.137006461620330811e-01 -2.563307881355285645e-01 8.440984040498733521e-02
3.311719298362731934e-01 -3.039028048515319824e-01 1.017824262380599976e-01
2.994534373283386230e-01 -2.460057735443115234e-01 1.223724111914634705e-01
3.196724951267242432e-01 -2.833161056041717529e-01 1.577797085046768188e-01
3.031626939773559570e-01 -2.879346609115600586e-01 1.961375176906585693e-01
3.054549992084503174e-01 -2.738027870655059814e-01 2.019020169973373413e-01
2.856000065803527832e-01 -3.072257637977600098e-01 2.206329107284545898e-01
3.291673064231872559e-01 -2.958468794822692871e-01 2.511022984981536865e-01
3.155810832977294922e-01 -2.753100395202636719e-01 2.507830858230590820e-01
3.529090583324432373e-01 -2.633225023746490479e-01 2.157206684350967407e-01
4.066145122051239014e-01 -2.559293210506439209e-01 2.173930406570434570e-01
4.387704730033874512e-01 -3.116492331027984619e-01 2.619911730289459229e-01
4.712314009666442871e-01 -2.927735447883605957e-01 2.855130136013031006e-01
4.171759784221649170e-01 -3.261548876762390137e-01 3.138958811759948730e-01
3.542855083942413330e-01 -4.122092723846435547e-01 2.942427098751068115e-01
3.205774724483489990e-01 -4.286248683929443359e-01 2.780869007110595703e-01
3.093039095401763916e-01 -3.961397111415863037e-01 2.671108841896057129e-01
2.946482896804809570e-01 -3.693490922451019287e-01 2.879825234413146973e-01
2.947086393833160400e-01 -3.494942486286163330e-01 2.994152605533599854e-01
2.942765355110168457e-01 -3.711681067943572998e-01 2.981099486351013184e-01
2.754023075103759766e-01 -3.910928964614868164e-01 3.076028823852539062e-01
2.874758541584014893e-01 -3.860515356063842773e-01 2.804365754127502441e-01
3.127256631851196289e-01 -3.309152126312255859e-01 2.765674889087677002e-01
2.916870117187500000e-01 -3.255920112133026123e-01 2.781326472759246826e-01
2.453775256872177124e-01 -3.302781283855438232e-01 2.633974850177764893e-01
2.706012129783630371e-01 -2.631451785564422607e-01 2.390548288822174072e-01
2.513342201709747314e-01 -2.969140112400054932e-01 2.216355949640274048e-01
2.211600840091705322e-01 -2.500862479209899902e-01 2.268405109643936157e-01
1.933733075857162476e-01 -2.216688394546508789e-01 2.318153828382492065e-01
1.329361349344253540e-01 -2.355949282646179199e-01 2.598502039909362793e-01
9.626999497413635254e-02 -2.021840810775756836e-01 3.126587569713592529e-01
4.714798554778099060e-02 -1.809580028057098389e-01 3.515390455722808838e-01
2.423783764243125916e-02 6.885350495576858521e-02 4.124526381492614746e-01
4.061563313007354736e-02 2.117680758237838745e-01 4.475210607051849365e-01
4.802795872092247009e-02 1.987374126911163330e-01 4.490660429000854492e-01
3.059743531048297882e-02 1.450706571340560913e-01 4.582520127296447754e-01
7.714650779962539673e-02 1.282869875431060791e-01 4.592561721801757812e-01
1.176783889532089233e-01 1.651650965213775635e-01 4.345385134220123291e-01
1.718492060899734497e-01 -3.120708279311656952e-02 3.651074469089508057e-01
2.206646353006362915e-01 -1.455265134572982788e-01 2.180829197168350220e-01
2.146946042776107788e-01 -1.438544094562530518e-01 1.381754130125045776e-01
2.299807518720626831e-01 -1.743836402893066406e-01 1.060611084103584290e-01
1.898146271705627441e-01 -2.028568536043167114e-01 9.567680209875106812e-02
2.089890539646148682e-01 -1.946343630552291870e-01 8.872857689857482910e-02
2.215718924999237061e-01 -2.034970819950103760e-01 6.777447462081909180e-02
2.121201008558273315e-01 -2.070204764604568481e-01 6.005248799920082092e-02
2.368561029434204102e-01 -2.013895809650421143e-01 6.555252522230148315e-02
2.616130411624908447e-01 -2.232167422771453857e-01 4.889795556664466858e-02
3.143782317638397217e-01 -2.157352417707443237e-01 4.420578107237815857e-02
3.121467828750610352e-01 -2.394767403602600098e-01 2.705968916416168213e-02
3.252789974212646484e-01 -2.380170226097106934e-01 2.777242846786975861e-02
3.235802054405212402e-01 -2.868092358112335205e-01 3.667476400732994080e-02
3.629878461360931396e-01 -2.580735981464385986e-01 2.126248739659786224e-02
3.769316971302032471e-01 -2.521539926528930664e-01 7.298294454813003540e-02
3.100701570510864258e-01 -1.482625305652618408e-01 2.009034454822540283e-01
1.784095168113708496e-01 -2.540043788030743599e-03 2.030025422573089600e-01
4.026672542095184326e-01 -2.774789035320281982e-01 2.735511958599090576e-01
4.053121805191040039e-01 -3.085981607437133789e-01 3.538573086261749268e-01
4.439367949962615967e-01 -3.004142940044403076e-01 3.135995268821716309e-01
4.685076475143432617e-01 -2.512008845806121826e-01 2.751316726207733154e-01
4.223063886165618896e-01 -2.702682614326477051e-01 2.626417875289916992e-01
3.968172669410705566e-01 -2.328477650880813599e-01 2.735796570777893066e-01
3.631308376789093018e-01 -2.448430806398391724e-01 2.472411394119262695e-01
3.385651409626007080e-01 -2.603780627250671387e-01 2.900788187980651855e-01
3.492503762245178223e-01 -2.481762021780014038e-01 2.408716529607772827e-01
3.470554649829864502e-01 -2.761588692665100098e-01 2.534590065479278564e-01
3.442285358905792236e-01 -2.768856287002563477e-01 2.479096949100494385e-01
3.671425282955169678e-01 -2.373485565185546875e-01 2.384769320487976074e-01
3.911116719245910645e-01 -2.470382302999496460e-01 2.709992825984954834e-01
3.855031728744506836e-01 -2.632063627243041992e-01 2.642929852008819580e-01
3.759458959102630615e-01 -2.870184481143951416e-01 2.442208677530288696e-01
3.174419999122619629e-01 -1.830476075410842896e-01 1.713068336248397827e-01
2.769955396652221680e-01 -2.083392590284347534e-01 3.148086369037628174e-02
1.942012012004852295e-01 -2.243672609329223633e-01 -1.602215468883514404e-01
1.159289758652448654e-02 -3.783240616321563721e-01 -3.554343581199645996e-01
-2.136020064353942871e-01 -2.485295683145523071e-01 -3.249170780181884766e-01
-7.976093143224716187e-02 -2.575576007366180420e-01 -2.983414828777313232e-01
-2.587684094905853271e-01 -2.088119387626647949e-01 -3.058636486530303955e-01
-2.931061089038848877e-01 -8.717165887355804443e-02 -4.010168313980102539e-01
-4.010449945926666260e-01 -1.066373139619827271e-01 -3.546704053878784180e-01
-4.023045301437377930e-01 -1.362643837928771973e-01 -4.684699475765228271e-01
-5.134992599487304688e-01 -1.445361971855163574e-01 -4.453555345535278320e-01
-4.933940470218658447e-01 -1.371432542800903320e-01 -4.195233285427093506e-01
-4.555878043174743652e-01 -2.084107100963592529e-01 -4.443865120410919189e-01
-4.031966328620910645e-01 -2.784011065959930420e-01 -5.188585519790649414e-01
-5.121268033981323242e-01 -1.654681563377380371e-01 -4.654546678066253662e-01
-5.461736321449279785e-01 -1.656778752803802490e-01 -4.470311105251312256e-01
-5.434864163398742676e-01 -2.237356901168823242e-01 -4.641758203506469727e-01
-4.474070668220520020e-01 -1.893925368785858154e-01 -4.803389608860015869e-01
-5.685770511627197266e-01 -4.637065157294273376e-02 -3.264457583427429199e-01
-4.808651208877563477e-01 -2.586722970008850098e-01 -3.744426071643829346e-01
-5.508251786231994629e-01 -2.963818609714508057e-01 -4.902293384075164795e-01
-5.197188258171081543e-01 -2.442816942930221558e-01 -5.174574851989746094e-01
-4.892366826534271240e-01 -3.210905492305755615e-01 -5.473097562789916992e-01
-4.844937920570373535e-01 -2.473489046096801758e-01 -5.501554608345031738e-01
-4.905889034271240234e-01 -3.011348843574523926e-01 -5.219127535820007324e-01
-4.988659322261810303e-01 -2.338792234659194946e-01 -4.840603172779083252e-01
-3.861041069030761719e-01 -2.898313701152801514e-01 -5.836799740791320801e-01
-3.998191356658935547e-01 -3.470872342586517334e-01 -5.738064050674438477e-01
-4.571676850318908691e-01 -2.915159463882446289e-01 -6.234844923019409180e-01
-4.423696398735046387e-01 -4.216977059841156006e-01 -6.766932010650634766e-01
-4.955622553825378418e-01 -3.438533246517181396e-01 -6.591696739196777344e-01
-4.959773719310760498e-01 -3.180453181266784668e-01 -6.434735059738159180e-01
-4.497973918914794922e-01 -2.845639586448669434e-01 -6.336174011230468750e-01
-4.025004208087921143e-01 -4.183651804924011230e-01 -6.554670333862304688e-01
-3.372165262699127197e-01 -3.183235228061676025e-01 -5.891774892807006836e-01
-4.544107615947723389e-01 -3.073302805423736572e-01 -5.050961971282958984e-01
-3.877811133861541748e-01 -4.242000281810760498e-01 -4.952149391174316406e-01
