1.290514373437936374e-02
8.603429156252909160e-03
0.000000000000000000e+00
0.000000000000000000e+00
0.000000000000000000e+00
2.168064147375733108e-01
3.996519297475450427e-01
4.223076221497472638e-01
1.982104818782166877e-01
0.000000000000000000e+00
0.000000000000000000e+00
0.000000000000000000e+00
0.000000000000000000e+00
3.946360042600994406e-02
1.333862339554188828e-02
1.686250978881946236e-02
1.243341297198388186e-02
0.000000000000000000e+00
0.000000000000000000e+00
9.794415181686509479e-04
9.326127182499368076e-03
1.295604674425694311e-02
0.000000000000000000e+00
0.000000000000000000e+00
0.000000000000000000e+00
2.667957697399887286e-03
1.681334292931101551e-02
1.434939110515357635e-02
0.000000000000000000e+00
0.000000000000000000e+00
0.000000000000000000e+00
0.000000000000000000e+00
0.000000000000000000e+00
0.000000000000000000e+00
0.000000000000000000e+00
0.000000000000000000e+00
0.000000000000000000e+00
0.000000000000000000e+00
6.039039884559455583e-03
2.635502515924749087e-02
2.640070330827883754e-02
4.182376393396051648e-03
0.000000000000000000e+00
0.000000000000000000e+00
0.000000000000000000e+00
0.000000000000000000e+00
5.840665833686443757e-03
1.399973238997901867e-02
1.195045794822274278e-02
5.503275039267683903e-03
8.735232178605191944e-05
0.000000000000000000e+00
0.000000000000000000e+00
0.000000000000000000e+00
9.095918238279366273e-05
0.000000000000000000e+00
0.000000000000000000e+00
0.000000000000000000e+00
0.000000000000000000e+00
0.000000000000000000e+00
5.581592158849162100e-02
8.913266029992868156e-02
7.952940544792169719e-02
4.678755896306335815e-02
1.580452141472559260e-02
1.228503283145678665e-02
1.329470108856628009e-02
1.479956275266280062e-02
1.379260538440945684e-02
4.943384595935291885e-03
0.000000000000000000e+00
0.000000000000000000e+00
0.000000000000000000e+00
0.000000000000000000e+00
0.000000000000000000e+00
0.000000000000000000e+00
0.000000000000000000e+00
0.000000000000000000e+00
0.000000000000000000e+00
0.000000000000000000e+00
0.000000000000000000e+00
0.000000000000000000e+00
0.000000000000000000e+00
7.220285089018402369e-06
7.577689200924813545e-03
9.797926865797971716e-03
5.772617928670212631e-03
0.000000000000000000e+00
0.000000000000000000e+00
0.000000000000000000e+00
0.000000000000000000e+00
0.000000000000000000e+00
0.000000000000000000e+00
0.000000000000000000e+00
7.628034279681904489e-04
7.440277329837489267e-03
1.515963508810437739e-02
2.205242773717151425e-02
2.787962445721917093e-02
2.727204403087380921e-02
2.015239002430971316e-02
5.948697708356998244e-03
0.000000000000000000e+00
0.000000000000000000e+00
0.000000000000000000e+00
0.000000000000000000e+00
0.000000000000000000e+00
0.000000000000000000e+00
0.000000000000000000e+00
8.969428689363021304e-03
1.772191078543541159e-02
2.168098017076695860e-02
8.094579564604338293e-03
0.000000000000000000e+00
0.000000000000000000e+00
0.000000000000000000e+00
0.000000000000000000e+00
1.597438846728805413e-03
2.750167207033896079e-03
3.885340428729369862e-03
1.930966788624939546e-03
0.000000000000000000e+00
0.000000000000000000e+00
0.000000000000000000e+00
0.000000000000000000e+00
1.947629237441733142e-03
0.000000000000000000e+00
0.000000000000000000e+00
0.000000000000000000e+00
0.000000000000000000e+00
1.332384150279600568e-02
1.210742366411023466e-02
9.216615149385565600e-03
7.920567412011227104e-03
3.217460776047399197e-03
3.531434873143364430e-03
0.000000000000000000e+00
0.000000000000000000e+00
0.000000000000000000e+00
1.964902128543316446e-05
5.540256026714529373e-03
7.917712117453295714e-03
2.730829970786398473e-03
0.000000000000000000e+00
0.000000000000000000e+00
0.000000000000000000e+00
0.000000000000000000e+00
0.000000000000000000e+00
0.000000000000000000e+00
0.000000000000000000e+00
1.574034620807529192e-02
1.922684137043505215e-02
2.858904700474532872e-04
0.000000000000000000e+00
0.000000000000000000e+00
0.000000000000000000e+00
3.223892737282608306e-02
6.577921267451469767e-02
7.171995494148269978e-02
3.239217464189272921e-02
1.553935972677916201e-02
3.007196228411881597e-03
0.000000000000000000e+00
0.000000000000000000e+00
0.000000000000000000e+00
0.000000000000000000e+00
0.000000000000000000e+00
0.000000000000000000e+00
0.000000000000000000e+00
0.000000000000000000e+00
0.000000000000000000e+00
0.000000000000000000e+00
2.777997533353696591e-01
4.308929513640611386e-01
3.592128458323743390e-01
1.727205223574322934e-01
0.000000000000000000e+00
0.000000000000000000e+00
0.000000000000000000e+00
0.000000000000000000e+00
0.000000000000000000e+00
0.000000000000000000e+00
0.000000000000000000e+00
0.000000000000000000e+00
0.000000000000000000e+00
0.000000000000000000e+00
0.000000000000000000e+00
0.000000000000000000e+00
0.000000000000000000e+00
0.000000000000000000e+00
0.000000000000000000e+00
0.000000000000000000e+00
0.000000000000000000e+00
0.000000000000000000e+00
0.000000000000000000e+00
0.000000000000000000e+00
0.000000000000000000e+00
0.000000000000000000e+00
0.000000000000000000e+00
1.720685831250581832e-03
3.441371662501163664e-03
3.871543120313809122e-03
4.301714578126454038e-04
0.000000000000000000e+00
0.000000000000000000e+00
0.000000000000000000e+00
