-1.002851724624633789e-01 1.126907914876937866e-01 -1.217369139194488525e-01
-1.691327244043350220e-01 1.073851138353347778e-01 -1.633682698011398315e-01
-1.489156037569046021e-01 2.119162119925022125e-02 -1.137235760688781738e-01
-7.221782952547073364e-02 -1.071377918124198914e-01 6.745681911706924438e-02
8.189743757247924805e-02 -9.630310535430908203e-02 6.572112441062927246e-02
1.423647701740264893e-01 1.131972670555114746e-01 -6.119324266910552979e-02
1.462315917015075684e-01 1.622165292501449585e-01 -1.049031391739845276e-01
3.884937241673469543e-02 -1.154662892222404480e-01 2.622647443786263466e-03
-2.522085607051849365e-01 -1.236379146575927734e-01 2.239989936351776123e-01
-3.774424791336059570e-01 -2.106034904718399048e-01 1.612894535064697266e-01
-3.663514852523803711e-01 2.668850310146808624e-02 1.080848053097724915e-01
-2.340848445892333984e-01 1.778722405433654785e-01 1.434799470007419586e-02
-1.374179869890213013e-01 7.439345866441726685e-02 2.253826521337032318e-02
-1.358547806739807129e-01 1.401430219411849976e-01 9.489623457193374634e-02
-2.725790627300739288e-02 -9.012996405363082886e-02 1.217511668801307678e-02
1.166416630148887634e-01 -1.094242706894874573e-01 1.918660290539264679e-02
1.446576863527297974e-01 -6.060305610299110413e-02 6.355673074722290039e-02
-1.742684282362461090e-02 6.524299830198287964e-02 8.429944515228271484e-02
-1.373344063758850098e-01 1.218473464250564575e-01 1.370737105607986450e-01
-1.944876611232757568e-01 1.482623163610696793e-02 2.199960350990295410e-01
-1.001700833439826965e-01 -3.826263919472694397e-02 7.755602896213531494e-02
-6.926374137401580811e-02 -3.669289126992225647e-02 4.735576454550027847e-03
-6.021621078252792358e-02 8.316759020090103149e-03 -3.589276596903800964e-02
3.592246770858764648e-02 6.964301317930221558e-02 -3.774287179112434387e-02
1.105483248829841614e-01 4.973093047738075256e-02 1.177746057510375977e-01
1.523102372884750366e-01 -3.829122707247734070e-02 9.324661642313003540e-02
6.612482666969299316e-02 -2.204980701208114624e-01 -1.314598508179187775e-02
-4.537681862711906433e-02 -2.962935864925384521e-01 -1.580865122377872467e-02
-1.322356015443801880e-01 -2.280788719654083252e-01 8.346892148256301880e-02
-1.606418490409851074e-01 -1.323839575052261353e-01 1.396629512310028076e-01
-9.557443857192993164e-02 -6.937215104699134827e-03 8.404440432786941528e-02
2.292306162416934967e-02 8.277197368443012238e-03 -5.310004204511642456e-02
9.778818488121032715e-02 1.034235507249832153e-01 -1.161746606230735779e-01
1.411545872688293457e-01 1.744488924741744995e-01 -2.130276113748550415e-01
7.246375083923339844e-02 9.619721025228500366e-02 -2.680412828922271729e-01
2.248364090919494629e-01 -8.514735847711563110e-03 -2.855212390422821045e-01
3.647313117980957031e-01 -1.963324099779129028e-01 -1.998257488012313843e-01
3.955810368061065674e-01 -1.754045486450195312e-01 -5.731009319424629211e-02
3.990317583084106445e-01 -7.170135527849197388e-02 1.928374543786048889e-02
2.471669465303421021e-01 -3.309326991438865662e-02 -1.940266974270343781e-02
2.476507723331451416e-01 2.229782287031412125e-03 -6.871962547302246094e-02
9.132008254528045654e-02 -2.074529379606246948e-01 -1.005387082695960999e-01
-1.063352376222610474e-01 -4.899454489350318909e-02 -1.411717534065246582e-01
-1.931817382574081421e-01 1.429113596677780151e-01 1.167964935302734375e-02
-2.719410657882690430e-01 2.601822316646575928e-01 -1.075814887881278992e-01
-1.801804602146148682e-01 2.839694023132324219e-01 -1.505402922630310059e-01
-1.188849508762359619e-01 -4.380195960402488708e-02 -4.729537293314933777e-02
1.556660234928131104e-01 -2.941642701625823975e-01 -1.750201433897018433e-01
2.576665282249450684e-01 -4.412716925144195557e-01 -2.832034528255462646e-01
2.411359399557113647e-01 -4.100095331668853760e-01 -4.308906197547912598e-01
1.586185544729232788e-01 -2.349101155996322632e-01 -4.836765825748443604e-01
3.215512633323669434e-02 -5.693218484520912170e-02 -1.941148191690444946e-01
1.363919973373413086e-01 2.271093241870403290e-02 8.649179339408874512e-02
1.447509676218032837e-01 5.574814975261688232e-02 9.987047314643859863e-02
9.608002752065658569e-02 5.842585116624832153e-02 3.566701710224151611e-02
2.536643296480178833e-03 -1.568446308374404907e-02 -1.014291495084762573e-01
-1.437939107418060303e-01 -4.372482001781463623e-02 -1.191757768392562866e-01
-2.479629218578338623e-01 -1.578039862215518951e-02 -7.282583415508270264e-02
-3.470824956893920898e-01 8.728133887052536011e-02 5.141152068972587585e-02
-4.124359786510467529e-01 2.108115851879119873e-01 2.029362469911575317e-01
-4.245638847351074219e-01 2.925548255443572998e-01 2.696695923805236816e-01
-3.820785582065582275e-01 3.685894310474395752e-01 2.692743241786956787e-01
-2.064787298440933228e-01 4.270243942737579346e-01 2.411421388387680054e-01
1.721737062325701118e-04 4.486093819141387939e-01 2.633636891841888428e-01
1.403178572654724121e-01 4.490693807601928711e-01 2.855930030345916748e-01
1.665723174810409546e-01 3.916786909103393555e-01 2.817839086055755615e-01
1.157269179821014404e-01 3.102208375930786133e-01 2.147498279809951782e-01
4.767420515418052673e-02 2.071534991264343262e-01 1.575776040554046631e-01
1.196651067584753036e-02 1.326817423105239868e-01 2.630767226219177246e-01
3.480459004640579224e-02 7.387552410364151001e-02 3.352939188480377197e-01
3.989735245704650879e-02 -1.092101912945508957e-02 3.637666702270507812e-01
1.496014185249805450e-02 -5.345330014824867249e-02 3.120895922183990479e-01
4.051644355058670044e-02 -3.963000699877738953e-02 2.149129062891006470e-01
7.715000212192535400e-02 -9.900292009115219116e-02 1.570133715867996216e-01
2.225680053234100342e-01 -1.941177397966384888e-01 6.444440782070159912e-02
3.283018469810485840e-01 -3.498732149600982666e-01 -1.251333802938461304e-01
2.546619474887847900e-01 -3.614872395992279053e-01 -1.508734673261642456e-01
1.741738319396972656e-01 -1.132608279585838318e-01 -1.211285218596458435e-01
2.193564735352993011e-02 6.614491343498229980e-02 -8.315434306859970093e-02
-2.960089035332202911e-02 1.294440627098083496e-01 -1.147649809718132019e-01
-3.174936026334762573e-02 2.890254184603691101e-02 -2.550067901611328125e-01
-1.895247846841812134e-01 -1.938184946775436401e-01 -2.768463790416717529e-01
-1.727154701948165894e-01 -1.801243424415588379e-01 -1.747501194477081299e-01
-1.797164976596832275e-01 -1.270497292280197144e-01 1.966856792569160461e-02
-1.491965055465698242e-01 -1.316383779048919678e-01 9.205058962106704712e-02
-6.124960258603096008e-02 -8.483810722827911377e-02 9.085105359554290771e-02
-1.096353381872177124e-01 -1.631440222263336182e-01 9.382722200825810432e-04
-6.752069294452667236e-02 -2.019430994987487793e-01 -2.978435903787612915e-02
-4.886568710207939148e-02 -1.333222240209579468e-01 -7.880631834268569946e-02
-6.632460653781890869e-02 7.409417629241943359e-02 -5.212738737463951111e-02
-8.107451349496841431e-02 2.498174458742141724e-01 -7.188946008682250977e-02
-5.547199398279190063e-02 3.185524344444274902e-01 -1.035989001393318176e-01
1.512480992823839188e-02 2.326922118663787842e-01 -1.130494102835655212e-02
1.077978238463401794e-01 3.681163489818572998e-02 -4.132571071386337280e-02
1.040930226445198059e-01 -2.997993864119052887e-02 2.072382159531116486e-02
6.522053480148315430e-02 2.783739753067493439e-02 -3.971598297357559204e-02
2.454831637442111969e-02 1.311729997396469116e-01 -6.431550532579421997e-02
4.654918611049652100e-02 1.304071694612503052e-01 -1.049862615764141083e-02
4.269249737262725830e-02 5.088977515697479248e-02 1.290960796177387238e-02
-1.535829156637191772e-02 2.030254836427047849e-04 1.040710210800170898e-01
-4.632874205708503723e-02 1.446539163589477539e-02 7.772377878427505493e-02
-8.771047741174697876e-02 3.389326110482215881e-02 1.129756867885589600e-01
-9.336738288402557373e-02 5.704022943973541260e-02 9.571550041437149048e-02
-1.301288753747940063e-01 -8.635140024125576019e-03 2.412122674286365509e-02
-1.353490203619003296e-01 -3.891897946596145630e-02 1.178744900971651077e-02
-1.019232273101806641e-01 1.438435073941946030e-02 9.314411133527755737e-02
-8.229177445173263550e-02 3.776640631258487701e-03 1.160575598478317261e-01
-3.246990218758583069e-02 8.088058233261108398e-02 1.754618585109710693e-01
-8.981089107692241669e-03 5.286541581153869629e-02 1.089699640870094299e-01
2.308116666972637177e-02 2.825184492394328117e-03 -4.933423176407814026e-02
1.172843575477600098e-02 3.025905229151248932e-02 -4.429877921938896179e-02
4.876599460840225220e-02 3.715930879116058350e-02 -8.927457034587860107e-02
8.783949911594390869e-02 7.630689442157745361e-02 -1.600479707121849060e-02
6.655590981245040894e-02 3.242081776261329651e-02 1.921835169196128845e-02
5.498134344816207886e-02 -6.212172284722328186e-02 -2.611062116920948029e-02
5.222759395837783813e-02 -4.514276608824729919e-02 7.010062783956527710e-02
1.047114878892898560e-01 -2.437517419457435608e-02 2.637771144509315491e-02
9.312231838703155518e-02 -1.405008733272552490e-01 -1.462548375129699707e-01
4.548043757677078247e-02 -3.046669661998748779e-01 -2.586979568004608154e-01
4.646569862961769104e-02 -3.584707081317901611e-01 -2.336706221103668213e-01
9.230031073093414307e-02 -3.446133732795715332e-01 -9.118624776601791382e-02
2.289737313985824585e-01 -2.744994163513183594e-01 -2.640122361481189728e-02
2.928077876567840576e-01 -2.172104865312576294e-01 -1.382017880678176880e-01
3.154612481594085693e-01 -2.010340243577957153e-01 -2.712018787860870361e-01
2.879949808120727539e-01 -2.111910842359066010e-02 -2.059413939714431763e-01
1.713180691003799438e-01 1.280103176832199097e-01 6.343227624893188477e-02
8.073885738849639893e-02 2.425352185964584351e-01 2.709308266639709473e-01
3.224068135023117065e-02 2.813670635223388672e-01 2.975454628467559814e-01
2.726655453443527222e-02 1.850991398096084595e-01 1.464417427778244019e-01
-1.757254078984260559e-02 3.944245353341102600e-02 -9.263055771589279175e-02
-1.172849088907241821e-01 -8.860877156257629395e-02 -2.267850488424301147e-01
-2.381760478019714355e-01 -8.307407796382904053e-02 -2.055033147335052490e-01
-2.783141732215881348e-01 8.148676902055740356e-02 5.744447931647300720e-02
-3.269527256488800049e-01 1.318432390689849854e-01 1.951211392879486084e-01
-2.873326539993286133e-01 -1.735638529062271118e-01 1.159199625253677368e-01
-1.838763356208801270e-01 -2.852398157119750977e-01 -1.380856931209564209e-01
-9.659913927316665649e-02 -1.563469022512435913e-01 -2.874356210231781006e-01
2.327382750809192657e-02 2.142637073993682861e-01 -3.139850124716758728e-02
3.635783214122056961e-03 4.751054346561431885e-01 3.488529324531555176e-01
-3.230207040905952454e-02 3.691647350788116455e-01 4.697810411453247070e-01
1.828096434473991394e-02 1.634290516376495361e-01 4.116332828998565674e-01
8.001262694597244263e-02 -4.616539180278778076e-02 7.902930676937103271e-02
1.496198475360870361e-01 -2.496136873960494995e-01 -3.478949964046478271e-01
1.606197506189346313e-01 -2.950628995895385742e-01 -3.940376937389373779e-01
1.192111000418663025e-01 -2.657774090766906738e-01 -3.819207847118377686e-01
9.813246130943298340e-02 -1.428583711385726929e-01 -1.787120103836059570e-01
2.682983689010143280e-02 1.469999738037586212e-02 7.151186466217041016e-02
-3.649799898266792297e-02 1.040092110633850098e-02 -2.011142671108245850e-02
-8.063286542892456055e-02 4.908272251486778259e-02 4.449968039989471436e-02
-5.717084556818008423e-02 7.086762040853500366e-02 8.132199873216450214e-04
-4.020243510603904724e-02 1.281601004302501678e-02 -8.907826989889144897e-02
-1.223725080490112305e-02 7.431007176637649536e-02 5.974451825022697449e-02
5.253808572888374329e-02 4.474627599120140076e-02 2.229044213891029358e-02
2.073498517274856567e-01 9.558390825986862183e-03 1.092072054743766785e-01
4.186334311962127686e-01 -6.683484464883804321e-02 2.011434733867645264e-01
4.785657823085784912e-01 -1.547720432281494141e-01 9.977945685386657715e-02
3.868738114833831787e-01 -1.214279159903526306e-01 1.643904112279415131e-02
1.713135987520217896e-01 -7.761044800281524658e-02 -1.684670895338058472e-01
-7.243409752845764160e-02 -4.676381498575210571e-02 -2.047706395387649536e-01
-1.264538317918777466e-01 -6.422591209411621094e-02 -8.840306103229522705e-02
-2.288163751363754272e-01 4.420039430260658264e-02 5.939636379480361938e-02
-3.297697007656097412e-01 1.485721766948699951e-01 -1.101529132574796677e-02
-2.666678428649902344e-01 1.981984823942184448e-01 1.089213881641626358e-02
-1.898382753133773804e-01 1.783551424741744995e-01 1.241811811923980713e-01
-2.460296824574470520e-02 8.303532004356384277e-02 2.018936723470687866e-01
5.097750574350357056e-02 2.914611063897609711e-02 2.724330723285675049e-01
6.274938583374023438e-02 -3.762596100568771362e-02 6.143241003155708313e-02
5.884136632084846497e-02 -7.767558097839355469e-03 4.914424940943717957e-02
8.064152300357818604e-02 3.102784045040607452e-02 8.009887486696243286e-02
4.955665394663810730e-02 1.034297347068786621e-01 9.161281585693359375e-02
-1.178424134850502014e-01 6.696702539920806885e-02 9.374203532934188843e-02
-1.001597866415977478e-01 7.115491479635238647e-02 2.465883269906044006e-02
-7.700745761394500732e-02 4.994522780179977417e-02 -5.683704465627670288e-02
-4.128572717308998108e-02 8.718878962099552155e-03 -1.260198503732681274e-01
-7.437549531459808350e-02 -4.659317061305046082e-02 -1.944169998168945312e-01
-1.690205931663513184e-01 -1.459205299615859985e-01 -1.900660991668701172e-01
-1.342183649539947510e-01 -1.262575685977935791e-01 -1.025144532322883606e-01
8.632526732981204987e-03 -1.048182994127273560e-01 -3.139808401465415955e-02
1.612229198217391968e-01 -2.149681895971298218e-01 9.551797807216644287e-02
1.528572887182235718e-01 -3.667838871479034424e-01 1.730659753084182739e-01
5.286289751529693604e-02 -4.175183475017547607e-01 1.419386863708496094e-01
-2.726639434695243835e-02 -3.650334477424621582e-01 -1.658948361873626709e-01
-3.476822972297668457e-01 1.885423511266708374e-01 -3.085458576679229736e-01
-4.579910933971405029e-01 3.887330293655395508e-01 -4.270678162574768066e-01
-4.611856341361999512e-01 4.488658607006072998e-01 -4.186358451843261719e-01
-4.020577073097229004e-01 3.753383159637451172e-01 -3.408671021461486816e-01
-1.573173403739929199e-01 1.577820032835006714e-01 -2.861355543136596680e-01
-4.896934330463409424e-02 6.374048441648483276e-02 -8.895423263311386108e-02
2.477563545107841492e-02 -3.560007736086845398e-02 1.500784140080213547e-02
3.896551951766014099e-02 -4.082221537828445435e-02 8.912739157676696777e-02
3.487984463572502136e-02 -5.231895297765731812e-02 1.225638389587402344e-01
1.422850042581558228e-02 -3.467753902077674866e-02 1.136266440153121948e-01
-4.912741109728813171e-02 -1.011650413274765015e-01 3.861732408404350281e-02
-1.512779854238033295e-02 -1.327921748161315918e-01 -2.115124603733420372e-03
6.605055183172225952e-02 -1.037705019116401672e-01 -1.274424511939287186e-02
9.563256055116653442e-02 -1.154327169060707092e-01 -2.098260819911956787e-02
1.530721634626388550e-01 -1.400517076253890991e-01 -2.704751305282115936e-02
1.770817786455154419e-01 -1.698409169912338257e-01 -4.614168778061866760e-02
1.752616614103317261e-01 -1.351631134748458862e-01 1.132707744836807251e-01
2.916342318058013916e-01 -1.399957686662673950e-01 2.909617424011230469e-01
2.055780291557312012e-01 -1.411198079586029053e-01 4.111494719982147217e-01
2.588191330432891846e-01 -1.491789221763610840e-01 4.158546030521392822e-01
4.246945977210998535e-01 -9.942709654569625854e-02 2.724625170230865479e-01
3.507174551486968994e-01 1.208074018359184265e-01 1.041617542505264282e-01
1.967736631631851196e-01 1.394131034612655640e-01 -1.133268848061561584e-01
-1.988542228937149048e-01 8.705621212720870972e-02 -1.929332464933395386e-01
-2.602476775646209717e-01 -2.797954343259334564e-02 -1.206004843115806580e-01
-1.166195496916770935e-01 -8.411839604377746582e-02 2.944854088127613068e-02
9.993136674165725708e-02 1.642468273639678955e-01 1.138484030961990356e-01
1.266927868127822876e-01 2.167917042970657349e-01 3.212400898337364197e-02
6.002491712570190430e-02 1.697853058576583862e-01 -2.206276636570692062e-03
-6.086812354624271393e-03 -3.757213056087493896e-02 -2.883620792999863625e-03
-1.170090138912200928e-01 -8.970744162797927856e-02 -7.613819837570190430e-02
-1.807040274143218994e-01 5.612616986036300659e-02 -1.906492412090301514e-01
-4.802180919796228409e-03 5.584196746349334717e-02 -2.728838920593261719e-01
1.607876420021057129e-01 2.120410650968551636e-01 -2.507359683513641357e-01
1.779568642377853394e-01 1.580175906419754028e-01 5.037743598222732544e-02
1.437159180641174316e-01 1.343783885240554810e-01 1.449340768158435822e-02
1.256870571523904800e-02 -3.254328668117523193e-02 4.841319099068641663e-02
3.483017161488533020e-02 -1.499475091695785522e-01 1.376842111349105835e-01
-3.582941740751266479e-02 -1.333575248718261719e-01 1.235866686329245567e-03
-1.961880549788475037e-02 -2.350402623414993286e-01 7.603725045919418335e-02
-5.625456944108009338e-02 -3.152492642402648926e-02 -2.028575092554092407e-01
7.391242310404777527e-03 -3.316192701458930969e-02 -1.748135387897491455e-01
3.068179078400135040e-02 2.314143031835556030e-01 -7.657916098833084106e-02
-1.235746145248413086e-01 1.539800763130187988e-01 1.492234505712985992e-02
-1.698465198278427124e-01 -5.327909067273139954e-02 1.768903285264968872e-01
-1.543026715517044067e-01 2.838702872395515442e-03 1.418891847133636475e-01
3.560452954843640327e-03 -1.888899207115173340e-01 2.497670650482177734e-01
1.454852521419525146e-01 -1.218744888901710510e-01 2.153000831604003906e-01
1.739736348390579224e-01 -2.345793098211288452e-01 1.567553430795669556e-01
