1.290514373437936374e-02
8.603429156252909160e-03
0.000000000000000000e+00
0.000000000000000000e+00
0.000000000000000000e+00
0.000000000000000000e+00
0.000000000000000000e+00
2.026766975243053659e-01
3.969216773995657976e-01
4.365036182981847368e-01
2.239663349612997512e-01
0.000000000000000000e+00
0.000000000000000000e+00
0.000000000000000000e+00
0.000000000000000000e+00
2.490336058651820145e-02
2.460586843111179853e-02
3.027115682193375415e-02
2.557240533065771593e-02
1.595449986381557855e-02
6.588136001683769088e-03
8.052390126050093522e-03
2.151349253033611741e-02
1.683588991047535802e-02
0.000000000000000000e+00
0.000000000000000000e+00
0.000000000000000000e+00
0.000000000000000000e+00
0.000000000000000000e+00
0.000000000000000000e+00
0.000000000000000000e+00
0.000000000000000000e+00
0.000000000000000000e+00
0.000000000000000000e+00
0.000000000000000000e+00
0.000000000000000000e+00
0.000000000000000000e+00
0.000000000000000000e+00
0.000000000000000000e+00
2.572550655304869371e-01
4.749640520056130355e-01
4.334036906355954732e-01
2.292493814595090718e-01
0.000000000000000000e+00
0.000000000000000000e+00
0.000000000000000000e+00
3.009703899062252663e-01
5.485033448462967032e-01
5.618322077291773020e-01
2.369976531776097073e-01
0.000000000000000000e+00
0.000000000000000000e+00
0.000000000000000000e+00
0.000000000000000000e+00
7.844475453016275246e-02
2.797279567239742415e-02
1.752687447544218693e-02
8.526428097726294897e-03
0.000000000000000000e+00
0.000000000000000000e+00
0.000000000000000000e+00
0.000000000000000000e+00
0.000000000000000000e+00
0.000000000000000000e+00
0.000000000000000000e+00
0.000000000000000000e+00
0.000000000000000000e+00
0.000000000000000000e+00
0.000000000000000000e+00
0.000000000000000000e+00
0.000000000000000000e+00
0.000000000000000000e+00
0.000000000000000000e+00
0.000000000000000000e+00
6.149648088227697897e-04
1.104911694108289683e-02
1.393702749592865865e-02
1.776578386319450226e-02
2.879853044881192786e-02
3.204514148493236431e-02
0.000000000000000000e+00
0.000000000000000000e+00
1.317853982927504747e-02
7.439310796219891775e-02
1.386971967013405360e-01
6.148168257979209905e-02
5.435857268222904709e-04
0.000000000000000000e+00
0.000000000000000000e+00
2.692286776202109429e-03
0.000000000000000000e+00
0.000000000000000000e+00
0.000000000000000000e+00
0.000000000000000000e+00
0.000000000000000000e+00
0.000000000000000000e+00
0.000000000000000000e+00
0.000000000000000000e+00
0.000000000000000000e+00
0.000000000000000000e+00
0.000000000000000000e+00
0.000000000000000000e+00
0.000000000000000000e+00
0.000000000000000000e+00
0.000000000000000000e+00
5.628881744234462761e-03
4.577854381355964293e-03
7.329048838041161973e-04
0.000000000000000000e+00
4.613696532927400481e-04
3.291734535979025204e-03
1.482373757991993979e-03
0.000000000000000000e+00
0.000000000000000000e+00
0.000000000000000000e+00
0.000000000000000000e+00
0.000000000000000000e+00
0.000000000000000000e+00
0.000000000000000000e+00
0.000000000000000000e+00
3.923217387916805993e-03
1.027538462704815150e-02
1.661792591337672709e-02
2.160477662554791123e-02
2.287446375845179555e-02
2.075663599172305682e-02
1.150091643468492339e-02
2.392408644768553275e-04
0.000000000000000000e+00
0.000000000000000000e+00
0.000000000000000000e+00
0.000000000000000000e+00
0.000000000000000000e+00
0.000000000000000000e+00
0.000000000000000000e+00
5.554706442735866598e-03
5.508763112324891603e-02
5.409711303136417043e-02
3.660051452407934308e-02
6.348274849078810837e-03
0.000000000000000000e+00
0.000000000000000000e+00
0.000000000000000000e+00
0.000000000000000000e+00
0.000000000000000000e+00
0.000000000000000000e+00
0.000000000000000000e+00
0.000000000000000000e+00
0.000000000000000000e+00
0.000000000000000000e+00
0.000000000000000000e+00
0.000000000000000000e+00
0.000000000000000000e+00
0.000000000000000000e+00
0.000000000000000000e+00
4.826901705762814271e-03
2.104435122472937333e-02
2.222672541922041806e-02
1.431762841465742883e-02
4.928927616018412110e-03
0.000000000000000000e+00
0.000000000000000000e+00
0.000000000000000000e+00
0.000000000000000000e+00
0.000000000000000000e+00
3.198619113912829241e-04
2.131103245449226559e-03
3.630477492878091648e-03
6.661546609352481628e-03
5.166169774304719270e-03
3.119524172710400381e-04
0.000000000000000000e+00
0.000000000000000000e+00
0.000000000000000000e+00
0.000000000000000000e+00
0.000000000000000000e+00
0.000000000000000000e+00
0.000000000000000000e+00
0.000000000000000000e+00
0.000000000000000000e+00
8.813398328589332198e-02
1.863613606312183035e-01
1.527170671228223753e-01
1.717968378498850861e-04
0.000000000000000000e+00
0.000000000000000000e+00
0.000000000000000000e+00
9.980397254178091648e-02
1.504526413132044327e-01
4.880722039011134439e-02
0.000000000000000000e+00
0.000000000000000000e+00
0.000000000000000000e+00
7.244587912238482919e-03
1.197836435009179933e-02
7.863238348404421457e-03
0.000000000000000000e+00
0.000000000000000000e+00
0.000000000000000000e+00
0.000000000000000000e+00
0.000000000000000000e+00
0.000000000000000000e+00
0.000000000000000000e+00
2.824861876766733837e-01
4.356440006930160647e-01
3.686666670386207212e-01
1.770772029967727645e-01
0.000000000000000000e+00
0.000000000000000000e+00
0.000000000000000000e+00
0.000000000000000000e+00
0.000000000000000000e+00
0.000000000000000000e+00
0.000000000000000000e+00
0.000000000000000000e+00
0.000000000000000000e+00
0.000000000000000000e+00
0.000000000000000000e+00
0.000000000000000000e+00
0.000000000000000000e+00
0.000000000000000000e+00
0.000000000000000000e+00
0.000000000000000000e+00
0.000000000000000000e+00
0.000000000000000000e+00
0.000000000000000000e+00
1.720685831250581832e-03
1.720685831250581832e-03
4.301714578126454580e-04
0.000000000000000000e+00
0.000000000000000000e+00
