-1.222349256277084351e-01 -1.283632516860961914e-01 -5.432733893394470215e-01
-1.491642296314239502e-01 -9.699390083551406860e-02 -6.536753177642822266e-01
-1.140819489955902100e-01 -1.711111664772033691e-01 -6.762639284133911133e-01
-3.034281777217984200e-03 -1.875113844871520996e-01 -6.032451391220092773e-01
-7.264163345098495483e-02 -1.494216918945312500e-01 -5.943728685379028320e-01
-7.151372730731964111e-02 -1.115346252918243408e-01 -6.171693801879882812e-01
-4.815572500228881836e-02 -1.863821893930435181e-01 -4.906512796878814697e-01
-1.784133315086364746e-01 -1.514225155115127563e-01 -5.397275090217590332e-01
-1.755212992429733276e-01 -6.651082634925842285e-02 -5.534580945968627930e-01
-6.505554914474487305e-02 -8.277568966150283813e-02 -5.180282592773437500e-01
4.095317721366882324e-01 -3.459205925464630127e-01 -3.516615331172943115e-01
4.114283025264739990e-01 -4.317530989646911621e-01 -1.219463348388671875e-01
4.205324947834014893e-01 -4.080105125904083252e-01 -1.428594589233398438e-01
4.263792037963867188e-01 -4.113569557666778564e-01 -1.040386557579040527e-01
5.241575837135314941e-01 -4.383039176464080811e-01 -1.058317720890045166e-01
5.051096081733703613e-01 -4.178352057933807373e-01 -8.730777353048324585e-02
3.819713294506072998e-01 -4.368250072002410889e-01 -1.245149672031402588e-01
3.736601173877716064e-01 -4.033085107803344727e-01 -1.382190734148025513e-01
3.646731376647949219e-01 -4.481081068515777588e-01 -1.283816993236541748e-01
3.950556218624114990e-01 -4.461857974529266357e-01 -9.923052042722702026e-02
4.144794940948486328e-01 -4.173058569431304932e-01 -4.787087067961692810e-02
4.083321988582611084e-01 -4.676342308521270752e-01 -5.775496363639831543e-02
4.571703970432281494e-01 -4.109307527542114258e-01 -3.236283361911773682e-02
4.411615729331970215e-01 -4.488060772418975830e-01 -9.489598684012889862e-03
5.063806176185607910e-01 -3.870818316936492920e-01 -2.398793213069438934e-02
5.044477581977844238e-01 -3.579532802104949951e-01 -7.172107696533203125e-03
4.685181677341461182e-01 -3.098668754100799561e-01 4.322611540555953979e-02
4.647946953773498535e-01 -3.448639512062072754e-01 7.682611793279647827e-02
4.812791645526885986e-01 -3.612105548381805420e-01 7.584826648235321045e-02
4.882069528102874756e-01 -3.751532733440399170e-01 3.491364046931266785e-02
4.801714718341827393e-01 -3.829001784324645996e-01 3.598176874220371246e-03
5.154073834419250488e-01 -4.138965606689453125e-01 -2.403153106570243835e-02
4.894939959049224854e-01 -3.886084556579589844e-01 -2.999436110258102417e-03
4.185956120491027832e-01 -3.742538392543792725e-01 4.840617626905441284e-02
4.201395213603973389e-01 -3.960248827934265137e-01 6.427341699600219727e-02
4.636753201484680176e-01 -3.558349907398223877e-01 3.979197889566421509e-02
3.079957664012908936e-01 -4.601733088493347168e-01 -8.384080976247787476e-02
9.440914541482925415e-02 -3.439145684242248535e-01 -2.603580057621002197e-01
-5.211318284273147583e-02 -2.135365754365921021e-01 -3.182002305984497070e-01
5.474458262324333191e-02 -2.570787370204925537e-01 -2.957901954650878906e-01
-1.081757321953773499e-01 -1.802652329206466675e-01 -3.209261596202850342e-01
-1.363361477851867676e-01 -3.149653598666191101e-02 -3.747447729110717773e-01
-1.299060285091400146e-01 3.668474033474922180e-02 -3.321669101715087891e-01
-1.920075863599777222e-01 -4.358073696494102478e-02 -3.672185838222503662e-01
-1.646482795476913452e-01 -1.627104878425598145e-01 -4.502769112586975098e-01
-2.021035552024841309e-01 -1.155209168791770935e-01 -5.329956412315368652e-01
-2.431668192148208618e-01 -2.719085216522216797e-01 -3.165267705917358398e-01
-1.210492253303527832e-01 -2.440513372421264648e-01 -2.710009813308715820e-01
-4.454733431339263916e-02 -4.082038998603820801e-02 -3.704024553298950195e-01
-1.863626241683959961e-01 1.640559285879135132e-01 1.894755363464355469e-01
-1.470423191785812378e-01 1.984442472457885742e-01 3.046767115592956543e-01
-2.306628376245498657e-01 2.356489449739456177e-01 2.541266977787017822e-01
-2.558732330799102783e-01 2.879443466663360596e-01 3.027827739715576172e-01
-3.098622560501098633e-01 3.009702265262603760e-01 3.640514910221099854e-01
-3.496285974979400635e-01 3.493835031986236572e-01 3.447514474391937256e-01
-3.232860863208770752e-01 3.786737322807312012e-01 3.062956333160400391e-01
-2.592523694038391113e-01 3.972424268722534180e-01 2.914304435253143311e-01
-2.243292778730392456e-01 3.729061484336853027e-01 2.693005204200744629e-01
-1.169397458434104919e-01 3.339419960975646973e-01 2.246968895196914673e-01
1.320778671652078629e-02 2.818530499935150146e-01 1.912862956523895264e-01
1.373031586408615112e-01 1.540227383375167847e-01 1.515709608793258667e-01
2.797529399394989014e-01 4.267351329326629639e-02 1.147903576493263245e-01
3.509240448474884033e-01 -5.020711570978164673e-02 9.293714165687561035e-02
4.021557271480560303e-01 -1.256413459777832031e-01 4.769704118371009827e-02
4.399672448635101318e-01 -9.110443294048309326e-02 6.225402001291513443e-03
4.431114196777343750e-01 -8.930323272943496704e-02 -1.190231088548898697e-02
4.592986404895782471e-01 -5.697069317102432251e-02 -1.344138663262128830e-02
5.007096529006958008e-01 -9.358780086040496826e-02 -9.554279036819934845e-03
5.211858153343200684e-01 -8.059114217758178711e-02 -1.390338875353336334e-03
5.126311779022216797e-01 -1.235843598842620850e-01 9.553194977343082428e-03
4.491309821605682373e-01 -2.068158984184265137e-01 -2.913922816514968872e-02
4.287137389183044434e-01 -2.315898686647415161e-01 -4.428268224000930786e-02
4.116660356521606445e-01 -2.307295799255371094e-01 -3.536790236830711365e-02
4.195394515991210938e-01 -2.634483575820922852e-01 9.006146341562271118e-03
4.021302759647369385e-01 -2.413398176431655884e-01 5.276524275541305542e-02
3.462040126323699951e-01 -2.374688982963562012e-01 1.386224925518035889e-01
1.906591653823852539e-01 -1.865605264902114868e-01 1.846868544816970825e-01
4.812058806419372559e-02 -2.081806212663650513e-01 2.313916832208633423e-01
1.487042307853698730e-01 -1.991170942783355713e-01 1.941165775060653687e-01
2.507216036319732666e-01 -1.154954805970191956e-01 1.658640354871749878e-01
2.431034147739410400e-01 -1.228011026978492737e-01 1.804238259792327881e-01
2.066362351179122925e-01 -1.510940641164779663e-01 1.969245076179504395e-01
2.143501192331314087e-01 -1.701578497886657715e-01 2.354391664266586304e-01
1.730558276176452637e-01 -2.768223583698272705e-01 2.896516323089599609e-01
2.014653235673904419e-01 -1.306733489036560059e-01 2.453585118055343628e-01
1.988723576068878174e-01 -2.103324681520462036e-01 2.021075189113616943e-01
2.068967968225479126e-01 -2.166363745927810669e-01 1.870841234922409058e-01
2.481129318475723267e-01 -1.829191744327545166e-01 2.090936303138732910e-01
2.480311840772628784e-01 -2.041645497083663940e-01 2.159469574689865112e-01
2.805259823799133301e-01 -1.874993145465850830e-01 2.453550398349761963e-01
3.020678758621215820e-01 -1.459870934486389160e-01 2.434107065200805664e-01
2.656933367252349854e-01 -2.369832843542098999e-01 2.330228090286254883e-01
2.520674169063568115e-01 -2.812899649143218994e-01 2.215454727411270142e-01
2.833219468593597412e-01 -2.386520802974700928e-01 1.959119141101837158e-01
2.136516571044921875e-01 -1.961264163255691528e-01 2.590707838535308838e-01
2.728315889835357666e-01 -1.052219420671463013e-01 2.725557386875152588e-01
2.618059515953063965e-01 -1.316340118646621704e-01 2.721617519855499268e-01
3.385626673698425293e-01 -3.216530010104179382e-02 2.123753875494003296e-01
3.375433981418609619e-01 -6.972146779298782349e-02 2.072776407003402710e-01
2.931561768054962158e-01 -8.073107898235321045e-02 2.111201733350753784e-01
2.742725014686584473e-01 -1.575696021318435669e-01 1.653975844383239746e-01
2.843832671642303467e-01 -1.693649142980575562e-01 1.479871571063995361e-01
2.983413934707641602e-01 -1.788196861743927002e-01 9.437880665063858032e-02
3.298742175102233887e-01 -2.156763970851898193e-01 7.095333188772201538e-02
3.916065394878387451e-01 -2.100524604320526123e-01 4.920315742492675781e-02
3.798527121543884277e-01 -2.691010534763336182e-01 3.749771043658256531e-02
3.874582052230834961e-01 -2.882545590400695801e-01 2.644410170614719391e-02
3.816557228565216064e-01 -3.075379133224487305e-01 6.121246144175529480e-02
3.889001309871673584e-01 -3.123845756053924561e-01 5.019406974315643311e-02
3.740783333778381348e-01 -3.308314383029937744e-01 6.127846240997314453e-02
3.822608888149261475e-01 -3.284305036067962646e-01 6.216147914528846741e-02
4.033568799495697021e-01 -2.942972779273986816e-01 5.235829949378967285e-02
3.723471462726593018e-01 -3.388703167438507080e-01 6.265743821859359741e-02
4.034714102745056152e-01 -2.729144692420959473e-01 2.547626942396163940e-02
3.799012899398803711e-01 -2.838634550571441650e-01 -2.109158411622047424e-02
3.515656292438507080e-01 -3.053565323352813721e-01 2.415832877159118652e-02
3.224557638168334961e-01 -3.021656274795532227e-01 7.598888874053955078e-02
2.892892062664031982e-01 -2.745665013790130615e-01 8.685919642448425293e-02
2.561739683151245117e-01 -2.073989659547805786e-01 1.424054652452468872e-01
2.785637676715850830e-01 -2.088161259889602661e-01 1.735807061195373535e-01
2.653981745243072510e-01 -2.261586189270019531e-01 1.556335836648941040e-01
2.248732447624206543e-01 -2.342495620250701904e-01 1.168097332119941711e-01
1.758957058191299438e-01 -2.558633685111999512e-01 1.455618441104888916e-01
5.005482211709022522e-02 -2.379482388496398926e-01 1.863478869199752808e-01
1.648166961967945099e-02 -1.575772911310195923e-01 1.466174721717834473e-01
-6.308751553297042847e-02 -1.027170121669769287e-01 2.632980644702911377e-01
-5.969265103340148926e-02 -1.317279636859893799e-01 3.033895194530487061e-01
-1.533682793378829956e-01 -2.175553590059280396e-01 3.896887004375457764e-01
-1.399399489164352417e-01 -2.546733915805816650e-01 3.250391483306884766e-01
-1.734137088060379028e-01 -2.413387745618820190e-01 3.106593787670135498e-01
-1.471554338932037354e-01 -2.280402034521102905e-01 3.251115679740905762e-01
-5.532187968492507935e-02 -2.061369419097900391e-01 3.013274073600769043e-01
4.172417148947715759e-02 -1.834592372179031372e-01 3.244239985942840576e-01
1.807204633951187134e-01 -1.923278570175170898e-01 3.356985449790954590e-01
1.822210401296615601e-01 -2.623598575592041016e-01 3.294896483421325684e-01
2.081104964017868042e-01 -3.309220373630523682e-01 3.516218364238739014e-01
2.654860913753509521e-01 -1.579029858112335205e-01 4.535331726074218750e-01
2.208676636219024658e-01 -2.177435159683227539e-01 3.805851936340332031e-01
2.658790349960327148e-01 -3.236747980117797852e-01 2.655461132526397705e-01
2.205662876367568970e-01 -3.491977155208587646e-01 2.561319768428802490e-01
1.621185690164566040e-01 -4.346338808536529541e-01 2.899107038974761963e-01
1.627043783664703369e-01 -4.240513145923614502e-01 3.254586160182952881e-01
1.150932833552360535e-01 -4.012376070022583008e-01 3.326078951358795166e-01
1.660184860229492188e-01 -3.383728563785552979e-01 3.184671401977539062e-01
1.584228575229644775e-01 -2.578299343585968018e-01 3.235011696815490723e-01
6.945362687110900879e-02 -3.099214136600494385e-01 2.925860881805419922e-01
1.466309428215026855e-01 -2.094976305961608887e-01 3.185600042343139648e-01
8.449719846248626709e-02 -2.523131966590881348e-01 3.147024810314178467e-01
7.547271996736526489e-02 -2.885683774948120117e-01 3.409559428691864014e-01
9.617297351360321045e-02 -2.562801837921142578e-01 3.253634870052337646e-01
1.109374389052391052e-01 -2.657732665538787842e-01 3.266750574111938477e-01
8.350004255771636963e-02 -2.452839016914367676e-01 3.169939815998077393e-01
6.706885993480682373e-02 -2.311535030603408813e-01 3.274918794631958008e-01
6.888926774263381958e-02 -2.292882204055786133e-01 3.393758833408355713e-01
1.301285326480865479e-01 -1.250708401203155518e-01 3.383946716785430908e-01
-1.901061274111270905e-02 -5.335002020001411438e-02 4.259952902793884277e-01
-3.065162152051925659e-02 1.640651971101760864e-01 4.747674465179443359e-01
-3.628859296441078186e-02 2.005408555269241333e-01 4.985264539718627930e-01
-5.601525679230690002e-02 1.435266435146331787e-01 4.724635779857635498e-01
-9.260325878858566284e-02 1.233978420495986938e-01 5.035948753356933594e-01
3.328644088469445705e-04 1.409374922513961792e-01 4.717941880226135254e-01
2.227929234504699707e-02 1.361823379993438721e-01 4.611811041831970215e-01
7.758451253175735474e-02 3.472138894721865654e-03 4.486932754516601562e-01
1.354040205478668213e-01 -4.145475476980209351e-02 3.212426304817199707e-01
3.371841460466384888e-02 -1.503890305757522583e-01 2.270881682634353638e-01
4.103082790970802307e-02 -2.028141021728515625e-01 1.768181473016738892e-01
5.476366728544235229e-02 -1.902330964803695679e-01 1.705038249492645264e-01
7.494703680276870728e-02 -1.747431010007858276e-01 1.698547303676605225e-01
3.065980738028883934e-03 -1.361801177263259888e-01 1.432456523180007935e-01
-2.057937905192375183e-02 -2.297556549310684204e-01 1.614505797624588013e-01
-6.371929496526718140e-02 -2.001308649778366089e-01 1.386107355356216431e-01
4.227137938141822815e-02 -1.526649594306945801e-01 9.969702363014221191e-02
2.072920352220535278e-01 -2.313087284564971924e-01 7.719709724187850952e-02
1.424689888954162598e-01 -1.768061220645904541e-01 1.179160401225090027e-01
1.473889499902725220e-01 -9.056381136178970337e-02 1.493657827377319336e-01
1.904987394809722900e-01 -1.322742998600006104e-01 1.293965578079223633e-01
2.329270094633102417e-01 -1.884673088788986206e-01 1.404687762260437012e-01
1.831234544515609741e-01 -1.872559189796447754e-01 1.151515543460845947e-01
1.621099710464477539e-01 -1.876670122146606445e-01 9.336014091968536377e-02
8.244895935058593750e-02 -1.465497761964797974e-01 2.532167434692382812e-01
5.466248840093612671e-02 -3.720449283719062805e-02 4.377542734146118164e-01
1.005870997905731201e-01 1.229805499315261841e-02 4.186736345291137695e-01
6.218904629349708557e-02 -1.780476719141006470e-01 4.431146979331970215e-01
-1.628667563199996948e-01 -1.085949316620826721e-01 2.825525104999542236e-01
3.771522641181945801e-01 -2.918294668197631836e-01 1.992165595293045044e-01
5.373950600624084473e-01 -3.013291060924530029e-01 1.920122206211090088e-01
5.692852139472961426e-01 -3.036770820617675781e-01 1.671861559152603149e-01
5.618660449981689453e-01 -3.061116337776184082e-01 1.769904792308807373e-01
5.635908842086791992e-01 -3.047833442687988281e-01 1.672134101390838623e-01
5.362777113914489746e-01 -3.032300472259521484e-01 1.655678600072860718e-01
5.144222378730773926e-01 -2.978423833847045898e-01 1.807252019643783569e-01
5.045684576034545898e-01 -3.161457777023315430e-01 1.775389760732650757e-01
5.191232562065124512e-01 -2.957419455051422119e-01 1.909757554531097412e-01
5.117396712303161621e-01 -2.828405499458312988e-01 2.055870890617370605e-01
4.868773818016052246e-01 -3.096136748790740967e-01 2.208779007196426392e-01
4.417945146560668945e-01 -3.033427000045776367e-01 2.184614986181259155e-01
4.457983076572418213e-01 -2.700323164463043213e-01 1.987990438938140869e-01
4.903623461723327637e-01 -2.489764988422393799e-01 2.187478095293045044e-01
4.365140497684478760e-01 -2.619360983371734619e-01 2.015336006879806519e-01
3.229252398014068604e-01 -2.531992793083190918e-01 1.664566546678543091e-01
1.816968768835067749e-01 -3.683142066001892090e-01 9.022548049688339233e-02
-1.329344362020492554e-01 -3.444889783859252930e-01 -1.175938174128532410e-01
-1.891332119703292847e-01 -4.336641728878021240e-01 -3.503565788269042969e-01
-3.025093674659729004e-01 -2.116307765245437622e-01 -3.896329998970031738e-01
-3.229266107082366943e-01 2.200693078339099884e-02 -3.526419997215270996e-01
-3.684555590152740479e-01 -5.769781395792961121e-02 -4.595581591129302979e-01
-4.227490723133087158e-01 -1.728764921426773071e-01 -4.400453269481658936e-01
-3.884795904159545898e-01 -2.573037743568420410e-01 -4.825877249240875244e-01
-4.379933774471282959e-01 -2.315280884504318237e-01 -4.082389771938323975e-01
-4.725183248519897461e-01 -2.132989764213562012e-01 -4.148835241794586182e-01
-4.359965920448303223e-01 -1.475100070238113403e-01 -4.683149158954620361e-01
-4.421143829822540283e-01 -2.614940702915191650e-01 -4.054318964481353760e-01
-4.520679414272308350e-01 -1.354185193777084351e-01 -4.305486381053924561e-01
-4.692381024360656738e-01 -2.350421547889709473e-01 -5.312072634696960449e-01
-4.466660022735595703e-01 -3.181063234806060791e-01 -4.464374184608459473e-01
-3.808341920375823975e-01 -3.921216130256652832e-01 -4.994665682315826416e-01
-4.748427569866180420e-01 -1.785818785429000854e-01 -4.325631856918334961e-01
-5.696229338645935059e-01 -2.155538350343704224e-01 -4.883704483509063721e-01
-5.273370742797851562e-01 -2.848302125930786133e-01 -5.035917758941650391e-01
-5.229583978652954102e-01 -3.289397060871124268e-01 -4.375838041305541992e-01
-5.318942070007324219e-01 -1.884465366601943970e-01 -3.974105417728424072e-01
-5.293434262275695801e-01 -2.973084449768066406e-01 -4.446836411952972412e-01
-5.504102706909179688e-01 -3.926763236522674561e-01 -4.586912393569946289e-01
-5.468483567237854004e-01 -2.121886163949966431e-01 -4.179165065288543701e-01
-5.130275487899780273e-01 -3.344595134258270264e-01 -4.324331581592559814e-01
-5.267851948738098145e-01 -3.097729384899139404e-01 -5.081982016563415527e-01
-5.345979928970336914e-01 -3.056419789791107178e-01 -5.803797245025634766e-01
-5.127691626548767090e-01 -3.398729860782623291e-01 -5.357509851455688477e-01
-4.983213841915130615e-01 -3.650233447551727295e-01 -6.166033148765563965e-01
-4.611475169658660889e-01 -3.453916311264038086e-01 -6.585724949836730957e-01
-5.487062335014343262e-01 -2.414122223854064941e-01 -6.038446426391601562e-01
