-1.168959736824035645e-01 -4.406327754259109497e-02 -1.041256934404373169e-01
-2.978550493717193604e-01 -1.565471664071083069e-02 -8.800627291202545166e-02
-4.035808145999908447e-01 9.455385059118270874e-02 -1.016489490866661072e-01
-2.595179080963134766e-01 2.651378810405731201e-01 -1.169977593235671520e-03
-1.140821631997823715e-02 3.323694169521331787e-01 2.725109271705150604e-02
1.407555341720581055e-01 1.728336066007614136e-01 4.240354523062705994e-03
9.410866349935531616e-02 -8.950182795524597168e-02 1.869933158159255981e-01
-1.093837991356849670e-01 -3.029377758502960205e-01 1.644624322652816772e-01
-5.227511748671531677e-02 -2.720386683940887451e-01 1.706001013517379761e-01
1.001376062631607056e-01 -7.476498931646347046e-02 7.708484679460525513e-02
1.345931142568588257e-01 4.296227917075157166e-02 -1.141577586531639099e-01
1.247071772813796997e-01 1.054623201489448547e-01 -4.565579071640968323e-02
-1.946311630308628082e-02 1.501824986189603806e-02 -1.584874093532562256e-01
-1.155790239572525024e-01 -2.227599499747157097e-03 -2.125867605209350586e-01
-1.168478503823280334e-01 9.077079594135284424e-02 -1.773296594619750977e-01
-5.466526374220848083e-02 1.752947717905044556e-01 -2.346407249569892883e-02
1.068613491952419281e-02 1.377054452896118164e-01 1.819273680448532104e-01
2.360112033784389496e-03 -9.102039039134979248e-02 2.133924961090087891e-01
8.203359320759773254e-03 -2.508254945278167725e-01 5.091675370931625366e-02
2.317965030670166016e-02 -2.919733226299285889e-01 -1.282670795917510986e-01
1.233090311288833618e-01 -1.387760043144226074e-01 -1.243058592081069946e-01
1.229171901941299438e-01 9.950376302003860474e-02 -1.107963919639587402e-01
-6.757051497697830200e-02 1.922486722469329834e-01 -2.426570467650890350e-02
-2.301798462867736816e-01 2.145952135324478149e-01 -3.319904953241348267e-02
-2.323173582553863525e-01 7.689070701599121094e-02 -9.919244050979614258e-02
-8.642114698886871338e-02 -1.052640900015830994e-01 -6.052628904581069946e-02
7.940100878477096558e-02 -1.538081616163253784e-01 4.808141291141510010e-02
1.355927735567092896e-01 -1.282045245170593262e-01 1.866208165884017944e-01
1.178644448518753052e-01 1.295023597776889801e-02 1.862602829933166504e-01
1.131905540823936462e-01 1.269065439701080322e-01 9.991023689508438110e-03
9.817641973495483398e-02 1.829073727130889893e-01 -1.808865666389465332e-01
9.712334722280502319e-02 2.272747755050659180e-01 -2.289793640375137329e-01
1.247148066759109497e-01 1.885731518268585205e-01 -1.187722310423851013e-01
1.314066052436828613e-01 1.748694479465484619e-01 -2.961692167446017265e-03
1.631656289100646973e-02 8.171280473470687866e-02 1.671098172664642334e-02
-1.535617858171463013e-01 -2.513902820646762848e-02 1.457002293318510056e-02
-2.652165293693542480e-01 -1.021264716982841492e-01 4.784109070897102356e-03
-1.823753118515014648e-01 -1.988987922668457031e-01 5.048861727118492126e-02
-2.365678083151578903e-03 -1.358925104141235352e-01 4.128772392868995667e-02
1.018493622541427612e-01 -1.765370070934295654e-01 -2.882807888090610504e-02
1.890795081853866577e-01 -1.674019992351531982e-01 -2.777635864913463593e-02
2.068991959095001221e-01 -1.210727393627166748e-01 9.210608154535293579e-02
2.572146058082580566e-01 6.871913094073534012e-03 1.969480365514755249e-01
2.023411393165588379e-01 2.442686855792999268e-01 2.372983843088150024e-01
-8.673292398452758789e-02 1.954945623874664307e-01 9.590921550989151001e-02
-3.398568034172058105e-01 4.859525337815284729e-02 -2.942726910114288330e-01
-3.927849531173706055e-01 -1.928071975708007812e-01 -4.787276983261108398e-01
-2.091889083385467529e-01 -2.569277286529541016e-01 -5.538781285285949707e-01
1.595559716224670410e-01 -7.171240448951721191e-02 -3.823782801628112793e-01
3.120155334472656250e-01 1.488714572042226791e-02 1.417217701673507690e-01
9.240241348743438721e-02 1.286783516407012939e-01 3.957434296607971191e-01
-1.169164627790451050e-01 1.485558450222015381e-01 4.409975409507751465e-01
-1.738825440406799316e-01 1.555437296628952026e-01 3.573879897594451904e-01
3.095759078860282898e-02 1.351274251937866211e-01 1.992530673742294312e-01
2.605490684509277344e-01 -2.838833816349506378e-02 1.725446134805679321e-01
2.645669877529144287e-01 -1.607446223497390747e-01 1.732188463211059570e-01
1.575044095516204834e-01 -2.082054316997528076e-01 1.899137645959854126e-01
1.697925664484500885e-02 -1.504696458578109741e-01 2.358587980270385742e-01
-6.107721105217933655e-02 -4.288024455308914185e-02 2.045606970787048340e-01
-7.850836962461471558e-02 8.899272978305816650e-02 1.101839691400527954e-01
-1.006985679268836975e-01 2.668444216251373291e-01 -5.045296996831893921e-02
-1.431001573801040649e-01 3.892543315887451172e-01 -1.724620610475540161e-01
-1.958804130554199219e-01 4.221707284450531006e-01 -1.803890466690063477e-01
-2.061337530612945557e-01 2.869561612606048584e-01 -1.486689597368240356e-01
-9.712827205657958984e-02 -6.632636766880750656e-03 -1.131111532449722290e-01
4.008784145116806030e-02 -2.537926733493804932e-01 -1.034297123551368713e-01
3.150523453950881958e-02 -3.685142099857330322e-01 -1.011388748884201050e-01
-8.833804726600646973e-02 -3.072659373283386230e-01 -6.955530494451522827e-02
-2.183318883180618286e-01 -1.875561624765396118e-01 2.752107975538820028e-04
-2.059920877218246460e-01 -8.493184298276901245e-02 3.982429951429367065e-02
-7.491112500429153442e-02 -3.494448261335492134e-03 -1.898911036550998688e-02
3.764970228075981140e-02 -1.163267809897661209e-02 -1.273829340934753418e-01
7.144795358180999756e-02 5.057203117758035660e-03 -2.610925734043121338e-01
7.828591763973236084e-02 4.037658497691154480e-02 -3.387316465377807617e-01
1.130784153938293457e-01 7.175137102603912354e-02 -2.493369281291961670e-01
1.761000454425811768e-01 1.725368052721023560e-01 -2.571995742619037628e-02
2.166741639375686646e-01 1.481632739305496216e-01 2.097002267837524414e-01
1.754146367311477661e-01 5.851690471172332764e-02 2.622712254524230957e-01
1.885245442390441895e-01 -7.554013282060623169e-02 8.464945107698440552e-02
2.261309772729873657e-01 -2.762936055660247803e-01 -1.463544904254376888e-03
1.899567693471908569e-01 -2.886831164360046387e-01 4.713375866413116455e-02
5.949158966541290283e-02 -2.618645727634429932e-01 2.118035852909088135e-01
-1.296768039464950562e-01 -1.462091952562332153e-01 2.927667498588562012e-01
-2.607976198196411133e-01 6.039352342486381531e-02 1.325124353170394897e-01
-1.973179280757904053e-01 1.103613451123237610e-01 -9.120871254708617926e-05
-9.849438816308975220e-02 1.181672662496566772e-01 -1.408710777759552002e-01
7.635965477675199509e-03 9.170599281787872314e-02 -1.742122322320938110e-01
9.575109183788299561e-02 9.629482030868530273e-02 -1.057971641421318054e-01
1.332074254751205444e-01 1.852645128965377808e-01 -6.452652066946029663e-02
1.771310120820999146e-01 2.319214940071105957e-01 -2.405316801741719246e-03
5.523140728473663330e-02 1.831251829862594604e-01 -8.352717384696006775e-03
-1.092037186026573181e-01 8.064434677362442017e-02 -7.851635664701461792e-02
-2.418470680713653564e-01 -1.457264460623264313e-02 -8.938416093587875366e-02
-1.906735897064208984e-01 -2.476122416555881500e-02 -5.372514575719833374e-02
1.178545225411653519e-02 3.634927794337272644e-02 2.913085743784904480e-02
1.169000864028930664e-01 6.382475048303604126e-02 1.037643253803253174e-01
1.253880560398101807e-01 3.603885695338249207e-02 1.114696040749549866e-01
9.721840731799602509e-03 -6.154178082942962646e-02 1.089854538440704346e-01
-1.020999439060688019e-02 -1.238524094223976135e-01 1.073942780494689941e-01
3.025455214083194733e-02 -1.557214558124542236e-01 1.253232955932617188e-01
5.312458053231239319e-02 -1.248575672507286072e-01 1.199785768985748291e-01
9.298603981733322144e-02 -9.650912880897521973e-02 6.850779056549072266e-02
5.598076432943344116e-02 -9.662469476461410522e-02 -9.940932504832744598e-03
-1.918880641460418701e-02 -5.264893919229507446e-02 -7.034033536911010742e-02
-9.936571121215820312e-02 -2.939091064035892487e-02 -9.796316921710968018e-02
-1.812937706708908081e-01 3.684835135936737061e-02 -8.079744130373001099e-02
-1.357627511024475098e-01 6.286467611789703369e-02 -6.902135908603668213e-02
2.175709418952465057e-02 6.638878583908081055e-02 -8.630305528640747070e-02
1.056788265705108643e-01 7.909918576478958130e-02 -7.415106892585754395e-02
1.305526196956634521e-01 9.279732406139373779e-02 -6.964777410030364990e-02
7.411019410938024521e-03 1.407599896192550659e-01 -3.088002651929855347e-02
-1.191383674740791321e-01 1.145450472831726074e-01 -7.773337885737419128e-03
-1.353514045476913452e-01 2.782840095460414886e-02 -6.071642786264419556e-02
-1.529774665832519531e-01 -7.738482952117919922e-02 -8.538091927766799927e-02
-8.873199671506881714e-02 -1.162682548165321350e-01 -1.173630133271217346e-01
3.169294446706771851e-02 -1.125632077455520630e-01 -1.166037842631340027e-01
1.679137051105499268e-01 -1.248185634613037109e-01 -4.685702547430992126e-02
2.330152392387390137e-01 -1.363111734390258789e-01 2.402971126139163971e-02
9.826087951660156250e-02 -1.555445343255996704e-01 1.168772131204605103e-01
-1.204970926046371460e-01 -3.953497484326362610e-02 1.064309626817703247e-01
-1.659332513809204102e-01 1.240122988820075989e-01 -3.665162622928619385e-02
-4.464230313897132874e-02 2.129763811826705933e-01 -2.103849351406097412e-01
8.638574182987213135e-02 2.679100036621093750e-01 -2.249931395053863525e-01
4.106711223721504211e-02 1.625883579254150391e-01 -4.042878746986389160e-02
-1.162077784538269043e-01 4.351019114255905151e-02 1.972977817058563232e-01
-1.676222681999206543e-01 -1.819365099072456360e-02 3.320487141609191895e-01
-7.725860178470611572e-02 -5.852430686354637146e-02 2.756187021732330322e-01
1.494148671627044678e-01 -5.043658241629600525e-02 7.241058349609375000e-02
2.658385634422302246e-01 -1.423833072185516357e-01 -1.663400381803512573e-01
2.783826887607574463e-01 -2.451031208038330078e-01 -2.224370539188385010e-01
1.228960752487182617e-01 -2.206480801105499268e-01 -7.006415724754333496e-02
-8.632789552211761475e-02 -4.343875870108604431e-02 1.858193576335906982e-01
-2.002921700477600098e-01 4.166385531425476074e-02 2.411903142929077148e-01
-1.514143943786621094e-01 9.277894347906112671e-02 7.246621698141098022e-02
4.894296452403068542e-02 1.343760043382644653e-01 -1.443859189748764038e-01
1.005018875002861023e-01 2.263276427984237671e-01 -1.610398441553115845e-01
2.478155680000782013e-02 3.256933689117431641e-01 1.627773344516754150e-01
-1.443488448858261108e-01 1.300905346870422363e-01 3.239774703979492188e-01
-2.286441326141357422e-01 -1.826106160879135132e-01 1.869034320116043091e-01
-1.089777052402496338e-01 -3.705073595046997070e-01 -1.969288438558578491e-01
1.458593457937240601e-01 -2.815120518207550049e-01 -4.456551671028137207e-01
2.589682042598724365e-01 -7.848984003067016602e-02 -4.118724763393402100e-01
2.813567221164703369e-01 5.788334459066390991e-02 -2.548118531703948975e-01
9.844094514846801758e-02 9.809371083974838257e-02 -2.985753817483782768e-03
-1.518832892179489136e-01 5.065513774752616882e-02 2.115893661975860596e-01
-1.476441323757171631e-01 4.323398694396018982e-02 2.357187718152999878e-01
-9.489276260137557983e-02 3.859024494886398315e-02 2.394383400678634644e-01
2.780214510858058929e-02 6.641957908868789673e-02 1.831436604261398315e-01
9.789292514324188232e-02 8.591218292713165283e-02 7.851842045783996582e-02
-1.443286519497632980e-02 7.650178670883178711e-02 3.441221266984939575e-02
-5.777174606919288635e-02 7.325970381498336792e-02 -4.328292235732078552e-02
-1.731209009885787964e-01 6.828755885362625122e-02 -6.441918760538101196e-02
-3.479295969009399414e-01 1.258810311555862427e-01 -1.037313565611839294e-01
-3.438084125518798828e-01 1.294836401939392090e-01 -1.939462274312973022e-01
-2.263141125440597534e-01 6.126577407121658325e-02 -2.002814710140228271e-01
1.532479524612426758e-01 -6.645462661981582642e-02 -1.173685863614082336e-01
4.642235338687896729e-01 -1.895616799592971802e-01 8.552078902721405029e-02
4.467169642448425293e-01 -2.144427746534347534e-01 2.508139908313751221e-01
2.594574987888336182e-01 -1.320954710245132446e-01 3.222849071025848389e-01
8.007352799177169800e-02 4.611648246645927429e-02 2.791889905929565430e-01
-2.034728601574897766e-02 2.101247757673263550e-01 1.352191418409347534e-01
-3.936890885233879089e-02 2.175014168024063110e-01 3.633302450180053711e-02
-1.230496913194656372e-01 5.133541300892829895e-02 -2.721271663904190063e-02
-2.374130338430404663e-01 -1.583854109048843384e-01 -3.396826609969139099e-02
-1.601647585630416870e-01 -2.175697088241577148e-01 -8.999458700418472290e-02
-6.939008086919784546e-02 -1.110047176480293274e-01 -1.562107205390930176e-01
-1.536467019468545914e-02 5.581418797373771667e-02 -1.738651841878890991e-01
-5.311398999765515327e-04 1.603077650070190430e-01 -1.151075735688209534e-01
3.293036250397562981e-03 5.680261552333831787e-02 7.841966301202774048e-02
9.335595369338989258e-02 -1.988578028976917267e-02 1.484749317169189453e-01
1.637509167194366455e-01 -7.164218276739120483e-02 9.389548748731613159e-02
1.457331180572509766e-01 -4.968258738517761230e-02 -6.137419119477272034e-02
1.351521909236907959e-01 9.960702620446681976e-03 -1.829728484153747559e-01
1.693233400583267212e-01 -8.537958562374114990e-02 -8.118711411952972412e-02
1.051207110285758972e-01 -7.991276681423187256e-02 6.889858096837997437e-02
-7.400556653738021851e-02 -2.266786247491836548e-02 8.734156936407089233e-02
-3.522236347198486328e-01 2.652169950306415558e-02 -2.753766439855098724e-02
-4.739621579647064209e-01 -2.520713582634925842e-02 -1.375349014997482300e-01
-3.720362782478332520e-01 -1.951538920402526855e-01 -1.205947846174240112e-01
4.379013925790786743e-02 -2.199930250644683838e-01 -1.207248866558074951e-02
5.276737213134765625e-01 9.760900284163653851e-04 1.266498863697052002e-01
6.784896254539489746e-01 2.128717154264450073e-01 1.072614267468452454e-01
6.549999713897705078e-01 2.646103203296661377e-01 9.788355976343154907e-02
3.929554522037506104e-01 1.447132676839828491e-01 5.253884568810462952e-02
-1.558961719274520874e-01 -1.195369474589824677e-02 -1.301336735486984253e-01
-5.021930336952209473e-01 -6.868689507246017456e-02 -1.351885795593261719e-01
-5.716463327407836914e-01 -6.801443547010421753e-02 -1.273953169584274292e-01
-4.970703125000000000e-01 -9.158330969512462616e-03 -5.614905431866645813e-02
-3.396105468273162842e-01 6.054417230188846588e-03 4.868747666478157043e-02
-1.446551084518432617e-01 6.037263199687004089e-03 7.852271944284439087e-02
5.710290372371673584e-02 -3.362537175416946411e-02 1.090994700789451599e-01
1.394205838441848755e-01 -5.172404646873474121e-02 5.803223326802253723e-02
1.208116561174392700e-01 -8.135807700455188751e-03 -1.334061939269304276e-02
3.809697553515434265e-02 4.604598507285118103e-02 -5.768591538071632385e-02
-5.909100547432899475e-02 1.121687367558479309e-01 -7.711260020732879639e-02
-4.933066293597221375e-02 1.112911030650138855e-01 -4.651736840605735779e-02
-7.352314889430999756e-02 4.051113128662109375e-02 -1.194236893206834793e-02
-1.963072121143341064e-01 -1.478906348347663879e-02 -3.970817849040031433e-02
-2.330659329891204834e-01 -1.288379132747650146e-01 3.161393478512763977e-02
-2.230838835239410400e-01 -1.488151401281356812e-01 7.554227113723754883e-02
-1.169333457946777344e-01 4.609642177820205688e-02 4.566207900643348694e-02
1.105328053236007690e-01 2.779448926448822021e-01 5.193855613470077515e-02
2.686053216457366943e-01 3.184197545051574707e-01 -6.171579286456108093e-02
4.451661407947540283e-01 3.213484957814216614e-02 -5.177448317408561707e-02
4.023504257202148438e-01 -2.981611490249633789e-01 -1.035661995410919189e-02
1.399514526128768921e-01 -3.704041838645935059e-01 1.314619462937116623e-02
-1.541808247566223145e-01 -5.196720361709594727e-02 8.271706104278564453e-02
-2.764471769332885742e-01 2.678931653499603271e-01 2.029182203114032745e-02
-1.182845085859298706e-01 3.029527366161346436e-01 2.696000412106513977e-02
6.011224910616874695e-02 5.657682567834854126e-02 -1.439275592565536499e-02
1.384951323270797729e-01 -2.094715684652328491e-01 -5.154320225119590759e-02
1.987968534231185913e-01 -2.215674072504043579e-01 -5.237275362014770508e-02
1.336070001125335693e-01 -6.368105113506317139e-02 -2.002817690372467041e-01
7.470418512821197510e-02 2.759797275066375732e-01 -1.442432999610900879e-01
-8.660110831260681152e-02 3.030028641223907471e-01 2.173310145735740662e-02
-1.923260837793350220e-01 1.704253703355789185e-01 1.062242910265922546e-01
-1.474890112876892090e-01 -1.255874782800674438e-01 2.043866217136383057e-01
-1.757696419954299927e-01 -3.601624965667724609e-01 7.297030091285705566e-02
-5.442939698696136475e-02 -3.187126815319061279e-01 -8.368974924087524414e-02
-3.828751295804977417e-02 -2.172671109437942505e-01 -4.767754673957824707e-02
1.201458051800727844e-01 6.682557519525289536e-03 -1.710863709449768066e-01
1.918363869190216064e-01 1.545742750167846680e-01 -1.313111335039138794e-01
2.002446949481964111e-01 2.260277718305587769e-01 2.362088300287723541e-02
2.032160311937332153e-01 6.882247328758239746e-02 8.668728917837142944e-02
-9.139725007116794586e-03 -1.603256464004516602e-01 2.655068933963775635e-01
-8.158136159181594849e-02 -2.195476889610290527e-01 1.640088111162185669e-01
-3.032232820987701416e-01 -1.530972868204116821e-01 3.993959724903106689e-02
-3.178351819515228271e-01 9.629467129707336426e-02 8.347004652023315430e-03
-2.637664675712585449e-01 1.894024312496185303e-01 -9.667053073644638062e-02
-2.033306956291198730e-01 1.494030505418777466e-01 -7.818238437175750732e-02
-5.557921156287193298e-02 8.828113228082656860e-02 -8.666554838418960571e-02
