8.417278528213500977e-02 1.639587432146072388e-02 3.240821883082389832e-02
-7.764879614114761353e-03 -2.169014140963554382e-02 1.962065324187278748e-02
-4.240953177213668823e-02 -5.180574953556060791e-02 -8.653718978166580200e-03
-1.298679709434509277e-01 -4.530862346291542053e-02 -8.541987836360931396e-02
-1.099819466471672058e-01 -1.173530146479606628e-02 -1.889060735702514648e-01
-5.899202451109886169e-02 4.504369944334030151e-02 -2.746292948722839355e-01
-1.381978839635848999e-01 -3.754041343927383423e-02 -2.906621992588043213e-01
-1.230367943644523621e-01 -1.213870123028755188e-01 -1.658478528261184692e-01
-1.104001626372337341e-01 -1.321470290422439575e-01 3.377730771899223328e-02
-1.205318421125411987e-02 -5.183258280158042908e-02 2.089487314224243164e-01
1.236420646309852600e-01 4.585191607475280762e-02 3.254160881042480469e-01
1.858131736516952515e-01 2.658599428832530975e-02 3.699403107166290283e-01
2.136876136064529419e-01 2.061970345675945282e-02 2.996249496936798096e-01
1.854245662689208984e-01 9.666276723146438599e-02 2.727924659848213196e-02
1.542053967714309692e-01 2.595246732234954834e-01 -2.361506372690200806e-01
5.562252178788185120e-02 2.917806506156921387e-01 -3.805387914180755615e-01
-1.302659660577774048e-01 8.595706522464752197e-02 -3.562139868736267090e-01
-2.282595783472061157e-01 -2.561909258365631104e-01 -1.389113366603851318e-01
-2.826250791549682617e-01 -5.306249856948852539e-01 7.083514705300331116e-03
8.467638865113258362e-03 -3.999411463737487793e-01 1.123182848095893860e-01
3.328131735324859619e-01 -3.132874965667724609e-01 1.440373212099075317e-01
4.546916186809539795e-01 -9.012770652770996094e-02 9.284285455942153931e-02
4.121097624301910400e-01 7.270181924104690552e-02 1.019288301467895508e-01
3.806072473526000977e-02 -5.204968899488449097e-02 6.860518455505371094e-02
-2.667520344257354736e-01 2.702872157096862793e-01 -1.525791641324758530e-02
-3.732889592647552490e-01 3.881025910377502441e-01 -5.651649460196495056e-02
-3.389908671379089355e-01 3.252227008342742920e-01 -4.423200711607933044e-02
-1.981242597103118896e-01 2.042915225028991699e-01 3.135802224278450012e-02
-1.132398024201393127e-01 -8.225657045841217041e-02 7.951862365007400513e-02
-7.403264287859201431e-03 -8.232168108224868774e-02 2.817635610699653625e-02
4.268969967961311340e-02 -5.153116211295127869e-02 -1.091056391596794128e-01
3.509682044386863708e-02 -2.849091403186321259e-02 -1.460758596658706665e-01
-1.864479668438434601e-02 2.047530561685562134e-02 -1.457039564847946167e-01
-5.071847885847091675e-02 1.397502142935991287e-02 -1.331299692392349243e-01
-5.105645209550857544e-02 1.023672241717576981e-02 -1.361137628555297852e-01
-4.336211085319519043e-02 -8.951326832175254822e-03 -1.654678285121917725e-01
-5.340264365077018738e-02 5.525204539299011230e-02 -1.518692523241043091e-01
-1.208018139004707336e-01 2.460390478372573853e-01 -6.248042732477188110e-02
-1.581061780452728271e-01 3.698080182075500488e-01 1.370357722043991089e-01
-9.231895953416824341e-02 3.420191109180450439e-01 3.266583383083343506e-01
-1.179955899715423584e-02 1.234818175435066223e-01 3.826816678047180176e-01
8.717855066061019897e-02 -1.777778416872024536e-01 1.916879266500473022e-01
1.126155182719230652e-01 -3.162574172019958496e-01 -2.190714329481124878e-01
4.423843324184417725e-02 -3.014761805534362793e-01 -4.334545433521270752e-01
-2.924474887549877167e-03 -2.475736439228057861e-01 -4.041283130645751953e-01
-1.352571323513984680e-02 -2.190186828374862671e-01 -1.777617633342742920e-01
3.847363963723182678e-02 -1.968746036291122437e-01 7.555324584245681763e-02
5.752237513661384583e-02 -1.094624251127243042e-01 1.691245734691619873e-01
5.568590015172958374e-02 2.784607186913490295e-02 1.653607338666915894e-01
4.480027779936790466e-02 1.371837854385375977e-01 1.411031633615493774e-01
4.544208198785781860e-02 1.425172090530395508e-01 1.240750700235366821e-01
5.250107124447822571e-02 6.720269471406936646e-02 9.385683387517929077e-02
3.444861993193626404e-02 -5.804599262773990631e-03 4.524147510528564453e-02
4.429629072546958923e-02 -6.000068783760070801e-02 1.425926573574542999e-02
3.648485615849494934e-02 -6.110908836126327515e-02 1.048826891928911209e-02
4.629136994481086731e-02 -3.890036046504974365e-02 3.305095434188842773e-02
4.979523643851280212e-02 -1.088805682957172394e-02 4.921770095825195312e-02
5.443757772445678711e-02 -9.449643082916736603e-03 4.592771455645561218e-02
1.079071611166000366e-01 -6.088809669017791748e-02 2.351901680231094360e-02
1.427413672208786011e-01 -1.277682781219482422e-01 2.654920099303126335e-03
1.200576424598693848e-01 -1.444502174854278564e-01 -1.533822156488895416e-02
5.437680706381797791e-02 -9.183580428361892700e-02 -2.448577806353569031e-02
-6.174941733479499817e-02 3.693125769495964050e-02 1.148553751409053802e-02
-1.495235562324523926e-01 1.763980239629745483e-01 8.609180897474288940e-02
-1.521762907505035400e-01 1.922927945852279663e-01 2.726879119873046875e-01
-5.648336932063102722e-02 1.297348178923130035e-02 4.162283837795257568e-01
7.130368053913116455e-02 -2.018639296293258667e-01 4.099621176719665527e-01
9.928446263074874878e-02 -2.686398923397064209e-01 1.823056638240814209e-01
-2.795197302475571632e-03 -8.102143555879592896e-02 -2.263056784868240356e-01
-1.543914973735809326e-01 1.757508963346481323e-01 -3.898859024047851562e-01
-1.475554406642913818e-01 2.476050406694412231e-01 -3.442997634410858154e-01
-2.306096814572811127e-02 1.807835102081298828e-01 -1.438151448965072632e-01
6.282109767198562622e-02 6.205301359295845032e-02 7.674301974475383759e-03
4.300165921449661255e-02 3.084817342460155487e-02 1.985254697501659393e-02
-4.264973849058151245e-02 1.014190912246704102e-01 -2.953374059870839119e-03
-4.054208099842071533e-02 8.366692066192626953e-02 -2.756925858557224274e-02
5.013188347220420837e-02 5.438967421650886536e-02 -3.642107918858528137e-02
9.195815026760101318e-02 4.641089215874671936e-02 -8.225207775831222534e-02
7.826813310384750366e-02 3.675951808691024780e-02 -8.436810970306396484e-02
7.049056142568588257e-02 2.339545823633670807e-02 -5.877204239368438721e-02
5.695757642388343811e-02 -9.315952658653259277e-03 -7.859657518565654755e-03
6.701336055994033813e-02 -1.142313890159130096e-02 2.882424928247928619e-02
2.837560512125492096e-02 9.442233480513095856e-03 4.539181292057037354e-02
-4.615499824285507202e-02 3.768001450225710869e-03 6.962670385837554932e-02
-6.665292382240295410e-02 -3.605381026864051819e-02 6.342519074678421021e-02
-8.265922963619232178e-02 -5.745733156800270081e-02 6.949870288372039795e-02
-5.536759644746780396e-02 -3.181105852127075195e-02 3.283492103219032288e-02
-5.424265749752521515e-03 -3.530254354700446129e-03 6.408386398106813431e-04
3.479228913784027100e-02 -1.917343027889728546e-02 -4.240375757217407227e-02
6.586961448192596436e-02 -7.572002708911895752e-02 -8.610731363296508789e-02
5.023028701543807983e-02 -1.073917374014854431e-01 -6.244115158915519714e-02
-1.634838641621172428e-03 -6.801246851682662964e-02 -3.976236283779144287e-02
-1.860140124335885048e-03 -4.659163765609264374e-03 5.313672591000795364e-05
3.533482179045677185e-02 2.948522940278053284e-02 9.153933264315128326e-03
5.751344189047813416e-02 3.141650930047035217e-02 -1.890543475747108459e-02
6.306951493024826050e-02 2.289292588829994202e-02 -4.249859601259231567e-02
-4.894740879535675049e-03 3.006408922374248505e-02 -6.451424956321716309e-02
-8.546183258295059204e-02 4.210774227976799011e-02 -7.206100225448608398e-02
-1.415946632623672485e-01 3.687669709324836731e-02 -4.512441903352737427e-02
-1.878068000078201294e-01 2.225359901785850525e-02 -3.148928284645080566e-02
-1.906936466693878174e-01 2.432106435298919678e-02 -3.139219433069229126e-02
-1.677595525979995728e-01 3.334793448448181152e-02 -3.611585125327110291e-02
-1.346819996833801270e-01 4.642971232533454895e-02 -8.419512212276458740e-02
-8.779467642307281494e-02 3.341837599873542786e-02 -1.162298396229743958e-01
-1.786530017852783203e-02 -5.946728959679603577e-02 -1.129894182085990906e-01
8.360138535499572754e-02 -1.084342300891876221e-01 -7.299959659576416016e-02
8.365652710199356079e-02 -1.419768184423446655e-01 -8.086144924163818359e-03
7.278805226087570190e-02 -1.162530779838562012e-01 5.828229710459709167e-02
6.302198022603988647e-02 -7.000459730625152588e-02 1.277969181537628174e-01
9.063569456338882446e-02 -8.404196798801422119e-02 1.431366354227066040e-01
2.049111425876617432e-01 2.269796468317508698e-02 8.989106863737106323e-02
1.293773353099822998e-01 1.660130769014358521e-01 -2.417431399226188660e-02
-4.305861145257949829e-02 2.595612704753875732e-01 -1.062390133738517761e-01
-1.605900377035140991e-01 2.188608199357986450e-01 -4.935249313712120056e-02
-1.673086434602737427e-01 2.004116959869861603e-02 -2.259375760331749916e-03
-4.772771149873733521e-02 -1.195763722062110901e-01 4.660272039473056793e-03
1.037898808717727661e-01 -8.562307804822921753e-02 9.173392318189144135e-03
1.659634560346603394e-01 -1.109422743320465088e-02 -1.496160496026277542e-02
1.729076206684112549e-01 4.474748391658067703e-03 2.548090927302837372e-02
1.788040548563003540e-01 -7.452325522899627686e-02 4.990672692656517029e-02
1.402031779289245605e-01 -1.412582993507385254e-01 5.486430972814559937e-02
1.053602695465087891e-01 -1.115695089101791382e-01 9.318696707487106323e-02
2.462822943925857544e-02 -4.294045269489288330e-02 1.621189713478088379e-01
-1.322762072086334229e-01 3.180564567446708679e-02 2.060726881027221680e-01
-2.763295173645019531e-01 5.505005642771720886e-02 3.096650913357734680e-02
-2.332785129547119141e-01 5.648763477802276611e-02 -1.526373773813247681e-01
-4.292848706245422363e-02 3.276515752077102661e-02 -2.592845559120178223e-01
1.257909834384918213e-01 -7.854780182242393494e-03 -1.200450509786605835e-01
1.320034861564636230e-01 -3.094535134732723236e-02 2.162710428237915039e-01
-2.480839192867279053e-02 -6.019807606935501099e-02 2.375667244195938110e-01
-7.289084792137145996e-02 -4.430480673909187317e-02 1.079377755522727966e-01
8.601987361907958984e-02 -1.078141573816537857e-02 -1.393614560365676880e-01
1.653822809457778931e-01 8.624679408967494965e-03 -2.760119140148162842e-01
1.395879238843917847e-01 7.892689853906631470e-02 -2.388495802879333496e-01
-5.908670369535684586e-03 1.446277350187301636e-01 -1.529481559991836548e-01
-1.281131803989410400e-01 1.887688636779785156e-01 -2.731299959123134613e-03
-1.283716708421707153e-01 1.347064524888992310e-01 1.094962880015373230e-01
-5.428176000714302063e-02 1.248570345342159271e-02 1.330812424421310425e-01
1.298441318795084953e-03 -9.096834063529968262e-02 8.778347820043563843e-02
3.856570646166801453e-02 -1.428444981575012207e-01 4.146049171686172485e-02
2.284790948033332825e-02 -1.054883077740669250e-01 2.642848715186119080e-02
-1.814591378206387162e-04 -5.491130053997039795e-02 1.474955771118402481e-02
1.782532781362533569e-02 -8.238127455115318298e-03 1.060292683541774750e-02
4.241565987467765808e-02 1.110069360584020615e-02 -5.038946866989135742e-03
3.514599055051803589e-02 4.126560688018798828e-02 -2.373404428362846375e-02
-1.132098510861396790e-01 1.214355975389480591e-01 -5.747657269239425659e-02
-2.812802195549011230e-01 1.442804187536239624e-01 -1.330720484256744385e-01
-3.120784759521484375e-01 1.058786213397979736e-01 -1.449856460094451904e-01
-1.882955133914947510e-01 -2.087545581161975861e-02 -8.168417960405349731e-02
1.100626811385154724e-01 -1.679307073354721069e-01 8.428385108709335327e-02
3.172811269760131836e-01 -2.017931044101715088e-01 2.245277017354965210e-01
3.733497560024261475e-01 -1.815792173147201538e-01 2.162036001682281494e-01
2.855122387409210205e-01 3.495015669614076614e-03 1.635348647832870483e-01
3.473963588476181030e-02 2.418618798255920410e-01 8.313623070716857910e-02
-1.451804041862487793e-01 3.219492733478546143e-01 4.555904865264892578e-02
-2.203670591115951538e-01 2.664030790328979492e-01 3.132803365588188171e-02
-1.601470559835433960e-01 -2.364222705364227295e-02 -2.393141761422157288e-02
1.169758848845958710e-03 -2.566972076892852783e-01 -7.245527952909469604e-02
8.728148788213729858e-02 -2.581483721733093262e-01 -8.509658277034759521e-02
8.714838325977325439e-02 -1.574925184249877930e-01 -8.423169702291488647e-02
6.411468237638473511e-02 -6.152317300438880920e-02 -6.911391764879226685e-02
5.016365554183721542e-03 -6.290525197982788086e-02 -3.385598585009574890e-02
-3.071825485676527023e-03 -8.987013995647430420e-02 -1.442124880850315094e-02
3.892403841018676758e-02 -4.634777456521987915e-02 1.030762400478124619e-02
5.342080816626548767e-02 5.692920088768005371e-02 -1.260768901556730270e-02
1.240766048431396484e-01 7.801648229360580444e-02 -3.871162980794906616e-02
1.413858681917190552e-01 6.455594301223754883e-02 -3.420400246977806091e-02
1.181286349892616272e-01 2.397147007286548615e-02 -3.922544419765472412e-02
3.455631434917449951e-02 4.531470313668251038e-02 -6.504515558481216431e-02
-2.177716642618179321e-01 1.379182785749435425e-01 -1.329255104064941406e-01
-3.326590657234191895e-01 1.159482300281524658e-01 -5.693232640624046326e-02
-1.730673462152481079e-01 -4.916725680232048035e-02 9.008141607046127319e-02
1.633826047182083130e-01 -2.422012537717819214e-01 2.150640934705734253e-01
4.487903118133544922e-01 -2.933843433856964111e-01 1.704913228750228882e-01
3.599397540092468262e-01 -1.375391036272048950e-01 -2.340699359774589539e-02
-3.523679077625274658e-02 1.207142844796180725e-01 -1.604987829923629761e-01
-2.626454234123229980e-01 1.925721764564514160e-01 -1.801757067441940308e-01
-2.907862663269042969e-01 1.328273862600326538e-01 -8.996837586164474487e-02
-1.051013916730880737e-01 -6.745161954313516617e-03 1.644565165042877197e-02
-4.741730168461799622e-02 -1.524718827567994595e-03 4.522695019841194153e-02
-6.083821132779121399e-02 1.222500205039978027e-01 6.994815170764923096e-02
-1.136835315264761448e-03 1.550196260213851929e-01 6.385857611894607544e-02
2.026755362749099731e-02 9.942876547574996948e-02 1.529956888407468796e-02
-7.529828231781721115e-03 -2.136910334229469299e-02 -3.658034652471542358e-02
-1.071312949061393738e-01 -1.041372194886207581e-01 -7.373686879873275757e-02
-1.415462940931320190e-01 -8.087162673473358154e-02 -2.081943675875663757e-02
-4.348650947213172913e-02 6.737477378919720650e-04 7.211330533027648926e-02
6.003823503851890564e-02 4.502036795020103455e-02 8.667020499706268311e-02
4.396602883934974670e-02 7.209017872810363770e-02 4.334964230656623840e-02
-1.662495136260986328e-01 -3.360376879572868347e-02 -5.688187479972839355e-02
-3.289748728275299072e-01 -4.735741764307022095e-02 -1.077632904052734375e-01
-2.585460543632507324e-01 8.422873169183731079e-02 -5.069841444492340088e-02
-5.314511805772781372e-02 1.371073126792907715e-01 4.510888084769248962e-02
1.025043353438377380e-01 2.408318668603897095e-01 6.816042959690093994e-02
1.143815815448760986e-01 -1.273101475089788437e-02 -5.807012319564819336e-03
1.786592602729797363e-02 -2.408509552478790283e-01 -1.246137470006942749e-01
1.137109622359275818e-01 -2.677651643753051758e-01 -1.856469362974166870e-01
2.731244564056396484e-01 -2.266438305377960205e-01 -7.824385911226272583e-02
2.824325263500213623e-01 1.043801605701446533e-01 1.270292997360229492e-01
1.911010295152664185e-01 1.661134958267211914e-01 1.629435867071151733e-01
-3.923166543245315552e-02 6.437273323535919189e-02 1.949722319841384888e-01
-1.254285275936126709e-01 -9.758786857128143311e-02 1.263530254364013672e-01
2.332561276853084564e-02 -1.618209630250930786e-01 1.811735704541206360e-02
7.959023863077163696e-02 5.095409974455833435e-02 -5.245089903473854065e-02
3.349580243229866028e-02 2.653322815895080566e-01 -1.931865960359573364e-01
-7.443473488092422485e-02 2.589590549468994141e-01 -4.863724112510681152e-02
-1.197472289204597473e-01 1.475199759006500244e-01 1.691906340420246124e-02
1.717476733028888702e-02 -9.838165715336799622e-03 -1.332050934433937073e-02
1.082797050476074219e-01 -1.035869494080543518e-01 -6.772226840257644653e-02
1.056386455893516541e-01 -6.900266557931900024e-02 -1.135725304484367371e-01
7.805909961462020874e-02 -7.730939239263534546e-02 2.045713961124420166e-01
1.028597205877304077e-01 -1.259837895631790161e-01 1.921627968549728394e-01
1.023368015885353088e-01 -3.486808538436889648e-01 4.986809194087982178e-02
-2.951220609247684479e-02 -3.910807073116302490e-01 -3.280121088027954102e-02
-2.619684636592864990e-01 -1.867470443248748779e-01 -2.127609401941299438e-01
-3.546024262905120850e-01 2.149556577205657959e-01 -1.043808534741401672e-01
-2.498537302017211914e-01 4.704268574714660645e-01 -1.551721692085266113e-01
-7.092255353927612305e-02 3.202964365482330322e-01 -1.267960071563720703e-01
5.610638111829757690e-02 1.663411594927310944e-02 1.235424503684043884e-01
-3.557597473263740540e-02 -1.346386224031448364e-01 1.630135625600814819e-01
-1.113290041685104370e-01 -1.179656162858009338e-01 1.619359403848648071e-01
-1.335460245609283447e-01 1.927884668111801147e-02 3.140969946980476379e-02
