-4.983614385128021240e-01 -2.082599252462387085e-01 2.251275181770324707e-01
-4.711073935031890869e-01 -2.089869976043701172e-01 1.328775286674499512e-01
-5.096687674522399902e-01 -3.281345963478088379e-01 2.224869877099990845e-01
-5.125879645347595215e-01 -4.569843709468841553e-01 4.536737501621246338e-02
-4.546492397785186768e-01 -3.143369853496551514e-01 -1.228557676076889038e-01
-4.359310865402221680e-01 -2.228001952171325684e-01 1.227925717830657959e-01
-3.668193817138671875e-01 -2.112593352794647217e-01 3.712446987628936768e-01
-3.325554728507995605e-01 -1.944802403450012207e-01 4.587779045104980469e-01
-3.718777000904083252e-01 -1.138700768351554871e-01 4.695001542568206787e-01
-4.127432107925415039e-01 -1.359783113002777100e-01 4.789523780345916748e-01
-4.377953112125396729e-01 -1.399236619472503662e-01 5.020052790641784668e-01
-4.732292592525482178e-01 -1.723715066909790039e-01 4.833958148956298828e-01
-4.736946821212768555e-01 -1.786437928676605225e-01 4.890939295291900635e-01
-4.482596516609191895e-01 -3.097428977489471436e-01 4.614981114864349365e-01
-4.257650673389434814e-01 -3.650948703289031982e-01 4.274085164070129395e-01
-4.618977308273315430e-01 -3.610849380493164062e-01 4.130944311618804932e-01
-5.111040472984313965e-01 -2.431574761867523193e-01 3.733939826488494873e-01
-4.717450439929962158e-01 -8.766860514879226685e-02 4.029699862003326416e-01
-4.847571849822998047e-01 2.532606478780508041e-03 3.778153657913208008e-01
-4.328733086585998535e-01 5.852876231074333191e-02 4.458800554275512695e-01
-4.098114371299743652e-01 8.901853114366531372e-02 5.148884057998657227e-01
-3.403326869010925293e-01 9.480115771293640137e-02 5.481521487236022949e-01
-2.720842659473419189e-01 3.514205291867256165e-02 5.739966630935668945e-01
-4.219563305377960205e-02 6.067236512899398804e-02 3.452215790748596191e-01
2.132537513971328735e-01 -1.927464604377746582e-01 4.138147830963134766e-01
3.202834725379943848e-01 -2.542993426322937012e-01 3.379122614860534668e-01
3.893114924430847168e-01 -1.751832216978073120e-01 2.718191444873809814e-01
4.093608558177947998e-01 -2.069055140018463135e-01 2.522068321704864502e-01
4.238359928131103516e-01 -2.159001529216766357e-01 2.313727587461471558e-01
4.726706445217132568e-01 -2.169649302959442139e-01 2.265050709247589111e-01
5.172396302223205566e-01 -1.799477487802505493e-01 2.098447233438491821e-01
5.154694318771362305e-01 -1.284394860267639160e-01 2.129715830087661743e-01
5.115766525268554688e-01 -1.321394443511962891e-01 2.115883976221084595e-01
5.046344399452209473e-01 -1.262525022029876709e-01 1.982417553663253784e-01
5.115205645561218262e-01 -1.098660826683044434e-01 1.973364949226379395e-01
5.037533044815063477e-01 -6.674644351005554199e-02 2.105219513177871704e-01
4.217203259468078613e-01 -7.702823728322982788e-02 2.197184413671493530e-01
3.950350284576416016e-01 -5.497227609157562256e-02 2.512879073619842529e-01
3.035812973976135254e-01 -1.752404496073722839e-02 2.676403522491455078e-01
1.527225673198699951e-01 5.939846485853195190e-02 3.174750804901123047e-01
-2.963333204388618469e-02 2.127622365951538086e-01 3.682272732257843018e-01
-1.174029707908630371e-01 3.534913659095764160e-01 3.853368461132049561e-01
-9.043625742197036743e-02 3.928796350955963135e-01 3.572847843170166016e-01
-6.779783964157104492e-02 4.187875390052795410e-01 3.291654586791992188e-01
-1.408773213624954224e-01 4.234971404075622559e-01 3.498376011848449707e-01
-2.410662919282913208e-01 4.174972772598266602e-01 3.604222536087036133e-01
-3.053190410137176514e-01 4.454788267612457275e-01 3.586339056491851807e-01
-3.369160294532775879e-01 4.856810271739959717e-01 3.521955907344818115e-01
-3.653597533702850342e-01 5.163108706474304199e-01 3.630461990833282471e-01
-4.012171030044555664e-01 5.333334207534790039e-01 3.668559789657592773e-01
-4.254186749458312988e-01 5.471812486648559570e-01 3.630882501602172852e-01
-4.178434908390045166e-01 5.620380043983459473e-01 3.593902289867401123e-01
-4.308798313140869141e-01 5.644426345825195312e-01 3.575041890144348145e-01
-4.406643211841583252e-01 5.661334991455078125e-01 3.583905696868896484e-01
-4.364911019802093506e-01 5.731962919235229492e-01 3.568000197410583496e-01
-4.450334012508392334e-01 5.752666592597961426e-01 3.605906069278717041e-01
-4.475188255310058594e-01 5.757184028625488281e-01 3.659904599189758301e-01
-4.526045918464660645e-01 5.633799433708190918e-01 3.740074336528778076e-01
-4.796542525291442871e-01 5.321924686431884766e-01 3.643765151500701904e-01
-4.652424156665802002e-01 5.456547141075134277e-01 3.624300062656402588e-01
-4.651536643505096436e-01 5.295593738555908203e-01 3.618181943893432617e-01
-4.498486518859863281e-01 5.073662996292114258e-01 3.697248399257659912e-01
-4.365969598293304443e-01 4.687046706676483154e-01 3.792311847209930420e-01
-3.970690071582794189e-01 4.360803961753845215e-01 3.838294446468353271e-01
-3.805545270442962646e-01 3.759463131427764893e-01 3.816614449024200439e-01
-3.066798448562622070e-01 3.336940109729766846e-01 3.658152520656585693e-01
-2.583132386207580566e-01 3.302719593048095703e-01 3.524075150489807129e-01
-2.457713782787322998e-01 3.816523253917694092e-01 3.242083489894866943e-01
-1.097861006855964661e-01 2.104870229959487915e-01 3.212369978427886963e-01
2.177904546260833740e-01 5.138480290770530701e-02 3.676969707012176514e-01
2.062079012393951416e-01 2.875327505171298981e-02 3.890449404716491699e-01
2.384765744209289551e-01 7.266581803560256958e-02 3.961194157600402832e-01
2.783163785934448242e-01 2.669413108378648758e-03 3.639729619026184082e-01
2.627922892570495605e-01 -4.521101713180541992e-02 3.310167491436004639e-01
2.667244374752044678e-01 -1.002403125166893005e-01 3.040524423122406006e-01
3.135526478290557861e-01 -4.632504656910896301e-02 2.734128832817077637e-01
3.118363916873931885e-01 -4.478109627962112427e-02 3.183132112026214600e-01
3.087192177772521973e-01 -8.363912254571914673e-02 2.814921438694000244e-01
3.375546932220458984e-01 -8.419139683246612549e-02 2.489840537309646606e-01
3.552661538124084473e-01 -9.841366857290267944e-02 2.231062948703765869e-01
3.720920383930206299e-01 -9.011855721473693848e-02 2.171534746885299683e-01
3.696103394031524658e-01 -1.040018573403358459e-01 1.991776823997497559e-01
4.015328288078308105e-01 -1.427419632673263550e-01 1.593437492847442627e-01
4.350494742393493652e-01 -1.187262013554573059e-01 1.401706486940383911e-01
4.376484453678131104e-01 -1.204869598150253296e-01 1.397622674703598022e-01
4.421586692333221436e-01 -1.063485741615295410e-01 1.025758534669876099e-01
4.376656711101531982e-01 -1.858224570751190186e-01 8.223190903663635254e-02
4.575980305671691895e-01 -1.963716149330139160e-01 6.646783649921417236e-02
4.462372660636901855e-01 -2.435129433870315552e-01 6.058790907263755798e-02
4.696133136749267578e-01 -2.736596167087554932e-01 2.559680677950382233e-02
4.671364426612854004e-01 -2.757737934589385986e-01 2.728900685906410217e-02
4.979146420955657959e-01 -2.779445052146911621e-01 6.820850074291229248e-03
5.155858397483825684e-01 -2.936874926090240479e-01 1.036290358752012253e-02
5.113266110420227051e-01 -3.141507506370544434e-01 -8.264200761914253235e-03
5.154972076416015625e-01 -3.045588135719299316e-01 -1.989698410034179688e-02
5.153062343597412109e-01 -2.984066009521484375e-01 -7.501272484660148621e-03
5.272958278656005859e-01 -3.186188936233520508e-01 -2.213000692427158356e-02
5.239655971527099609e-01 -3.244482576847076416e-01 -3.336360305547714233e-02
5.072036981582641602e-01 -3.158763349056243896e-01 -2.659131400287151337e-02
5.077101588249206543e-01 -3.133779466152191162e-01 -1.740553788840770721e-02
5.189983248710632324e-01 -3.198545575141906738e-01 -2.225850522518157959e-02
5.093359351158142090e-01 -3.028768897056579590e-01 -1.001856196671724319e-02
5.035479664802551270e-01 -3.180844485759735107e-01 -2.354786731302738190e-03
4.920321106910705566e-01 -3.052370250225067139e-01 2.796480432152748108e-03
4.830251932144165039e-01 -2.805127203464508057e-01 1.145604904741048813e-02
4.529417157173156738e-01 -2.623766660690307617e-01 5.257428437471389771e-02
4.137862622737884521e-01 -2.111336439847946167e-01 7.511687278747558594e-02
3.287208378314971924e-01 -1.593478918075561523e-01 1.268140375614166260e-01
3.298448324203491211e-01 -1.420030444860458374e-01 1.554196476936340332e-01
2.481838762760162354e-01 -7.687137275934219360e-02 1.543769389390945435e-01
7.887373864650726318e-02 -1.301895529031753540e-01 3.121002018451690674e-01
8.198834955692291260e-02 -1.330728828907012939e-01 2.481438815593719482e-01
1.991126835346221924e-01 -1.905480772256851196e-01 1.868950128555297852e-01
1.371838152408599854e-01 -1.901027411222457886e-01 1.955594122409820557e-01
6.771558523178100586e-02 -1.231812164187431335e-01 1.884561032056808472e-01
4.699135199189186096e-02 -1.027164980769157410e-01 1.876296550035476685e-01
4.591028019785881042e-02 -1.941080242395401001e-01 2.540901303291320801e-01
3.969046100974082947e-02 -2.036298662424087524e-01 3.059579133987426758e-01
3.705140948295593262e-02 -2.046720981597900391e-01 3.120997548103332520e-01
2.597905322909355164e-02 -1.853177547454833984e-01 2.872820794582366943e-01
2.436616271734237671e-02 -1.935033947229385376e-01 2.928699553012847900e-01
6.741970032453536987e-02 -1.609154343605041504e-01 2.975254952907562256e-01
1.106651127338409424e-01 -1.715825796127319336e-01 2.657400369644165039e-01
1.538446247577667236e-01 -1.519038528203964233e-01 2.812872231006622314e-01
2.261471748352050781e-01 -1.615241765975952148e-01 2.623378932476043701e-01
2.763320803642272949e-01 -1.338137090206146240e-01 2.385676801204681396e-01
3.519563078880310059e-01 -2.358083426952362061e-01 2.285035252571105957e-01
3.107756376266479492e-01 -2.191947400569915771e-01 3.194140493869781494e-01
1.922654062509536743e-01 1.465954072773456573e-02 4.796946048736572266e-01
2.749121189117431641e-01 -1.264109164476394653e-01 3.098239302635192871e-01
3.032225668430328369e-01 -2.204594910144805908e-01 3.009214401245117188e-01
2.901484370231628418e-01 -2.740277349948883057e-01 3.499086797237396240e-01
3.037940561771392822e-01 -2.936035096645355225e-01 3.366143405437469482e-01
3.410657942295074463e-01 -2.818674743175506592e-01 3.381306529045104980e-01
3.392323553562164307e-01 -2.600713074207305908e-01 3.400045931339263916e-01
3.053304255008697510e-01 -2.479362189769744873e-01 3.593466579914093018e-01
3.268040418624877930e-01 -1.877786070108413696e-01 3.338231444358825684e-01
3.081324398517608643e-01 -1.749038547277450562e-01 2.873616218566894531e-01
2.893477082252502441e-01 -1.851305663585662842e-01 2.502560913562774658e-01
2.741186320781707764e-01 -1.770313829183578491e-01 2.292506694793701172e-01
2.655540704727172852e-01 -1.704631745815277100e-01 2.160957753658294678e-01
2.439150810241699219e-01 -1.983970403671264648e-01 2.153686285018920898e-01
2.515410184860229492e-01 -1.964556574821472168e-01 2.138906270265579224e-01
2.390737384557723999e-01 -1.999597847461700439e-01 2.059493660926818848e-01
2.296942770481109619e-01 -1.954725533723831177e-01 1.853256523609161377e-01
2.232087552547454834e-01 -2.050849199295043945e-01 2.111886590719223022e-01
2.309624701738357544e-01 -1.774698346853256226e-01 2.094249874353408813e-01
2.231947779655456543e-01 -1.407159715890884399e-01 2.276570945978164673e-01
1.909750550985336304e-01 -7.752002030611038208e-02 2.814584970474243164e-01
1.027105450630187988e-01 3.188742697238922119e-02 3.956142365932464600e-01
-9.089805185794830322e-03 1.616534292697906494e-01 5.331372022628784180e-01
1.021365448832511902e-02 1.628405749797821045e-01 5.076591968536376953e-01
4.988161846995353699e-02 1.620729416608810425e-01 5.062994956970214844e-01
7.325369119644165039e-02 1.648881733417510986e-01 5.111089944839477539e-01
8.495049923658370972e-02 1.690145730972290039e-01 4.960990250110626221e-01
1.313966661691665649e-01 1.644097417593002319e-01 4.865679740905761719e-01
1.406974941492080688e-01 2.117210067808628082e-02 3.898867368698120117e-01
1.567897200584411621e-01 -5.419633537530899048e-02 2.553628385066986084e-01
1.371700018644332886e-01 -9.509939700365066528e-02 1.969763040542602539e-01
1.377883404493331909e-01 -1.113182157278060913e-01 1.469838023185729980e-01
1.471113562583923340e-01 -9.931856393814086914e-02 1.396435946226119995e-01
1.971105784177780151e-01 -6.141019612550735474e-02 1.298436075448989868e-01
2.012880742549896240e-01 -7.654997706413269043e-02 1.258292347192764282e-01
1.806585341691970825e-01 -8.058051019906997681e-02 1.292885690927505493e-01
1.931606233119964600e-01 -1.258571296930313110e-01 1.322305053472518921e-01
2.138708084821701050e-01 -1.166041269898414612e-01 1.217715591192245483e-01
1.929231733083724976e-01 -1.501587927341461182e-01 1.258984655141830444e-01
2.306852191686630249e-01 -1.342736333608627319e-01 1.134639307856559753e-01
2.515976130962371826e-01 -8.925519883632659912e-02 1.261236518621444702e-01
2.672940194606781006e-01 -9.668938070535659790e-02 1.242584660649299622e-01
3.134410381317138672e-01 -7.764992862939834595e-02 1.678937375545501709e-01
3.255645036697387695e-01 -2.677939645946025848e-02 1.986766159534454346e-01
2.633301913738250732e-01 8.069745451211929321e-02 2.627741098403930664e-01
-3.227896988391876221e-02 7.088936865329742432e-02 3.033281862735748291e-01
3.111140131950378418e-01 -1.838548183441162109e-01 2.165034413337707520e-01
5.730036497116088867e-01 -1.724061369895935059e-01 1.683799326419830322e-01
5.848310589790344238e-01 -1.527596712112426758e-01 2.559934854507446289e-01
5.609244704246520996e-01 -2.246133983135223389e-01 2.707318663597106934e-01
5.631884336471557617e-01 -1.907368451356887817e-01 2.448499351739883423e-01
5.398803353309631348e-01 -2.118733227252960205e-01 2.294416874647140503e-01
5.169754028320312500e-01 -2.640045583248138428e-01 2.265260666608810425e-01
4.779815971851348877e-01 -2.531486451625823975e-01 2.116578817367553711e-01
5.183846950531005859e-01 -2.135784029960632324e-01 2.045997828245162964e-01
5.230764150619506836e-01 -2.051119357347488403e-01 1.658069044351577759e-01
5.269620418548583984e-01 -1.894063055515289307e-01 1.653721630573272705e-01
5.027372837066650391e-01 -1.903384625911712646e-01 1.585046947002410889e-01
5.072284936904907227e-01 -2.098516225814819336e-01 1.640665829181671143e-01
5.219976305961608887e-01 -1.990741789340972900e-01 1.637774854898452759e-01
5.107302665710449219e-01 -1.734171062707901001e-01 1.813414990901947021e-01
5.306535959243774414e-01 -1.524836421012878418e-01 1.618501693010330200e-01
5.068186521530151367e-01 -1.478966176509857178e-01 1.351507455110549927e-01
4.418456256389617920e-01 -1.239152178168296814e-01 2.015746086835861206e-01
2.524251043796539307e-01 -1.142101138830184937e-01 1.286648064851760864e-01
1.084508523344993591e-01 -2.796404957771301270e-01 -1.305581778287887573e-01
-2.603651583194732666e-01 -1.573643684387207031e-01 -2.237810641527175903e-01
-3.398131132125854492e-01 -2.122864425182342529e-01 -3.686664700508117676e-01
-3.178026378154754639e-01 -1.202746108174324036e-01 -4.567909836769104004e-01
-3.867770731449127197e-01 4.086792469024658203e-02 -3.483372032642364502e-01
-4.449768960475921631e-01 -1.382369697093963623e-01 -4.112061560153961182e-01
-4.529540836811065674e-01 -1.364830508828163147e-02 -4.315933883190155029e-01
-4.159643352031707764e-01 -8.672516793012619019e-02 -3.848298788070678711e-01
-4.934161603450775146e-01 -1.386937797069549561e-01 -4.706216454505920410e-01
-4.270210862159729004e-01 -1.355670988559722900e-01 -4.866893291473388672e-01
-5.015431046485900879e-01 -1.451175957918167114e-01 -4.832554459571838379e-01
-4.699414372444152832e-01 -2.101033329963684082e-01 -5.417755246162414551e-01
-3.932110369205474854e-01 -2.407276630401611328e-01 -5.589408278465270996e-01
-4.189904928207397461e-01 -3.061154782772064209e-01 -5.452598929405212402e-01
-5.080161094665527344e-01 -2.310177683830261230e-01 -4.295527637004852295e-01
-5.097271203994750977e-01 -1.645887196063995361e-01 -4.853218197822570801e-01
-4.836785495281219482e-01 -2.917087674140930176e-01 -4.894940853118896484e-01
-5.716133713722229004e-01 -2.589766085147857666e-01 -4.412136673927307129e-01
-5.121577978134155273e-01 -2.753555476665496826e-01 -3.940225243568420410e-01
-4.020728468894958496e-01 -2.836050093173980713e-01 -4.580481350421905518e-01
-4.513604044914245605e-01 -3.591258227825164795e-01 -4.608489573001861572e-01
-4.616060256958007812e-01 -3.012306988239288330e-01 -4.552827179431915283e-01
-4.722836017608642578e-01 -3.738310337066650391e-01 -4.918179214000701904e-01
-3.952615261077880859e-01 -4.566120207309722900e-01 -5.890219211578369141e-01
-4.137209951877593994e-01 -3.988816738128662109e-01 -5.010704398155212402e-01
-5.237047672271728516e-01 -2.439513057470321655e-01 -4.201183319091796875e-01
-4.498355388641357422e-01 -3.931946158409118652e-01 -5.297737717628479004e-01
-5.222180485725402832e-01 -2.888332009315490723e-01 -5.591873526573181152e-01
-5.147095918655395508e-01 -2.549450993537902832e-01 -3.703556954860687256e-01
