9.099578857421875000e-02 2.335928380489349365e-01 6.682821363210678101e-02
1.272932719439268112e-02 3.700411319732666016e-01 1.199232265353202820e-01
-8.736470714211463928e-03 4.549755156040191650e-01 1.766545176506042480e-01
-3.834016248583793640e-02 2.024294137954711914e-01 1.917816549539566040e-01
-7.010892778635025024e-02 -2.378443069756031036e-02 -4.414845630526542664e-02
-4.448814690113067627e-02 -1.788877546787261963e-01 -1.070486605167388916e-01
-1.070127636194229126e-02 -1.725608557462692261e-01 -2.142215073108673096e-01
6.341095268726348877e-02 -2.459459006786346436e-03 -1.651424020528793335e-01
1.414610147476196289e-01 -6.009014695882797241e-02 -3.052506130188703537e-03
1.353669464588165283e-01 -9.632924944162368774e-02 6.119324639439582825e-02
7.180090993642807007e-02 -3.522725543007254601e-03 1.180567219853401184e-01
-5.193515494465827942e-02 1.096417233347892761e-01 1.428671032190322876e-01
-1.850686222314834595e-01 1.509686857461929321e-01 1.858325153589248657e-01
-2.299706041812896729e-01 1.426319032907485962e-01 2.301019728183746338e-01
-6.430806219577789307e-02 9.030251204967498779e-02 9.422553330659866333e-02
2.074256688356399536e-01 1.561832726001739502e-01 -1.064451411366462708e-01
3.501304686069488525e-01 3.468841612339019775e-01 -1.884213984012603760e-01
3.442614376544952393e-01 4.338200986385345459e-01 -1.711570769548416138e-01
2.524914145469665527e-01 4.299222528934478760e-01 1.329832524061203003e-02
1.392187923192977905e-01 9.825133532285690308e-02 7.619050145149230957e-02
-5.132965743541717529e-02 -4.654199481010437012e-01 -3.684381023049354553e-02
-1.981826722621917725e-01 -4.885127246379852295e-01 -3.646750748157501221e-01
-4.593417048454284668e-01 -3.619207739830017090e-01 -3.970154523849487305e-01
-5.778474807739257812e-01 3.912357240915298462e-02 -3.394155502319335938e-01
-5.163583159446716309e-01 2.941230237483978271e-01 -1.883516758680343628e-01
-3.623561859130859375e-01 1.981800347566604614e-01 4.645299911499023438e-02
-9.378441423177719116e-02 2.253139317035675049e-01 -6.402624398469924927e-02
-4.076926037669181824e-02 1.500580310821533203e-01 -9.789989329874515533e-03
-5.325292795896530151e-02 1.278070062398910522e-01 1.173065677285194397e-01
-7.434425875544548035e-03 3.440671414136886597e-02 8.674857020378112793e-02
8.067470975220203400e-03 -6.923936307430267334e-02 3.266749903559684753e-02
4.704135656356811523e-02 -8.912997692823410034e-02 -2.673122845590114594e-02
4.944871738553047180e-02 -8.049125224351882935e-02 -6.994281709194183350e-02
5.993052199482917786e-02 -1.167826261371374130e-02 -3.484825417399406433e-02
1.237342059612274170e-01 9.673749096691608429e-03 -1.518928259611129761e-02
1.542291343212127686e-01 -5.196476727724075317e-02 -5.520358309149742126e-02
2.216605246067047119e-01 -1.305377632379531860e-01 -1.258897781372070312e-01
3.198092281818389893e-01 -1.714279800653457642e-01 -1.321608275175094604e-01
4.524805545806884766e-01 -1.062812209129333496e-01 -9.693273901939392090e-02
5.188789367675781250e-01 6.883401423692703247e-02 3.495851531624794006e-02
4.590529203414916992e-01 2.349391728639602661e-01 2.178709954023361206e-01
3.181428015232086182e-01 2.979503870010375977e-01 2.802385985851287842e-01
1.526041775941848755e-01 2.374341785907745361e-01 2.533649504184722900e-01
5.664241313934326172e-02 8.376462757587432861e-02 6.751635670661926270e-02
1.103408187627792358e-01 -1.300171390175819397e-02 -1.052604392170906067e-01
1.592806726694107056e-01 -1.252705454826354980e-01 -1.579360663890838623e-01
1.583757996559143066e-01 -2.545905411243438721e-01 -1.544752717018127441e-01
1.287493258714675903e-01 -3.387271761894226074e-01 -1.227079927921295166e-01
8.177128434181213379e-02 -3.569047152996063232e-01 -1.094665005803108215e-01
7.826739549636840820e-02 -2.631067931652069092e-01 -6.929334253072738647e-02
7.420468330383300781e-02 -1.551951467990875244e-01 -4.210504144430160522e-02
7.235901802778244019e-02 -6.390516459941864014e-02 -1.147772651165723801e-02
4.821972921490669250e-02 -2.562334388494491577e-02 -4.335582256317138672e-03
4.056020826101303101e-02 -2.693735994398593903e-02 1.758408383466303349e-03
2.743132598698139191e-02 -3.896313160657882690e-02 2.193052787333726883e-03
-9.885637089610099792e-03 -6.646031886339187622e-02 -1.526593510061502457e-02
-3.805377706885337830e-02 -6.694091111421585083e-02 1.261613424867391586e-02
-4.799814894795417786e-02 -5.336844548583030701e-02 9.119030088186264038e-03
-5.818187445402145386e-02 -4.734076187014579773e-02 -2.794353058561682701e-03
-8.922770619392395020e-02 -7.002005726099014282e-02 -3.716670349240303040e-02
-1.554476022720336914e-01 -1.286134719848632812e-01 -1.075820773839950562e-01
-2.158338576555252075e-01 -1.753852069377899170e-01 -1.393616795539855957e-01
-2.189906388521194458e-01 -1.688210815191268921e-01 -1.265553832054138184e-01
-1.964498907327651978e-01 -1.269960850477218628e-01 -1.127539202570915222e-01
-1.099511981010437012e-01 1.031613070517778397e-02 -2.717975061386823654e-03
2.836106531322002411e-02 1.239119693636894226e-01 1.317234635353088379e-01
-8.547712862491607666e-02 -5.094395950436592102e-03 2.634032368659973145e-01
-3.154089152812957764e-01 -9.929988533258438110e-02 2.937844097614288330e-01
-4.262681603431701660e-01 -1.276254951953887939e-01 2.528908550739288330e-01
-4.251071512699127197e-01 -6.450448185205459595e-02 1.944209486246109009e-01
-2.178418636322021484e-01 1.694251149892807007e-01 1.890115737915039062e-01
-4.397151991724967957e-02 1.997638940811157227e-01 2.069061696529388428e-01
-1.220856383442878723e-01 1.785723119974136353e-01 1.785279959440231323e-01
-1.358049660921096802e-01 1.561645418405532837e-01 1.405169218778610229e-01
-6.498649716377258301e-02 1.070001199841499329e-01 1.098899468779563904e-01
-3.445822745561599731e-02 1.329229921102523804e-01 1.288030594587326050e-01
-2.245094254612922668e-02 1.493321955204010010e-01 1.143015623092651367e-01
-5.952077731490135193e-02 1.658026576042175293e-01 9.090773761272430420e-02
-5.497526749968528748e-02 1.822531670331954956e-01 1.316714845597743988e-02
-3.901727497577667236e-02 1.755822896957397461e-01 -1.907332427799701691e-02
-6.745151430368423462e-02 1.724258959293365479e-01 -7.619331590831279755e-03
-9.652801603078842163e-02 1.413184553384780884e-01 -6.395260989665985107e-02
-1.016376689076423645e-01 1.477649062871932983e-01 -4.986628517508506775e-02
-8.801309019327163696e-02 1.368624269962310791e-01 -6.095803156495094299e-02
-8.902473747730255127e-02 1.309451609849929810e-01 2.166377613320946693e-03
-8.250606805086135864e-02 1.020498424768447876e-01 6.834769994020462036e-02
-8.451446890830993652e-02 2.621773816645145416e-02 5.191315338015556335e-02
-6.301411241292953491e-02 3.893832117319107056e-02 1.045977249741554260e-01
-8.383715525269508362e-03 2.630820684134960175e-02 6.900671869516372681e-02
-2.092885412275791168e-02 1.132343430072069168e-02 3.940745070576667786e-02
-3.106763586401939392e-02 -3.539537265896797180e-02 -1.980557851493358612e-02
-4.100430756807327271e-02 -7.916624844074249268e-02 -3.696894273161888123e-02
-5.243867635726928711e-02 -7.340859621763229370e-02 -2.086241170763969421e-02
-2.017517387866973877e-02 -3.160727396607398987e-02 1.083803828805685043e-02
-2.468610927462577820e-02 -4.427763167768716812e-03 -1.566164754331111908e-02
-4.324872791767120361e-02 7.973190397024154663e-03 -4.172472655773162842e-02
-2.769218571484088898e-02 -1.056712958961725235e-02 -6.406773626804351807e-02
-1.430759951472282410e-02 -4.455343261361122131e-02 -1.061975732445716858e-01
3.274685936048626900e-03 -2.512353472411632538e-02 -8.615561574697494507e-02
3.229288756847381592e-02 1.227751839905977249e-02 -3.192086890339851379e-02
1.761606335639953613e-02 5.309103056788444519e-02 4.167399182915687561e-02
4.357615485787391663e-02 5.302837863564491272e-02 8.566697686910629272e-02
7.548821717500686646e-02 8.068583160638809204e-02 1.147789806127548218e-01
8.988152444362640381e-02 1.044828370213508606e-01 1.352617442607879639e-01
1.439798474311828613e-01 5.689486116170883179e-02 8.721348643302917480e-02
1.781605333089828491e-01 -1.806452684104442596e-02 6.017820537090301514e-02
1.440713852643966675e-01 -1.404401510953903198e-01 1.214805338531732559e-02
1.753794699907302856e-01 -2.246936261653900146e-01 -1.006711870431900024e-01
2.540030479431152344e-01 -2.269133180379867554e-01 2.774177677929401398e-02
2.571749389171600342e-01 -2.241749018430709839e-01 2.639947459101676941e-02
1.470384150743484497e-01 -1.924919486045837402e-01 3.821851313114166260e-02
1.828581094741821289e-02 -1.924996674060821533e-01 -2.504159882664680481e-02
4.590933397412300110e-02 -1.059961318969726562e-01 -1.765429675579071045e-01
1.579772084951400757e-01 8.674528449773788452e-02 -8.035775274038314819e-02
1.823802888393402100e-01 1.655300259590148926e-01 3.758804872632026672e-02
8.742906898260116577e-02 1.902170628309249878e-01 1.347839534282684326e-01
1.489181816577911377e-02 1.078890562057495117e-01 1.008453890681266785e-01
5.879803001880645752e-02 9.326267242431640625e-02 4.852456972002983093e-02
8.331091701984405518e-02 1.291901767253875732e-01 -2.434994466602802277e-02
3.688809648156166077e-02 8.523782342672348022e-02 -8.567380160093307495e-02
-2.994803339242935181e-02 2.730833366513252258e-02 -1.056180968880653381e-01
-1.140737831592559814e-01 -6.089404970407485962e-02 -1.645240932703018188e-01
-1.646537482738494873e-01 -7.623575627803802490e-02 -1.563871204853057861e-01
-1.716955602169036865e-01 -7.076925784349441528e-02 -1.250758171081542969e-01
-2.039331048727035522e-01 6.067529693245887756e-02 5.688520148396492004e-02
-2.062422335147857666e-01 9.952095896005630493e-02 2.315105497837066650e-01
-1.568681560456752777e-02 -1.710020303726196289e-01 1.162900030612945557e-01
1.079295203089714050e-02 -2.803951799869537354e-01 -1.005194857716560364e-01
2.294631209224462509e-03 -2.326624989509582520e-01 -1.880878061056137085e-01
-6.363646686077117920e-02 1.258690208196640015e-01 1.069584712386131287e-01
-1.474672406911849976e-01 3.923609256744384766e-01 3.745446205139160156e-01
-6.263346970081329346e-02 3.180164992809295654e-01 3.731320202350616455e-01
-1.927470602095127106e-02 1.255749315023422241e-01 1.454540193080902100e-01
-4.844800569117069244e-03 -1.013790071010589600e-01 -1.507544070482254028e-01
5.667443946003913879e-02 -2.018713653087615967e-01 -2.747339010238647461e-01
1.339561343193054199e-01 -1.819116920232772827e-01 -2.785803973674774170e-01
1.374169141054153442e-01 -1.250738501548767090e-01 -2.243748754262924194e-01
1.099431738257408142e-01 -5.186063423752784729e-02 -1.586489826440811157e-01
6.057078391313552856e-02 -1.881385222077369690e-02 -8.778666704893112183e-02
5.240805447101593018e-03 -7.498492952436208725e-03 -5.237142369151115417e-02
-3.382447361946105957e-02 -1.008868683129549026e-02 -2.952599897980690002e-02
-4.785146936774253845e-02 3.145674942061305046e-03 -1.382185146212577820e-02
-3.347007930278778076e-02 3.698097169399261475e-02 3.478137776255607605e-02
-4.226883500814437866e-02 1.719214767217636108e-02 1.638957858085632324e-02
-3.948656842112541199e-02 1.620563492178916931e-02 -1.445845887064933777e-02
-2.545591816306114197e-02 -1.992219500243663788e-02 -5.206423625349998474e-02
5.872263386845588684e-02 -5.306168459355831146e-03 -2.699679322540760040e-02
2.361578494310379028e-01 2.456927299499511719e-02 9.480150043964385986e-02
3.863511979579925537e-01 -5.492337420582771301e-02 1.449808329343795776e-01
4.258615672588348389e-01 -6.470684707164764404e-02 1.518980860710144043e-01
3.395086526870727539e-01 -6.782036274671554565e-02 1.250500380992889404e-01
1.189281642436981201e-01 -9.213891625404357910e-02 1.894859783351421356e-02
-5.516464635729789734e-02 -6.588317453861236572e-02 -3.290425240993499756e-02
-1.390951871871948242e-01 -1.193373873829841614e-01 -1.302744746208190918e-01
-2.085795551538467407e-01 2.475923486053943634e-02 -8.379371464252471924e-02
-2.000944912433624268e-01 2.669133543968200684e-01 6.575980037450790405e-02
-1.598196923732757568e-01 3.068968057632446289e-01 1.416534781455993652e-01
-9.328876435756683350e-02 2.513385117053985596e-01 1.952799409627914429e-01
-1.550566777586936951e-02 1.120097786188125610e-01 1.748361140489578247e-01
1.412145048379898071e-02 -2.214680425822734833e-02 5.128138884902000427e-02
-2.511080354452133179e-03 -1.331626903265714645e-02 -1.506598107516765594e-02
4.808518104255199432e-03 -2.763350494205951691e-04 4.924206295982003212e-04
-6.579412519931793213e-02 -8.230884373188018799e-02 -3.138792142271995544e-02
-7.445556670427322388e-02 -7.563315331935882568e-02 2.836446650326251984e-02
-9.336177259683609009e-02 -8.560838550329208374e-02 3.165231086313724518e-03
-9.150867909193038940e-02 -5.135178565979003906e-02 -3.696194291114807129e-02
-4.326025769114494324e-02 -5.142563953995704651e-02 -1.119569614529609680e-01
-6.187198683619499207e-02 -9.443440288305282593e-02 -1.912701278924942017e-01
-8.241976052522659302e-02 -1.241434887051582336e-01 -2.398386150598526001e-01
-7.799311727285385132e-02 -1.518972069025039673e-01 -2.625768482685089111e-01
2.503599785268306732e-02 -1.466184109449386597e-01 -2.699433565139770508e-01
2.485957294702529907e-01 -1.411634087562561035e-01 -1.121731027960777283e-01
6.207640469074249268e-02 -1.766378283500671387e-01 -2.004948630928993225e-02
-2.410168945789337158e-01 -2.019823528826236725e-02 -1.251298338174819946e-01
-4.147051572799682617e-01 7.153020799160003662e-02 -2.186485677957534790e-01
-4.598688483238220215e-01 1.188199967145919800e-01 -3.270783424377441406e-01
-1.982119530439376831e-01 1.740912795066833496e-01 -1.945383101701736450e-01
-6.884759664535522461e-02 5.324855446815490723e-02 -8.860447257757186890e-02
-7.565062493085861206e-02 7.342073321342468262e-02 -7.719308137893676758e-02
-4.823985695838928223e-02 2.467284724116325378e-02 -6.767845153808593750e-02
-5.339984968304634094e-02 6.166688166558742523e-03 -4.627427831292152405e-02
8.107208996079862118e-04 2.533919923007488251e-02 -6.716606672853231430e-03
3.331099450588226318e-02 6.632788479328155518e-02 -4.355851933360099792e-02
9.002881124615669250e-03 6.512953341007232666e-02 -8.772475272417068481e-02
9.089470840990543365e-03 3.796375915408134460e-02 -5.778058990836143494e-02
1.483170408755540848e-02 -9.576303884387016296e-03 -6.214472930878400803e-03
5.293238908052444458e-02 -8.473359793424606323e-02 2.402581460773944855e-02
4.778463765978813171e-02 -1.374026387929916382e-01 1.818810217082500458e-02
5.764244869351387024e-02 -1.746658533811569214e-01 -5.458554625511169434e-02
9.547507017850875854e-02 -1.872182190418243408e-01 -8.360420912504196167e-02
1.787103712558746338e-01 -1.271611452102661133e-01 3.489206731319427490e-02
2.138053178787231445e-01 -1.423335075378417969e-01 3.200160562992095947e-01
3.247570097446441650e-01 -7.626545429229736328e-02 3.751662671566009521e-01
3.412534594535827637e-01 1.273500472307205200e-01 2.860188186168670654e-01
3.245790600776672363e-01 8.579430729150772095e-02 2.665860950946807861e-01
4.017020761966705322e-01 1.605711504817008972e-02 1.963976919651031494e-01
1.900829225778579712e-01 -1.169712543487548828e-01 1.418157517910003662e-01
1.641433537006378174e-01 -1.534308046102523804e-01 1.267568022012710571e-01
-2.997407317161560059e-02 -2.248535118997097015e-02 -4.165828227996826172e-02
-1.649151891469955444e-01 7.727190107107162476e-02 -9.108359366655349731e-02
-1.319427788257598877e-02 1.931109726428985596e-01 -1.537982933223247528e-02
-5.719534307718276978e-02 1.102639660239219666e-01 -3.593879938125610352e-02
-4.927409440279006958e-02 -1.743668108247220516e-03 1.707113385200500488e-01
-1.146381348371505737e-01 3.479182720184326172e-02 2.038721740245819092e-01
-1.360346376895904541e-01 1.541550308465957642e-01 1.573290303349494934e-02
8.739118464291095734e-03 1.181081756949424744e-01 -8.929842710494995117e-02
1.447232812643051147e-01 1.025082468986511230e-01 -1.085139811038970947e-01
5.333543196320533752e-02 4.247260093688964844e-02 5.787433311343193054e-02
6.904766708612442017e-02 1.245733574032783508e-01 -2.861114963889122009e-02
2.186091803014278412e-02 2.012663036584854126e-01 -1.005582213401794434e-01
-2.057756064459681511e-03 7.764868438243865967e-02 -1.443453282117843628e-01
-1.776310242712497711e-02 8.682914823293685913e-02 -1.003738045692443848e-01
-1.344093233346939087e-01 1.186402738094329834e-01 5.549095943570137024e-02
-1.418789029121398926e-01 5.831886082887649536e-02 -8.973672240972518921e-02
-2.823880016803741455e-01 -1.794535070657730103e-01 2.416575793176889420e-03
-1.726885735988616943e-01 -2.050107419490814209e-01 1.279131770133972168e-01
8.932023495435714722e-02 -1.997234821319580078e-01 1.159448698163032532e-01
1.716761887073516846e-01 -9.530813992023468018e-02 5.645494163036346436e-02
2.625416219234466553e-01 -9.026290476322174072e-02 -5.190834403038024902e-02
3.495612740516662598e-02 -2.217109650373458862e-01 2.989641390740871429e-02
-5.391576141119003296e-02 -2.261804342269897461e-01 1.790744215250015259e-01
5.701721087098121643e-02 -2.356942296028137207e-01 1.904969662427902222e-01
