1.290514373437936374e-02
8.603429156252909160e-03
0.000000000000000000e+00
1.864923234749420455e-01
3.717528269303242983e-01
4.123768223466248162e-01
2.162833936954636493e-01
0.000000000000000000e+00
0.000000000000000000e+00
0.000000000000000000e+00
0.000000000000000000e+00
2.423222524165062966e-02
3.509267285140971887e-02
3.372484235245946232e-02
2.252536297439775709e-02
5.779746319221733784e-03
0.000000000000000000e+00
0.000000000000000000e+00
0.000000000000000000e+00
0.000000000000000000e+00
0.000000000000000000e+00
4.001342185359092751e-02
9.052262425462453965e-02
5.666810886391406704e-02
0.000000000000000000e+00
0.000000000000000000e+00
0.000000000000000000e+00
0.000000000000000000e+00
4.787012912593754249e-03
2.990471422587499904e-03
1.423508742829886556e-03
0.000000000000000000e+00
0.000000000000000000e+00
0.000000000000000000e+00
0.000000000000000000e+00
0.000000000000000000e+00
0.000000000000000000e+00
2.782448445277344810e-03
1.175462084297418906e-02
7.017217852837527234e-03
3.080009521586863849e-03
4.956968577745945667e-03
8.593760538129158189e-03
1.101867359358938564e-02
3.668712184372211263e-03
0.000000000000000000e+00
0.000000000000000000e+00
0.000000000000000000e+00
0.000000000000000000e+00
0.000000000000000000e+00
6.498220478691115257e-03
1.085149117430093089e-02
8.805656213805242855e-03
2.810702733609780121e-03
0.000000000000000000e+00
0.000000000000000000e+00
0.000000000000000000e+00
0.000000000000000000e+00
1.616608703640149466e-03
3.233217407280298931e-03
2.020760879550186507e-03
0.000000000000000000e+00
0.000000000000000000e+00
0.000000000000000000e+00
0.000000000000000000e+00
0.000000000000000000e+00
0.000000000000000000e+00
0.000000000000000000e+00
0.000000000000000000e+00
3.899158413415866609e-02
5.984746294443029496e-02
4.873183076793870250e-02
2.900604472421809688e-02
1.040743707743076174e-02
5.458962180507717643e-03
1.508662159611556851e-03
0.000000000000000000e+00
0.000000000000000000e+00
0.000000000000000000e+00
3.283414798387815619e-03
7.364749865858589983e-03
7.469063293708299613e-03
5.308038530460628714e-03
0.000000000000000000e+00
0.000000000000000000e+00
0.000000000000000000e+00
0.000000000000000000e+00
0.000000000000000000e+00
0.000000000000000000e+00
0.000000000000000000e+00
0.000000000000000000e+00
0.000000000000000000e+00
0.000000000000000000e+00
4.476576755191409910e-05
3.469520928505031784e-03
4.991911475629027400e-03
1.573375605695767968e-03
0.000000000000000000e+00
0.000000000000000000e+00
0.000000000000000000e+00
0.000000000000000000e+00
0.000000000000000000e+00
1.930966788624939546e-03
1.953848528461591978e-03
0.000000000000000000e+00
0.000000000000000000e+00
0.000000000000000000e+00
0.000000000000000000e+00
0.000000000000000000e+00
6.076079947066121562e-03
1.292316162762423282e-02
1.474054020400784176e-02
1.543707782459768051e-02
1.850917785206430272e-02
1.711449445647843584e-02
1.438615220209998012e-02
8.583517579146058077e-03
0.000000000000000000e+00
0.000000000000000000e+00
0.000000000000000000e+00
0.000000000000000000e+00
0.000000000000000000e+00
0.000000000000000000e+00
0.000000000000000000e+00
0.000000000000000000e+00
0.000000000000000000e+00
0.000000000000000000e+00
4.785706697382197811e-03
3.738294399969858267e-02
4.517396636942174609e-02
3.166081227353945149e-02
3.859678879133444061e-03
0.000000000000000000e+00
0.000000000000000000e+00
0.000000000000000000e+00
0.000000000000000000e+00
0.000000000000000000e+00
0.000000000000000000e+00
2.769714487938529802e-03
2.106344231489428766e-03
0.000000000000000000e+00
0.000000000000000000e+00
0.000000000000000000e+00
3.031722224080169933e-03
5.056007915532903345e-03
1.374624130829465388e-03
0.000000000000000000e+00
0.000000000000000000e+00
0.000000000000000000e+00
0.000000000000000000e+00
1.681182338749455038e-02
1.541054984079107300e-02
9.722632420110580154e-03
4.956029940684373962e-03
1.349366260808971922e-03
3.758187926363988195e-03
0.000000000000000000e+00
0.000000000000000000e+00
0.000000000000000000e+00
0.000000000000000000e+00
2.240267392099648969e-03
5.956518589887511289e-03
2.788227955296326745e-03
6.325429210667601236e-04
0.000000000000000000e+00
1.539775024449690274e-03
2.463640039119504525e-03
3.242859769821906262e-04
0.000000000000000000e+00
0.000000000000000000e+00
0.000000000000000000e+00
7.850904788693267508e-03
2.305933587620834571e-02
1.907798862942940155e-02
0.000000000000000000e+00
0.000000000000000000e+00
0.000000000000000000e+00
1.845605952744349895e-02
4.203258114263046935e-02
4.273803909725300276e-02
1.354535000348378558e-02
7.582546483621076900e-04
1.886998534380586847e-03
2.755464270731022240e-03
2.226932838319347252e-04
0.000000000000000000e+00
0.000000000000000000e+00
0.000000000000000000e+00
0.000000000000000000e+00
0.000000000000000000e+00
0.000000000000000000e+00
0.000000000000000000e+00
0.000000000000000000e+00
0.000000000000000000e+00
0.000000000000000000e+00
2.930413485050776812e-01
4.589175788375544629e-01
3.887914526002560489e-01
1.890062166982811043e-01
0.000000000000000000e+00
0.000000000000000000e+00
0.000000000000000000e+00
0.000000000000000000e+00
0.000000000000000000e+00
0.000000000000000000e+00
0.000000000000000000e+00
0.000000000000000000e+00
0.000000000000000000e+00
0.000000000000000000e+00
0.000000000000000000e+00
0.000000000000000000e+00
0.000000000000000000e+00
0.000000000000000000e+00
0.000000000000000000e+00
0.000000000000000000e+00
0.000000000000000000e+00
1.720685831250581832e-03
3.441371662501163664e-03
2.150857289063227290e-03
0.000000000000000000e+00
0.000000000000000000e+00
0.000000000000000000e+00
