6.866817921400070190e-02 1.621197462081909180e-01 1.323549713561078534e-05
3.825466334819793701e-02 2.521399259567260742e-01 1.260524056851863861e-02
2.540567144751548767e-02 2.875498235225677490e-01 4.224480316042900085e-02
-8.284916728734970093e-02 1.314325928688049316e-01 -2.647983841598033905e-02
-1.209202334284782410e-01 -1.385746523737907410e-02 -6.765159964561462402e-02
-1.402910500764846802e-01 -9.488834440708160400e-02 -9.884594380855560303e-02
-1.623101830482482910e-01 2.569198235869407654e-02 -3.735838830471038818e-02
-1.369199603796005249e-01 2.167458981275558472e-01 5.933826789259910583e-02
-1.237332746386528015e-01 1.587525308132171631e-01 2.847466431558132172e-02
-1.044399812817573547e-01 3.269306197762489319e-02 1.225531697273254395e-01
-8.959184587001800537e-02 -1.283643543720245361e-01 1.264587789773941040e-01
-1.185420900583267212e-01 -1.699267625808715820e-01 6.814321875572204590e-02
-1.040564477443695068e-01 -2.957597933709621429e-02 2.748267352581024170e-02
-8.868288248777389526e-02 -5.064520519226789474e-03 -1.105657145380973816e-01
-2.029033564031124115e-02 4.812876135110855103e-02 -1.510395407676696777e-01
2.117771469056606293e-02 9.025885909795761108e-02 -1.153599545359611511e-01
2.706968039274215698e-02 1.042733490467071533e-01 -1.507690548896789551e-01
3.727534040808677673e-02 1.517291814088821411e-01 -1.300670355558395386e-01
2.406321279704570770e-02 1.067257300019264221e-01 -1.119224950671195984e-01
1.946705952286720276e-02 1.414470672607421875e-01 -2.039335854351520538e-02
1.227149926126003265e-02 1.539744287729263306e-01 1.377373468130826950e-02
-3.761069674510508776e-04 1.693860441446304321e-01 3.415123745799064636e-02
4.255222156643867493e-03 2.164061814546585083e-01 7.971857488155364990e-02
3.051576949656009674e-02 1.848080754280090332e-01 3.052147291600704193e-02
2.663119509816169739e-02 1.630625426769256592e-01 4.801899194717407227e-02
-2.602745778858661652e-02 1.108451858162879944e-01 -2.672586706466972828e-04
-8.136123418807983398e-02 4.111467301845550537e-02 -1.186495181173086166e-02
-1.323689967393875122e-01 -1.368326880037784576e-02 -4.885241389274597168e-02
-1.015309244394302368e-01 2.552423859015107155e-03 -5.499706044793128967e-02
-1.020441129803657532e-01 3.218813985586166382e-02 2.329383604228496552e-02
-1.481256484985351562e-01 2.500452287495136261e-02 2.609356865286827087e-02
-1.093600764870643616e-01 4.540835320949554443e-02 1.077077537775039673e-01
-1.076070964336395264e-01 -9.019624441862106323e-02 6.880639120936393738e-03
-4.623126611113548279e-02 -1.706973016262054443e-01 -1.247361451387405396e-01
-2.046115696430206299e-02 -1.999208182096481323e-01 -1.425573378801345825e-01
5.025838688015937805e-02 -1.977968662977218628e-01 -1.545307487249374390e-01
1.240639463067054749e-01 -1.785334646701812744e-01 -1.627406924962997437e-01
1.984344422817230225e-01 -2.315252423286437988e-01 -1.342598497867584229e-01
1.349797546863555908e-01 -1.550519019365310669e-01 9.090032428503036499e-02
1.458878442645072937e-02 -1.393635272979736328e-01 9.687790274620056152e-02
-3.878285363316535950e-02 -1.034797057509422302e-01 7.855457812547683716e-02
-1.579247973859310150e-02 -5.780608579516410828e-02 -5.996861495077610016e-03
2.333289571106433868e-02 -5.581972375512123108e-02 -9.446614980697631836e-02
7.682278752326965332e-02 7.064737379550933838e-02 3.421891853213310242e-02
1.151687055826187134e-01 1.181874424219131470e-01 6.404080986976623535e-02
1.070720925927162170e-01 3.980261832475662231e-02 -8.460652828216552734e-02
1.828312426805496216e-01 2.334912121295928955e-02 -1.328961104154586792e-01
1.350136846303939819e-01 2.693943679332733154e-02 -1.415115594863891602e-01
1.375589072704315186e-01 7.326734066009521484e-02 -7.803815603256225586e-02
6.977903842926025391e-02 8.072912693023681641e-02 7.470627315342426300e-04
-5.298329144716262817e-02 8.258657902479171753e-02 2.195160649716854095e-02
-1.726890504360198975e-01 6.562589108943939209e-02 3.370772814378142357e-03
-2.777853906154632568e-01 1.234676316380500793e-01 1.186005994677543640e-01
-3.202764689922332764e-01 2.103764116764068604e-01 3.052447438240051270e-01
-2.364987134933471680e-01 -1.079586297273635864e-01 2.489125132560729980e-01
-1.498759072273969650e-02 -3.025073409080505371e-01 8.060842007398605347e-02
8.978012949228286743e-02 -1.968899667263031006e-01 -2.412591129541397095e-02
1.254017800092697144e-01 1.375248879194259644e-01 1.749660968780517578e-01
7.571888715028762817e-02 4.390383362770080566e-01 3.133364021778106689e-01
2.807027287781238556e-02 3.222967684268951416e-01 2.111655622720718384e-01
9.109815955162048340e-02 -3.623034432530403137e-02 -1.646834760904312134e-01
9.073664247989654541e-02 -1.743892133235931396e-01 -3.431466221809387207e-01
5.208130553364753723e-02 -1.385237425565719604e-01 -2.784464657306671143e-01
4.836898297071456909e-02 -4.167035222053527832e-02 -1.535606533288955688e-01
1.111092884093523026e-02 1.282446086406707764e-02 -5.119349807500839233e-02
-1.885938458144664764e-02 5.734834447503089905e-02 2.571750618517398834e-02
-2.971415221691131592e-02 7.836105674505233765e-02 5.676890164613723755e-02
-1.319687906652688980e-02 8.491159975528717041e-02 9.252096712589263916e-02
-4.039870400447398424e-04 -1.120986137539148331e-02 3.713163360953330994e-02
8.107411861419677734e-02 -1.032915487885475159e-01 -6.591218058019876480e-03
2.469308823347091675e-01 -1.793387681245803833e-01 1.155994273722171783e-02
3.848190605640411377e-01 -1.416514664888381958e-01 -9.347015991806983948e-03
4.030542671680450439e-01 -1.165810674428939819e-01 -6.169744953513145447e-02
2.907221913337707520e-01 -6.485173106193542480e-02 -9.893360733985900879e-02
6.816009432077407837e-02 -5.936418194323778152e-03 -7.803527265787124634e-02
-1.347030103206634521e-01 3.230004757642745972e-02 4.501155391335487366e-02
-2.351599037647247314e-01 2.006862908601760864e-01 2.830484807491302490e-01
-2.700151801109313965e-01 1.997182518243789673e-01 3.135373592376708984e-01
-2.834679484367370605e-01 1.850055158138275146e-01 2.674355506896972656e-01
-1.973425149917602539e-01 1.166329458355903625e-01 1.605644822120666504e-01
-6.496092677116394043e-02 5.751879140734672546e-02 6.505622714757919312e-02
3.143975511193275452e-02 6.125782430171966553e-02 8.766724169254302979e-02
9.678489714860916138e-02 5.429176241159439087e-02 1.305645555257797241e-01
5.154812335968017578e-02 6.518712639808654785e-02 1.552322655916213989e-01
7.241720799356698990e-03 5.592568591237068176e-02 1.372490227222442627e-01
-4.443377256393432617e-03 8.764638006687164307e-02 1.020364537835121155e-01
-4.337301850318908691e-02 5.294477194547653198e-02 2.460435591638088226e-02
-8.653285354375839233e-02 5.982409697026014328e-03 -3.353145346045494080e-02
-1.334957331418991089e-01 -1.054403488524258137e-03 -9.596881270408630371e-02
-1.645473241806030273e-01 -5.193767324090003967e-02 -1.589057594537734985e-01
-7.137006521224975586e-02 -1.057826876640319824e-01 -2.046685218811035156e-01
1.663740426301956177e-01 -1.869868040084838867e-01 -2.195787429809570312e-01
4.457283616065979004e-01 -3.009451329708099365e-01 -3.183143138885498047e-01
5.695573687553405762e-01 -2.279329597949981689e-01 -3.644400238990783691e-01
5.483689308166503906e-01 -1.251018345355987549e-01 -3.494092524051666260e-01
3.968361318111419678e-01 -7.617837190628051758e-02 -2.719115912914276123e-01
1.345696747303009033e-01 -4.555587098002433777e-02 -2.006868831813335419e-02
-6.751242280006408691e-02 -1.902067214250564575e-01 3.511156141757965088e-02
-1.416199058294296265e-01 -2.193557322025299072e-01 2.893543243408203125e-02
-1.267013400793075562e-01 -2.020393610000610352e-01 -2.275481261312961578e-02
-5.343931913375854492e-02 -1.578859239816665649e-01 -2.762557752430438995e-02
4.905189573764801025e-02 -8.199503272771835327e-02 1.082007959485054016e-02
5.599429458379745483e-02 -5.651717260479927063e-02 1.622723974287509918e-02
1.535984128713607788e-02 -4.024342820048332214e-02 1.221181172877550125e-02
-3.799021616578102112e-02 -3.744346275925636292e-02 -2.566684782505035400e-02
-1.426593586802482605e-02 4.132524190936237574e-04 3.149495273828506470e-02
4.718885198235511780e-02 3.006586991250514984e-02 3.873486816883087158e-02
3.602736070752143860e-02 7.878332398831844330e-03 4.315018653869628906e-02
-7.391052693128585815e-02 -5.376328527927398682e-02 2.127163112163543701e-02
-2.028010487556457520e-01 -1.284989118576049805e-01 -2.205785177648067474e-02
-3.039092123508453369e-01 -1.927698850631713867e-01 -1.059600338339805603e-01
-3.763149678707122803e-01 -1.784397661685943604e-01 -1.635630726814270020e-01
-4.156304895877838135e-01 -2.136182598769664764e-02 -1.769166439771652222e-01
-4.402371346950531006e-01 2.358281165361404419e-01 -3.523386083543300629e-03
-4.227010309696197510e-01 3.876889348030090332e-01 1.964421421289443970e-01
-3.281883299350738525e-01 3.626614511013031006e-01 2.046984136104583740e-01
-1.840700358152389526e-01 2.824127972126007080e-01 1.710758358240127563e-01
-4.690496996045112610e-02 1.230771467089653015e-01 4.304652288556098938e-02
5.547568202018737793e-02 2.336096204817295074e-02 -7.217141683213412762e-04
5.716194957494735718e-02 -1.008601263165473938e-01 -5.691898241639137268e-02
9.955148398876190186e-02 -3.056222200393676758e-01 -2.995546460151672363e-01
1.520567536354064941e-01 -3.063794374465942383e-01 -3.444321751594543457e-01
2.222443521022796631e-01 -2.787249386310577393e-01 -2.523329854011535645e-01
3.183641433715820312e-01 -3.167892396450042725e-01 -1.254500448703765869e-01
3.994470834732055664e-01 -3.126617074012756348e-01 5.013902857899665833e-02
4.113979339599609375e-01 -2.915877699851989746e-01 5.042251572012901306e-02
4.179859161376953125e-01 -1.555655747652053833e-01 6.886191666126251221e-02
3.749288022518157959e-01 5.792232230305671692e-02 8.988927304744720459e-02
3.380129337310791016e-01 1.695632785558700562e-01 6.385469436645507812e-02
2.629037797451019287e-01 2.015600502490997314e-01 2.580177038908004761e-02
1.335804313421249390e-01 1.853581070899963379e-01 -5.007088184356689453e-03
-1.221124827861785889e-02 1.313886344432830811e-01 -8.662354201078414917e-02
-1.847073286771774292e-01 1.585361361503601074e-01 8.897263323888182640e-04
-2.374476492404937744e-01 2.380371838808059692e-01 9.156451374292373657e-02
-2.941156923770904541e-01 2.980512380599975586e-01 1.463232338428497314e-01
-2.638188898563385010e-01 3.026161491870880127e-01 1.885294318199157715e-01
-2.182934135198593140e-01 1.696880906820297241e-01 1.328038275241851807e-01
-1.192585602402687073e-01 9.072168916463851929e-02 1.749964952468872070e-01
2.015775814652442932e-02 2.125054970383644104e-02 1.693314462900161743e-01
1.311777830123901367e-01 2.314504235982894897e-02 1.318128705024719238e-01
1.648661047220230103e-01 2.050092443823814392e-02 4.123374074697494507e-02
2.039140164852142334e-01 -6.604151427745819092e-02 -3.499718010425567627e-02
2.078832685947418213e-01 -1.094385460019111633e-01 -5.300649255514144897e-02
1.839475780725479126e-01 -1.493510752916336060e-01 -1.085292994976043701e-01
1.464501172304153442e-01 -1.549109816551208496e-01 -1.334612071514129639e-01
9.855631738901138306e-02 -1.178459972143173218e-01 -1.313410997390747070e-01
6.040058284997940063e-02 -1.207727268338203430e-01 -1.568861156702041626e-01
2.538044936954975128e-02 -1.005658358335494995e-01 -7.279432564973831177e-02
1.541441772133111954e-02 -5.364396050572395325e-02 -2.081210352480411530e-02
1.124285720288753510e-02 -1.907114498317241669e-02 2.582911774516105652e-02
3.285241313278675079e-03 -3.286475781351327896e-03 3.613973408937454224e-02
-3.517630323767662048e-02 -4.304530844092369080e-02 -3.312297165393829346e-02
-5.891666933894157410e-02 -6.434699147939682007e-02 -2.629155665636062622e-02
-9.641694277524948120e-02 -7.785587012767791748e-02 -2.601842861622571945e-03
-1.430010646581649780e-01 -1.006056517362594604e-01 5.077651888132095337e-02
-2.163603156805038452e-01 -1.470275968313217163e-01 6.045500934123992920e-02
-2.752539217472076416e-01 -1.906514018774032593e-01 -3.904125466942787170e-02
-2.887378036975860596e-01 -8.348191529512405396e-02 1.416118931956589222e-03
-2.653798460960388184e-01 1.005218774080276489e-01 8.715632557868957520e-02
-8.574847877025604248e-02 2.917348146438598633e-01 1.652836799621582031e-01
-3.779329732060432434e-02 2.979863882064819336e-01 1.286448538303375244e-01
-8.769071660935878754e-03 5.902013182640075684e-02 -1.831946894526481628e-02
-3.039637580513954163e-02 -1.640285104513168335e-01 -6.315528601408004761e-02
-3.841656818985939026e-02 -2.656108140945434570e-01 -6.101886183023452759e-02
1.180222406983375549e-01 -2.228865623474121094e-01 -7.351314276456832886e-02
1.982018798589706421e-01 -7.742261886596679688e-02 -1.183999329805374146e-01
2.544478476047515869e-01 -1.644786074757575989e-02 -4.497468844056129456e-02
2.108087986707687378e-01 3.262893483042716980e-02 -1.575225964188575745e-02
1.631316542625427246e-01 8.641380071640014648e-02 1.799302920699119568e-02
1.559837162494659424e-01 1.012016311287879944e-01 -1.424992177635431290e-02
1.639379113912582397e-01 1.184865534305572510e-01 -6.430472433567047119e-02
1.742314696311950684e-01 1.003225669264793396e-01 -1.272682007402181625e-02
1.187376677989959717e-01 5.517674610018730164e-02 -9.960881434381008148e-03
6.157381087541580200e-02 3.846853971481323242e-02 -4.608146846294403076e-02
2.477561496198177338e-02 6.535693258047103882e-02 -7.379422336816787720e-02
-9.447439573705196381e-03 1.465959995985031128e-01 -7.706986367702484131e-02
-9.884396940469741821e-02 4.051571711897850037e-03 -6.585099548101425171e-02
-1.604634672403335571e-01 -2.217185050249099731e-01 9.298007190227508545e-02
-2.255754917860031128e-01 -3.759162425994873047e-01 2.809789478778839111e-01
-2.756120562553405762e-01 -4.600208401679992676e-01 3.691027760505676270e-01
-3.102159798145294189e-01 -2.917447388172149658e-01 4.531166255474090576e-01
-3.439973294734954834e-01 -1.140679344534873962e-01 4.524126350879669189e-01
-2.186510115861892700e-01 -4.434107616543769836e-02 3.199765086174011230e-01
-6.449998170137405396e-02 6.570564210414886475e-02 2.759324908256530762e-01
7.371257990598678589e-02 -9.458415210247039795e-03 8.377461135387420654e-02
4.264074265956878662e-01 3.619569242000579834e-01 -4.941656887531280518e-01
5.274661779403686523e-01 4.772385358810424805e-01 -6.065250635147094727e-01
4.971014261245727539e-01 4.190904796123504639e-01 -6.109545826911926270e-01
2.681470513343811035e-01 1.012914702296257019e-01 -4.682005047798156738e-01
-2.667894661426544189e-01 -2.935333251953125000e-01 -1.188550218939781189e-01
-3.512264192104339600e-01 -2.879498600959777832e-01 -3.411540985107421875e-01
-2.592786550521850586e-01 -1.635226011276245117e-01 -3.821933865547180176e-01
-7.079152762889862061e-02 3.116612881422042847e-02 -2.163826078176498413e-01
-4.741125926375389099e-02 -7.036489900201559067e-03 7.615549117326736450e-02
-5.493839830160140991e-02 -3.801998123526573181e-02 1.469482034444808960e-01
-9.442728757858276367e-02 -1.457099765539169312e-01 -2.853942476212978363e-02
-1.467964500188827515e-01 -1.761996597051620483e-01 -8.333723992109298706e-02
-1.445381045341491699e-01 -1.671770364046096802e-01 -1.394311636686325073e-01
-1.800909787416458130e-01 -3.105983324348926544e-02 2.089202217757701874e-02
-2.487489730119705200e-01 7.980345934629440308e-02 1.528195887804031372e-01
-3.313729465007781982e-01 1.705059558153152466e-01 2.626006603240966797e-01
-4.042464196681976318e-01 2.560935914516448975e-01 2.967039346694946289e-01
-4.671821594238281250e-01 2.907396852970123291e-01 1.256049871444702148e-01
-4.191586971282958984e-01 3.432802855968475342e-01 1.962804049253463745e-01
-2.942470014095306396e-01 3.786930143833160400e-01 2.919089794158935547e-01
-1.128028035163879395e-01 3.955482840538024902e-01 4.007692933082580566e-01
-3.635325003415346146e-03 4.082633554935455322e-01 4.664807617664337158e-01
1.580868498422205448e-03 3.083735704421997070e-01 3.266637623310089111e-01
4.472877085208892822e-02 1.923743039369583130e-01 1.789371967315673828e-01
8.171735703945159912e-02 1.009286269545555115e-01 1.024052202701568604e-01
1.375009268522262573e-01 6.745018810033798218e-02 9.053062647581100464e-02
1.267022341489791870e-01 1.013097316026687622e-01 1.889827251434326172e-01
1.173004955053329468e-01 7.001167535781860352e-02 2.142892181873321533e-01
7.335172593593597412e-02 -7.172162178903818130e-03 1.487635523080825806e-01
6.000125780701637268e-02 -1.076909229159355164e-01 4.024405404925346375e-02
1.266378462314605713e-01 -2.017516493797302246e-01 -2.837144024670124054e-02
1.436881721019744873e-01 -2.107070684432983398e-01 -9.359806030988693237e-02
1.142393946647644043e-01 -3.130559623241424561e-01 -3.332406654953956604e-02
3.104234933853149414e-01 -2.556366622447967529e-01 6.181174516677856445e-02
3.490647375583648682e-01 -2.027253061532974243e-01 7.175492495298385620e-02
3.612256348133087158e-01 -1.936308443546295166e-01 2.004883252084255219e-02
1.030317917466163635e-01 -2.430322021245956421e-01 -9.681661427021026611e-02
-8.008839935064315796e-02 -2.798833250999450684e-01 -3.606133162975311279e-01
-2.035332769155502319e-01 -1.027336865663528442e-01 -3.900977671146392822e-01
-3.322913646697998047e-01 9.298893064260482788e-02 -3.958680927753448486e-01
-3.167799711227416992e-01 1.666424423456192017e-01 -3.428073525428771973e-01
-3.972170650959014893e-01 3.871922940015792847e-02 -1.441707313060760498e-01
-1.742745041847229004e-01 7.594511657953262329e-02 -3.511641919612884521e-02
-5.651121586561203003e-02 1.450754702091217041e-01 9.575793892145156860e-02
-6.288854777812957764e-02 1.845706701278686523e-01 7.706287503242492676e-02
-6.170796975493431091e-02 1.476777791976928711e-01 -3.893198445439338684e-02
-2.978425659239292145e-02 1.107986271381378174e-02 -1.847030073404312134e-01
-1.437278278172016144e-02 -5.322332307696342468e-02 -1.571424156427383423e-01
5.601612105965614319e-02 -2.711874619126319885e-02 -5.435845628380775452e-02
7.070036605000495911e-03 -4.391762614250183105e-02 4.462544247508049011e-02
-6.540479807881638408e-05 3.083399310708045959e-02 8.703757077455520630e-02
1.312182657420635223e-02 1.017589047551155090e-01 7.893609255552291870e-02
-3.003407455980777740e-02 5.933157727122306824e-02 -8.385711163282394409e-02
-1.027889270335435867e-02 3.527774661779403687e-02 -1.510130912065505981e-01
-3.047805465757846832e-02 1.105298288166522980e-02 -1.217220574617385864e-01
-1.428162679076194763e-02 1.768904621712863445e-03 -4.758154973387718201e-02
3.435632586479187012e-02 -3.398204967379570007e-02 3.192047029733657837e-02
4.787257313728332520e-02 -1.494724601507186890e-01 1.809606328606605530e-02
5.969819054007530212e-02 -1.732250750064849854e-01 -1.191667001694440842e-02
8.762829005718231201e-02 -1.241246424615383148e-02 1.134830154478549957e-02
1.084517687559127808e-01 1.323949098587036133e-01 2.392430417239665985e-02
1.716495752334594727e-01 1.342879980802536011e-01 -1.758405938744544983e-02
2.750128507614135742e-01 -1.157424449920654297e-01 -1.513298749923706055e-01
2.902088165283203125e-01 -2.834149897098541260e-01 -2.392813861370086670e-01
5.242273211479187012e-02 -3.890963196754455566e-01 -6.281175464391708374e-02
-1.261296868324279785e-01 -3.950902521610260010e-01 2.869215607643127441e-01
-1.836600601673126221e-01 -3.547804057598114014e-01 4.385954439640045166e-01
-3.943959623575210571e-02 -3.140072524547576904e-01 4.284933507442474365e-01
7.673414051532745361e-02 -4.660126287490129471e-03 4.120217859745025635e-01
-2.195691131055355072e-02 2.063812762498855591e-01 3.520925641059875488e-01
-8.080583810806274414e-02 2.694524526596069336e-01 3.823982775211334229e-01
