1.767634972929954529e-02 5.433103069663047791e-02 5.646938830614089966e-02
9.391453117132186890e-02 -1.301805372349917889e-03 1.594788134098052979e-01
1.518874317407608032e-01 -7.648330181837081909e-02 2.267692089080810547e-01
1.623497456312179565e-01 -1.388036012649536133e-01 1.898112744092941284e-01
1.395625323057174683e-01 -1.397413164377212524e-01 1.141779497265815735e-01
-3.448931674938648939e-04 -4.536063876003026962e-03 1.697577908635139465e-02
-6.349370628595352173e-02 6.219216063618659973e-02 -2.848858386278152466e-02
-1.573019474744796753e-01 6.428515911102294922e-02 -5.461204797029495239e-03
-2.334721684455871582e-01 -9.562565945088863373e-03 -6.077921390533447266e-02
-1.590700447559356689e-01 -1.237547025084495544e-01 -8.319329470396041870e-02
-5.764269083738327026e-02 -6.951903551816940308e-02 -7.843276858329772949e-02
1.218789815902709961e-01 2.598775178194046021e-02 -1.088195070624351501e-01
1.731814593076705933e-01 1.614370644092559814e-01 -8.514443784952163696e-02
8.604726195335388184e-02 2.234106361865997314e-01 -9.196338057518005371e-02
5.801322683691978455e-02 1.528940498828887939e-01 -7.213215529918670654e-02
3.419684618711471558e-02 9.694185107946395874e-02 3.936846740543842316e-03
3.843855112791061401e-02 -2.657980658113956451e-03 2.333004772663116455e-02
-2.398530207574367523e-02 -1.896871440112590790e-02 3.316548466682434082e-02
-1.154492795467376709e-01 8.308914490044116974e-03 2.696878090500831604e-02
-1.296966522932052612e-01 3.818114474415779114e-02 2.449391782283782959e-02
-9.856510907411575317e-02 1.050397455692291260e-01 7.559628784656524658e-02
-1.042797928676009178e-03 9.389673173427581787e-02 9.080081433057785034e-02
5.381204932928085327e-02 -6.558401510119438171e-04 6.956733018159866333e-02
9.895918518304824829e-02 -1.258249729871749878e-01 1.179439108818769455e-02
1.198876053094863892e-01 -2.261591106653213501e-01 -3.087256848812103271e-02
1.153664737939834595e-01 -2.401808500289916992e-01 -1.000120490789413452e-02
9.105727821588516235e-02 -1.433076560497283936e-01 2.463402785360813141e-02
2.013563062064349651e-04 -6.551598757505416870e-02 3.715371713042259216e-02
-5.832605808973312378e-02 -3.615788742899894714e-02 5.026062950491905212e-03
-1.559864580631256104e-01 -9.226965717971324921e-03 -3.605255484580993652e-02
-1.399548053741455078e-01 -4.279266670346260071e-02 -9.074394404888153076e-02
-7.478640973567962646e-02 -1.749220117926597595e-02 -1.757476925849914551e-01
-3.720333799719810486e-02 -3.145792987197637558e-03 -2.194620519876480103e-01
4.740101285278797150e-03 1.340118329972028732e-02 -2.056058645248413086e-01
-1.364133320748806000e-02 9.036048501729965210e-02 -9.718430042266845703e-02
-1.349367387592792511e-02 1.016705036163330078e-01 6.114572286605834961e-02
-3.355677425861358643e-02 4.094155132770538330e-02 2.441395372152328491e-01
-1.136242412030696869e-02 -8.098559826612472534e-02 3.378134071826934814e-01
-1.150272227823734283e-02 -1.354825347661972046e-01 2.883783280849456787e-01
2.704803273081779480e-02 -7.255541533231735229e-02 8.532872796058654785e-02
7.132668048143386841e-02 1.091021765023469925e-02 -2.179464399814605713e-01
-3.086725994944572449e-02 7.545595616102218628e-02 -3.242086768150329590e-01
-1.104206442832946777e-01 6.888594478368759155e-02 -3.130458891391754150e-01
-9.164155274629592896e-02 5.353444814682006836e-02 -2.233818173408508301e-01
-4.571266472339630127e-02 9.793571382761001587e-02 -1.232944577932357788e-01
8.924122154712677002e-02 7.889176905155181885e-02 -4.539315402507781982e-02
9.935662150382995605e-02 9.429831057786941528e-02 6.341025978326797485e-02
3.452203422784805298e-02 4.617178812623023987e-02 1.552001088857650757e-01
4.876108840107917786e-02 -3.194785863161087036e-02 2.242185920476913452e-01
7.856865972280502319e-02 -7.242542505264282227e-02 2.365606129169464111e-01
1.338330805301666260e-01 -1.311015784740447998e-01 2.669931054115295410e-01
6.596055626869201660e-02 -7.306283712387084961e-02 3.255678713321685791e-01
-8.084274828433990479e-02 -7.741825282573699951e-02 2.159247696399688721e-01
-1.831194311380386353e-01 -1.310384739190340042e-02 8.222868666052818298e-03
-9.772931784391403198e-02 6.180472671985626221e-02 -1.800580769777297974e-01
-4.371776059269905090e-02 9.286516904830932617e-02 -2.871041893959045410e-01
-3.234972804784774780e-02 1.299647986888885498e-01 -1.273672133684158325e-01
-5.055598542094230652e-02 2.580043300986289978e-02 -9.851602464914321899e-02
-1.213097479194402695e-02 -1.349106896668672562e-02 -1.935514807701110840e-01
1.982050389051437378e-01 9.228668175637722015e-03 -1.872493624687194824e-01
2.200179845094680786e-01 1.847350969910621643e-02 -1.137618049979209900e-01
1.497536152601242065e-01 1.009671837091445923e-01 7.700439542531967163e-02
-1.972998306155204773e-02 5.361129716038703918e-02 1.951157301664352417e-01
-1.322339773178100586e-01 -2.430399507284164429e-02 1.660353988409042358e-01
-9.156635403633117676e-02 -5.623037368059158325e-02 1.092313304543495178e-01
-4.647654294967651367e-02 -6.857351958751678467e-02 4.915500804781913757e-02
-1.077111344784498215e-02 -4.820609465241432190e-02 9.948261082172393799e-03
-1.620715949684381485e-03 -4.835193604230880737e-02 -4.844930395483970642e-02
-6.236881017684936523e-02 -4.390804842114448547e-02 -1.435391306877136230e-01
-1.249703168869018555e-01 1.684053801000118256e-02 -2.605679631233215332e-01
-1.385176777839660645e-01 7.498813420534133911e-02 -3.058729469776153564e-01
-4.150913655757904053e-02 9.207329154014587402e-02 -2.139123976230621338e-01
1.359320431947708130e-01 8.865755051374435425e-03 4.567738622426986694e-02
2.088641077280044556e-01 -1.184662878513336182e-01 3.239511251449584961e-01
9.830134361982345581e-02 -1.020254865288734436e-01 4.565012156963348389e-01
-2.616503275930881500e-02 -3.454319760203361511e-02 4.126636981964111328e-01
-9.197030961513519287e-02 8.681617677211761475e-02 2.644189894199371338e-01
-6.953999400138854980e-02 1.605945974588394165e-01 1.263158675283193588e-02
6.169994920492172241e-02 1.059772968292236328e-01 -1.835393905639648438e-01
8.906766772270202637e-02 3.606713190674781799e-02 -1.909224092960357666e-01
-2.546032890677452087e-03 -3.780533373355865479e-02 -1.619494259357452393e-01
-8.934225887060165405e-02 -6.664936989545822144e-02 -5.849558860063552856e-02
-1.169116869568824768e-01 -7.160172611474990845e-02 -1.214656233787536621e-02
-4.874398931860923767e-02 -4.176669195294380188e-02 -2.147457748651504517e-02
5.722697824239730835e-02 -3.063102066516876221e-02 -5.219420790672302246e-02
8.334422856569290161e-02 -2.819648198783397675e-02 -9.636443108320236206e-02
8.148128539323806763e-02 -7.642857730388641357e-03 -9.153331071138381958e-02
7.016069442033767700e-02 -4.704611375927925110e-02 -9.610475599765777588e-02
1.851740479469299316e-02 -7.081755995750427246e-02 -1.342525035142898560e-01
-7.274714112281799316e-02 -9.454895555973052979e-02 -2.455042600631713867e-01
-1.262207180261611938e-01 -6.928111612796783447e-02 -3.723442852497100830e-01
-1.134295985102653503e-01 1.081261336803436279e-01 -4.186596274375915527e-01
-6.016074120998382568e-02 2.756285071372985840e-01 -3.211838304996490479e-01
3.339559957385063171e-02 2.991619706153869629e-01 -3.352874889969825745e-02
2.765600010752677917e-02 1.250816881656646729e-01 3.063139021396636963e-01
3.418403491377830505e-02 -1.909581273794174194e-01 4.680550396442413330e-01
6.238653883337974548e-02 -3.488037288188934326e-01 4.456573724746704102e-01
1.004093214869499207e-01 -3.160357177257537842e-01 2.846349477767944336e-01
1.323145031929016113e-01 -1.527035981416702271e-01 8.148039132356643677e-02
2.368279360234737396e-02 8.634713292121887207e-02 -2.858157642185688019e-02
-5.035377293825149536e-02 1.843513250350952148e-01 -3.720993921160697937e-02
-5.025573074817657471e-02 1.562864631414413452e-01 5.135603714734315872e-03
2.655990608036518097e-02 6.906120479106903076e-02 4.045289009809494019e-02
4.215164855122566223e-02 6.353906355798244476e-03 3.607979416847229004e-02
-2.360439486801624298e-02 3.086693026125431061e-02 -4.188321530818939209e-03
-8.905009925365447998e-02 3.331323340535163879e-02 -5.377689003944396973e-02
-7.030580937862396240e-02 -2.863023802638053894e-02 -3.882086277008056641e-02
5.985575541853904724e-02 -1.579541862010955811e-01 2.073566801846027374e-02
1.817571222782135010e-01 -2.499673813581466675e-01 8.203905820846557617e-02
2.642213404178619385e-01 -2.631681561470031738e-01 1.183661594986915588e-01
3.025286197662353516e-01 -1.810535043478012085e-01 1.491200625896453857e-01
2.601377367973327637e-01 1.709467545151710510e-02 2.656732499599456787e-01
1.213919892907142639e-01 2.276880443096160889e-01 3.578712642192840576e-01
-7.032617926597595215e-02 3.681698441505432129e-01 2.637708485126495361e-01
-2.508603930473327637e-01 3.839777708053588867e-01 3.038055496290326118e-03
-2.639405727386474609e-01 2.552554607391357422e-01 -3.106653094291687012e-01
-2.222432941198348999e-01 5.710171535611152649e-02 -4.464521110057830811e-01
-1.369580775499343872e-01 -1.471145451068878174e-01 -3.610309958457946777e-01
-9.857837110757827759e-03 -2.459192276000976562e-01 -2.950242161750793457e-01
4.897133633494377136e-02 -2.093470096588134766e-01 -2.600849270820617676e-01
5.730242282152175903e-02 -1.298411935567855835e-01 -2.148862630128860474e-01
-7.044884562492370605e-02 -5.206846073269844055e-02 -1.675036698579788208e-01
-2.923780679702758789e-01 2.790148742496967316e-02 -3.183072060346603394e-02
-3.830971121788024902e-01 1.035279408097267151e-01 -3.461001813411712646e-02
-3.617061078548431396e-01 2.161882221698760986e-01 -1.139503195881843567e-01
-1.772283911705017090e-01 2.943783104419708252e-01 -5.217111483216285706e-02
1.240325495600700378e-01 2.677139937877655029e-01 7.442732155323028564e-02
2.998177111148834229e-01 1.706506460905075073e-01 2.379338890314102173e-01
3.751003146171569824e-01 -2.566063031554222107e-02 2.935773730278015137e-01
3.657342791557312012e-01 -1.437096148729324341e-01 2.379374951124191284e-01
2.780610322952270508e-01 -1.686473041772842407e-01 2.535732686519622803e-01
1.372254788875579834e-01 -8.982935547828674316e-02 2.764082252979278564e-01
6.517007946968078613e-02 2.871589735150337219e-02 3.421265184879302979e-01
-1.561922393739223480e-02 3.301557386294007301e-03 2.591338157653808594e-01
-4.156688600778579712e-02 -1.131008043885231018e-01 1.028135046362876892e-02
-1.203636452555656433e-01 -1.904821693897247314e-01 -1.931893229484558105e-01
-2.466067671775817871e-01 -1.320631355047225952e-01 -3.201541304588317871e-01
-2.580202817916870117e-01 1.126688998192548752e-02 -2.767407000064849854e-01
-1.817614436149597168e-01 9.663935005664825439e-02 -2.109688967466354370e-01
-3.027240373194217682e-02 4.988944903016090393e-02 -1.961539536714553833e-01
5.726679041981697083e-02 -2.124773897230625153e-02 -1.611595898866653442e-01
7.799345999956130981e-02 -6.354251503944396973e-02 -1.244679167866706848e-01
5.655702576041221619e-02 -4.406477510929107666e-02 -7.645408809185028076e-02
4.898869618773460388e-02 -1.600066898390650749e-03 -2.822789736092090607e-02
8.524930477142333984e-02 -6.397438701242208481e-03 4.905404988676309586e-03
7.652334123849868774e-02 -3.788244351744651794e-02 6.834696978330612183e-02
6.081345304846763611e-02 -4.582301154732704163e-02 1.378033310174942017e-01
3.040580265223979950e-02 -3.737478703260421753e-02 1.722953170537948608e-01
-2.708215080201625824e-02 -5.980329122394323349e-03 1.298935413360595703e-01
-8.079625666141510010e-03 6.460804026573896408e-03 3.586272522807121277e-02
-4.449259955435991287e-03 -2.706001140177249908e-02 -3.776485472917556763e-02
-1.966710947453975677e-02 -7.199577242136001587e-02 -6.724976003170013428e-02
-4.911468550562858582e-02 -1.299161314964294434e-01 -3.458679839968681335e-02
-5.876914784312248230e-02 -1.840710937976837158e-01 3.048664145171642303e-02
6.746684759855270386e-02 -2.034176737070083618e-01 1.045834943652153015e-01
1.647406965494155884e-01 -1.200774163007736206e-01 1.782549619674682617e-01
1.715337634086608887e-01 6.473922729492187500e-02 2.034883350133895874e-01
6.133649498224258423e-02 3.515463471412658691e-01 1.921449005603790283e-01
-5.068618431687355042e-02 4.503545463085174561e-01 9.299332648515701294e-02
-5.584604293107986450e-02 2.919916212558746338e-01 -1.123615652322769165e-01
-5.964449420571327209e-02 -8.142858743667602539e-02 -2.790971398353576660e-01
-4.374424368143081665e-02 -3.770865797996520996e-01 -3.268715441226959229e-01
-7.079955935478210449e-02 -2.929250597953796387e-01 -2.355893403291702271e-01
-6.131090596318244934e-02 4.583286494016647339e-02 -7.377594709396362305e-02
-5.941712483763694763e-02 3.192062079906463623e-01 -6.461971905082464218e-03
-2.863594144582748413e-02 3.617847263813018799e-01 5.182917416095733643e-02
-9.326458908617496490e-03 2.094653695821762085e-01 7.095200568437576294e-02
1.248650811612606049e-02 5.925302952527999878e-02 6.645090132951736450e-02
7.232068479061126709e-02 2.509826421737670898e-02 3.307380527257919312e-02
9.930250234901905060e-03 -3.005143720656633377e-03 -4.950907453894615173e-02
-1.229248009622097015e-02 -8.180237561464309692e-02 -7.594371587038040161e-02
1.889306865632534027e-02 -1.381529122591018677e-01 -1.831624284386634827e-02
9.465456008911132812e-02 -1.548042893409729004e-01 5.274848639965057373e-02
1.766440570354461670e-01 -8.656627684831619263e-02 1.328803598880767822e-01
1.565347462892532349e-01 -4.159862175583839417e-02 1.825378835201263428e-01
7.280317600816488266e-03 -1.319467872381210327e-01 1.535240113735198975e-01
-1.952922791242599487e-01 -2.471457868814468384e-01 1.333301514387130737e-01
-3.094778954982757568e-01 -3.188501000404357910e-01 1.312487274408340454e-01
-2.581310570240020752e-01 -2.192723006010055542e-01 2.586886584758758545e-01
-6.143677979707717896e-02 2.379715442657470703e-02 3.747172951698303223e-01
1.252745985984802246e-01 2.441811263561248779e-01 2.459627985954284668e-01
1.485071480274200439e-01 3.245321810245513916e-01 -3.538351878523826599e-02
7.896595448255538940e-02 2.273503392934799194e-01 -4.017603993415832520e-01
1.987780332565307617e-01 3.436661660671234131e-01 -5.407984256744384766e-01
2.991330027580261230e-01 4.458911716938018799e-01 -5.109286308288574219e-01
3.037063777446746826e-01 4.466867446899414062e-01 -4.916756153106689453e-01
1.061854213476181030e-01 2.172776907682418823e-01 -3.285481333732604980e-01
-2.263089716434478760e-01 -4.356845617294311523e-01 1.526195108890533447e-01
-1.538576036691665649e-01 -5.720410943031311035e-01 3.532374203205108643e-01
4.726092517375946045e-02 -4.755957722663879395e-01 3.960262835025787354e-01
1.696626991033554077e-01 -1.399742513895034790e-01 2.361352145671844482e-01
-5.953241139650344849e-02 2.089670151472091675e-01 7.847163081169128418e-02
-3.337205052375793457e-01 1.617263257503509521e-01 9.359268099069595337e-02
-2.999060750007629395e-01 -3.987211734056472778e-03 7.749752700328826904e-02
-5.436119437217712402e-02 -1.503047943115234375e-01 5.454631894826889038e-02
1.474252194166183472e-01 -1.390776932239532471e-01 -3.023268841207027435e-02
7.597588002681732178e-02 -5.011836811900138855e-02 -7.234674412757158279e-03
-8.395598083734512329e-02 4.991644620895385742e-02 1.337286531925201416e-01
-1.014695018529891968e-01 7.362119853496551514e-02 2.838562726974487305e-01
1.930777943925932050e-04 2.592537365853786469e-02 3.757082521915435791e-01
2.436165064573287964e-01 3.221896290779113770e-02 3.559176623821258545e-01
2.691315710544586182e-01 1.444679945707321167e-01 2.220371365547180176e-01
1.093522608280181885e-01 3.228671252727508545e-01 7.700634747743606567e-02
-1.644004285335540771e-01 4.009480476379394531e-01 -1.745681092143058777e-02
-3.819380402565002441e-01 3.032013475894927979e-01 -6.358061730861663818e-02
-2.319427281618118286e-01 7.561516016721725464e-02 -1.073842868208885193e-01
1.478704041801393032e-03 -1.767492592334747314e-01 -2.016342431306838989e-01
1.339787691831588745e-01 -2.622714042663574219e-01 -2.621504366397857666e-01
7.714127004146575928e-02 -1.843132376670837402e-01 -3.160746693611145020e-01
-1.432319581508636475e-01 -4.656940698623657227e-02 -2.707244157791137695e-01
-2.367562949657440186e-01 2.020811848342418671e-02 -1.659640669822692871e-01
-1.696662604808807373e-01 -1.230548694729804993e-02 -8.850475400686264038e-02
5.078058224171400070e-03 -9.485539793968200684e-02 -4.012258723378181458e-02
1.069643348455429077e-01 -1.056333184242248535e-01 -8.860754221677780151e-02
1.234459653496742249e-01 -6.162404641509056091e-02 -1.305257529020309448e-01
2.512661367654800415e-02 -9.290667623281478882e-02 -1.667405068874359131e-01
-1.398883312940597534e-01 -1.820821128785610199e-02 -1.903572678565979004e-01
-1.690707951784133911e-01 4.192056134343147278e-02 -1.126277297735214233e-01
-1.648232042789459229e-01 1.042887270450592041e-01 -9.109087288379669189e-02
4.969114065170288086e-02 4.177057743072509766e-02 6.715018302202224731e-02
3.734554946422576904e-01 -1.281874328851699829e-01 1.193871721625328064e-01
4.834049046039581299e-01 -1.232093051075935364e-01 1.240961179137229919e-01
5.001381039619445801e-01 -8.436567150056362152e-03 1.611747145652770996e-01
3.160729706287384033e-01 1.560505777597427368e-01 6.223944202065467834e-02
1.423527393490076065e-02 3.030966036021709442e-03 1.603952795267105103e-01
-2.192233353853225708e-01 -1.132295280694961548e-01 9.998320043087005615e-02
-3.390438258647918701e-01 -1.379602700471878052e-01 4.463349655270576477e-02
-2.577539980411529541e-01 -5.865347757935523987e-02 5.793056637048721313e-02
-8.679448813199996948e-02 1.127732396125793457e-01 -2.572317048907279968e-02
5.776720494031906128e-02 8.515591919422149658e-02 -5.633815005421638489e-02
6.380827724933624268e-02 7.830350846052169800e-02 -9.187140315771102905e-02
-6.987602263689041138e-02 8.640417456626892090e-02 -9.039634466171264648e-02
-1.697696000337600708e-01 4.312496632337570190e-02 -1.376213133335113525e-02
-1.654904782772064209e-01 3.289612755179405212e-02 9.369704872369766235e-02
-6.639823317527770996e-02 4.570850729942321777e-02 1.374331265687942505e-01
1.284140795469284058e-01 1.725965738296508789e-02 9.937339276075363159e-02
2.192158997058868408e-01 1.339108776301145554e-02 -1.450289878994226456e-02
1.827301234006881714e-01 -4.800601676106452942e-02 -1.093552783131599426e-01
4.791276529431343079e-02 -4.873272404074668884e-02 -7.600460946559906006e-02
-1.466434597969055176e-01 -2.056488301604986191e-03 2.109015919268131256e-02
-2.176788300275802612e-01 -1.129360031336545944e-02 3.095894120633602142e-02
-1.869256198406219482e-01 -3.166412934660911560e-02 -4.876684024930000305e-02
-1.017157435417175293e-01 -1.326134800910949707e-02 -1.131198778748512268e-01
6.569148506969213486e-03 6.562970578670501709e-02 -6.338462978601455688e-02
5.106719583272933960e-02 1.445711404085159302e-01 -5.281536374241113663e-03
-9.293012320995330811e-03 1.117839142680168152e-01 -1.278067529201507568e-01
-1.014649644494056702e-01 -1.181034743785858154e-02 -3.244398534297943115e-01
-1.668391674757003784e-01 -1.577628105878829956e-01 -2.507978975772857666e-01
-2.072786241769790649e-01 -3.087851405143737793e-01 1.136159300804138184e-01
-1.325433999300003052e-01 -3.453860878944396973e-01 4.309246838092803955e-01
-9.038020670413970947e-02 -2.342158108949661255e-01 4.659290313720703125e-01
1.672431081533432007e-02 5.068556591868400574e-02 2.601845860481262207e-01
2.019148319959640503e-01 3.031698465347290039e-01 9.764584153890609741e-02
2.693283557891845703e-01 2.916067540645599365e-01 1.242506951093673706e-01
2.569830417633056641e-01 1.494355946779251099e-01 1.724292635917663574e-01
1.331224590539932251e-01 1.515545975416898727e-02 1.401792615652084351e-01
