3.189439013714308047e-01
0.000000000000000000e+00
0.000000000000000000e+00
0.000000000000000000e+00
0.000000000000000000e+00
8.137625591525957450e-03
1.655794831792136226e-02
2.246555932217407514e-02
2.309923123327293701e-02
1.818767168484138746e-02
1.479269363598493051e-02
1.016097264591712436e-02
0.000000000000000000e+00
0.000000000000000000e+00
0.000000000000000000e+00
0.000000000000000000e+00
0.000000000000000000e+00
5.848808346098194853e-03
7.889989504659232836e-03
3.847394548638798963e-04
0.000000000000000000e+00
0.000000000000000000e+00
5.520426498301873007e-03
8.543481098327450687e-03
8.501908665953544775e-03
7.278835037194794546e-04
0.000000000000000000e+00
0.000000000000000000e+00
0.000000000000000000e+00
0.000000000000000000e+00
0.000000000000000000e+00
2.941353792295567544e-03
3.219557940670983876e-03
0.000000000000000000e+00
0.000000000000000000e+00
0.000000000000000000e+00
0.000000000000000000e+00
0.000000000000000000e+00
0.000000000000000000e+00
6.911145300984310874e-03
2.113586833823267661e-02
2.718362507606324197e-02
2.511983129738250275e-02
1.646494776402703322e-02
6.323702906141774084e-03
0.000000000000000000e+00
0.000000000000000000e+00
0.000000000000000000e+00
0.000000000000000000e+00
0.000000000000000000e+00
0.000000000000000000e+00
1.023075013740694806e-03
0.000000000000000000e+00
0.000000000000000000e+00
0.000000000000000000e+00
1.235266064715874208e-03
3.494732851256777267e-02
2.569634480615849009e-02
2.605750018436341423e-02
3.812625593987419188e-03
0.000000000000000000e+00
0.000000000000000000e+00
0.000000000000000000e+00
0.000000000000000000e+00
0.000000000000000000e+00
0.000000000000000000e+00
0.000000000000000000e+00
0.000000000000000000e+00
0.000000000000000000e+00
0.000000000000000000e+00
0.000000000000000000e+00
0.000000000000000000e+00
7.508180829151939531e-03
2.512635909149252972e-02
1.939435854839581530e-02
7.768639485947207747e-03
0.000000000000000000e+00
0.000000000000000000e+00
4.838608413450324534e-04
0.000000000000000000e+00
0.000000000000000000e+00
4.496530997619245778e-04
4.759086819038094445e-04
0.000000000000000000e+00
0.000000000000000000e+00
3.751502598761110880e-03
7.086171575437654607e-03
7.086171575437652005e-03
5.445092669241266906e-03
0.000000000000000000e+00
4.378590922637894123e-02
1.262497304290152167e-01
8.352341773113634849e-02
0.000000000000000000e+00
0.000000000000000000e+00
0.000000000000000000e+00
0.000000000000000000e+00
7.830591501179647029e-02
1.448490994876846794e-01
9.501658548714163322e-02
6.560091758008469026e-03
7.218292946723386602e-03
2.668906180304761976e-03
1.147014489241463334e-03
1.874386009109177192e-03
1.499508807287341884e-03
3.373894816396519076e-03
0.000000000000000000e+00
0.000000000000000000e+00
0.000000000000000000e+00
0.000000000000000000e+00
0.000000000000000000e+00
0.000000000000000000e+00
0.000000000000000000e+00
0.000000000000000000e+00
0.000000000000000000e+00
0.000000000000000000e+00
0.000000000000000000e+00
0.000000000000000000e+00
1.591482111530369108e-03
1.320096209642421768e-02
1.786550256416937973e-02
1.958572235883694612e-02
2.009465728112747734e-02
1.862497481515331885e-02
1.625620932210351463e-02
1.242432854056278908e-02
1.149253762203389373e-02
1.237602155136948746e-02
8.705579780523681893e-03
5.317129525777252765e-03
1.809741483928088051e-03
7.843067497423909145e-04
9.834422124975197507e-04
1.476728807831488837e-03
5.500957984143662292e-03
8.947968032909797004e-03
8.475682621341566747e-03
6.091938318679820247e-03
7.298198529024454333e-04
0.000000000000000000e+00
0.000000000000000000e+00
0.000000000000000000e+00
0.000000000000000000e+00
0.000000000000000000e+00
0.000000000000000000e+00
8.484721105493910022e-04
0.000000000000000000e+00
0.000000000000000000e+00
0.000000000000000000e+00
0.000000000000000000e+00
1.158041833741054990e-03
7.039390691956349394e-03
1.214277024156874829e-02
9.849555186132220169e-03
0.000000000000000000e+00
0.000000000000000000e+00
0.000000000000000000e+00
0.000000000000000000e+00
0.000000000000000000e+00
9.098261548985483657e-03
5.081510618856870803e-02
5.871094412415003849e-02
1.458855648483177274e-02
0.000000000000000000e+00
0.000000000000000000e+00
0.000000000000000000e+00
0.000000000000000000e+00
0.000000000000000000e+00
0.000000000000000000e+00
0.000000000000000000e+00
2.345381615204686354e-03
6.358314327300316083e-04
0.000000000000000000e+00
0.000000000000000000e+00
0.000000000000000000e+00
0.000000000000000000e+00
0.000000000000000000e+00
0.000000000000000000e+00
2.617979638861688274e-01
4.346807260495513248e-01
3.735848495576475914e-01
1.793398696823872152e-01
0.000000000000000000e+00
0.000000000000000000e+00
0.000000000000000000e+00
0.000000000000000000e+00
0.000000000000000000e+00
2.390566553125495486e-01
4.702021098920169950e-01
5.201589998671138915e-01
2.753634847406331021e-01
0.000000000000000000e+00
0.000000000000000000e+00
0.000000000000000000e+00
0.000000000000000000e+00
2.152561276344235747e-02
1.361441203036024838e-02
1.235094090652845249e-02
5.855362395790363397e-03
2.223322695774837879e-04
0.000000000000000000e+00
0.000000000000000000e+00
0.000000000000000000e+00
0.000000000000000000e+00
0.000000000000000000e+00
0.000000000000000000e+00
0.000000000000000000e+00
0.000000000000000000e+00
0.000000000000000000e+00
0.000000000000000000e+00
0.000000000000000000e+00
0.000000000000000000e+00
0.000000000000000000e+00
0.000000000000000000e+00
1.952847534392432305e-02
2.002434483215150690e-02
1.778758256026780754e-02
1.146459840068716173e-02
1.028025503753547329e-02
1.227457982781654869e-02
8.542969114475685091e-03
1.231013316798443107e-02
2.517079010037213613e-02
3.253062689042243022e-02
3.734849667592842620e-02
2.910412573325687341e-02
1.178717448288236179e-02
2.842668904867526412e-03
0.000000000000000000e+00
4.127485816980670796e-03
1.067106609576966465e-02
9.937235702695048842e-03
5.614329587832323117e-03
0.000000000000000000e+00
0.000000000000000000e+00
0.000000000000000000e+00
0.000000000000000000e+00
0.000000000000000000e+00
0.000000000000000000e+00
0.000000000000000000e+00
0.000000000000000000e+00
2.373704824440244290e-03
0.000000000000000000e+00
0.000000000000000000e+00
0.000000000000000000e+00
0.000000000000000000e+00
0.000000000000000000e+00
0.000000000000000000e+00
0.000000000000000000e+00
0.000000000000000000e+00
0.000000000000000000e+00
0.000000000000000000e+00
0.000000000000000000e+00
2.240773369987000829e-01
2.959042719505938224e-01
