5.507173482328653336e-03 -1.459434330463409424e-01 4.050622582435607910e-01
-1.861008815467357635e-03 -5.898627266287803650e-02 4.280723929405212402e-01
-2.677888423204421997e-02 -6.887071579694747925e-02 4.155892729759216309e-01
-3.079281188547611237e-02 -1.095310002565383911e-01 4.071282148361206055e-01
2.596928738057613373e-02 -6.441087275743484497e-02 3.421862721443176270e-01
8.737450093030929565e-02 -8.969796448945999146e-02 3.321118354797363281e-01
9.965603053569793701e-02 -1.062475964426994324e-01 2.997405230998992920e-01
1.186498925089836121e-01 -1.323552280664443970e-01 3.460449576377868652e-01
7.796332240104675293e-02 -2.000376135110855103e-01 1.987841874361038208e-01
8.027554303407669067e-02 -2.930778861045837402e-01 1.554013937711715698e-01
8.064296096563339233e-02 -2.524940669536590576e-01 1.812531203031539917e-01
7.709512859582901001e-02 -2.923964262008666992e-01 2.239260077476501465e-01
4.846368357539176941e-02 -3.427276909351348877e-01 2.333084791898727417e-01
1.491221785545349121e-01 -3.307725191116333008e-01 2.389876097440719604e-01
1.408272534608840942e-01 -3.094187378883361816e-01 2.119527161121368408e-01
1.002023741602897644e-01 -3.357489109039306641e-01 3.040662407875061035e-01
1.364069730043411255e-01 -2.807517051696777344e-01 2.671035230159759521e-01
1.485922038555145264e-01 -3.013271689414978027e-01 2.018226832151412964e-01
1.236386373639106750e-01 -2.731417417526245117e-01 1.649773120880126953e-01
1.715199500322341919e-01 -2.680795490741729736e-01 1.290101706981658936e-01
2.192585021257400513e-01 -1.940745860338211060e-01 1.372651904821395874e-01
2.157695889472961426e-01 -2.560157179832458496e-01 1.500721126794815063e-01
2.429693490266799927e-01 -2.173486500978469849e-01 1.111981347203254700e-01
2.646817266941070557e-01 -2.430968582630157471e-01 1.174307689070701599e-01
2.563944756984710693e-01 -2.253049165010452271e-01 7.419829815626144409e-02
2.497561126947402954e-01 -2.317642122507095337e-01 6.470156461000442505e-02
2.735951840877532959e-01 -2.427587956190109253e-01 6.297653168439865112e-02
3.234477341175079346e-01 -2.686156928539276123e-01 7.347406446933746338e-02
3.175050020217895508e-01 -2.504805922508239746e-01 3.011439926922321320e-02
3.803154826164245605e-01 -2.617410123348236084e-01 9.008015505969524384e-03
3.940923511981964111e-01 -2.516197860240936279e-01 5.500098690390586853e-03
3.452784121036529541e-01 -3.493101596832275391e-01 5.692438408732414246e-02
3.809660375118255615e-01 -3.386800587177276611e-01 3.937191143631935120e-02
3.615977466106414795e-01 -3.435399830341339111e-01 4.242195188999176025e-02
3.545570075511932373e-01 -3.541903793811798096e-01 8.084584772586822510e-02
3.481502234935760498e-01 -3.286902308464050293e-01 1.540983915328979492e-01
2.937259078025817871e-01 -3.178204894065856934e-01 1.863060742616653442e-01
2.245160341262817383e-01 -2.853147387504577637e-01 1.979558914899826050e-01
1.771543622016906738e-01 -2.454736232757568359e-01 2.418939918279647827e-01
1.091754063963890076e-01 -2.234068512916564941e-01 2.697320580482482910e-01
1.276126503944396973e-01 -3.588989078998565674e-01 2.260326594114303589e-01
2.011457681655883789e-01 -3.287675380706787109e-01 1.554755568504333496e-01
2.065312266349792480e-01 -3.418939709663391113e-01 1.226849928498268127e-01
1.994205117225646973e-01 -3.173825442790985107e-01 1.535103917121887207e-01
1.885939985513687134e-01 -3.776116073131561279e-01 2.597568333148956299e-01
1.745969802141189575e-01 -3.278978765010833740e-01 2.752504944801330566e-01
1.510686278343200684e-01 -3.001551330089569092e-01 3.253024220466613770e-01
1.908640563488006592e-01 -2.534347176551818848e-01 3.522170186042785645e-01
1.106749922037124634e-01 -2.462236732244491577e-01 3.408412635326385498e-01
1.320005059242248535e-01 -2.299689948558807373e-01 3.495534956455230713e-01
8.610645681619644165e-02 -2.337733060121536255e-01 3.365783691406250000e-01
1.430703550577163696e-01 -2.485781162977218628e-01 3.834846317768096924e-01
1.792072206735610962e-01 -2.791411876678466797e-01 3.330664038658142090e-01
2.820920348167419434e-01 -2.884270250797271729e-01 3.355095386505126953e-01
3.269695341587066650e-01 -3.681696653366088867e-01 3.254486620426177979e-01
3.363832235336303711e-01 -4.517578184604644775e-01 3.145547807216644287e-01
2.884971201419830322e-01 -3.396913707256317139e-01 3.837233185768127441e-01
2.235502749681472778e-01 -2.494237273931503296e-01 2.669177353382110596e-01
3.362839221954345703e-01 -3.540340960025787354e-01 2.410793006420135498e-01
2.604470252990722656e-01 -4.256044328212738037e-01 3.115710318088531494e-01
2.397250384092330933e-01 -4.029821753501892090e-01 3.093539476394653320e-01
2.247710675001144409e-01 -3.937719166278839111e-01 3.383959829807281494e-01
2.174572795629501343e-01 -3.798455297946929932e-01 3.054492473602294922e-01
1.807346791028976440e-01 -3.933850228786468506e-01 2.837081849575042725e-01
2.113796025514602661e-01 -3.654035031795501709e-01 2.831239700317382812e-01
2.086531072854995728e-01 -3.733982443809509277e-01 2.443745881319046021e-01
2.079681903123855591e-01 -3.726449906826019287e-01 2.264361530542373657e-01
1.826828420162200928e-01 -3.898123800754547119e-01 2.221806645393371582e-01
2.333495914936065674e-01 -3.361980915069580078e-01 2.386830896139144897e-01
2.492605596780776978e-01 -3.124694526195526123e-01 2.085603922605514526e-01
2.194170653820037842e-01 -3.002108335494995117e-01 2.001641392707824707e-01
2.020731866359710693e-01 -2.036191374063491821e-01 2.758939564228057861e-01
7.955753058195114136e-02 -2.093266323208808899e-02 3.965463042259216309e-01
-3.346811234951019287e-02 5.430158227682113647e-02 5.329083204269409180e-01
-7.258543372154235840e-02 4.661843180656433105e-02 5.451907515525817871e-01
-2.623795066028833389e-03 6.164935603737831116e-02 5.389680862426757812e-01
4.796186089515686035e-02 6.090203672647476196e-02 5.421527028083801270e-01
6.129610165953636169e-02 -3.114063479006290436e-02 4.982675611972808838e-01
1.428918093442916870e-01 -1.368380486965179443e-01 3.783273100852966309e-01
1.597623676061630249e-01 -2.032284885644912720e-01 2.998892962932586670e-01
1.431230753660202026e-01 -3.159576058387756348e-01 1.902222782373428345e-01
1.062595248222351074e-01 -3.292047679424285889e-01 1.419642865657806396e-01
1.037554740905761719e-01 -3.204624950885772705e-01 1.026878803968429565e-01
9.728643298149108887e-02 -3.178368508815765381e-01 8.923245966434478760e-02
8.510539680719375610e-02 -3.336471617221832275e-01 5.796679109334945679e-02
9.125716984272003174e-02 -3.341436982154846191e-01 5.043972283601760864e-02
1.100294291973114014e-01 -3.355463147163391113e-01 4.493105039000511169e-02
1.122983992099761963e-01 -3.278509378433227539e-01 3.574616834521293640e-02
1.218102276325225830e-01 -3.484059572219848633e-01 5.675179511308670044e-02
1.446610391139984131e-01 -3.662188947200775146e-01 7.174943387508392334e-02
1.862977296113967896e-01 -3.587904572486877441e-01 8.508374541997909546e-02
2.081692069768905640e-01 -3.478417098522186279e-01 1.463423222303390503e-01
1.625595539808273315e-01 -2.867424488067626953e-01 2.317121624946594238e-01
1.243503112345933914e-02 -1.369584649801254272e-01 3.622314631938934326e-01
-3.778311312198638916e-01 1.213177144527435303e-01 3.945140540599822998e-01
-4.749007523059844971e-01 2.056875228881835938e-01 3.646172881126403809e-01
-5.018854141235351562e-01 2.541091442108154297e-01 3.570736646652221680e-01
-5.039975047111511230e-01 2.572534978389739990e-01 3.391187787055969238e-01
-5.210666656494140625e-01 2.253844887018203735e-01 3.277428746223449707e-01
-5.211116671562194824e-01 2.426405996084213257e-01 3.228085339069366455e-01
-5.225585103034973145e-01 2.290120273828506470e-01 3.239032328128814697e-01
-5.210410356521606445e-01 2.234158664941787720e-01 3.122351765632629395e-01
-5.537659525871276855e-01 2.232230007648468018e-01 2.914876937866210938e-01
-5.340498685836791992e-01 2.846341133117675781e-01 2.820796966552734375e-01
-5.349076390266418457e-01 2.498519718647003174e-01 2.937948405742645264e-01
-5.343791842460632324e-01 2.428566813468933105e-01 2.795740365982055664e-01
-5.260015130043029785e-01 2.616539895534515381e-01 2.862224876880645752e-01
-5.336821079254150391e-01 2.664291262626647949e-01 2.749982178211212158e-01
-5.282325148582458496e-01 2.672528028488159180e-01 2.713179886341094971e-01
-5.147184133529663086e-01 2.659634649753570557e-01 2.828999161720275879e-01
-4.831346571445465088e-01 2.176707535982131958e-01 2.782553136348724365e-01
-4.218075573444366455e-01 1.441217362880706787e-01 2.756636440753936768e-01
-3.370418250560760498e-01 8.251010626554489136e-02 2.560818493366241455e-01
-1.699987053871154785e-01 -2.496751770377159119e-02 2.208099961280822754e-01
5.611382424831390381e-02 -8.053392916917800903e-02 1.571275442838668823e-01
1.865032762289047241e-01 -2.590530514717102051e-01 7.423864305019378662e-02
2.472437322139739990e-01 -3.558158874511718750e-01 4.372791945934295654e-02
2.664178013801574707e-01 -3.652035892009735107e-01 6.989510357379913330e-02
2.997876703739166260e-01 -4.096871614456176758e-01 7.157082110643386841e-02
2.525388300418853760e-01 -4.471358358860015869e-01 8.746534585952758789e-02
3.077243864536285400e-01 -3.964768350124359131e-01 9.910787642002105713e-02
2.693237960338592529e-01 -3.454462289810180664e-01 1.539842784404754639e-01
1.455834656953811646e-01 -2.986907660961151123e-01 2.140952199697494507e-01
4.018801823258399963e-02 -3.086432218551635742e-01 2.319458574056625366e-01
-1.227315329015254974e-02 -2.064671814441680908e-01 1.902491450309753418e-01
-1.475389897823333740e-01 -6.213867664337158203e-02 2.336380034685134888e-01
-3.242243528366088867e-01 6.828288733959197998e-02 3.158423602581024170e-01
-3.681949377059936523e-01 1.617298275232315063e-01 3.784977197647094727e-01
-4.452346861362457275e-01 2.846458554267883301e-01 3.572836220264434814e-01
-4.818674325942993164e-01 3.184397518634796143e-01 3.602631390094757080e-01
-5.362239480018615723e-01 3.622655570507049561e-01 3.506949841976165771e-01
-5.762447714805603027e-01 3.203234970569610596e-01 3.260164856910705566e-01
-6.029049754142761230e-01 3.513522446155548096e-01 3.365947008132934570e-01
-5.721768140792846680e-01 3.367675840854644775e-01 3.045329153537750244e-01
-5.509492158889770508e-01 2.628068327903747559e-01 3.357118666172027588e-01
-4.979617297649383545e-01 2.458226829767227173e-01 3.392401933670043945e-01
-4.402169883251190186e-01 1.710105538368225098e-01 2.617757916450500488e-01
-3.837481141090393066e-01 1.421425491571426392e-01 2.974761724472045898e-01
-4.194282293319702148e-01 9.884572029113769531e-02 2.899355590343475342e-01
-4.450053274631500244e-01 1.047038882970809937e-01 2.459286898374557495e-01
-4.727758467197418213e-01 1.461773067712783813e-01 2.204793542623519897e-01
-5.274504423141479492e-01 1.753747761249542236e-01 2.186225801706314087e-01
-5.502774715423583984e-01 1.994280219078063965e-01 2.004953473806381226e-01
-5.567163825035095215e-01 2.866564095020294189e-01 1.978501528501510620e-01
-5.664100050926208496e-01 2.913833260536193848e-01 2.166300415992736816e-01
-5.655080676078796387e-01 3.280691504478454590e-01 2.206776440143585205e-01
-5.754679441452026367e-01 3.194670081138610840e-01 2.296004146337509155e-01
-5.736713409423828125e-01 3.313874900341033936e-01 2.708106935024261475e-01
-5.701645016670227051e-01 3.206324577331542969e-01 2.649036645889282227e-01
-5.854132771492004395e-01 2.894988358020782471e-01 2.377170622348785400e-01
-5.573902130126953125e-01 3.192008435726165771e-01 2.455777376890182495e-01
-5.796355009078979492e-01 3.071278035640716553e-01 2.425982803106307983e-01
-5.709752440452575684e-01 2.987481653690338135e-01 2.504590749740600586e-01
-5.629704594612121582e-01 3.031539022922515869e-01 2.371431291103363037e-01
-5.422263741493225098e-01 3.008674979209899902e-01 2.668014764785766602e-01
-5.186282396316528320e-01 2.629556059837341309e-01 2.934183478355407715e-01
-4.844397604465484619e-01 1.819742172956466675e-01 2.994025945663452148e-01
-4.292840957641601562e-01 1.348213851451873779e-01 2.899490594863891602e-01
-3.329669535160064697e-01 1.325899958610534668e-01 2.833102941513061523e-01
-3.325905203819274902e-01 -1.292004343122243881e-02 2.896679341793060303e-01
-3.213748633861541748e-01 -1.065574660897254944e-01 3.077864348888397217e-01
-1.941717714071273804e-01 1.302129328250885010e-01 3.667316734790802002e-01
-2.283936291933059692e-01 -3.224800899624824524e-02 4.157001674175262451e-01
-3.329121172428131104e-01 -6.353829801082611084e-02 3.480888307094573975e-01
-3.351707458496093750e-01 -2.841189131140708923e-02 2.689699530601501465e-01
-3.945555090904235840e-01 3.412462025880813599e-02 2.531273066997528076e-01
-3.953063488006591797e-01 1.431741118431091309e-01 2.797772288322448730e-01
-4.238371551036834717e-01 2.149630784988403320e-01 2.568624019622802734e-01
-4.852204620838165283e-01 2.233409285545349121e-01 2.706712186336517334e-01
-5.038545131683349609e-01 2.430975735187530518e-01 2.573123276233673096e-01
-5.041921138763427734e-01 3.004785478115081787e-01 2.633959949016571045e-01
-5.314221978187561035e-01 3.508360683917999268e-01 2.712845802307128906e-01
-5.261899232864379883e-01 3.849584758281707764e-01 2.792920172214508057e-01
-5.317223668098449707e-01 3.832591772079467773e-01 2.855937182903289795e-01
-5.174755454063415527e-01 3.806402087211608887e-01 3.003160655498504639e-01
-4.901490211486816406e-01 4.025025069713592529e-01 2.990641891956329346e-01
-4.217570424079895020e-01 3.970058560371398926e-01 2.957172691822052002e-01
-3.121401965618133545e-01 3.841807544231414795e-01 2.865878343582153320e-01
-2.750755846500396729e-01 3.252181410789489746e-01 3.252564370632171631e-01
-4.440724253654479980e-01 3.086922764778137207e-01 3.492339551448822021e-01
-3.900612294673919678e-01 2.167563289403915405e-01 3.795953691005706787e-01
-4.304693639278411865e-01 1.597893536090850830e-01 3.167599141597747803e-01
-3.815198242664337158e-01 3.807828202843666077e-02 1.938979029655456543e-01
-3.868881762027740479e-01 -4.864044487476348877e-02 1.459171175956726074e-01
-3.984617590904235840e-01 2.362261340022087097e-02 8.537651598453521729e-02
-3.015092909336090088e-01 -1.516210963018238544e-03 5.601539835333824158e-02
-3.617345392704010010e-01 -5.528264492750167847e-02 -1.807110384106636047e-02
-5.443534255027770996e-01 4.098212420940399170e-01 3.297027945518493652e-02
-5.942177176475524902e-01 3.916922211647033691e-01 1.339710503816604614e-01
-5.754368901252746582e-01 3.853982985019683838e-01 5.140537768602371216e-02
-4.113068878650665283e-01 4.430487453937530518e-01 3.050660192966461182e-01
-2.596629261970520020e-01 5.358859896659851074e-01 3.068996071815490723e-01
-2.917087078094482422e-01 5.296018719673156738e-01 3.360059261322021484e-01
-3.365896344184875488e-01 4.968428909778594971e-01 3.922016918659210205e-01
-3.511340320110321045e-01 5.162953138351440430e-01 3.876397907733917236e-01
-3.685255944728851318e-01 4.724071025848388672e-01 3.788186907768249512e-01
-3.249783813953399658e-01 4.878185987472534180e-01 3.555079996585845947e-01
-2.998788952827453613e-01 4.482732117176055908e-01 3.562609553337097168e-01
-2.822474539279937744e-01 4.089265465736389160e-01 3.789925873279571533e-01
-1.930042356252670288e-01 3.964544534683227539e-01 3.400564491748809814e-01
-1.256993561983108521e-01 3.296817541122436523e-01 3.326364159584045410e-01
6.445335689932107925e-03 2.238103598356246948e-01 2.663170695304870605e-01
1.413225680589675903e-01 1.125389710068702698e-01 2.161019146442413330e-01
2.670926749706268311e-01 -2.942539379000663757e-02 1.610558778047561646e-01
3.601998090744018555e-01 -1.918201595544815063e-01 1.311131268739700317e-01
3.810854852199554443e-01 -2.488314062356948853e-01 1.280490756034851074e-01
4.143505394458770752e-01 -2.510545849800109863e-01 9.718666225671768188e-02
4.232512116432189941e-01 -2.681149840354919434e-01 6.916732341051101685e-02
4.744351506233215332e-01 -3.153891265392303467e-01 3.502158448100090027e-02
5.401204824447631836e-01 -2.708896100521087646e-01 -1.421544980257749557e-02
5.522031784057617188e-01 -2.151077091693878174e-01 -6.762123107910156250e-02
5.399041175842285156e-01 -2.130170017480850220e-01 -6.491205096244812012e-02
5.091072916984558105e-01 -2.265926450490951538e-01 -6.831621378660202026e-02
4.864572882652282715e-01 -2.495233416557312012e-01 -6.380234658718109131e-02
4.607046246528625488e-01 -2.380585223436355591e-01 -5.463407933712005615e-02
4.410405457019805908e-01 -3.023040294647216797e-01 -6.557225435972213745e-02
4.626590013504028320e-01 -2.445060014724731445e-01 -5.754814296960830688e-02
3.392890393733978271e-01 -1.915700584650039673e-01 3.238702937960624695e-02
3.499685525894165039e-01 -2.018460631370544434e-01 3.642437234520912170e-02
2.771774828433990479e-01 -2.525745034217834473e-01 1.238912194967269897e-01
6.992872059345245361e-02 -5.990246683359146118e-02 1.270511150360107422e-01
6.104585900902748108e-02 -1.365936994552612305e-01 1.725273281335830688e-01
6.735090166330337524e-03 -1.116801425814628601e-01 2.629144489765167236e-01
9.363900870084762573e-02 -2.154185026884078979e-01 2.142994850873947144e-01
-5.485647916793823242e-02 -4.404758568853139877e-03 2.487954795360565186e-01
1.184293106198310852e-01 -2.336346656084060669e-01 2.570526599884033203e-01
1.732058972120285034e-01 -2.905583679676055908e-01 2.234538793563842773e-01
1.522407084703445435e-01 -3.073682785034179688e-01 2.678745388984680176e-01
1.504425704479217529e-01 -2.899847328662872314e-01 2.727806568145751953e-01
1.112104505300521851e-01 -3.836286664009094238e-01 2.496286183595657349e-01
1.874110549688339233e-01 -2.912096083164215088e-01 2.428947985172271729e-01
1.919873654842376709e-01 -2.975348234176635742e-01 2.590387761592864990e-01
2.574474811553955078e-01 -2.168025821447372437e-01 2.678781449794769287e-01
2.922524511814117432e-01 -1.946672797203063965e-01 2.282839566469192505e-01
2.482556849718093872e-01 -2.147497832775115967e-01 2.863173186779022217e-01
2.856605947017669678e-01 -1.793624013662338257e-01 2.524203062057495117e-01
3.200510740280151367e-01 -1.675230711698532104e-01 2.505348920822143555e-01
3.164419829845428467e-01 -1.620214581489562988e-01 1.899043172597885132e-01
2.643542289733886719e-01 -1.695760339498519897e-01 2.261514961719512939e-01
2.602337300777435303e-01 -1.845193058252334595e-01 2.037293761968612671e-01
2.274052947759628296e-01 -1.830485612154006958e-01 2.005501389503479004e-01
2.471543401479721069e-01 -1.689534187316894531e-01 1.948721408843994141e-01
3.158267736434936523e-01 -1.005181595683097839e-01 2.101068347692489624e-01
3.334351480007171631e-01 -5.084044858813285828e-02 2.119560390710830688e-01
2.303198128938674927e-01 -8.209531754255294800e-02 3.080013394355773926e-01
2.850043177604675293e-01 -6.197146698832511902e-02 2.958125174045562744e-01
3.513917624950408936e-01 -2.788713201880455017e-02 2.234646975994110107e-01
3.620092868804931641e-01 -3.283537458628416061e-03 2.526247501373291016e-01
2.263865321874618530e-01 5.852575879544019699e-03 3.401866555213928223e-01
1.671747714281082153e-01 1.340616345405578613e-01 4.292582273483276367e-01
1.766334474086761475e-01 1.798500716686248779e-01 4.788507819175720215e-01
2.321932017803192139e-01 -8.892043679952621460e-02 5.510704517364501953e-01
1.999643743038177490e-01 -8.552305400371551514e-02 5.040833353996276855e-01
1.688688397407531738e-01 -8.694403618574142456e-02 5.056020021438598633e-01
2.082767486572265625e-01 -6.393791735172271729e-02 4.966652393341064453e-01
1.518855541944503784e-01 -2.452041208744049072e-01 2.832872271537780762e-01
