-1.669262647628784180e-01 -5.169008374214172363e-01 3.155883550643920898e-01
-1.269369572401046753e-01 -5.560541749000549316e-01 3.615779876708984375e-01
-1.233869269490242004e-01 -5.302826166152954102e-01 4.301905930042266846e-01
-2.388534545898437500e-01 -5.978201031684875488e-01 4.035149216651916504e-01
-2.582570910453796387e-01 -6.294153928756713867e-01 3.719158768653869629e-01
-2.119078338146209717e-01 -6.085195541381835938e-01 3.248451352119445801e-01
-2.332117408514022827e-01 -6.124750971794128418e-01 3.418608307838439941e-01
-2.196753323078155518e-01 -6.227497458457946777e-01 3.513148725032806396e-01
-2.584258615970611572e-01 -6.040546894073486328e-01 3.412074744701385498e-01
-3.157733976840972900e-01 -5.893957018852233887e-01 3.444516956806182861e-01
-3.004949986934661865e-01 -6.166296601295471191e-01 3.515742719173431396e-01
-2.442456781864166260e-01 -6.275917887687683105e-01 3.361926674842834473e-01
-1.412386447191238403e-01 -5.214684009552001953e-01 2.894396781921386719e-01
-1.475887596607208252e-01 -3.066154420375823975e-01 3.343088030815124512e-01
-1.315341051667928696e-02 -3.634775876998901367e-01 4.199744164943695068e-01
-1.268456578254699707e-01 -3.600912690162658691e-01 4.206512868404388428e-01
-4.331165552139282227e-02 -3.216149508953094482e-01 2.889204919338226318e-01
-6.019297614693641663e-02 -2.628055810928344727e-01 2.539030015468597412e-01
-3.534260392189025879e-02 -3.198445141315460205e-01 2.852166891098022461e-01
-1.173568516969680786e-01 -2.323660701513290405e-01 2.706208229064941406e-01
-1.638834029436111450e-01 8.610999211668968201e-03 7.306021451950073242e-02
-8.127037435770034790e-02 -1.795090585947036743e-01 6.761940568685531616e-02
-9.359530173242092133e-03 -1.733083277940750122e-01 4.856140539050102234e-02
-4.269554316997528076e-01 3.875888884067535400e-01 -2.011580914258956909e-01
-5.263715982437133789e-01 2.637601792812347412e-01 -9.878757596015930176e-02
-3.404835462570190430e-01 1.936999708414077759e-01 -3.055850565433502197e-01
-2.562214732170104980e-01 3.702799379825592041e-01 1.875919289886951447e-02
-3.211129605770111084e-01 2.655892074108123779e-01 -1.706303209066390991e-01
-4.237521886825561523e-01 3.643357157707214355e-01 1.667372137308120728e-01
-4.141843616962432861e-01 4.969660341739654541e-01 2.756825089454650879e-01
-4.160197079181671143e-01 4.787715375423431396e-01 2.985044419765472412e-01
-3.762066960334777832e-01 5.316178202629089355e-01 2.795200645923614502e-01
-3.875811994075775146e-01 5.631279349327087402e-01 2.701510488986968994e-01
-3.823289573192596436e-01 5.638496279716491699e-01 2.446694374084472656e-01
-3.969586193561553955e-01 5.584709048271179199e-01 2.686759233474731445e-01
-3.916643261909484863e-01 5.503625869750976562e-01 2.940199375152587891e-01
-4.281697273254394531e-01 5.012502074241638184e-01 3.296872377395629883e-01
-4.704644083976745605e-01 4.601064920425415039e-01 3.724789917469024658e-01
-5.091800093650817871e-01 4.167884290218353271e-01 3.795989155769348145e-01
-5.077807903289794922e-01 3.637239933013916016e-01 4.048876464366912842e-01
-5.288832783699035645e-01 2.885938882827758789e-01 4.135230779647827148e-01
-5.127626657485961914e-01 2.087220549583435059e-01 3.990596532821655273e-01
-5.180007219314575195e-01 1.078123375773429871e-01 3.546167612075805664e-01
-3.016171157360076904e-01 3.697568550705909729e-02 1.355107575654983521e-01
-1.077028214931488037e-01 -1.325533986091613770e-01 -2.757879197597503662e-01
-1.661310717463493347e-02 -9.550213813781738281e-02 -4.521849751472473145e-01
-1.036562845110893250e-01 -2.112182676792144775e-01 -5.830151438713073730e-01
-7.963071763515472412e-02 -2.430872619152069092e-01 -6.035882830619812012e-01
-2.032652050256729126e-01 -2.021359354257583618e-01 -5.744970440864562988e-01
-1.217419803142547607e-01 -1.659623235464096069e-01 -6.235926747322082520e-01
-5.835858732461929321e-02 -2.401342242956161499e-01 -6.393134593963623047e-01
-1.250173747539520264e-01 -1.676492840051651001e-01 -6.513285636901855469e-01
-1.426909267902374268e-01 -2.190459072589874268e-01 -6.178230643272399902e-01
-1.856285929679870605e-01 -1.949997097253799438e-01 -6.313560009002685547e-01
-1.782258152961730957e-01 -1.849013566970825195e-01 -6.812603473663330078e-01
-1.834453046321868896e-01 -2.728107571601867676e-01 -6.685708165168762207e-01
-6.845028698444366455e-02 -2.572154700756072998e-01 -7.020921707153320312e-01
-1.058788150548934937e-01 -2.789541482925415039e-01 -7.052232027053833008e-01
-9.344047307968139648e-02 -2.898624837398529053e-01 -6.740478277206420898e-01
-1.017275974154472351e-01 -3.250255882740020752e-01 -6.897250413894653320e-01
1.767607778310775757e-02 -2.010384351015090942e-01 -5.841320753097534180e-01
2.474139332771301270e-01 -2.360030114650726318e-01 -5.133250355720520020e-01
2.834987640380859375e-01 -3.456661403179168701e-01 -2.600638568401336670e-01
3.951143026351928711e-01 -3.491735458374023438e-01 -9.734013676643371582e-02
4.861046075820922852e-01 -4.437607824802398682e-01 -6.323710829019546509e-02
4.959622919559478760e-01 -4.421271085739135742e-01 3.831979818642139435e-03
5.558779835700988770e-01 -4.125164151191711426e-01 6.708628684282302856e-02
5.270769596099853516e-01 -3.769067823886871338e-01 9.548643976449966431e-02
4.771716296672821045e-01 -3.541255295276641846e-01 1.421135365962982178e-01
4.730758965015411377e-01 -3.423228859901428223e-01 1.214994490146636963e-01
4.935543537139892578e-01 -3.197033703327178955e-01 1.380828768014907837e-01
4.731580018997192383e-01 -3.121078014373779297e-01 1.371224224567413330e-01
4.791685044765472412e-01 -2.850309610366821289e-01 1.224324405193328857e-01
5.087973475456237793e-01 -3.191578984260559082e-01 7.668068259954452515e-02
3.943723738193511963e-01 -3.123704195022583008e-01 5.300562456250190735e-02
9.117619693279266357e-02 -2.671737074851989746e-01 -1.658740080893039703e-02
3.525514006614685059e-01 -2.334085553884506226e-01 1.751798540353775024e-01
4.003236293792724609e-01 -4.357007443904876709e-01 2.538976073265075684e-01
3.684978187084197998e-01 -4.432823359966278076e-01 2.693268358707427979e-01
3.829858601093292236e-01 -4.073483049869537354e-01 2.903887033462524414e-01
3.400785028934478760e-01 -4.516457021236419678e-01 2.958827316761016846e-01
2.638458609580993652e-01 -4.480241835117340088e-01 2.880667746067047119e-01
2.973882853984832764e-01 -4.407806098461151123e-01 2.452171593904495239e-01
2.088144123554229736e-01 -3.576289415359497070e-01 2.753012180328369141e-01
4.282503426074981689e-01 -2.434693574905395508e-01 2.676808238029479980e-01
3.268521428108215332e-01 -3.275372982025146484e-01 2.811921238899230957e-01
3.391375839710235596e-01 -3.196831345558166504e-01 2.940716743469238281e-01
3.965322375297546387e-01 -2.931213080883026123e-01 3.109665513038635254e-01
4.019865095615386963e-01 -3.145019710063934326e-01 3.282895386219024658e-01
4.249435067176818848e-01 -2.586371302604675293e-01 3.366794884204864502e-01
4.115160107612609863e-01 -2.577482759952545166e-01 3.117674589157104492e-01
4.878784716129302979e-01 -2.589419782161712646e-01 2.428142875432968140e-01
3.730857372283935547e-01 -3.858127295970916748e-01 2.559005916118621826e-01
3.169408738613128662e-01 -4.233091175556182861e-01 2.679616510868072510e-01
3.042560517787933350e-01 -3.421075940132141113e-01 1.878453344106674194e-01
3.705344796180725098e-01 -3.345433175563812256e-01 8.956702798604965210e-02
2.393853813409805298e-01 -4.157257974147796631e-01 -3.444447368383407593e-02
-8.122590929269790649e-02 -3.398022651672363281e-01 -2.155977040529251099e-01
-1.530070602893829346e-01 -3.203466534614562988e-01 -2.959612309932708740e-01
-3.344695866107940674e-01 -2.768618464469909668e-01 -3.878740668296813965e-01
-4.041043817996978760e-01 -3.189553916454315186e-01 -4.064139723777770996e-01
-3.379246890544891357e-01 -2.155313193798065186e-01 -3.929305374622344971e-01
-4.352051615715026855e-01 -1.767492890357971191e-01 -4.222911298274993896e-01
-5.137391090393066406e-01 -2.365996688604354858e-01 -4.846634864807128906e-01
-4.511002898216247559e-01 -2.760510742664337158e-01 -5.405375957489013672e-01
-4.153404235839843750e-01 -3.098162710666656494e-01 -5.700020194053649902e-01
-4.981489181518554688e-01 -2.471304535865783691e-01 -5.227442979812622070e-01
-5.307532548904418945e-01 -2.718808352947235107e-01 -5.534681677818298340e-01
-4.415988326072692871e-01 -3.070575892925262451e-01 -5.048216581344604492e-01
-4.734583497047424316e-01 -2.974126935005187988e-01 -5.289661288261413574e-01
-4.947495460510253906e-01 -3.198132514953613281e-01 -5.301517844200134277e-01
-5.213596820831298828e-01 -2.828702926635742188e-01 -5.310696363449096680e-01
-4.065778553485870361e-01 -3.212699294090270996e-01 -5.273376107215881348e-01
-5.286222696304321289e-01 -2.557829618453979492e-01 -5.424709320068359375e-01
-5.075634717941284180e-01 -2.211451530456542969e-01 -4.881058335304260254e-01
-4.674237668514251709e-01 -3.063141405582427979e-01 -5.018260478973388672e-01
-5.839748382568359375e-01 -2.355088442564010620e-01 -5.633424520492553711e-01
-5.284304618835449219e-01 -2.808421254158020020e-01 -5.727282762527465820e-01
-4.257420897483825684e-01 -3.762904107570648193e-01 -5.709825754165649414e-01
-5.267928838729858398e-01 -4.061730802059173584e-01 -6.005409359931945801e-01
-5.483377575874328613e-01 -3.342170417308807373e-01 -5.363494157791137695e-01
-4.704633653163909912e-01 -3.529398441314697266e-01 -5.218212604522705078e-01
-4.855006933212280273e-01 -4.259978830814361572e-01 -5.761954188346862793e-01
-5.228976011276245117e-01 -3.715614676475524902e-01 -5.878906846046447754e-01
-4.946830868721008301e-01 -3.994396924972534180e-01 -6.369636654853820801e-01
-5.262787342071533203e-01 -3.877831399440765381e-01 -6.394930481910705566e-01
-4.726378023624420166e-01 -4.173024892807006836e-01 -6.698933839797973633e-01
-4.041570723056793213e-01 -3.359192013740539551e-01 -6.020604372024536133e-01
