-1.790595650672912598e-01 -5.846924334764480591e-02 -1.077550500631332397e-01
-1.944610923528671265e-01 -1.215335726737976074e-01 -7.602167874574661255e-02
-1.064640805125236511e-01 -8.525618910789489746e-02 1.103011742234230042e-01
3.565597534179687500e-02 1.985233277082443237e-02 1.859335899353027344e-01
4.996727779507637024e-02 1.198544725775718689e-01 2.289522290229797363e-01
3.584026172757148743e-02 1.233418509364128113e-01 1.490799188613891602e-01
4.005986079573631287e-02 1.033628638833761215e-02 -2.790376730263233185e-02
1.285661756992340088e-01 -2.715587802231311798e-02 -3.693363070487976074e-02
1.403964310884475708e-01 -5.520777404308319092e-02 7.045366615056991577e-02
5.532636493444442749e-02 -6.300704181194305420e-02 2.335564643144607544e-01
3.847211226820945740e-02 -1.415276229381561279e-01 3.058853745460510254e-01
1.217275634407997131e-01 -3.538931310176849365e-01 2.136076092720031738e-01
-6.514353305101394653e-02 -5.329629182815551758e-01 4.067108035087585449e-02
-7.733615487813949585e-02 -4.884670376777648926e-01 2.177218049764633179e-01
-1.487952768802642822e-01 -1.952645629644393921e-01 4.062210619449615479e-01
-4.514694586396217346e-02 2.642388343811035156e-01 4.211498796939849854e-01
2.182803750038146973e-01 3.996834158897399902e-01 1.910275816917419434e-01
2.390582114458084106e-01 1.089611127972602844e-01 -1.689943224191665649e-01
4.266433715820312500e-01 1.353477388620376587e-01 -1.655591130256652832e-01
3.129273951053619385e-01 1.654902994632720947e-01 -4.862748458981513977e-02
1.328066885471343994e-01 1.578140407800674438e-01 -1.420969329774379730e-02
2.531581223011016846e-01 3.164185583591461182e-01 -3.512667119503021240e-01
3.705141842365264893e-01 3.569265604019165039e-01 -5.350080728530883789e-01
4.415306448936462402e-01 4.666714668273925781e-01 -4.939275979995727539e-01
3.968986868858337402e-01 1.885071694850921631e-01 -3.383342623710632324e-01
2.862771973013877869e-02 -1.984086185693740845e-01 1.038561686873435974e-01
-1.418656297028064728e-02 -3.594818711280822754e-01 1.687809824943542480e-01
1.434725429862737656e-02 -2.387647181749343872e-01 -1.823568344116210938e-01
-1.917432993650436401e-01 1.478677149862051010e-02 -3.838876187801361084e-01
-9.905763715505599976e-02 -3.894869587384164333e-04 -5.024941563606262207e-01
-3.228798508644104004e-02 3.546505048871040344e-02 -4.234884083271026611e-01
2.714065462350845337e-02 3.548917593434453011e-03 -2.315019518136978149e-01
1.033135280013084412e-01 -8.259461820125579834e-02 -1.847187727689743042e-01
4.907771944999694824e-02 -1.483953893184661865e-01 -1.358090788125991821e-01
-3.610211238265037537e-02 -1.765477955341339111e-01 -6.605549901723861694e-02
-3.726018965244293213e-02 -1.608733385801315308e-01 1.373034715652465820e-01
-1.661886647343635559e-02 -9.234597533941268921e-02 2.702830433845520020e-01
-9.252379648387432098e-03 -1.314050108194351196e-01 2.262183427810668945e-01
-2.649682015180587769e-02 -1.711991578340530396e-01 9.253685921430587769e-02
-8.390010148286819458e-02 -2.644024491310119629e-01 -1.157567091286182404e-02
-1.137102618813514709e-01 -2.602265477180480957e-01 7.401333749294281006e-02
-2.111942321062088013e-01 -1.139338836073875427e-01 2.961800992488861084e-01
-3.338314592838287354e-01 1.774958521127700806e-01 4.238802194595336914e-01
-3.696312904357910156e-01 3.055598735809326172e-01 3.925921916961669922e-01
-3.747282922267913818e-01 2.972801625728607178e-01 3.013050854206085205e-01
-2.670761644840240479e-01 1.723026037216186523e-01 1.766507327556610107e-01
-3.774919733405113220e-02 4.025086015462875366e-02 1.275541037321090698e-01
4.770458489656448364e-02 1.341405957937240601e-01 6.116885691881179810e-02
3.432938130572438240e-03 8.789927512407302856e-02 1.511466316878795624e-02
-2.058466337621212006e-02 1.738278716802597046e-01 -6.405506283044815063e-03
-4.437436535954475403e-02 1.812631487846374512e-01 -4.152655974030494690e-02
7.407504320144653320e-02 1.839595735073089600e-01 -4.552345722913742065e-02
1.298402249813079834e-01 1.821700185537338257e-01 -1.335367411375045776e-01
-3.596242889761924744e-02 6.695524603128433228e-02 -9.382253885269165039e-02
-2.072663754224777222e-01 1.012207791209220886e-01 -1.023356430232524872e-02
-3.066222667694091797e-01 1.996359825134277344e-01 -1.077387481927871704e-02
-2.528109848499298096e-01 1.184704825282096863e-01 4.864611662924289703e-03
-1.373834758996963501e-01 1.872887164354324341e-01 2.479769475758075714e-02
7.624026387929916382e-02 -2.554693818092346191e-02 3.667274862527847290e-02
1.405722647905349731e-01 -1.264560222625732422e-01 1.633670330047607422e-01
7.090116292238235474e-02 -1.670666188001632690e-01 7.860428839921951294e-02
-3.855856880545616150e-02 -2.977168560028076172e-01 -4.758137464523315430e-02
-2.598809897899627686e-01 -1.423068195581436157e-01 -9.942708164453506470e-02
-2.799675464630126953e-01 -1.068391054868698120e-01 -8.740408718585968018e-02
-2.414352297782897949e-01 3.428499028086662292e-02 1.094314455986022949e-01
-1.102939248085021973e-01 9.413914382457733154e-02 2.858925461769104004e-01
5.338961631059646606e-02 2.421432361006736755e-02 2.903703749179840088e-01
8.949614316225051880e-02 -3.851080685853958130e-02 2.357213497161865234e-01
1.164672523736953735e-01 -5.468877404928207397e-02 1.937057375907897949e-01
1.109573245048522949e-01 -3.707322105765342712e-02 9.081166982650756836e-02
1.358125060796737671e-01 2.920516207814216614e-02 3.034752979874610901e-02
7.421106100082397461e-02 4.259907826781272888e-02 -9.726876392960548401e-03
8.738409727811813354e-02 -3.764863312244415283e-02 -1.278076916933059692e-01
1.300919353961944580e-01 -7.328492403030395508e-02 -3.114896714687347412e-01
8.106407523155212402e-02 9.210564196109771729e-02 -3.874373137950897217e-01
-1.167620196938514709e-01 2.089871615171432495e-01 -4.271618425846099854e-01
-2.913064956665039062e-01 2.770376801490783691e-01 -2.062007933855056763e-01
-2.655136883258819580e-01 2.089472711086273193e-01 -7.840412668883800507e-03
-1.378901600837707520e-01 6.750905513763427734e-02 -6.496673822402954102e-02
5.404032021760940552e-02 3.682349994778633118e-02 -5.090629681944847107e-02
1.455573551356792450e-02 -6.850862991996109486e-04 -4.117016494274139404e-02
1.049675270915031433e-01 3.887762501835823059e-02 8.605863153934478760e-02
1.169590279459953308e-01 -2.831711061298847198e-02 -6.389553844928741455e-02
7.759008556604385376e-02 -7.512786239385604858e-02 -7.184281200170516968e-02
3.395565971732139587e-02 -1.456521749496459961e-01 -1.195175871253013611e-01
-8.024346828460693359e-02 -1.596135050058364868e-01 -9.873716160655021667e-03
-8.538172394037246704e-02 -1.282113492488861084e-01 5.395576357841491699e-02
-8.695042133331298828e-02 -7.570127397775650024e-02 -1.028452143073081970e-01
-3.693343698978424072e-02 -1.865303888916969299e-02 -1.523347049951553345e-01
1.458794251084327698e-02 4.839833080768585205e-02 -2.784866690635681152e-01
3.294461406767368317e-03 1.269541978836059570e-01 -2.879123091697692871e-01
-4.653786867856979370e-02 1.703924536705017090e-01 -2.437404096126556396e-01
4.547647386789321899e-02 2.130753695964813232e-01 -4.702582955360412598e-02
1.114305108785629272e-01 5.274354293942451477e-02 1.427128463983535767e-01
1.580703109502792358e-01 -9.538223594427108765e-02 2.492504119873046875e-01
2.710711956024169922e-01 -1.679358482360839844e-01 3.328068256378173828e-01
2.742688059806823730e-01 -1.455271542072296143e-01 3.635945618152618408e-01
3.491819202899932861e-01 -7.351738959550857544e-02 3.216307163238525391e-01
2.775517106056213379e-01 -1.182604283094406128e-01 2.578226923942565918e-01
1.734020262956619263e-01 -2.017147690057754517e-01 2.490829527378082275e-01
1.683732867240905762e-01 -2.449886351823806763e-01 5.318992584943771362e-02
8.357232064008712769e-02 -1.165999248623847961e-01 -6.132719293236732483e-02
2.246345393359661102e-02 1.061622351408004761e-01 -1.785630583763122559e-01
-9.824204444885253906e-02 3.309027850627899170e-01 -2.056635916233062744e-01
9.000205900520086288e-04 3.874732851982116699e-01 -8.009730279445648193e-02
9.824143722653388977e-03 1.775058805942535400e-01 -6.401398032903671265e-02
4.593524150550365448e-03 8.746097981929779053e-02 -8.957041800022125244e-02
-1.700719073414802551e-02 5.071552097797393799e-02 -1.564789265394210815e-01
-1.420639902353286743e-01 8.890250697731971741e-03 -1.239618062973022461e-01
-4.743406176567077637e-02 1.653753779828548431e-02 -6.360529363155364990e-02
-4.621839895844459534e-02 -8.817278780043125153e-03 6.672191619873046875e-02
2.411711588501930237e-02 1.825206577777862549e-01 1.900220364332199097e-01
1.025853976607322693e-01 1.541809737682342529e-01 1.208051443099975586e-01
3.448358923196792603e-02 -1.416990533471107483e-02 -3.590991953387856483e-03
7.633754611015319824e-02 -1.679294258356094360e-01 -1.069366559386253357e-01
3.289887448772788048e-03 -1.881121098995208740e-01 -1.596209704875946045e-01
-1.147396937012672424e-01 8.579599671065807343e-03 -2.494854107499122620e-02
-9.591549634933471680e-02 1.391980946063995361e-01 -8.200247772037982941e-03
-1.361077874898910522e-01 -6.081455573439598083e-02 1.264443695545196533e-01
8.859156630933284760e-03 -1.009949073195457458e-01 1.287766098976135254e-01
7.471600174903869629e-02 -1.440807878971099854e-01 -2.039632387459278107e-02
7.579514756798744202e-03 -2.494576573371887207e-01 2.093661949038505554e-02
-7.911276817321777344e-02 -2.052995190024375916e-02 -3.966778144240379333e-02
-8.444084972143173218e-02 1.606927812099456787e-02 9.905203245580196381e-03
-7.382889837026596069e-02 1.403606981039047241e-01 1.070913597941398621e-01
1.306251343339681625e-02 7.103650271892547607e-02 2.037956267595291138e-01
1.143004968762397766e-01 -1.006832644343376160e-01 2.840772867202758789e-01
7.551086694002151489e-02 -1.961175203323364258e-01 3.038190007209777832e-01
