-9.496237337589263916e-02 -1.330536156892776489e-01 -3.164758905768394470e-02
-1.146726906299591064e-01 -1.458621025085449219e-01 4.540363699197769165e-02
-8.075235038995742798e-02 -7.380665093660354614e-02 1.360745728015899658e-01
-2.340314351022243500e-02 3.971103578805923462e-02 1.386382728815078735e-01
2.517609857022762299e-02 1.435963809490203857e-01 -5.568418279290199280e-02
-3.634586930274963379e-02 1.445315182209014893e-01 -2.249760925769805908e-01
-1.361137181520462036e-01 7.747127115726470947e-02 -2.280378192663192749e-01
-1.906700581312179565e-01 -1.498025842010974884e-02 -1.980359107255935669e-02
-1.674742698669433594e-01 -1.624548137187957764e-01 1.928809285163879395e-01
-9.312149137258529663e-02 -2.897229790687561035e-01 1.519597023725509644e-01
3.489784151315689087e-02 -2.858082056045532227e-01 9.867300093173980713e-02
-4.353906842879951000e-04 -1.864876002073287964e-01 9.127806872129440308e-02
-5.081130191683769226e-02 1.207535415887832642e-01 2.709694802761077881e-01
-1.948723383247852325e-02 4.068101942539215088e-01 3.181928098201751709e-01
1.818076521158218384e-02 4.469268620014190674e-01 2.451385371387004852e-02
2.011971473693847656e-01 3.323029279708862305e-01 -3.521433770656585693e-01
1.486517190933227539e-01 1.312658935785293579e-01 -5.751667618751525879e-01
1.074471026659011841e-01 -9.173387289047241211e-02 -4.463773369789123535e-01
9.666434675455093384e-02 -9.541647881269454956e-02 3.706845268607139587e-02
2.821667492389678955e-01 1.241657882928848267e-01 3.044865727424621582e-01
4.800995588302612305e-01 1.800461709499359131e-01 1.637835502624511719e-01
4.377193152904510498e-01 2.689915597438812256e-01 -1.361641883850097656e-01
1.859932765364646912e-02 2.286101579666137695e-01 -2.589616775512695312e-01
-5.185156464576721191e-01 -6.052915751934051514e-02 -4.060071706771850586e-02
-6.073708534240722656e-01 -2.621720135211944580e-01 1.438820958137512207e-01
-4.050367474555969238e-01 -4.098652005195617676e-01 7.754790037870407104e-02
2.553016245365142822e-01 -4.088209867477416992e-01 -1.140175908803939819e-01
5.549539923667907715e-01 -5.535594746470451355e-02 -1.628722846508026123e-01
5.286744832992553711e-01 1.782706677913665771e-01 -4.569714143872261047e-02
9.937769919633865356e-02 2.738799154758453369e-01 1.794284582138061523e-01
-2.993967533111572266e-01 2.243745476007461548e-01 1.910191923379898071e-01
-3.381654024124145508e-01 -2.653637155890464783e-02 1.493557691574096680e-01
-2.248181253671646118e-01 -2.201733589172363281e-01 5.600052699446678162e-02
-1.657880395650863647e-01 -2.763515710830688477e-01 1.344703231006860733e-02
-2.401623576879501343e-01 -1.948581933975219727e-01 7.307588309049606323e-02
-2.791255414485931396e-01 -4.126387089490890503e-02 7.958856970071792603e-02
-1.755728274583816528e-01 1.005884185433387756e-01 6.042324379086494446e-02
1.073448508977890015e-01 7.046488672494888306e-02 3.617327287793159485e-02
2.609303891658782959e-01 -1.123392768204212189e-02 6.021619960665702820e-02
2.346660792827606201e-01 -5.131933465600013733e-02 2.310917675495147705e-01
1.728991270065307617e-01 -7.133774459362030029e-02 4.309719204902648926e-01
1.463318169116973877e-01 4.953054711222648621e-02 5.067103505134582520e-01
1.766506880521774292e-01 3.438743203878402710e-02 3.721919059753417969e-01
1.442460119724273682e-01 -4.664333164691925049e-02 -6.325823813676834106e-02
-9.472338110208511353e-02 -5.664602853357791901e-03 -4.770267605781555176e-01
-1.859209686517715454e-01 1.881229504942893982e-02 -5.759446024894714355e-01
-1.789367944002151489e-01 1.355162560939788818e-01 -4.385544657707214355e-01
-2.965893596410751343e-02 2.224018871784210205e-01 -1.145006492733955383e-01
1.114148423075675964e-01 1.380054801702499390e-01 5.168670043349266052e-02
4.599501192569732666e-02 1.329673528671264648e-01 -1.062351930886507034e-02
3.170100599527359009e-02 7.894969731569290161e-02 -1.954561322927474976e-01
1.266944780945777893e-02 -2.349511533975601196e-02 -1.672942638397216797e-01
1.078247576951980591e-01 -7.738526165485382080e-02 1.314467936754226685e-01
1.950054913759231567e-01 -1.707756817340850830e-01 3.473886549472808838e-01
9.532173722982406616e-02 -1.288794875144958496e-01 3.570190668106079102e-01
5.664544645696878433e-03 -3.020950965583324432e-02 1.351094245910644531e-01
-2.431235015392303467e-01 1.032395735383033752e-01 -1.627837121486663818e-01
-4.193700253963470459e-01 2.217999547719955444e-01 -1.572488397359848022e-01
-4.030493199825286865e-01 2.126363664865493774e-01 -1.070045679807662964e-01
-3.022408783435821533e-01 8.246088773012161255e-02 -1.238899901509284973e-01
9.229018539190292358e-02 -1.436732113361358643e-01 -5.610128864645957947e-02
3.107262551784515381e-01 -2.661090493202209473e-01 -8.481458574533462524e-02
2.671786546707153320e-01 -1.993971616029739380e-01 6.375581771135330200e-02
2.931943535804748535e-02 -5.900343880057334900e-02 1.753061115741729736e-01
-2.786351740360260010e-01 4.001222550868988037e-02 2.484546415507793427e-02
-2.977505922317504883e-01 8.876168727874755859e-02 -6.856070458889007568e-02
-1.530286967754364014e-01 7.343432307243347168e-02 -1.444566398859024048e-01
8.243095874786376953e-02 6.124391779303550720e-02 -1.171793788671493530e-01
2.009584307670593262e-01 9.892240166664123535e-02 -1.377205550670623779e-02
2.259660214185714722e-01 1.087375581264495850e-01 5.525896698236465454e-02
2.408480048179626465e-01 1.115493625402450562e-01 7.131701707839965820e-02
3.387230634689331055e-01 6.924713402986526489e-02 4.134473577141761780e-02
3.925738930702209473e-01 -1.010357681661844254e-02 -7.719376683235168457e-02
3.540894091129302979e-01 -1.383267194032669067e-01 -2.359441518783569336e-01
1.367901712656021118e-01 -2.465611696243286133e-01 -2.224738597869873047e-01
-1.998112052679061890e-01 -2.141056805849075317e-01 -1.174677088856697083e-01
-3.326789140701293945e-01 -1.536072641611099243e-01 1.745997183024883270e-02
-3.448137640953063965e-01 5.707971379160881042e-02 1.177396923303604126e-01
-1.349092572927474976e-01 1.298695355653762817e-01 1.389020234346389771e-01
-2.305857464671134949e-02 1.861778646707534790e-01 1.874901503324508667e-01
7.658639457076787949e-03 2.084768712520599365e-01 1.890960633754730225e-01
7.245384156703948975e-02 1.147628054022789001e-01 1.403051912784576416e-01
5.955201387405395508e-02 3.832648694515228271e-02 1.961963716894388199e-03
4.870769381523132324e-02 -1.727637499570846558e-01 -5.782801285386085510e-02
-7.992715388536453247e-02 -2.202683985233306885e-01 -5.485558137297630310e-02
-3.538783639669418335e-02 -9.652047604322433472e-02 -2.620090171694755554e-02
8.625264465808868408e-02 3.941702470183372498e-02 3.115874156355857849e-02
2.469769567251205444e-01 1.603076756000518799e-01 -1.495120348408818245e-03
3.069864511489868164e-01 1.220771521329879761e-01 -2.770827151834964752e-02
2.259041666984558105e-01 2.161112241446971893e-02 -4.587440937757492065e-02
-1.393524231389164925e-03 4.123984649777412415e-02 1.067265495657920837e-02
-3.048593103885650635e-01 5.401083081960678101e-02 1.069192215800285339e-01
-4.434106647968292236e-01 7.587456703186035156e-02 1.597424745559692383e-01
-4.780502319335937500e-01 4.314319044351577759e-02 1.044542714953422546e-01
-3.647141754627227783e-01 -1.080223470926284790e-01 -2.339664287865161896e-02
-1.993667483329772949e-01 -7.551728188991546631e-02 -1.504387557506561279e-01
-4.068398103117942810e-02 -1.286082621663808823e-02 -1.645640879869461060e-01
5.848196148872375488e-02 -1.566617935895919800e-02 -4.566901922225952148e-02
1.400848031044006348e-01 -5.438296869397163391e-02 -5.419134348630905151e-02
2.850117683410644531e-01 -1.611718684434890747e-01 -3.626568242907524109e-02
4.058319032192230225e-01 -1.174292191863059998e-01 -1.062876284122467041e-01
5.025737285614013672e-01 4.487167671322822571e-02 -6.440944224596023560e-02
3.644900321960449219e-01 1.804588139057159424e-01 5.184550955891609192e-02
2.791249006986618042e-02 1.743420213460922241e-01 1.080175302922725677e-02
-2.202762365341186523e-01 1.147389709949493408e-01 1.516787521541118622e-02
-2.675735354423522949e-01 -2.074623666703701019e-02 -9.484235197305679321e-02
-5.144022405147552490e-02 -1.514739096164703369e-01 -1.741615124046802521e-02
5.573173984885215759e-02 -1.124305874109268188e-01 9.304117411375045776e-02
-3.825461491942405701e-03 -1.294222772121429443e-01 1.627969741821289062e-01
-8.942123502492904663e-02 4.140657186508178711e-02 2.789632976055145264e-01
-1.607472300529479980e-01 1.840479373931884766e-01 1.501675099134445190e-01
-1.098834350705146790e-01 1.311964541673660278e-01 -3.495028242468833923e-02
-4.899872094392776489e-02 4.485010355710983276e-02 -2.848980128765106201e-01
2.610120549798011780e-02 -1.866334825754165649e-01 -3.975969254970550537e-01
1.345751434564590454e-01 -2.516605854034423828e-01 -1.420135945081710815e-01
1.833127290010452271e-01 -1.519137769937515259e-01 1.262976974248886108e-01
6.017094478011131287e-02 -6.954145431518554688e-02 3.057898581027984619e-01
-1.543856859207153320e-01 1.301244050264358521e-01 2.270400375127792358e-01
-2.275194227695465088e-01 1.538362652063369751e-01 -9.825141727924346924e-02
-1.855676621198654175e-01 5.838163942098617554e-02 -1.632690429687500000e-01
1.012005880475044250e-01 -1.629491336643695831e-03 -8.716706931591033936e-02
2.339451611042022705e-01 -9.302555024623870850e-02 8.379814773797988892e-02
1.961209774017333984e-01 2.552084997296333313e-02 2.787971496582031250e-01
6.157153099775314331e-02 1.318076699972152710e-01 2.343106567859649658e-01
-2.516243159770965576e-01 7.591065764427185059e-02 5.770053714513778687e-02
-3.549502193927764893e-01 -2.243848331272602081e-02 -4.740272089838981628e-02
-3.369849324226379395e-01 -1.160211265087127686e-01 -1.261062175035476685e-01
-1.997429281473159790e-01 -1.041426658630371094e-01 -6.936089694499969482e-02
