2.030369192361831665e-01 2.877278923988342285e-01 -3.479970395565032959e-01
7.758911699056625366e-02 6.133662164211273193e-02 -3.682915866374969482e-01
-1.145817246288061142e-02 -2.272633463144302368e-01 -2.882188558578491211e-01
9.982497245073318481e-02 -5.188766121864318848e-01 2.352382987737655640e-01
3.198965191841125488e-01 -3.185179233551025391e-01 3.764995038509368896e-01
3.624288439750671387e-01 3.521061688661575317e-02 2.978809177875518799e-01
2.778858542442321777e-01 1.921556442975997925e-01 1.101860105991363525e-01
1.386750638484954834e-01 2.542209923267364502e-01 -1.719164550304412842e-01
1.435970813035964966e-01 9.140978753566741943e-02 -9.568240493535995483e-02
8.583006262779235840e-02 8.053928613662719727e-02 -6.936429440975189209e-02
-1.072087883949279785e-02 3.596032038331031799e-02 -1.233604028820991516e-01
-2.724497392773628235e-02 -4.698789864778518677e-02 -2.330511957406997681e-01
-1.910015242174267769e-03 -1.500338912010192871e-01 -2.796479165554046631e-01
-1.661148853600025177e-02 -1.915420889854431152e-01 -2.806292176246643066e-01
-5.519857164472341537e-03 -1.145927682518959045e-01 -2.026964575052261353e-01
-7.610294036567211151e-03 -1.751595991663634777e-03 -1.639908999204635620e-01
-5.383267626166343689e-02 1.380359679460525513e-01 -6.250611692667007446e-02
-5.359751731157302856e-02 -1.775324940681457520e-01 3.398978114128112793e-01
-1.582839787006378174e-01 -3.804881274700164795e-01 4.556704759597778320e-01
-1.147529333829879761e-01 -4.730069041252136230e-01 4.515631496906280518e-01
-1.189897730946540833e-01 -4.140103161334991455e-01 3.515925705432891846e-01
-1.691223531961441040e-01 2.219954431056976318e-01 -9.914385527372360229e-02
-2.536917030811309814e-01 4.235089123249053955e-01 -3.636147975921630859e-01
-4.182687401771545410e-01 4.288583397865295410e-01 -4.559779763221740723e-01
-4.519403874874114990e-01 3.694978654384613037e-01 -5.011801123619079590e-01
-4.642873108386993408e-01 1.185845211148262024e-01 -3.576513826847076416e-01
-2.974074482917785645e-01 6.100211292505264282e-02 -1.025121062994003296e-01
-1.083476543426513672e-01 2.441013418138027191e-02 -1.837009191513061523e-02
1.085216831415891647e-02 -7.891876623034477234e-03 4.413671046495437622e-02
7.205676287412643433e-02 1.401766575872898102e-02 -2.951227594166994095e-03
5.293598398566246033e-02 -3.122880682349205017e-02 -7.734217215329408646e-03
4.903845116496086121e-02 1.045492012053728104e-02 7.729621976613998413e-02
5.507782474160194397e-02 7.395084202289581299e-02 1.918570101261138916e-01
1.273121498525142670e-02 1.095151379704475403e-01 2.307225465774536133e-01
-1.836895011365413666e-02 8.963409811258316040e-02 1.431555598974227905e-01
-2.914339490234851837e-02 6.494130194187164307e-02 4.549228027462959290e-02
3.941718023270368576e-03 -4.703441634774208069e-03 -3.915301337838172913e-02
1.933514885604381561e-02 -7.705739140510559082e-02 -3.825193643569946289e-02
-1.584168337285518646e-02 -1.155531406402587891e-01 2.689410932362079620e-03
-3.067150712013244629e-02 -1.307689249515533447e-01 1.542335562407970428e-02
9.058551490306854248e-02 -9.178938716650009155e-02 1.287530809640884399e-01
4.050081074237823486e-01 -4.910835996270179749e-02 1.398646533489227295e-01
5.378049612045288086e-01 -7.449970394372940063e-02 5.083525553345680237e-02
5.045114755630493164e-01 -1.483660787343978882e-01 -1.148865818977355957e-01
3.749219179153442383e-01 -1.482319384813308716e-01 -1.122255846858024597e-01
9.891273826360702515e-02 -1.729483008384704590e-01 -3.178279474377632141e-02
1.229513809084892273e-02 -1.371535807847976685e-01 1.223010197281837463e-01
3.248463943600654602e-02 -9.572729468345642090e-02 1.677666604518890381e-01
-8.715650439262390137e-02 -1.057176142930984497e-01 7.382641732692718506e-02
-1.639414876699447632e-01 -4.176032170653343201e-02 7.584907114505767822e-02
-2.314712554216384888e-01 -6.351915001869201660e-02 -2.569809090346097946e-03
-2.164669185876846313e-01 -5.203016474843025208e-02 -1.843185350298881531e-02
-9.388440847396850586e-02 -2.952413074672222137e-02 3.167757764458656311e-02
1.007395982742309570e-02 1.508660428225994110e-02 4.624453559517860413e-02
7.276269793510437012e-02 5.293101072311401367e-02 8.177819848060607910e-02
5.676063895225524902e-02 3.720614686608314514e-02 1.225134506821632385e-01
3.558403253555297852e-02 7.035056501626968384e-02 1.259164661169052124e-01
9.724609553813934326e-03 7.409176975488662720e-02 1.511142700910568237e-01
-1.302252151072025299e-02 5.906228721141815186e-02 1.277443021535873413e-01
4.659012705087661743e-02 1.710551232099533081e-01 1.353654712438583374e-01
1.027671992778778076e-01 2.607706189155578613e-01 5.660187825560569763e-02
9.223999083042144775e-02 3.218924701213836670e-01 3.970225900411605835e-02
9.639722853899002075e-02 1.923351883888244629e-01 -2.284353040158748627e-02
3.634010208770632744e-03 -4.409591853618621826e-02 -1.998602598905563354e-01
-2.049079164862632751e-02 -1.602497398853302002e-01 -2.615745663642883301e-01
1.670852489769458771e-02 -8.323930203914642334e-02 -1.993411034345626831e-01
1.070743426680564880e-02 7.835119031369686127e-03 -8.737081289291381836e-02
5.661485716700553894e-02 -3.556729108095169067e-02 2.296120300889015198e-02
5.136209726333618164e-02 -1.576285660266876221e-01 -5.686075240373611450e-02
3.095230273902416229e-02 -1.881955116987228394e-01 1.341645326465368271e-02
1.444058865308761597e-02 -8.569333702325820923e-02 2.699899971485137939e-01
-3.951343148946762085e-02 -8.542861044406890869e-02 4.022195339202880859e-01
-1.136615052819252014e-01 -1.237097904086112976e-01 3.734833598136901855e-01
-1.653140038251876831e-01 -2.161474078893661499e-01 1.916813999414443970e-01
-1.753558069467544556e-01 -2.104432284832000732e-01 4.927213490009307861e-02
-1.199811324477195740e-01 -1.252971440553665161e-01 1.747426018118858337e-02
-5.571586638689041138e-02 -6.500273942947387695e-02 1.169326677918434143e-01
-3.439313173294067383e-02 4.312241449952125549e-03 2.123724520206451416e-01
4.886735230684280396e-03 1.060404255986213684e-01 3.107531368732452393e-01
4.554627835750579834e-02 2.131453901529312134e-01 3.320296108722686768e-01
4.286754131317138672e-02 2.729064226150512695e-01 2.175047397613525391e-01
7.649086415767669678e-02 3.465888798236846924e-01 1.198952943086624146e-01
-3.549312800168991089e-02 4.021503627300262451e-01 -1.240320429205894470e-01
-4.299785941839218140e-02 2.744520902633666992e-01 -2.434357404708862305e-01
1.369240581989288330e-01 1.761073470115661621e-01 -3.184066414833068848e-01
2.877416908740997314e-01 4.511142894625663757e-02 -4.311581850051879883e-01
4.483581781387329102e-01 -4.512598365545272827e-02 -3.762735724449157715e-01
3.225132226943969727e-01 5.899306386709213257e-03 -2.966771125793457031e-01
1.528751850128173828e-01 -1.298940479755401611e-01 -3.285928666591644287e-01
-2.548594176769256592e-01 -2.630445659160614014e-01 -2.347264289855957031e-01
-4.744836390018463135e-01 -3.075067996978759766e-01 -1.036937460303306580e-01
-5.459191799163818359e-01 -2.623485922813415527e-01 9.880482684820890427e-04
-5.652990937232971191e-01 -1.889346688985824585e-01 9.895519912242889404e-02
-3.637048304080963135e-01 8.609994500875473022e-02 -1.092761009931564331e-01
-2.586373984813690186e-01 3.044640123844146729e-01 -2.879312336444854736e-01
-2.750316262245178223e-01 2.758918702602386475e-01 -3.530979752540588379e-01
-2.308497279882431030e-01 2.183332592248916626e-01 -2.177940756082534790e-01
-5.688678845763206482e-02 2.148301713168621063e-02 -3.568322956562042236e-02
6.354998797178268433e-02 -8.135779201984405518e-02 7.194752246141433716e-02
6.003265455365180969e-02 7.612153887748718262e-03 1.666942685842514038e-01
1.300501916557550430e-02 1.334398090839385986e-01 2.141624391078948975e-01
-2.432756591588258743e-03 1.492710411548614502e-01 1.035483777523040771e-01
-5.082499608397483826e-02 1.794580072164535522e-01 4.995792731642723083e-02
-5.801277607679367065e-02 1.173966079950332642e-01 -2.356595993041992188e-01
7.144865393638610840e-02 1.323349401354789734e-02 -3.017404377460479736e-01
1.543052941560745239e-01 -4.159403592348098755e-02 -1.711616963148117065e-01
2.698606252670288086e-01 -2.145468890666961670e-01 -3.374525811523199081e-03
1.950770616531372070e-01 -1.813890039920806885e-01 3.511207103729248047e-01
1.081109568476676941e-01 -1.300764381885528564e-01 3.944434523582458496e-01
2.447184622287750244e-01 -2.839994132518768311e-01 3.204153776168823242e-01
2.809308171272277832e-01 -1.967253088951110840e-01 3.060060739517211914e-01
3.857450485229492188e-01 -2.154842317104339600e-01 2.502986490726470947e-01
3.869137465953826904e-01 -3.879277780652046204e-02 1.816101372241973877e-01
2.500866949558258057e-01 9.152375161647796631e-02 1.739489845931529999e-02
7.745064049959182739e-02 -5.280549451708793640e-02 -1.835697889328002930e-01
-1.236461699008941650e-01 1.228454560041427612e-01 -3.089602664113044739e-02
-3.078193962574005127e-01 7.065337151288986206e-02 1.367577761411666870e-01
-2.188760638236999512e-01 1.548860371112823486e-01 1.804837211966514587e-02
4.533389210700988770e-02 8.384244889020919800e-02 -4.505788162350654602e-02
5.168135277926921844e-03 7.550694793462753296e-02 -2.481686919927597046e-01
2.957007475197315216e-02 1.249700635671615601e-01 -3.221324384212493896e-01
1.563864573836326599e-02 6.863584369421005249e-02 -1.608406305313110352e-01
-8.671148121356964111e-02 9.092064946889877319e-02 -7.526030391454696655e-02
1.180705353617668152e-01 8.963005244731903076e-02 2.702459692955017090e-01
1.797018647193908691e-01 6.917165964841842651e-02 1.924477368593215942e-01
8.052323013544082642e-02 -6.989312171936035156e-02 4.123107716441154480e-02
1.414547711610794067e-01 -1.358524896204471588e-02 -1.140461191534996033e-01
1.171235516667366028e-01 1.673969328403472900e-01 -1.522307693958282471e-01
-3.634618967771530151e-02 3.550986051559448242e-01 1.473228782415390015e-01
-1.252292543649673462e-01 1.439542323350906372e-01 4.188657552003860474e-02
-2.416263669729232788e-01 -4.887149110436439514e-02 -1.656853407621383667e-02
-2.915261685848236084e-01 -1.888117492198944092e-01 2.177293412387371063e-02
-1.001853719353675842e-01 -2.707519531250000000e-01 6.415509432554244995e-02
7.797827571630477905e-02 -1.441196352243423462e-01 2.197925448417663574e-01
1.037931218743324280e-01 -3.102073669433593750e-01 1.279468536376953125e-01
1.226694285869598389e-01 -2.771761715412139893e-01 -3.670389577746391296e-02
4.477953538298606873e-02 -1.740240454673767090e-01 -5.658851563930511475e-02
