1.290514373437936374e-02
8.603429156252909160e-03
0.000000000000000000e+00
1.716649691885820672e-01
3.263355008519772671e-01
3.575314481978512648e-01
1.833364156292785208e-01
0.000000000000000000e+00
0.000000000000000000e+00
0.000000000000000000e+00
0.000000000000000000e+00
3.449371738379796576e-02
2.924936504977024634e-02
3.132971297299144003e-02
1.364439918711404971e-02
0.000000000000000000e+00
0.000000000000000000e+00
0.000000000000000000e+00
0.000000000000000000e+00
1.604357849012745529e-02
5.514035233218982091e-02
7.520260037911090378e-02
7.574014075814503033e-02
4.495060685019296870e-02
0.000000000000000000e+00
0.000000000000000000e+00
0.000000000000000000e+00
0.000000000000000000e+00
0.000000000000000000e+00
0.000000000000000000e+00
0.000000000000000000e+00
0.000000000000000000e+00
0.000000000000000000e+00
0.000000000000000000e+00
0.000000000000000000e+00
0.000000000000000000e+00
0.000000000000000000e+00
0.000000000000000000e+00
0.000000000000000000e+00
0.000000000000000000e+00
0.000000000000000000e+00
0.000000000000000000e+00
5.941296916140753094e-03
1.885671642898089501e-02
7.745672415468593877e-03
0.000000000000000000e+00
0.000000000000000000e+00
0.000000000000000000e+00
0.000000000000000000e+00
1.805071272254600481e-03
7.309790368540089109e-03
1.146070601063462618e-02
1.247661981434612308e-02
8.088314326315728872e-03
0.000000000000000000e+00
0.000000000000000000e+00
0.000000000000000000e+00
0.000000000000000000e+00
0.000000000000000000e+00
0.000000000000000000e+00
0.000000000000000000e+00
0.000000000000000000e+00
0.000000000000000000e+00
0.000000000000000000e+00
0.000000000000000000e+00
0.000000000000000000e+00
0.000000000000000000e+00
0.000000000000000000e+00
8.882909982309976013e-03
1.418970465456663096e-02
1.046563913914378384e-02
0.000000000000000000e+00
0.000000000000000000e+00
0.000000000000000000e+00
5.392781703771330412e-03
1.970507038941065117e-02
2.679838020124312298e-02
1.597835962408701224e-02
5.629931967520137269e-03
0.000000000000000000e+00
0.000000000000000000e+00
0.000000000000000000e+00
8.652625553291282742e-04
6.595014964204943056e-03
1.289674194809396074e-02
9.313117541548062567e-03
3.495405650549170454e-04
0.000000000000000000e+00
0.000000000000000000e+00
2.613280119394634227e-02
5.502305880091871298e-02
6.883519505649397796e-02
4.304560355035858682e-02
0.000000000000000000e+00
0.000000000000000000e+00
0.000000000000000000e+00
0.000000000000000000e+00
3.020666326634998192e-02
3.564734827973918552e-02
2.151232415693079755e-02
0.000000000000000000e+00
0.000000000000000000e+00
0.000000000000000000e+00
0.000000000000000000e+00
0.000000000000000000e+00
0.000000000000000000e+00
0.000000000000000000e+00
0.000000000000000000e+00
0.000000000000000000e+00
0.000000000000000000e+00
0.000000000000000000e+00
2.069723011156882897e-01
3.666706126618660688e-01
3.294343290620643239e-01
1.685750678764232346e-01
0.000000000000000000e+00
0.000000000000000000e+00
0.000000000000000000e+00
0.000000000000000000e+00
0.000000000000000000e+00
0.000000000000000000e+00
0.000000000000000000e+00
0.000000000000000000e+00
0.000000000000000000e+00
0.000000000000000000e+00
0.000000000000000000e+00
0.000000000000000000e+00
0.000000000000000000e+00
0.000000000000000000e+00
0.000000000000000000e+00
0.000000000000000000e+00
0.000000000000000000e+00
1.720685831250581832e-03
1.720685831250581832e-03
4.301714578126454580e-04
0.000000000000000000e+00
0.000000000000000000e+00
