-4.286882281303405762e-02 -1.099882870912551880e-01 -9.550251066684722900e-02
-2.911383286118507385e-02 -2.365842610597610474e-01 -1.054120510816574097e-01
9.804423153400421143e-02 -2.717335522174835205e-01 -2.282385714352130890e-02
1.686367690563201904e-01 -1.609711945056915283e-01 9.712461382150650024e-02
8.079963177442550659e-02 1.264724731445312500e-01 2.840818166732788086e-01
-7.133174687623977661e-02 3.346361815929412842e-01 2.743996977806091309e-01
-2.285308092832565308e-01 3.125753104686737061e-01 8.550777286291122437e-02
-1.942474097013473511e-01 9.819506108760833740e-02 -9.178411215543746948e-02
-4.566923901438713074e-02 -1.850523501634597778e-01 -2.901650071144104004e-01
1.050537154078483582e-01 -2.251682877540588379e-01 -1.885788738727569580e-01
1.624598056077957153e-01 -1.337639540433883667e-01 1.818121224641799927e-02
9.713380783796310425e-02 -3.182785818353295326e-03 1.545119434595108032e-01
8.174627274274826050e-02 3.456983342766761780e-02 2.554389536380767822e-01
9.689994156360626221e-02 9.314864128828048706e-02 2.019890695810317993e-01
1.556107252836227417e-01 1.794394403696060181e-01 1.103203743696212769e-01
1.896219998598098755e-01 2.211989462375640869e-01 -1.387795992195606232e-02
9.076798707246780396e-02 2.133798897266387939e-01 -2.120292484760284424e-01
-1.094669923186302185e-01 7.278611510992050171e-02 -2.810009419918060303e-01
-1.999560296535491943e-01 -2.090995013713836670e-01 -2.882816791534423828e-01
-2.546491622924804688e-01 -4.343619048595428467e-01 -1.485189497470855713e-01
2.082644496113061905e-03 -4.914279878139495850e-01 1.302186399698257446e-01
3.045932352542877197e-01 -4.045177102088928223e-01 2.463342547416687012e-01
3.739022612571716309e-01 -5.181564763188362122e-02 2.681840062141418457e-01
4.064593613147735596e-01 2.044367790222167969e-01 8.359318971633911133e-02
1.170541718602180481e-01 2.283145487308502197e-01 -1.163315922021865845e-01
-9.203092008829116821e-02 2.048967778682708740e-01 -1.309341788291931152e-01
-2.189617156982421875e-01 8.646860718727111816e-02 -4.743665829300880432e-02
-2.824021875858306885e-01 2.130446583032608032e-02 6.997028738260269165e-02
-2.545636594295501709e-01 1.392980571836233139e-02 8.958984911441802979e-02
-2.777504920959472656e-01 5.407971143722534180e-02 2.010141685605049133e-02
-1.573296189308166504e-01 9.200736135244369507e-02 -5.952098593115806580e-02
-8.610884100198745728e-02 1.277649253606796265e-01 -1.261214017868041992e-01
-1.459063775837421417e-02 7.083345949649810791e-02 -1.234494894742965698e-01
-2.748044393956661224e-02 -3.338819369673728943e-02 -5.414569377899169922e-02
-6.777045130729675293e-02 -1.000370681285858154e-01 -3.040587902069091797e-02
-1.248034997843205929e-03 -8.034370094537734985e-02 -1.240421086549758911e-01
5.708922818303108215e-02 8.741703629493713379e-02 -2.206531465053558350e-01
7.938973605632781982e-02 2.784740924835205078e-01 -1.641105413436889648e-01
-8.050397969782352448e-03 3.524427413940429688e-01 1.261394023895263672e-01
-1.098667532205581665e-01 2.401803135871887207e-01 3.898913264274597168e-01
-6.146010011434555054e-02 -1.377309393137693405e-02 4.408095180988311768e-01
6.535941362380981445e-02 -2.394424676895141602e-01 2.067157924175262451e-01
1.931473612785339355e-01 -2.819155156612396240e-01 -1.801022589206695557e-01
2.133243232965469360e-01 -2.087624520063400269e-01 -3.497031033039093018e-01
1.025282740592956543e-01 -4.363502189517021179e-02 -3.493042588233947754e-01
1.597072929143905640e-02 3.080344386398792267e-02 -2.179872244596481323e-01
-1.092332825064659119e-01 4.085819050669670105e-02 -7.410047948360443115e-02
-1.692961603403091431e-01 2.801789902150630951e-02 5.501352623105049133e-02
-1.474067568778991699e-01 -6.951862573623657227e-02 1.452012956142425537e-01
-7.279895991086959839e-02 -1.180764213204383850e-01 1.673410832881927490e-01
6.119889207184314728e-03 -1.143034398555755615e-01 1.113885045051574707e-01
4.154044654569588602e-05 -3.950462117791175842e-02 4.289670661091804504e-02
2.959307469427585602e-02 3.349625319242477417e-02 -1.223268639296293259e-02
3.656008467078208923e-02 9.100154973566532135e-03 -3.627069666981697083e-02
7.467183470726013184e-02 -3.701760247349739075e-02 -1.647212426178157330e-03
6.780392676591873169e-02 -5.375797301530838013e-02 3.460588306188583374e-02
-2.432559058070182800e-02 1.885338872671127319e-02 6.859982758760452271e-02
-1.059777010232210159e-02 9.486570209264755249e-02 1.142858862876892090e-01
5.879038199782371521e-02 8.643583208322525024e-02 1.349163651466369629e-01
1.749468296766281128e-01 1.478138193488121033e-02 1.491805166006088257e-01
3.003577589988708496e-01 -9.119620919227600098e-02 1.250187307596206665e-01
2.639320194721221924e-01 -1.509441733360290527e-01 5.754287168383598328e-02
1.575719565153121948e-01 -1.481759846210479736e-01 -8.535042405128479004e-03
-4.459492117166519165e-02 -1.294618546962738037e-01 -9.733410924673080444e-02
-2.110472023487091064e-01 -7.400506734848022461e-02 -1.034336164593696594e-01
-2.622103691101074219e-01 4.482920467853546143e-02 -1.079406961798667908e-01
-3.071489036083221436e-01 1.221617907285690308e-01 -1.085688173770904541e-01
-2.016948312520980835e-01 1.234328672289848328e-01 -5.839719250798225403e-02
-1.167143955826759338e-01 4.961190279573202133e-03 -4.259965568780899048e-02
-1.174627617001533508e-01 -1.007707640528678894e-01 3.427300835028290749e-03
-6.004514917731285095e-02 -2.559304982423782349e-02 -5.088973790407180786e-02
-3.154579550027847290e-02 1.075691282749176025e-01 -1.489997208118438721e-01
1.775643676519393921e-01 1.690205782651901245e-01 -1.239293217658996582e-01
3.590371906757354736e-01 1.048371046781539917e-01 1.232609339058399200e-02
2.946307659149169922e-01 -4.923229105770587921e-03 2.040107101202011108e-01
1.417750120162963867e-01 -6.349136680364608765e-02 1.957358121871948242e-01
-8.680768311023712158e-02 -9.451279044151306152e-02 3.816160606220364571e-03
-2.816259562969207764e-01 -8.930561691522598267e-02 -1.879539489746093750e-01
-4.008021950721740723e-01 -1.284946687519550323e-02 -1.412337124347686768e-01
-3.875119090080261230e-01 9.823898971080780029e-02 1.225720420479774475e-01
-1.461457908153533936e-01 8.696680516004562378e-02 4.006533026695251465e-01
1.451842635869979858e-01 -3.367087617516517639e-02 5.238389968872070312e-01
2.502236366271972656e-01 -4.764103144407272339e-02 3.800753951072692871e-01
7.966775447130203247e-02 1.051549538969993591e-01 -3.691809624433517456e-02
-1.315028071403503418e-01 2.090861648321151733e-01 -4.235107004642486572e-01
1.127420645207166672e-02 1.033847406506538391e-01 -5.377365350723266602e-01
2.508628666400909424e-01 -3.037115931510925293e-01 -4.137695431709289551e-01
4.178660213947296143e-01 -4.804545640945434570e-01 -1.635226160287857056e-01
4.632105827331542969e-01 -3.370305597782135010e-01 -2.444279007613658905e-02
3.045591115951538086e-01 1.750786751508712769e-01 -2.873902581632137299e-02
1.966911405324935913e-01 5.860671401023864746e-01 -1.929135620594024658e-01
7.216923683881759644e-02 6.527688503265380859e-01 -3.021533191204071045e-01
-1.988880634307861328e-01 5.033279061317443848e-01 -1.752919852733612061e-01
-3.762814104557037354e-01 -1.076547801494598389e-01 5.010797083377838135e-02
-3.305948376655578613e-01 -4.817105829715728760e-01 2.690249383449554443e-01
-2.052123844623565674e-01 -5.443469285964965820e-01 2.344551831483840942e-01
4.963745549321174622e-02 -3.420529365539550781e-01 1.534446608275175095e-02
6.642318516969680786e-02 6.661355495452880859e-02 -7.228207588195800781e-02
3.621154278516769409e-02 1.835549175739288330e-01 -9.024982154369354248e-02
7.516056764870882034e-03 1.729657202959060669e-01 -7.801744621247053146e-03
1.167859043926000595e-02 5.289875343441963196e-02 6.473104655742645264e-02
1.579220145940780640e-01 -2.841511927545070648e-02 1.470273286104202271e-01
1.549369245767593384e-01 -3.367717191576957703e-02 2.403367310762405396e-01
1.229290142655372620e-01 -3.507100418210029602e-02 2.183238714933395386e-01
8.865424245595932007e-02 -8.073340170085430145e-03 9.789068251848220825e-02
-8.730353415012359619e-02 2.859918586909770966e-02 -8.311537094414234161e-03
-2.139224857091903687e-01 -1.420580595731735229e-02 8.583908528089523315e-02
-2.916395068168640137e-01 -1.180182471871376038e-01 2.966098189353942871e-01
-2.381395101547241211e-01 -1.626359373331069946e-01 4.600541591644287109e-01
-8.287128061056137085e-02 -2.334185391664505005e-01 4.548762440681457520e-01
2.348642423748970032e-02 -2.007841765880584717e-01 1.501431763172149658e-01
1.204294040799140930e-01 -3.276703134179115295e-02 -2.081436216831207275e-01
1.144621148705482483e-01 2.238703221082687378e-01 -3.720277249813079834e-01
9.233898669481277466e-02 4.208630323410034180e-01 -3.623331785202026367e-01
1.149206608533859253e-01 3.756237626075744629e-01 -2.546450495719909668e-01
2.226799726486206055e-01 2.245605289936065674e-01 -2.106328010559082031e-01
2.320478707551956177e-01 -7.879957556724548340e-02 -1.577817797660827637e-01
3.111032545566558838e-01 -1.672284603118896484e-01 3.786414116621017456e-02
2.539112269878387451e-01 -1.276151686906814575e-01 1.022607684135437012e-01
4.372834414243698120e-02 -2.270216941833496094e-01 7.226605713367462158e-02
-9.295104444026947021e-02 -9.615036100149154663e-02 3.541349247097969055e-02
-3.807704150676727295e-01 -1.778604649007320404e-02 -8.253196626901626587e-02
-3.149325847625732422e-01 1.663428544998168945e-01 -4.759930074214935303e-02
-2.945162057876586914e-01 3.209297358989715576e-01 8.164474274963140488e-05
-2.628611028194427490e-01 1.444190889596939087e-01 -2.680062875151634216e-02
-1.623855084180831909e-01 -1.403305027633905411e-02 6.371621787548065186e-02
-1.364386826753616333e-01 -2.108817994594573975e-01 6.525435298681259155e-02
2.236138284206390381e-01 -3.069134652614593506e-01 -5.036804080009460449e-02
3.188223242759704590e-01 -1.158032491803169250e-01 -1.405885070562362671e-01
3.128933608531951904e-01 5.202415212988853455e-02 -1.940634995698928833e-01
2.266573160886764526e-01 1.574255824089050293e-01 -6.300841271877288818e-02
-4.031107574701309204e-02 1.067293435335159302e-01 1.326412856578826904e-01
-1.244727820158004761e-01 -1.038819029927253723e-01 2.158474773168563843e-01
-2.860145866870880127e-01 -1.514203697443008423e-01 9.631308913230895996e-02
-3.878663480281829834e-01 -5.414833873510360718e-02 -1.382006406784057617e-01
-2.901346087455749512e-01 7.448469847440719604e-02 -2.926624417304992676e-01
-6.184643507003784180e-02 1.150686964392662048e-01 -3.442012071609497070e-01
3.094029128551483154e-01 1.058678627014160156e-01 -2.299398779869079590e-01
5.275549292564392090e-01 6.226557865738868713e-02 -2.761275507509708405e-02
4.197733402252197266e-01 2.347557060420513153e-02 1.763661801815032959e-01
1.179654300212860107e-01 1.441775006242096424e-03 2.759542167186737061e-01
-2.058321535587310791e-01 -1.098529770970344543e-01 2.263731062412261963e-01
-3.168741762638092041e-01 -8.301079273223876953e-02 8.773357421159744263e-02
-8.810459822416305542e-02 -3.522986173629760742e-02 1.357270684093236923e-02
1.926599144935607910e-01 -1.120809838175773621e-02 4.003139957785606384e-02
2.774241566658020020e-01 -7.828624919056892395e-03 6.723929941654205322e-02
2.154215127229690552e-01 -5.387778580188751221e-02 1.376111991703510284e-02
9.525746107101440430e-02 -6.982810329645872116e-03 -9.261376410722732544e-02
6.739676464349031448e-03 3.339260444045066833e-02 -1.234662011265754700e-01
-2.479185722768306732e-02 6.325864791870117188e-02 -3.141837567090988159e-02
-1.538241505622863770e-01 4.372697696089744568e-02 1.245998218655586243e-01
-4.168933033943176270e-01 6.287302821874618530e-02 2.189975976943969727e-01
-5.646809339523315430e-01 5.614680796861648560e-02 1.573047637939453125e-01
-5.830657482147216797e-01 -1.441779080778360367e-02 -3.647872805595397949e-02
-4.735791385173797607e-01 -1.219757273793220520e-02 -1.910476684570312500e-01
-6.488859653472900391e-02 4.849392920732498169e-02 -1.924354434013366699e-01
2.334935367107391357e-01 2.038047760725021362e-01 -1.845325715839862823e-02
3.566621243953704834e-01 1.830463558435440063e-01 5.710715055465698242e-02
3.399108648300170898e-01 -2.186522074043750763e-02 -7.772722840309143066e-02
2.278179675340652466e-01 -1.692117750644683838e-01 -1.740575134754180908e-01
3.302998244762420654e-01 -2.454081177711486816e-01 -1.294336616992950439e-01
3.529096841812133789e-01 -1.698010861873626709e-01 4.496250674128532410e-02
3.724876046180725098e-01 -1.172890812158584595e-01 1.328578144311904907e-01
2.788698077201843262e-01 -1.021139994263648987e-01 8.530063182115554810e-02
7.667638361454010010e-02 -4.666715487837791443e-02 1.282692551612854004e-01
-3.220382845029234886e-03 3.730199858546257019e-02 5.419229716062545776e-02
-1.841800212860107422e-01 6.026597693562507629e-02 2.003796398639678955e-02
-2.111440002918243408e-01 7.704969495534896851e-02 -2.735600434243679047e-02
-1.749023050069808960e-01 1.444910913705825806e-01 -4.235891625285148621e-02
-1.291931271553039551e-01 8.682870119810104370e-02 3.602453693747520447e-02
5.978268012404441833e-02 7.080535590648651123e-02 5.456283316016197205e-02
2.981987595558166504e-02 -7.694123685359954834e-02 6.395669281482696533e-02
-2.746322192251682281e-02 -2.138848155736923218e-01 -7.671253383159637451e-02
4.389051813632249832e-03 1.068831980228424072e-02 -9.325128048658370972e-02
-2.715549431741237640e-02 1.223226636648178101e-01 -1.728042811155319214e-01
1.644537746906280518e-01 1.579913794994354248e-01 -1.333826482295989990e-01
7.475565373897552490e-02 1.006153449416160583e-01 8.597501367330551147e-02
-1.692586541175842285e-01 -1.263016164302825928e-01 1.642332673072814941e-01
-2.764953076839447021e-01 -1.028329953551292419e-01 1.539410650730133057e-01
-3.360849916934967041e-01 -6.166263669729232788e-02 -2.907932177186012268e-02
-3.380598500370979309e-02 3.328429535031318665e-02 -1.798926889896392822e-01
1.907444149255752563e-01 1.585211455821990967e-01 -7.913812994956970215e-02
2.547688484191894531e-01 1.439592242240905762e-01 1.141130775213241577e-01
1.822173595428466797e-01 -2.664009667932987213e-02 1.528354287147521973e-01
-6.261056661605834961e-02 -3.008508980274200439e-01 4.714975878596305847e-02
-1.181881725788116455e-01 -2.864555716514587402e-01 -1.475246250629425049e-01
-1.892905980348587036e-01 -1.742517650127410889e-01 -1.830841451883316040e-01
-1.583979874849319458e-01 2.208932675421237946e-02 -1.301729828119277954e-01
-9.995883703231811523e-02 1.122753173112869263e-01 -7.211615890264511108e-02
-1.001650914549827576e-01 1.467852760106325150e-02 -2.025655470788478851e-02
-2.311277762055397034e-02 2.512694522738456726e-02 -2.130511030554771423e-02
