9.921225160360336304e-02 -1.080590188503265381e-01 -1.265261471271514893e-01
7.918280363082885742e-02 -1.175526678562164307e-01 -7.347859442234039307e-02
8.897750079631805420e-02 -1.416065841913223267e-01 -7.401440292596817017e-02
5.532726272940635681e-02 -1.866501271724700928e-01 9.983000345528125763e-03
3.945923596620559692e-02 -6.436511874198913574e-02 -2.582700923085212708e-02
4.659684747457504272e-02 -1.237042061984539032e-02 3.814436960965394974e-03
1.415594015270471573e-02 2.373877912759780884e-01 1.331113427877426147e-01
2.619745582342147827e-02 2.919278144836425781e-01 1.043216437101364136e-01
3.222397714853286743e-02 2.031006813049316406e-01 3.504926711320877075e-02
-1.469326671212911606e-02 2.157833799719810486e-02 -2.334341965615749359e-02
3.816218301653862000e-02 -1.117291003465652466e-01 -8.381111919879913330e-02
4.618658125400543213e-02 -1.103142648935317993e-01 -7.511136680841445923e-02
3.374066436663269997e-03 -9.713422507047653198e-02 -1.311988476663827896e-02
-3.798703104257583618e-02 -1.428132504224777222e-02 8.174182474613189697e-02
-1.527226418256759644e-01 1.102334186434745789e-01 1.182287707924842834e-01
-9.753024578094482422e-02 1.906676441431045532e-01 3.089558333158493042e-02
2.524634078145027161e-02 3.006758987903594971e-01 -3.281611949205398560e-02
1.230231598019599915e-01 3.595036268234252930e-01 -1.107152551412582397e-01
2.979569733142852783e-01 3.630159497261047363e-01 -1.619870662689208984e-01
3.101234734058380127e-01 3.531745076179504395e-01 -1.679430156946182251e-02
2.035996615886688232e-01 1.502301078289747238e-02 -1.120671480894088745e-01
2.778673358261585236e-02 -4.084388911724090576e-01 -4.996204748749732971e-02
-2.985766232013702393e-01 -4.763925075531005859e-01 -1.848672032356262207e-01
-4.021434187889099121e-01 -3.445638716220855713e-01 -3.032739758491516113e-01
-4.688201844692230225e-01 7.059575617313385010e-02 -2.974847257137298584e-01
-3.844421505928039551e-01 2.954114079475402832e-01 -3.261025249958038330e-01
-2.225551456212997437e-01 2.460083216428756714e-01 -1.979024261236190796e-01
-2.133862078189849854e-01 9.886672347784042358e-02 -2.087107747793197632e-01
-1.584544628858566284e-01 -1.408052048645913601e-03 -8.109168708324432373e-02
-1.450081616640090942e-01 -2.292429096996784210e-02 2.373725362122058868e-02
-6.699577718973159790e-02 1.140347565524280071e-03 1.110611036419868469e-01
2.493438497185707092e-02 4.320071265101432800e-02 1.078751310706138611e-01
9.216434508562088013e-02 2.194881252944469452e-02 1.860367599874734879e-03
1.445600539445877075e-01 1.494270097464323044e-02 -1.340078748762607574e-02
1.355445832014083862e-01 -4.971541091799736023e-02 -1.084951777011156082e-02
1.355642229318618774e-01 -7.331397384405136108e-02 7.306866347789764404e-02
2.032604962587356567e-01 -1.299903392791748047e-01 6.003148481249809265e-02
3.259189128875732422e-01 -2.314780801534652710e-01 -1.397236585617065430e-01
4.458493292331695557e-01 -1.526638418436050415e-01 -2.077323198318481445e-01
4.535689055919647217e-01 4.059000685811042786e-02 -4.464263468980789185e-02
3.176508247852325439e-01 2.596746683120727539e-01 2.500824034214019775e-01
1.323142349720001221e-01 2.865205109119415283e-01 3.615749776363372803e-01
-7.087638229131698608e-02 9.111024439334869385e-02 2.393373399972915649e-01
-1.038891449570655823e-01 -6.642963737249374390e-02 1.245506294071674347e-02
-6.359415501356124878e-02 -6.180289387702941895e-02 -1.510021090507507324e-01
-1.860423758625984192e-02 -1.590322516858577728e-02 -2.060073763132095337e-01
9.190671145915985107e-02 -4.278573207557201385e-03 -2.293683588504791260e-01
1.521414369344711304e-01 -4.537900164723396301e-02 -2.198194116353988647e-01
2.146702259778976440e-01 -4.422803595662117004e-02 -7.587780058383941650e-02
1.995297521352767944e-01 -6.758708506822586060e-02 -9.820748120546340942e-03
1.232622414827346802e-01 -1.243087202310562134e-01 4.969713836908340454e-02
7.506383210420608521e-02 -1.359655559062957764e-01 2.884500846266746521e-02
9.316933155059814453e-02 -1.037518009543418884e-01 3.794713318347930908e-02
1.154886484146118164e-01 -2.318811416625976562e-02 7.417151331901550293e-02
6.086866930127143860e-02 -3.961050137877464294e-02 8.517774753272533417e-03
1.557321101427078247e-02 -5.648807436227798462e-02 1.626786403357982635e-02
-2.712590992450714111e-02 -7.552631944417953491e-02 1.746363751590251923e-02
-4.005839675664901733e-02 -5.426333472132682800e-02 5.508104711771011353e-02
2.577013522386550903e-02 3.390307351946830750e-02 1.323243975639343262e-01
-9.326391853392124176e-03 8.782409876585006714e-02 1.173020601272583008e-01
-7.867697626352310181e-02 1.025126501917839050e-01 9.152013063430786133e-02
-1.704573482275009155e-01 6.501340866088867188e-02 3.834099695086479187e-02
-2.483772337436676025e-01 -1.157355401664972305e-02 -8.806530386209487915e-02
-2.848503291606903076e-01 -3.589947149157524109e-02 -7.050046324729919434e-02
-3.201946914196014404e-01 -5.157819390296936035e-02 -7.394031435251235962e-02
-3.402912318706512451e-01 -1.052214577794075012e-01 -1.458888966590166092e-02
-3.451851010322570801e-01 -1.302700489759445190e-01 4.651971533894538879e-02
-2.466048449277877808e-01 -5.504486709833145142e-02 5.448066070675849915e-02
-1.507814824581146240e-01 -5.666320770978927612e-02 1.346523016691207886e-01
-1.517977416515350342e-01 -9.308618307113647461e-02 1.276529580354690552e-01
-1.417628079652786255e-01 -2.047399282455444336e-01 1.603280752897262573e-01
-3.801232203841209412e-02 -1.923639625310897827e-01 2.821482419967651367e-01
1.127098053693771362e-01 -1.405207514762878418e-01 1.333282589912414551e-01
1.496412009000778198e-01 -5.836924910545349121e-02 1.904731243848800659e-02
9.933395311236381531e-03 5.315430834889411926e-02 -8.751667290925979614e-02
-1.635234802961349487e-01 1.101406142115592957e-01 -8.264870941638946533e-02
-2.175025641918182373e-01 1.366815865039825439e-01 4.276747256517410278e-02
-1.204982995986938477e-01 -3.143959864974021912e-02 -4.186926409602165222e-02
2.769296988844871521e-03 -1.944044232368469238e-01 -8.293570578098297119e-02
1.968037635087966919e-01 -2.852501273155212402e-01 4.560938104987144470e-02
2.974544763565063477e-01 -1.815677285194396973e-01 3.167806267738342285e-01
2.426701188087463379e-01 -1.211323589086532593e-01 4.080413281917572021e-01
-2.421998232603073120e-02 -2.088138610124588013e-01 3.869409561157226562e-01
-1.964016407728195190e-01 -1.660088300704956055e-01 4.398722350597381592e-01
-5.064809229224920273e-04 1.028909813612699509e-02 4.283519983291625977e-01
2.310881614685058594e-01 1.980684846639633179e-01 3.395645022392272949e-01
2.419321835041046143e-01 2.005247622728347778e-01 2.399444878101348877e-01
-4.238508641719818115e-02 -8.307477086782455444e-02 -1.587589085102081299e-01
-3.157306015491485596e-01 -2.909809648990631104e-01 -2.215135991573333740e-01
-3.526455760002136230e-01 -1.498864889144897461e-01 -1.664952635765075684e-01
-2.608959972858428955e-01 1.455723345279693604e-01 -2.443594485521316528e-01
3.031129539012908936e-01 3.771063089370727539e-01 -2.842570543289184570e-01
5.555315017700195312e-01 3.990221023559570312e-01 -5.378787517547607422e-01
6.057740449905395508e-01 3.516465127468109131e-01 -6.077897548675537109e-01
4.923965036869049072e-01 1.510945111513137817e-01 -3.856641948223114014e-01
-1.498403772711753845e-02 6.285003852099180222e-03 -7.145106792449951172e-02
-8.205746859312057495e-02 4.508570581674575806e-02 1.135635003447532654e-01
-4.004987329244613647e-02 1.832969719544053078e-03 -1.391065493226051331e-02
6.342806667089462280e-02 5.057674273848533630e-02 -1.985984146595001221e-01
1.525603532791137695e-01 -8.386184275150299072e-02 -8.310499787330627441e-02
1.480217725038528442e-01 -1.803126484155654907e-01 -1.699814945459365845e-01
1.306776553392410278e-01 -1.746006608009338379e-01 -2.583581209182739258e-01
2.528422325849533081e-02 -1.735998839139938354e-01 -2.132076770067214966e-01
-1.207758784294128418e-01 -1.317649632692337036e-01 -1.767260730266571045e-01
-1.702698469161987305e-01 -9.995983541011810303e-02 -1.819228529930114746e-01
-1.348932236433029175e-01 -3.836726397275924683e-02 -1.868814527988433838e-01
-9.149700403213500977e-02 1.288562454283237457e-02 -1.534913331270217896e-01
2.061101142317056656e-03 8.085421472787857056e-02 6.457834690809249878e-02
-5.759675428271293640e-02 5.247647315263748169e-02 3.408527970314025879e-01
-1.866330802440643311e-01 -1.304158717393875122e-01 5.286452770233154297e-01
-3.038730323314666748e-01 -1.327144652605056763e-01 5.722819566726684570e-01
-4.019701182842254639e-01 -1.561918258666992188e-01 5.356885790824890137e-01
-3.300141096115112305e-01 -1.112101823091506958e-01 3.888902366161346436e-01
-1.761346459388732910e-01 4.053543135523796082e-02 2.950949966907501221e-01
2.186075784265995026e-02 2.044505923986434937e-01 2.030705958604812622e-01
2.252465635538101196e-01 2.088117152452468872e-01 3.773411363363265991e-02
1.480921655893325806e-01 1.850777715444564819e-01 1.204652711749076843e-02
5.116589739918708801e-02 2.276934832334518433e-01 -1.759349107742309570e-01
-7.846035808324813843e-02 6.424728035926818848e-02 -1.669312417507171631e-01
-2.851303815841674805e-01 2.383835762739181519e-01 -2.737123370170593262e-01
-2.492165714502334595e-01 1.266881078481674194e-01 -2.918635308742523193e-01
-2.412503063678741455e-01 2.466809703037142754e-03 -1.334269344806671143e-01
-1.755134165287017822e-01 1.723995506763458252e-01 -1.000418886542320251e-02
9.064050763845443726e-02 1.492876410484313965e-01 1.936098039150238037e-01
9.270802885293960571e-02 2.655602991580963135e-01 7.891773432493209839e-02
1.215673536062240601e-01 8.307505398988723755e-02 1.316352337598800659e-01
-5.847413092851638794e-02 -1.822875887155532837e-01 8.597505092620849609e-02
-2.339332252740859985e-01 -1.992419809103012085e-01 3.571585565805435181e-02
-2.570937275886535645e-01 -1.898445039987564087e-01 3.264818340539932251e-02
-2.648810446262359619e-01 -5.522630736231803894e-02 -1.694009453058242798e-01
-5.261223297566175461e-03 1.148659456521272659e-02 -1.945253163576126099e-01
1.525436434894800186e-02 1.950935460627079010e-02 -2.297732979059219360e-01
-4.447617754340171814e-02 1.313191950321197510e-01 -8.866693824529647827e-02
-3.816393390297889709e-02 1.139286458492279053e-01 1.170417591929435730e-01
-8.114986121654510498e-02 8.483378216624259949e-03 1.948414444923400879e-01
5.832969769835472107e-02 -4.319345951080322266e-02 2.687838971614837646e-01
3.113528192043304443e-01 -1.207995191216468811e-01 2.322882711887359619e-01
1.892727613449096680e-01 9.030574560165405273e-02 8.339028060436248779e-02
2.247543819248676300e-02 1.808062195777893066e-01 -9.360706061124801636e-02
-7.108355313539505005e-02 2.619822919368743896e-01 -2.813033759593963623e-01
-2.071420997381210327e-01 2.484533935785293579e-01 -3.620287179946899414e-01
-1.855179481208324432e-02 3.555852547287940979e-02 -2.679293751716613770e-01
3.239425644278526306e-02 -1.939381286501884460e-02 -1.064691990613937378e-01
-4.646262526512145996e-02 -8.858028799295425415e-02 2.665517851710319519e-02
5.166229605674743652e-02 -6.295028328895568848e-02 -1.907963678240776062e-02
2.168232575058937073e-03 -6.146593764424324036e-02 -1.361988484859466553e-01
-4.199278354644775391e-02 -1.015410944819450378e-01 -2.574979364871978760e-01
-5.475653335452079773e-02 -4.138188809156417847e-02 -2.181387543678283691e-01
-6.659898906946182251e-02 9.562140703201293945e-02 -2.155767083168029785e-01
-1.155567988753318787e-01 2.018297612667083740e-01 -2.679235935211181641e-01
-1.683514863252639771e-01 1.960638612508773804e-01 -2.479187697172164917e-01
-1.405048370361328125e-01 7.644237577915191650e-02 -1.735846549272537231e-01
-3.540586307644844055e-02 -1.285505741834640503e-01 -3.336877003312110901e-02
1.858033090829849243e-01 -1.485700458288192749e-01 3.306605815887451172e-01
2.858183681964874268e-01 -1.947416067123413086e-01 4.754731059074401855e-01
3.592136204242706299e-01 -2.865250110626220703e-01 4.593567252159118652e-01
4.157086312770843506e-01 -2.878646552562713623e-01 4.115590751171112061e-01
3.933868110179901123e-01 -2.239530831575393677e-01 2.475068122148513794e-01
3.932452797889709473e-01 -4.590231925249099731e-02 2.475719153881072998e-01
2.824665904045104980e-01 -3.962729126214981079e-02 1.210955679416656494e-01
2.610182464122772217e-01 -1.128426790237426758e-01 3.303213790059089661e-02
1.423512250185012817e-01 -2.070434093475341797e-01 -5.614600330591201782e-02
1.279927324503660202e-02 -1.777179166674613953e-02 -1.494618803262710571e-01
-2.692799083888530731e-03 3.983262181282043457e-02 -7.799569517374038696e-02
-7.359550893306732178e-02 1.313996464014053345e-01 -1.246450990438461304e-01
-1.364895142614841461e-02 1.878320723772048950e-01 -1.019674539566040039e-01
-1.053375303745269775e-01 1.339465081691741943e-01 1.076636929064989090e-02
-1.229680925607681274e-01 2.877165675163269043e-01 -4.207302629947662354e-02
-1.870978027582168579e-01 8.139050751924514771e-02 1.074157655239105225e-02
-1.625009477138519287e-01 7.225732505321502686e-02 -2.345427684485912323e-02
-8.750545978546142578e-02 2.003410309553146362e-01 -7.319567259401082993e-03
-1.266383528709411621e-01 6.189695745706558228e-02 -4.151752591133117676e-02
-9.902330487966537476e-02 2.913155853748321533e-01 -1.093228533864021301e-02
-7.947079837322235107e-02 1.456503421068191528e-01 1.660301536321640015e-01
-6.087421253323554993e-02 -1.109072491526603699e-01 5.030782148241996765e-02
3.103571757674217224e-02 1.151239499449729919e-01 -7.897751033306121826e-02
2.042470313608646393e-02 6.216593086719512939e-03 -1.803545653820037842e-01
-1.380643099546432495e-01 2.248351275920867920e-01 -1.984716802835464478e-01
-4.424238950014114380e-02 1.695277243852615356e-01 6.231630593538284302e-02
-6.371869146823883057e-02 -7.011826336383819580e-02 2.175353318452835083e-01
3.152881935238838196e-02 -2.148596346378326416e-01 1.289536803960800171e-01
7.272631675004959106e-02 -3.007575571537017822e-01 7.305049151182174683e-02
2.413788624107837677e-02 9.802484884858131409e-03 -7.179940491914749146e-02
-3.337778383865952492e-03 1.823891401290893555e-01 2.343975793337449431e-04
-4.221650213003158569e-02 2.308140993118286133e-01 7.004766911268234253e-02
-3.609773144125938416e-02 -9.148755669593811035e-02 8.262106776237487793e-02
-7.099079340696334839e-02 -3.784364759922027588e-01 1.205324679613113403e-01
2.449065912514925003e-03 -2.815052568912506104e-01 -1.142277382314205170e-02
4.029712080955505371e-02 -3.345729410648345947e-01 7.624933868646621704e-02
1.058654412627220154e-01 -2.911323308944702148e-01 8.794968575239181519e-02
1.271062493324279785e-01 -2.840972840785980225e-01 9.373961389064788818e-02
