-3.983666598796844482e-01 -2.652423083782196045e-01 -1.031713038682937622e-01
-4.272764325141906738e-01 -3.004565536975860596e-01 -1.525926403701305389e-02
-5.126577019691467285e-01 -1.866660118103027344e-01 5.470646917819976807e-02
-5.067124962806701660e-01 -2.771120667457580566e-01 4.666705057024955750e-02
-5.494604110717773438e-01 -2.406340688467025757e-01 9.665256366133689880e-03
-5.812723040580749512e-01 -2.056264877319335938e-01 -1.405718773603439331e-01
-6.242377161979675293e-01 -2.534103691577911377e-01 -2.506116628646850586e-01
-5.763015747070312500e-01 -2.147062420845031738e-01 -2.129887491464614868e-01
-4.519711732864379883e-01 -2.353922277688980103e-01 1.552386283874511719e-01
-4.012866020202636719e-01 -2.123554199934005737e-01 4.155040383338928223e-01
-3.423243761062622070e-01 -1.141998767852783203e-01 4.825265705585479736e-01
-3.679719865322113037e-01 -1.444178819656372070e-01 5.304341316223144531e-01
-4.287221729755401611e-01 -1.269540339708328247e-01 5.083237886428833008e-01
-4.116147160530090332e-01 -1.656009256839752197e-01 5.235065221786499023e-01
-4.125587642192840576e-01 -1.994539648294448853e-01 5.309383869171142578e-01
-4.208936095237731934e-01 -2.254834324121475220e-01 5.311897993087768555e-01
-3.802326023578643799e-01 -2.465565800666809082e-01 4.963899254798889160e-01
-4.154510498046875000e-01 -2.051030248403549194e-01 4.569095373153686523e-01
-4.383509457111358643e-01 -1.476857960224151611e-01 4.402838945388793945e-01
-4.077601432800292969e-01 -8.492279052734375000e-02 4.616361558437347412e-01
-4.415653944015502930e-01 7.000932842493057251e-02 4.547881186008453369e-01
-4.032251238822937012e-01 2.888341620564460754e-02 5.477520227432250977e-01
-3.969876766204833984e-01 3.612139075994491577e-02 5.008857846260070801e-01
-2.850485146045684814e-01 1.952552795410156250e-02 5.592745542526245117e-01
7.559291087090969086e-03 -1.486863791942596436e-01 3.545515835285186768e-01
1.215166971087455750e-01 -2.111296057701110840e-01 3.716194331645965576e-01
2.926922440528869629e-01 -2.163938283920288086e-01 2.832741737365722656e-01
3.706503212451934814e-01 -1.976347118616104126e-01 2.415986955165863037e-01
4.246166646480560303e-01 -1.951439678668975830e-01 2.264022529125213623e-01
4.473594129085540771e-01 -2.141867727041244507e-01 2.035840302705764771e-01
4.630775451660156250e-01 -2.322726845741271973e-01 2.052831649780273438e-01
4.666961729526519775e-01 -2.572529017925262451e-01 2.025527060031890869e-01
4.867469072341918945e-01 -2.271375656127929688e-01 1.932495236396789551e-01
4.995544850826263428e-01 -2.001294642686843872e-01 1.972514986991882324e-01
5.190842151641845703e-01 -1.539912372827529907e-01 1.967131346464157104e-01
5.105984210968017578e-01 -1.217333078384399414e-01 2.116860598325729370e-01
4.525795578956604004e-01 -1.457382142543792725e-01 2.134911864995956421e-01
4.632727801799774170e-01 -1.142889931797981262e-01 2.507409453392028809e-01
3.413062393665313721e-01 -7.734630256891250610e-02 2.712993025779724121e-01
1.590297967195510864e-01 2.667179703712463379e-02 3.056363165378570557e-01
2.367526106536388397e-02 1.900306195020675659e-01 3.936450481414794922e-01
-1.203532144427299500e-02 2.780623137950897217e-01 4.133575856685638428e-01
-1.495832111686468124e-02 2.623163461685180664e-01 4.217640459537506104e-01
-9.759333729743957520e-02 2.177742868661880493e-01 4.420827031135559082e-01
-6.614188104867935181e-02 2.189236283302307129e-01 4.620566070079803467e-01
-1.213161870837211609e-01 2.488590776920318604e-01 4.865346848964691162e-01
-1.176881939172744751e-01 2.668311893939971924e-01 4.231841862201690674e-01
-1.793693453073501587e-01 2.734469473361968994e-01 4.077786803245544434e-01
-2.183288335800170898e-01 3.509500622749328613e-01 3.700247406959533691e-01
-2.504234611988067627e-01 4.030238091945648193e-01 3.894270062446594238e-01
-2.466021627187728882e-01 4.462903439998626709e-01 3.710018098354339600e-01
-2.738736271858215332e-01 4.738663136959075928e-01 3.715445399284362793e-01
-2.526021301746368408e-01 4.975090324878692627e-01 3.569551706314086914e-01
-2.455073446035385132e-01 5.155267715454101562e-01 3.400753140449523926e-01
-2.775634825229644775e-01 5.298201441764831543e-01 3.416712582111358643e-01
-2.798625528812408447e-01 5.434671640396118164e-01 3.438648581504821777e-01
-2.580754160881042480e-01 5.268515348434448242e-01 3.485218584537506104e-01
-2.547578215599060059e-01 5.308531522750854492e-01 3.668362200260162354e-01
-3.081959187984466553e-01 5.017771720886230469e-01 3.562249243259429932e-01
-3.000521659851074219e-01 4.951558709144592285e-01 3.655439317226409912e-01
-3.162115216255187988e-01 5.021701455116271973e-01 3.388957679271697998e-01
-2.882567048072814941e-01 4.907002747058868408e-01 3.185233175754547119e-01
-2.969261705875396729e-01 4.401990473270416260e-01 3.080168068408966064e-01
-2.400158941745758057e-01 4.031251966953277588e-01 3.126448988914489746e-01
-2.248975336551666260e-01 3.768652677536010742e-01 3.060430586338043213e-01
-2.255278676748275757e-01 2.490498423576354980e-01 3.195602297782897949e-01
-2.055817991495132446e-01 1.369394361972808838e-01 2.960203886032104492e-01
-1.543689221143722534e-01 3.360600769519805908e-02 3.327775001525878906e-01
-1.414534896612167358e-01 -5.050393939018249512e-02 3.377878069877624512e-01
-1.125301644206047058e-01 -1.039301902055740356e-01 3.696171641349792480e-01
-1.265760064125061035e-01 -1.633850783109664917e-01 4.332157075405120850e-01
-8.378044515848159790e-02 -2.501854598522186279e-01 4.653936028480529785e-01
-1.713255792856216431e-01 -2.974722683429718018e-01 4.982820451259613037e-01
-2.925813794136047363e-01 -3.325890898704528809e-01 5.001878738403320312e-01
-3.052054941654205322e-01 -2.764702737331390381e-01 5.108285546302795410e-01
-3.121514320373535156e-01 -3.444758653640747070e-01 4.982978403568267822e-01
-3.004349768161773682e-01 -3.973998725414276123e-01 4.779913723468780518e-01
-2.624487280845642090e-01 -4.123364984989166260e-01 4.604336619377136230e-01
-2.225037217140197754e-01 -4.053619801998138428e-01 4.574417173862457275e-01
-2.324241846799850464e-01 -3.634791970252990723e-01 4.937355816364288330e-01
-2.511914968490600586e-01 -3.537856042385101318e-01 4.928974807262420654e-01
-3.897302746772766113e-01 -3.362232446670532227e-01 5.129958391189575195e-01
-3.422505259513854980e-01 -2.725865840911865234e-01 5.099155306816101074e-01
-4.252196550369262695e-01 -3.240371346473693848e-01 4.636948108673095703e-01
-3.372621834278106689e-01 -3.324598670005798340e-01 3.913045525550842285e-01
-4.020262956619262695e-01 -3.647704422473907471e-01 3.472184240818023682e-01
-4.385356307029724121e-01 -2.570274472236633301e-01 3.277790844440460205e-01
-4.135434031486511230e-01 -1.858792454004287720e-01 3.286305069923400879e-01
-4.161302745342254639e-01 -2.667977511882781982e-01 3.177272677421569824e-01
-3.386982083320617676e-01 -3.566226065158843994e-01 3.919804394245147705e-01
-3.293192684650421143e-01 -4.232616722583770752e-01 3.411357104778289795e-01
-2.858451902866363525e-01 -4.507469832897186279e-01 1.938386708498001099e-01
-2.003086954355239868e-01 -5.252491235733032227e-01 1.457963883876800537e-01
-4.107781648635864258e-01 2.992526888847351074e-01 -1.639983654022216797e-01
-4.692288637161254883e-01 2.789207994937896729e-01 -1.562270428985357285e-02
-4.408646225929260254e-01 2.052328586578369141e-01 -2.868013456463813782e-02
-3.674890100955963135e-01 2.050574868917465210e-01 1.951698064804077148e-01
-2.879663407802581787e-01 3.379778563976287842e-01 3.103483319282531738e-01
-2.316012084484100342e-01 4.538128376007080078e-01 3.012807965278625488e-01
-2.808400690555572510e-01 4.700922071933746338e-01 3.222550153732299805e-01
-3.532086610794067383e-01 4.654446840286254883e-01 3.226543962955474854e-01
-3.514729440212249756e-01 5.240037441253662109e-01 3.203076422214508057e-01
-3.337835967540740967e-01 5.204958915710449219e-01 3.284946978092193604e-01
-3.371441960334777832e-01 5.305660963058471680e-01 3.138992190361022949e-01
-3.499037325382232666e-01 4.659115374088287354e-01 3.231419026851654053e-01
-3.057063519954681396e-01 4.461284279823303223e-01 2.981729209423065186e-01
-2.483716160058975220e-01 4.484491348266601562e-01 2.675483822822570801e-01
-2.268707156181335449e-01 4.549660980701446533e-01 2.677659988403320312e-01
-2.742964923381805420e-01 3.214924633502960205e-01 3.200695216655731201e-01
-3.797309994697570801e-01 2.465215772390365601e-01 2.772325873374938965e-01
-4.006725549697875977e-01 -1.776807568967342377e-02 -9.256233461201190948e-03
-4.394991397857666016e-01 -4.787034541368484497e-02 -2.543423175811767578e-01
-3.493953049182891846e-01 -2.661344110965728760e-01 -3.716059625148773193e-01
-3.207631409168243408e-01 -3.061157464981079102e-01 -4.245398044586181641e-01
-2.764086127281188965e-01 -2.273825258016586304e-01 -5.304598808288574219e-01
-2.229667752981185913e-01 -2.340738922357559204e-01 -5.489805936813354492e-01
-1.874933093786239624e-01 -2.416361272335052490e-01 -5.877590775489807129e-01
-1.949513405561447144e-01 -5.668863654136657715e-02 -6.238420009613037109e-01
-1.638714522123336792e-01 -1.730139553546905518e-01 -6.371718645095825195e-01
-1.246574968099594116e-01 -1.887339353561401367e-01 -6.658535003662109375e-01
-1.243077293038368225e-01 -1.785054653882980347e-01 -5.922364592552185059e-01
-2.696402184665203094e-02 -2.063731551170349121e-01 -6.768763661384582520e-01
5.896200239658355713e-02 -1.719062328338623047e-01 -6.715302467346191406e-01
2.889466099441051483e-02 -1.717076897621154785e-01 -6.761988401412963867e-01
4.233752936124801636e-02 -1.778179705142974854e-01 -6.620948314666748047e-01
-3.425490483641624451e-02 -1.340773850679397583e-01 -6.576817631721496582e-01
5.410510674118995667e-02 -1.709879040718078613e-01 -6.381844282150268555e-01
4.135476648807525635e-01 -1.585385948419570923e-01 -3.473444879055023193e-01
4.500980079174041748e-01 -4.345269799232482910e-01 -1.179336979985237122e-01
5.918298959732055664e-01 -3.054273724555969238e-01 5.243125557899475098e-02
6.298772096633911133e-01 -2.624421119689941406e-01 1.164585128426551819e-01
6.246466040611267090e-01 -2.421720474958419800e-01 1.553992033004760742e-01
5.877526402473449707e-01 -2.048296630382537842e-01 1.674427837133407593e-01
6.328373551368713379e-01 -2.302370965480804443e-01 1.291919797658920288e-01
6.247534155845642090e-01 -3.236226439476013184e-01 1.081266105175018311e-01
5.670030713081359863e-01 -2.736591696739196777e-01 1.296711713075637817e-01
6.090595722198486328e-01 -3.365889787673950195e-01 3.998399898409843445e-02
4.662109613418579102e-01 -3.572936952114105225e-01 5.828121677041053772e-02
6.598371267318725586e-02 -2.401526868343353271e-01 2.927771508693695068e-01
3.775742948055267334e-01 -3.267673850059509277e-01 2.697883248329162598e-01
3.397460579872131348e-01 -4.574178457260131836e-01 2.160692214965820312e-01
3.025505244731903076e-01 -3.182787597179412842e-01 3.406545221805572510e-01
3.999142348766326904e-01 -3.458465635776519775e-01 2.387375086545944214e-01
4.168749451637268066e-01 -3.097211718559265137e-01 2.643494904041290283e-01
3.080309927463531494e-01 -3.552768528461456299e-01 2.706038057804107666e-01
2.866144776344299316e-01 -3.454366624355316162e-01 2.869718968868255615e-01
3.785202801227569580e-01 -2.430201768875122070e-01 2.551349997520446777e-01
4.298945069313049316e-01 -2.553450763225555420e-01 2.538599669933319092e-01
4.397876560688018799e-01 -2.384533435106277466e-01 2.264057993888854980e-01
3.910664319992065430e-01 -2.867900133132934570e-01 2.218647748231887817e-01
4.231112897396087646e-01 -2.785926163196563721e-01 1.979991793632507324e-01
4.565504193305969238e-01 -3.251047134399414062e-01 2.186177372932434082e-01
4.959614276885986328e-01 -3.344038128852844238e-01 2.276126295328140259e-01
5.066182017326354980e-01 -2.868162989616394043e-01 2.016993463039398193e-01
4.777614474296569824e-01 -2.789347767829895020e-01 1.595689207315444946e-01
3.500028252601623535e-01 -3.117186129093170166e-01 1.721786148846149445e-02
2.118025273084640503e-01 -3.437308371067047119e-01 -1.051921248435974121e-01
1.040596235543489456e-02 -3.404997289180755615e-01 -1.955213397741317749e-01
-4.935531318187713623e-02 -1.641078591346740723e-01 -2.374178320169448853e-01
-5.360664054751396179e-02 -1.149043291807174683e-01 -3.609425723552703857e-01
-1.885444670915603638e-01 -2.179436944425106049e-02 -3.303682804107666016e-01
-1.379325985908508301e-01 -1.755581051111221313e-02 -3.249226808547973633e-01
-2.740804255008697510e-01 6.588546931743621826e-02 -3.352912962436676025e-01
-2.467927932739257812e-01 1.410221755504608154e-01 -4.352005124092102051e-01
-3.859214186668395996e-01 -4.507229477167129517e-02 -4.711065888404846191e-01
-4.408276975154876709e-01 2.324730902910232544e-02 -4.749290347099304199e-01
-4.545723199844360352e-01 -3.073595836758613586e-02 -5.265460014343261719e-01
-3.784406781196594238e-01 -3.757435455918312073e-02 -5.433341264724731445e-01
-4.498446285724639893e-01 -1.534132659435272217e-01 -5.796772837638854980e-01
-5.093570351600646973e-01 -1.296513080596923828e-01 -5.399399399757385254e-01
-3.957522213459014893e-01 -1.874266564846038818e-01 -5.645119547843933105e-01
-3.949385285377502441e-01 -1.895347535610198975e-01 -6.173228621482849121e-01
-4.025406539440155029e-01 -2.365675419569015503e-01 -5.570200681686401367e-01
-3.593801856040954590e-01 -2.241269946098327637e-01 -5.227426886558532715e-01
-3.918788433074951172e-01 -3.192655444145202637e-01 -6.427279710769653320e-01
-3.959237039089202881e-01 -2.766032814979553223e-01 -6.010354757308959961e-01
-4.727144539356231689e-01 -3.016613125801086426e-01 -5.642188787460327148e-01
-4.594009518623352051e-01 -3.055312633514404297e-01 -5.890575051307678223e-01
-5.126307606697082520e-01 -3.277457058429718018e-01 -6.169723272323608398e-01
-4.310078322887420654e-01 -4.207638502120971680e-01 -6.018147468566894531e-01
-3.877598047256469727e-01 -3.133947253227233887e-01 -5.330724716186523438e-01
-4.197163283824920654e-01 -3.966047465801239014e-01 -5.843447446823120117e-01
-4.709174335002899170e-01 -3.557909131050109863e-01 -5.853415131568908691e-01
-4.791862368583679199e-01 -3.482405245304107666e-01 -5.555178523063659668e-01
-4.104616641998291016e-01 -3.504310548305511475e-01 -5.456808805465698242e-01
-3.369721770286560059e-01 -4.199842810630798340e-01 -6.051693558692932129e-01
-4.284203350543975830e-01 -3.700000047683715820e-01 -6.425141096115112305e-01
-4.346304833889007568e-01 -3.189456164836883545e-01 -6.178606748580932617e-01
-4.300780594348907471e-01 -3.479427099227905273e-01 -6.194733977317810059e-01
-4.312700629234313965e-01 -3.975653648376464844e-01 -6.381698846817016602e-01
-4.217744767665863037e-01 -2.430166304111480713e-01 -6.082437634468078613e-01
