1.290514373437936374e-02
8.603429156252909160e-03
0.000000000000000000e+00
0.000000000000000000e+00
0.000000000000000000e+00
0.000000000000000000e+00
1.727205223574322934e-01
3.475919807706741582e-01
3.897165581911820609e-01
2.132846714561880686e-01
0.000000000000000000e+00
0.000000000000000000e+00
0.000000000000000000e+00
0.000000000000000000e+00
1.695368229780715510e-02
2.069117754349556956e-02
2.232902701308850379e-02
2.355252073116151368e-02
1.144336419862991387e-02
0.000000000000000000e+00
0.000000000000000000e+00
0.000000000000000000e+00
5.849956043232573677e-02
9.171566806130848626e-02
2.731959289013275588e-02
0.000000000000000000e+00
0.000000000000000000e+00
0.000000000000000000e+00
8.147661787799694022e-03
2.706054875282538907e-02
6.762578089434453758e-03
0.000000000000000000e+00
0.000000000000000000e+00
0.000000000000000000e+00
0.000000000000000000e+00
0.000000000000000000e+00
0.000000000000000000e+00
3.606765420256201424e-03
7.735308024418084509e-03
6.982681916477644773e-03
1.697508716114832930e-03
0.000000000000000000e+00
0.000000000000000000e+00
5.707175890181563974e-03
9.441993066491505965e-03
4.340861651100005186e-03
0.000000000000000000e+00
0.000000000000000000e+00
0.000000000000000000e+00
0.000000000000000000e+00
2.255685982712470321e-03
1.186066057534973170e-02
1.664116866746783233e-02
1.121903650480964541e-02
4.423409201354094314e-04
0.000000000000000000e+00
0.000000000000000000e+00
0.000000000000000000e+00
0.000000000000000000e+00
0.000000000000000000e+00
0.000000000000000000e+00
0.000000000000000000e+00
0.000000000000000000e+00
0.000000000000000000e+00
0.000000000000000000e+00
0.000000000000000000e+00
0.000000000000000000e+00
0.000000000000000000e+00
7.508883165974228335e-03
1.561650847295532538e-02
1.969539520739137239e-02
1.937243513730733946e-02
1.854994948918288478e-02
1.915814363976080931e-02
1.953691651358294840e-02
1.568118581761408781e-02
1.152697838190851372e-02
8.020020275216919667e-03
5.503570414566779506e-03
5.104807196891359821e-04
0.000000000000000000e+00
0.000000000000000000e+00
0.000000000000000000e+00
0.000000000000000000e+00
8.230274812911747562e-02
1.572758025174574303e-01
1.483599614712459991e-01
7.889797018422656238e-02
5.350206636354377758e-03
0.000000000000000000e+00
0.000000000000000000e+00
0.000000000000000000e+00
0.000000000000000000e+00
1.059949009690311778e-01
3.986121233640843586e-01
5.816673614003099457e-01
5.463845324952376625e-01
2.566923952773952911e-01
0.000000000000000000e+00
0.000000000000000000e+00
0.000000000000000000e+00
0.000000000000000000e+00
1.324202582689412711e-02
0.000000000000000000e+00
0.000000000000000000e+00
0.000000000000000000e+00
0.000000000000000000e+00
0.000000000000000000e+00
0.000000000000000000e+00
0.000000000000000000e+00
0.000000000000000000e+00
0.000000000000000000e+00
3.021148969873721502e-01
4.963709304627141883e-01
4.255268978429102567e-01
2.087204831053369736e-01
0.000000000000000000e+00
0.000000000000000000e+00
0.000000000000000000e+00
0.000000000000000000e+00
0.000000000000000000e+00
0.000000000000000000e+00
0.000000000000000000e+00
0.000000000000000000e+00
1.655955319037978324e-01
3.404669903170397527e-01
3.762150156265020029e-01
1.935920133932350073e-01
0.000000000000000000e+00
0.000000000000000000e+00
0.000000000000000000e+00
0.000000000000000000e+00
1.144499860861824397e-02
3.722175113508628154e-03
0.000000000000000000e+00
0.000000000000000000e+00
0.000000000000000000e+00
0.000000000000000000e+00
9.888807281434342303e-03
1.595274402175983763e-01
2.308439190644112071e-01
1.791229394988354262e-01
9.306675078080004632e-03
0.000000000000000000e+00
0.000000000000000000e+00
0.000000000000000000e+00
0.000000000000000000e+00
0.000000000000000000e+00
0.000000000000000000e+00
0.000000000000000000e+00
0.000000000000000000e+00
0.000000000000000000e+00
0.000000000000000000e+00
0.000000000000000000e+00
0.000000000000000000e+00
0.000000000000000000e+00
0.000000000000000000e+00
0.000000000000000000e+00
0.000000000000000000e+00
2.184760859727221949e-01
3.725899467835451229e-01
3.311910638075956648e-01
1.655955319037978324e-01
0.000000000000000000e+00
0.000000000000000000e+00
0.000000000000000000e+00
0.000000000000000000e+00
0.000000000000000000e+00
0.000000000000000000e+00
0.000000000000000000e+00
0.000000000000000000e+00
0.000000000000000000e+00
0.000000000000000000e+00
0.000000000000000000e+00
0.000000000000000000e+00
0.000000000000000000e+00
0.000000000000000000e+00
0.000000000000000000e+00
0.000000000000000000e+00
0.000000000000000000e+00
0.000000000000000000e+00
0.000000000000000000e+00
0.000000000000000000e+00
0.000000000000000000e+00
0.000000000000000000e+00
0.000000000000000000e+00
1.720685831250581832e-03
1.720685831250581832e-03
4.301714578126454580e-04
0.000000000000000000e+00
0.000000000000000000e+00
