-1.513034198433160782e-02 -4.321185648441314697e-01 2.821127511560916901e-02
-1.489768773317337036e-01 -4.228797256946563721e-01 8.260414004325866699e-02
-1.446803808212280273e-01 -3.029671907424926758e-01 7.287225872278213501e-02
-1.716339588165283203e-01 6.501527130603790283e-02 8.016870170831680298e-02
1.027480512857437134e-01 2.230178117752075195e-01 -3.053693287074565887e-02
6.343080848455429077e-02 3.493247032165527344e-01 -1.049555242061614990e-01
-1.225079894065856934e-01 3.839000165462493896e-01 -2.037629783153533936e-01
-1.271314769983291626e-01 3.520658016204833984e-01 -3.764022886753082275e-01
-1.069798618555068970e-01 2.370742708444595337e-01 -4.639517366886138916e-01
1.604669913649559021e-02 6.653693318367004395e-02 -4.110171496868133545e-01
1.411838084459304810e-01 -2.464119791984558105e-01 -3.280238807201385498e-01
1.471619158983230591e-01 -4.413660764694213867e-01 -2.593089640140533447e-01
1.611326336860656738e-01 -4.646564126014709473e-01 -1.099443957209587097e-01
2.763089835643768311e-01 -3.852411806583404541e-01 -9.683677554130554199e-02
3.613756299018859863e-01 -1.194136217236518860e-01 -5.708274245262145996e-02
4.192985296249389648e-01 1.373508200049400330e-02 -5.506571009755134583e-02
3.982470929622650146e-01 3.685951232910156250e-02 -3.907382115721702576e-02
3.308537006378173828e-01 9.438382834196090698e-02 1.076395809650421143e-01
2.500023245811462402e-01 3.082839585840702057e-02 1.910287700593471527e-02
1.447553038597106934e-01 5.964792147278785706e-02 8.236946538090705872e-03
8.139106631278991699e-02 9.977242350578308105e-02 1.620872132480144501e-02
-4.784251563251018524e-03 4.494724422693252563e-02 7.713996618986129761e-02
-3.396550938487052917e-02 1.322229802608489990e-01 9.063314646482467651e-02
-1.081945747137069702e-01 1.731986254453659058e-01 3.423725068569183350e-02
-1.940771788358688354e-01 1.468378007411956787e-01 -4.537803307175636292e-02
-2.316233068704605103e-01 1.332342028617858887e-01 -1.383928768336772919e-02
-2.615358233451843262e-01 3.192673251032829285e-02 3.870234265923500061e-02
-2.077083736658096313e-01 -2.118118293583393097e-02 1.852960884571075439e-02
-9.127151966094970703e-02 -4.906340502202510834e-03 8.941352367401123047e-02
-3.428299212828278542e-03 -2.073688805103302002e-02 4.264575615525245667e-02
2.796343900263309479e-02 -3.439534455537796021e-02 -8.632312715053558350e-02
4.904408752918243408e-02 3.443886991590261459e-03 -1.507411152124404907e-01
1.168048977851867676e-01 -5.354214459657669067e-03 -2.121443599462509155e-01
2.487578243017196655e-01 -4.702816158533096313e-02 -1.918707042932510376e-01
3.028169572353363037e-01 -1.141294091939926147e-01 -1.832272112369537354e-01
2.859896123409271240e-01 -1.869795173406600952e-01 -1.923341155052185059e-01
2.357501983642578125e-01 -1.793788820505142212e-01 -2.165203690528869629e-01
1.474418640136718750e-01 -1.462877392768859863e-01 -2.076299190521240234e-01
1.139072552323341370e-01 -1.099147349596023560e-01 -1.148725524544715881e-01
5.851995944976806641e-02 -1.274480223655700684e-01 -1.225250884890556335e-01
1.077669858932495117e-02 -1.177617609500885010e-01 -3.068607486784458160e-02
-1.302772201597690582e-02 -9.525342285633087158e-02 -5.037334933876991272e-02
-4.619117453694343567e-02 -1.255838274955749512e-01 -8.975781500339508057e-02
-6.985858082771301270e-02 -1.671121567487716675e-01 -1.017607450485229492e-01
-1.117131263017654419e-01 -1.924855709075927734e-01 -6.429658830165863037e-02
-1.854174137115478516e-01 -1.669571995735168457e-01 9.716013073921203613e-02
-2.344738394021987915e-01 -6.424362212419509888e-02 2.180269807577133179e-01
-2.455069273710250854e-01 8.313237130641937256e-02 3.333127200603485107e-01
-1.355708688497543335e-01 2.458168119192123413e-01 2.908265292644500732e-01
2.080070553347468376e-03 3.538123965263366699e-01 3.474741280078887939e-01
6.548072397708892822e-02 2.209374159574508667e-01 8.021876215934753418e-02
5.560452491044998169e-02 1.234184205532073975e-02 -1.086121350526809692e-01
9.814660064876079559e-03 -1.264034211635589600e-01 -1.531789153814315796e-01
-3.326030564494431019e-04 -1.855913698673248291e-01 -1.989977806806564331e-01
5.191038548946380615e-02 -1.434009671211242676e-01 -3.667065128684043884e-02
1.061943694949150085e-01 -1.172900870442390442e-01 -1.954915225505828857e-01
1.229723393917083740e-01 -9.949491173028945923e-02 -2.424113750457763672e-01
1.576788872480392456e-01 6.798896007239818573e-03 -1.524509340524673462e-01
1.276524662971496582e-01 7.138305902481079102e-02 5.237480998039245605e-02
9.685534238815307617e-02 5.981720611453056335e-02 7.538434118032455444e-02
2.992303483188152313e-02 9.707696735858917236e-02 1.131692752242088318e-01
-4.719706624746322632e-02 1.060980632901191711e-01 8.486984670162200928e-02
-1.034046635031700134e-01 5.147308856248855591e-02 -4.613855853676795959e-02
-9.589414298534393311e-02 1.111632678657770157e-02 -9.289913624525070190e-02
2.982329577207565308e-02 -1.286964416503906250e-01 -2.284745872020721436e-01
1.989438831806182861e-01 -2.567612826824188232e-01 -1.964672654867172241e-01
-3.887593373656272888e-02 -2.790994942188262939e-01 1.937201023101806641e-01
-3.228574693202972412e-01 -1.901003420352935791e-01 4.798704683780670166e-01
-4.521274864673614502e-01 -1.189631298184394836e-01 6.021134853363037109e-01
-4.153193831443786621e-01 3.212206810712814331e-02 5.453556180000305176e-01
-9.848441183567047119e-02 2.287376672029495239e-01 3.584022819995880127e-01
3.015226125717163086e-02 9.358983486890792847e-02 1.675048917531967163e-01
3.253816813230514526e-02 -5.941262841224670410e-02 4.890871047973632812e-02
9.467048943042755127e-02 -2.610572576522827148e-01 7.393916696310043335e-02
1.039254814386367798e-01 -2.333928495645523071e-01 8.843880891799926758e-02
-8.757752180099487305e-02 1.146591529250144958e-01 5.577372014522552490e-02
2.987236380577087402e-01 2.785024642944335938e-01 -4.025470018386840820e-01
5.187662243843078613e-01 3.864247202873229980e-01 -6.199205517768859863e-01
5.720307230949401855e-01 4.650939106941223145e-01 -6.530604958534240723e-01
5.187806487083435059e-01 2.251794338226318359e-01 -2.505141794681549072e-01
-9.700407087802886963e-02 -1.534180045127868652e-01 2.896122038364410400e-01
-2.645120620727539062e-01 -4.116000831127166748e-01 2.223880439996719360e-01
-1.930307149887084961e-01 -4.437279701232910156e-01 -1.257206201553344727e-01
-8.241390436887741089e-02 -5.482318997383117676e-02 -4.480339288711547852e-01
-1.284354776144027710e-01 1.975544355809688568e-02 -2.634790539741516113e-01
-1.722539067268371582e-01 2.538574114441871643e-02 -1.328025311231613159e-01
-1.074284538626670837e-01 7.775961607694625854e-02 -3.682896122336387634e-02
-2.926979213953018188e-02 6.349748373031616211e-02 -7.293913513422012329e-02
3.697154298424720764e-02 1.934690959751605988e-02 -2.906597405672073364e-02
-4.928573593497276306e-02 -4.916007816791534424e-02 1.156121306121349335e-02
-1.632279604673385620e-01 -1.021742671728134155e-01 1.985301449894905090e-02
-2.863950133323669434e-01 -1.000661998987197876e-01 1.203865781426429749e-01
-3.678782880306243896e-01 -3.776758909225463867e-02 1.252421140670776367e-01
-4.087379872798919678e-01 1.414451748132705688e-01 2.721883952617645264e-01
-4.368112385272979736e-01 2.642448246479034424e-01 3.149790167808532715e-01
-4.257548451423645020e-01 3.266111016273498535e-01 3.029966354370117188e-01
-3.445415198802947998e-01 2.759547829627990723e-01 2.626215815544128418e-01
-1.877580434083938599e-01 2.526372671127319336e-01 2.072052657604217529e-01
1.245480868965387344e-02 2.836392521858215332e-01 3.262518048286437988e-01
8.058215677738189697e-02 1.889442801475524902e-01 3.268844187259674072e-01
8.214993029832839966e-02 1.899743378162384033e-01 3.101963996887207031e-01
-1.036027353256940842e-02 1.844012178480625153e-02 1.776327788829803467e-01
6.217082496732473373e-03 -6.065325438976287842e-02 4.709678888320922852e-02
1.212409287691116333e-01 -1.668616384267807007e-01 1.585333794355392456e-02
1.056736111640930176e-01 -2.952885925769805908e-01 1.015835180878639221e-01
7.399220019578933716e-02 -2.217985540628433228e-01 2.455827593803405762e-01
-1.184956505894660950e-01 -2.433927506208419800e-01 2.628861367702484131e-01
-1.268662959337234497e-01 -3.048087656497955322e-01 2.156930118799209595e-01
-6.428796797990798950e-02 -3.794267177581787109e-01 -3.364783152937889099e-02
2.181031741201877594e-02 -2.990346252918243408e-01 -1.342031359672546387e-01
4.146008566021919250e-02 -5.241676419973373413e-02 -5.781964212656021118e-02
-5.228187143802642822e-02 1.897185742855072021e-01 -6.066847965121269226e-02
9.333219379186630249e-02 1.994980424642562866e-01 4.883921146392822266e-02
2.159181833267211914e-01 1.280304193496704102e-01 9.486233443021774292e-02
3.690469861030578613e-01 8.342140913009643555e-02 -5.209685117006301880e-02
1.519599258899688721e-01 3.529369235038757324e-01 -8.775624632835388184e-02
-1.147193089127540588e-01 4.306386411190032959e-01 -2.402184605598449707e-01
-2.320137619972229004e-01 3.655638396739959717e-01 -2.378392219543457031e-01
-3.174817264080047607e-01 2.284290641546249390e-01 -1.800218522548675537e-01
-1.023931503295898438e-01 -2.699799463152885437e-02 -1.568197309970855713e-01
-1.328353881835937500e-01 1.500265020877122879e-02 -1.335920840501785278e-01
-5.691782385110855103e-02 1.789980381727218628e-02 -9.236699342727661133e-02
1.110734418034553528e-02 -4.360523819923400879e-02 -1.690335944294929504e-02
7.720579393208026886e-03 -3.696313872933387756e-02 -3.294294327497482300e-02
6.577573716640472412e-02 6.630593538284301758e-02 4.803930968046188354e-02
6.935840006917715073e-03 8.988368511199951172e-02 -1.054915338754653931e-01
-1.284111849963665009e-02 1.330686807632446289e-01 -1.576478779315948486e-01
-1.136572659015655518e-01 1.490432024002075195e-01 -2.366762012243270874e-01
-1.679147630929946899e-01 1.200076565146446228e-01 -2.519081532955169678e-01
-1.385702639818191528e-01 5.052863806486129761e-02 -1.906182318925857544e-01
-9.049964696168899536e-02 -1.664495021104812622e-01 -1.953010708093643188e-01
4.916712641716003418e-02 -2.366361767053604126e-01 -3.954524174332618713e-02
1.700986474752426147e-01 -2.600777149200439453e-01 8.365637063980102539e-02
3.573560416698455811e-01 -2.762136757373809814e-01 1.721375137567520142e-01
4.450735747814178467e-01 -2.215859293937683105e-01 1.747897118330001831e-01
3.756397962570190430e-01 -2.538133859634399414e-01 1.931480169296264648e-01
2.339132726192474365e-01 -2.686772048473358154e-01 2.968425154685974121e-01
1.784849762916564941e-01 -1.389286667108535767e-01 2.999244928359985352e-01
1.833180338144302368e-01 -9.695458225905895233e-03 2.892503142356872559e-01
3.525557219982147217e-01 1.699342727661132812e-01 6.835255771875381470e-02
2.449832409620285034e-01 1.307258009910583496e-01 -7.621692866086959839e-02
-1.970487274229526520e-02 3.419220680370926857e-03 -8.909033238887786865e-02
-1.737798899412155151e-01 -1.368466913700103760e-01 -2.462938725948333740e-01
-2.570875883102416992e-01 -5.915994569659233093e-02 -2.075485140085220337e-01
-8.338002115488052368e-02 1.030869856476783752e-01 -1.592218875885009766e-01
1.313582900911569595e-02 4.892859235405921936e-02 8.326742798089981079e-02
1.127902343869209290e-01 2.639421820640563965e-01 2.123407721519470215e-01
2.017704211175441742e-02 1.932902485132217407e-01 1.347632557153701782e-01
-1.013204455375671387e-02 2.824980318546295166e-01 8.717768639326095581e-02
-4.366472736001014709e-02 3.548268377780914307e-01 -6.499454379081726074e-02
-1.324646919965744019e-01 1.826292127370834351e-01 -9.649746119976043701e-02
-5.514786019921302795e-02 1.442390084266662598e-01 -1.217883080244064331e-01
-1.174635216593742371e-01 1.778938993811607361e-02 -8.150422573089599609e-02
4.687593132257461548e-02 -1.732522547245025635e-01 -4.667118191719055176e-02
1.004638373851776123e-01 -2.112913131713867188e-01 8.543395996093750000e-02
1.515626162290573120e-01 -2.975707352161407471e-01 1.047384515404701233e-01
8.252702653408050537e-02 -1.833953410387039185e-01 1.637818962335586548e-01
-1.042582616209983826e-01 -1.640035212039947510e-01 2.036095559597015381e-01
2.813507744576781988e-04 -1.217908710241317749e-01 2.180936001241207123e-02
1.221532151103019714e-01 -1.610898077487945557e-01 -1.518536359071731567e-02
1.183037608861923218e-01 -1.534810066223144531e-01 -1.026224461384117603e-03
-1.120729148387908936e-01 9.248810261487960815e-02 7.630411535501480103e-02
-2.563732862472534180e-01 -5.835676938295364380e-02 1.571184396743774414e-01
-2.744756937026977539e-01 -8.056816458702087402e-02 1.297454088926315308e-01
-7.143532484769821167e-02 -1.724442988634109497e-01 7.411436736583709717e-02
