3.215885703674708496e-01
3.625309508186670970e-01
2.018171028927711608e-01
0.000000000000000000e+00
0.000000000000000000e+00
0.000000000000000000e+00
0.000000000000000000e+00
8.018796108699554476e-03
1.935706577591103303e-02
1.614543045715136418e-02
3.580490146427709776e-03
0.000000000000000000e+00
0.000000000000000000e+00
0.000000000000000000e+00
1.468288622757202982e-02
2.691454146053436428e-02
2.787558766146485539e-02
1.774223588796099843e-02
7.829562282359684225e-03
0.000000000000000000e+00
0.000000000000000000e+00
0.000000000000000000e+00
0.000000000000000000e+00
0.000000000000000000e+00
0.000000000000000000e+00
0.000000000000000000e+00
0.000000000000000000e+00
0.000000000000000000e+00
4.034754382803300982e-03
1.173671453595342626e-02
1.233263748382779253e-02
6.495023861565344184e-03
2.301344440057211029e-03
0.000000000000000000e+00
0.000000000000000000e+00
0.000000000000000000e+00
0.000000000000000000e+00
0.000000000000000000e+00
0.000000000000000000e+00
8.235063338802260918e-04
0.000000000000000000e+00
0.000000000000000000e+00
0.000000000000000000e+00
0.000000000000000000e+00
0.000000000000000000e+00
1.019477998987256386e-03
0.000000000000000000e+00
0.000000000000000000e+00
0.000000000000000000e+00
0.000000000000000000e+00
2.244249051131465972e-02
5.177971002087940894e-02
3.727089502096032209e-02
0.000000000000000000e+00
0.000000000000000000e+00
0.000000000000000000e+00
0.000000000000000000e+00
0.000000000000000000e+00
4.196219649080359937e-03
6.527452787458337680e-03
4.196219649080359937e-03
0.000000000000000000e+00
0.000000000000000000e+00
0.000000000000000000e+00
0.000000000000000000e+00
0.000000000000000000e+00
0.000000000000000000e+00
0.000000000000000000e+00
3.056695975882409710e-01
4.986434397096841109e-01
4.243747766429422641e-01
2.041543091760863737e-01
0.000000000000000000e+00
0.000000000000000000e+00
0.000000000000000000e+00
0.000000000000000000e+00
0.000000000000000000e+00
0.000000000000000000e+00
0.000000000000000000e+00
2.390566553125495486e-01
4.592771227794053557e-01
5.019531035263182783e-01
2.635166674209676319e-01
0.000000000000000000e+00
0.000000000000000000e+00
0.000000000000000000e+00
0.000000000000000000e+00
0.000000000000000000e+00
0.000000000000000000e+00
0.000000000000000000e+00
2.226197682019366835e-03
3.226371264236802157e-03
9.853785616804821516e-04
0.000000000000000000e+00
0.000000000000000000e+00
0.000000000000000000e+00
0.000000000000000000e+00
0.000000000000000000e+00
0.000000000000000000e+00
0.000000000000000000e+00
0.000000000000000000e+00
3.275318233244815542e-03
0.000000000000000000e+00
0.000000000000000000e+00
0.000000000000000000e+00
0.000000000000000000e+00
1.625932717248286183e-02
2.043352823398948345e-02
1.241538851484347630e-02
0.000000000000000000e+00
0.000000000000000000e+00
2.985607575995718500e-03
4.602742375863032309e-02
8.357124883790333081e-02
5.476106747451591622e-02
0.000000000000000000e+00
0.000000000000000000e+00
0.000000000000000000e+00
1.899263173188460487e-05
5.278314585917798923e-02
7.307587197003606594e-02
4.732648104210767509e-02
1.850563334847514854e-02
1.634096890515305753e-02
9.652379046194434556e-03
0.000000000000000000e+00
0.000000000000000000e+00
0.000000000000000000e+00
0.000000000000000000e+00
0.000000000000000000e+00
0.000000000000000000e+00
0.000000000000000000e+00
0.000000000000000000e+00
0.000000000000000000e+00
0.000000000000000000e+00
0.000000000000000000e+00
2.520187802240723696e-01
3.832053773007561004e-01
3.173065999871150789e-01
1.497366745618296247e-01
0.000000000000000000e+00
0.000000000000000000e+00
0.000000000000000000e+00
0.000000000000000000e+00
0.000000000000000000e+00
0.000000000000000000e+00
0.000000000000000000e+00
0.000000000000000000e+00
0.000000000000000000e+00
0.000000000000000000e+00
0.000000000000000000e+00
0.000000000000000000e+00
0.000000000000000000e+00
0.000000000000000000e+00
0.000000000000000000e+00
0.000000000000000000e+00
0.000000000000000000e+00
0.000000000000000000e+00
0.000000000000000000e+00
1.720685831250581832e-03
3.441371662501163664e-03
2.150857289063227290e-03
0.000000000000000000e+00
0.000000000000000000e+00
0.000000000000000000e+00
