-3.360415995121002197e-02 4.409356042742729187e-02 8.211091905832290649e-02
-5.826805718243122101e-03 2.057524472475051880e-01 1.066311970353126526e-01
3.219127282500267029e-02 3.393925428390502930e-01 1.599407941102981567e-02
1.286964416503906250e-01 3.936709463596343994e-01 -7.134723663330078125e-02
2.941779196262359619e-01 2.239207476377487183e-01 -9.423736482858657837e-02
3.549093902111053467e-01 2.308749128133058548e-03 -1.691424846649169922e-01
3.508770763874053955e-01 -1.655258089303970337e-01 -1.957591921091079712e-01
1.541222929954528809e-01 -2.544396519660949707e-01 -2.819564044475555420e-01
-1.205092221498489380e-01 -2.904185056686401367e-01 -2.640761733055114746e-01
-3.042376339435577393e-01 -3.253127038478851318e-01 -1.038286536931991577e-01
-4.143191874027252197e-01 -2.648756504058837891e-01 7.219173014163970947e-02
-3.536773622035980225e-01 -3.752064704895019531e-02 1.277548968791961670e-01
-2.096080183982849121e-01 2.998625338077545166e-01 6.334994733333587646e-02
-6.892856210470199585e-02 4.723019301891326904e-01 3.615742176771163940e-02
-9.434940293431282043e-03 4.643383324146270752e-01 -5.547320097684860229e-02
-2.793871983885765076e-02 2.862420082092285156e-01 9.149065241217613220e-03
3.442884236574172974e-02 2.637565508484840393e-02 8.499757200479507446e-02
1.256935000419616699e-01 -1.484681069850921631e-01 1.496975570917129517e-01
2.198071777820587158e-01 -1.462642401456832886e-01 2.873288989067077637e-01
1.985532343387603760e-01 -1.714683324098587036e-01 2.390450388193130493e-01
1.285843402147293091e-01 -1.453659832477569580e-01 2.430274188518524170e-01
1.353195607662200928e-01 -8.484245091676712036e-02 2.072091102600097656e-01
1.766210645437240601e-01 -5.050622671842575073e-02 1.365675777196884155e-01
1.703808456659317017e-01 3.896058723330497742e-02 1.452827751636505127e-01
4.243829846382141113e-02 -1.149519626051187515e-02 8.768340945243835449e-02
-8.127763867378234863e-02 -3.033126890659332275e-02 3.820829093456268311e-02
-1.997379064559936523e-01 -4.693639464676380157e-03 -3.478134423494338989e-02
-2.224885672330856323e-01 -2.175968326628208160e-02 -1.998985856771469116e-01
-1.492476314306259155e-01 -8.492942899465560913e-03 -3.184663355350494385e-01
-5.189310386776924133e-02 1.798502053134143353e-03 -3.275371193885803223e-01
8.105710893869400024e-02 4.106001555919647217e-02 -2.461629658937454224e-01
7.209980487823486328e-02 1.334373652935028076e-01 -9.089585393667221069e-02
-2.393371425569057465e-02 1.388681977987289429e-01 -2.056586556136608124e-02
-9.455209225416183472e-02 5.743118375539779663e-02 -4.757002741098403931e-02
-9.089750051498413086e-02 -4.531889408826828003e-02 -9.306283295154571533e-02
1.760357804596424103e-02 -1.489497125148773193e-01 -9.953034669160842896e-02
4.624972119927406311e-02 -1.592796146869659424e-01 -4.551568999886512756e-02
5.627556890249252319e-02 -1.426842808723449707e-01 1.278393808752298355e-02
-5.068433936685323715e-03 -1.115304976701736450e-01 7.887637615203857422e-02
-3.869308531284332275e-02 -4.285272210836410522e-02 1.116964817047119141e-01
3.294857917353510857e-03 -3.218096867203712463e-02 1.037820056080818176e-01
2.438647905364632607e-03 -4.824618622660636902e-02 6.476084142923355103e-02
1.755993068218231201e-02 -1.254087090492248535e-01 -1.538951997645199299e-03
-3.537819534540176392e-02 -2.135742455720901489e-01 2.528557367622852325e-02
-7.021477818489074707e-02 -2.002375572919845581e-01 1.262699216604232788e-01
-9.790867567062377930e-02 -1.033059880137443542e-01 2.016419023275375366e-01
-1.109735518693923950e-01 1.581032276153564453e-01 1.723080575466156006e-01
-1.229425221681594849e-01 4.224066734313964844e-01 1.540780067443847656e-01
-1.979486830532550812e-02 4.690752029418945312e-01 -1.377759152092039585e-03
1.471890360116958618e-01 2.508712112903594971e-01 -1.639335751533508301e-01
2.302671074867248535e-01 -1.687586307525634766e-01 -2.243794053792953491e-01
2.339909374713897705e-01 -3.739300370216369629e-01 -2.632091939449310303e-01
9.123351424932479858e-02 -2.243030071258544922e-01 -1.863034255802631378e-02
3.211338073015213013e-02 1.127122193574905396e-01 1.289830952882766724e-01
5.161191523075103760e-02 2.844155728816986084e-01 1.173438727855682373e-01
2.790203131735324860e-02 2.976471483707427979e-01 7.157644629478454590e-02
-8.378619700670242310e-02 1.461625695228576660e-01 -6.069310009479522705e-02
-2.071859240531921387e-01 2.101487480103969574e-02 -2.584631368517875671e-02
-2.040176987648010254e-01 -3.823310881853103638e-02 2.518194168806076050e-02
-5.692816898226737976e-02 -1.218782365322113037e-01 5.539489537477493286e-02
1.694481521844863892e-01 -1.517823487520217896e-01 8.766865730285644531e-02
2.280787676572799683e-01 -1.548155695199966431e-01 5.406078696250915527e-02
2.086677551269531250e-01 -1.103647947311401367e-01 -6.243204325437545776e-02
3.792531788349151611e-03 8.540683775208890438e-04 -1.763476431369781494e-01
-2.680484056472778320e-01 -8.338933810591697693e-03 -4.034725204110145569e-02
-3.559662103652954102e-01 -1.095128059387207031e-01 2.355315089225769043e-01
-3.311851620674133301e-01 -2.158956527709960938e-01 4.074247777462005615e-01
-1.973547339439392090e-01 -2.472672015428543091e-01 3.929190039634704590e-01
9.108161926269531250e-02 1.548901316709816456e-03 8.568470180034637451e-02
2.619841098785400391e-01 2.020705044269561768e-01 -2.671928405761718750e-01
2.740879356861114502e-01 2.697603702545166016e-01 -3.818140327930450439e-01
1.029228791594505310e-01 1.794616878032684326e-01 -3.365317285060882568e-01
-7.746354490518569946e-02 -1.384190982207655907e-03 -2.003529667854309082e-01
5.499250069260597229e-02 -4.486379772424697876e-02 7.197455037385225296e-03
2.954924404621124268e-01 1.267513334751129150e-01 -4.619948193430900574e-02
4.022795557975769043e-01 3.873997926712036133e-01 -2.659156322479248047e-01
3.378175795078277588e-01 5.171197652816772461e-01 -4.304144084453582764e-01
-7.307045906782150269e-02 4.237098693847656250e-01 -3.558478057384490967e-01
-3.812732100486755371e-01 -1.717377603054046631e-01 2.609526515007019043e-01
-3.404474556446075439e-01 -5.110016465187072754e-01 5.133118033409118652e-01
-2.328166216611862183e-01 -5.407289266586303711e-01 4.596081078052520752e-01
2.830935120582580566e-01 -2.582197487354278564e-01 3.824305953457951546e-03
3.487084209918975830e-01 1.327824443578720093e-01 -2.844158113002777100e-01
2.030186653137207031e-01 2.204670757055282593e-01 -1.624116301536560059e-01
-4.614274948835372925e-02 1.099712029099464417e-01 5.089700967073440552e-02
-2.398338764905929565e-01 -1.782969571650028229e-02 1.106467694044113159e-01
-2.029264420270919800e-01 4.006991535425186157e-02 1.312512159347534180e-02
-1.507704108953475952e-01 -2.425342798233032227e-02 -9.422535076737403870e-03
-6.236867606639862061e-02 -1.235172748565673828e-01 6.264413893222808838e-02
5.541645223274827003e-04 -2.388407737016677856e-01 1.575314998626708984e-01
1.000101491808891296e-01 -2.676241695880889893e-01 2.205506563186645508e-01
8.185536414384841919e-02 -1.471989601850509644e-01 2.823925614356994629e-01
7.390290498733520508e-02 -4.089945461601018906e-03 2.904919683933258057e-01
7.797583192586898804e-02 1.565741598606109619e-01 2.219168692827224731e-01
3.715100139379501343e-02 2.465741932392120361e-01 8.618636429309844971e-02
2.653151378035545349e-02 3.266265094280242920e-01 -5.455546453595161438e-02
-1.115166544914245605e-01 4.051299989223480225e-01 -3.341545909643173218e-02
-1.989093124866485596e-01 3.047059774398803711e-01 -2.673430927097797394e-02
-1.992718577384948730e-01 7.793444395065307617e-02 -9.429994225502014160e-02
-6.949511915445327759e-02 -2.397745996713638306e-01 -2.132206261157989502e-01
6.037203967571258545e-02 -3.564854562282562256e-01 -3.479323089122772217e-01
4.737114906311035156e-02 -2.472162097692489624e-01 -3.394772112369537354e-01
-7.038813084363937378e-02 -1.313600987195968628e-01 -2.479864954948425293e-01
-2.374331802129745483e-01 1.641416735947132111e-02 -1.068533435463905334e-01
-2.033052891492843628e-01 -3.262059390544891357e-02 9.631878882646560669e-02
-1.058430150151252747e-01 -1.448523849248886108e-01 1.223466768860816956e-01
9.016274660825729370e-02 -1.773934215307235718e-01 3.571312874555587769e-02
2.252644747495651245e-01 -8.950984477996826172e-02 -7.740525156259536743e-02
2.052739411592483521e-01 1.374369561672210693e-01 -1.681681275367736816e-01
2.773066163063049316e-01 2.433433681726455688e-01 -1.935650408267974854e-02
1.555932313203811646e-01 2.109156847000122070e-01 5.202225968241691589e-02
3.277004882693290710e-02 1.100863963365554810e-01 6.393434852361679077e-02
-7.825458049774169922e-02 1.946561187505722046e-01 4.864620044827461243e-02
-6.650409102439880371e-02 3.454824984073638916e-01 1.025128960609436035e-01
2.133059203624725342e-01 3.636404871940612793e-01 2.197940200567245483e-01
3.086768984794616699e-01 1.790933459997177124e-01 1.407811939716339111e-01
2.544853389263153076e-01 -2.408074736595153809e-01 -4.918495193123817444e-02
-1.965494267642498016e-02 -4.531413912773132324e-01 -2.549384534358978271e-01
-1.802349984645843506e-01 -4.396214187145233154e-01 -2.673698067665100098e-01
-1.684422194957733154e-01 -2.712433040142059326e-01 -1.287150532007217407e-01
-1.561205387115478516e-01 -3.779690340161323547e-02 4.506436362862586975e-02
-5.134684219956398010e-02 6.686530262231826782e-02 1.706078499555587769e-01
-9.358507394790649414e-02 9.544268250465393066e-02 1.342485100030899048e-01
2.409736067056655884e-02 8.373603969812393188e-02 5.598696693778038025e-02
1.313508152961730957e-01 9.092935919761657715e-02 -3.141827508807182312e-02
2.154933810234069824e-01 7.368665933609008789e-02 -3.235343098640441895e-02
2.736555337905883789e-01 3.651988878846168518e-02 9.193981066346168518e-03
1.563922017812728882e-01 3.273317217826843262e-02 1.028520688414573669e-01
8.284498937427997589e-03 3.436403058003634214e-04 9.945101290941238403e-02
-2.678467035293579102e-01 9.797452017664909363e-03 4.389133304357528687e-02
-3.924217224121093750e-01 8.499638177454471588e-03 2.514632046222686768e-02
-4.441263079643249512e-01 3.712859377264976501e-02 -7.906059920787811279e-02
-3.968214690685272217e-01 1.626273840665817261e-01 -1.039871200919151306e-01
-2.276118397712707520e-01 1.037292182445526123e-01 -1.005116105079650879e-01
-1.233803331851959229e-01 -6.605334579944610596e-02 -3.044382855296134949e-02
7.926317304372787476e-02 -2.210384607315063477e-01 1.201699450612068176e-01
1.513147056102752686e-01 -2.509537339210510254e-01 1.194971799850463867e-01
1.865573674440383911e-01 5.418744310736656189e-02 -5.437579005956649780e-02
2.593488395214080811e-01 1.678226739168167114e-01 -2.097972631454467773e-01
2.564905285835266113e-01 -2.649382688105106354e-02 -2.513889968395233154e-01
3.423585593700408936e-01 -2.811074554920196533e-01 -1.801202893257141113e-01
3.384431898593902588e-01 -3.644690215587615967e-01 6.758520752191543579e-02
1.859095692634582520e-01 -1.369142998009920120e-02 1.893247365951538086e-01
-1.190524548292160034e-01 2.823168933391571045e-01 2.325243949890136719e-01
-3.451484739780426025e-01 3.892014026641845703e-01 2.028674632310867310e-01
-3.190987110137939453e-01 2.687597870826721191e-01 7.687079906463623047e-02
-7.255128026008605957e-02 7.947634905576705933e-02 2.823851257562637329e-02
2.339942157268524170e-01 6.022240966558456421e-02 -6.695885956287384033e-02
3.137789070606231689e-01 -1.519055515527725220e-01 -9.234368056058883667e-02
1.955022066831588745e-01 -1.216406226158142090e-01 -1.008944660425186157e-01
6.296692881733179092e-03 -8.396550267934799194e-02 -8.866129443049430847e-03
-2.432087212800979614e-01 -2.660397253930568695e-02 -4.875724762678146362e-02
-3.789960741996765137e-01 7.886543869972229004e-02 -6.111915409564971924e-02
-3.832143247127532959e-01 -5.457703396677970886e-02 -1.145497485995292664e-01
-2.498217225074768066e-01 -1.140257716178894043e-01 -1.517011672258377075e-01
2.410946041345596313e-02 -1.710693091154098511e-01 6.550928205251693726e-02
2.325119227170944214e-01 -1.742132604122161865e-01 -8.356031961739063263e-03
2.395283430814743042e-01 -1.971808634698390961e-02 -5.398676730692386627e-04
1.145318597555160522e-01 6.325056403875350952e-02 -5.407805740833282471e-02
9.172489494085311890e-02 1.116813421249389648e-01 3.801414743065834045e-02
-2.149083185940980911e-03 1.069186441600322723e-02 2.638785243034362793e-01
-3.457558574154973030e-03 -8.636376261711120605e-02 2.639742195606231689e-01
-9.664745628833770752e-02 4.264210164546966553e-02 1.726412773132324219e-01
-1.856363266706466675e-01 1.365923732519149780e-01 4.815713502466678619e-03
-1.023523733019828796e-01 1.800966709852218628e-01 -5.555340275168418884e-02
