1.290514373437936374e-02
8.603429156252909160e-03
0.000000000000000000e+00
0.000000000000000000e+00
0.000000000000000000e+00
0.000000000000000000e+00
0.000000000000000000e+00
0.000000000000000000e+00
0.000000000000000000e+00
0.000000000000000000e+00
0.000000000000000000e+00
0.000000000000000000e+00
0.000000000000000000e+00
2.102886633877164013e-01
4.237860608523658645e-01
4.845695681196319771e-01
2.835541630178244898e-01
0.000000000000000000e+00
0.000000000000000000e+00
0.000000000000000000e+00
0.000000000000000000e+00
3.579686069224614648e-03
0.000000000000000000e+00
0.000000000000000000e+00
0.000000000000000000e+00
0.000000000000000000e+00
0.000000000000000000e+00
0.000000000000000000e+00
0.000000000000000000e+00
0.000000000000000000e+00
0.000000000000000000e+00
4.669791584173542398e-03
1.091216126073529281e-02
4.633375091742747420e-03
0.000000000000000000e+00
0.000000000000000000e+00
0.000000000000000000e+00
0.000000000000000000e+00
0.000000000000000000e+00
7.575654393308813277e-04
2.865606437816228293e-03
0.000000000000000000e+00
0.000000000000000000e+00
0.000000000000000000e+00
0.000000000000000000e+00
0.000000000000000000e+00
0.000000000000000000e+00
0.000000000000000000e+00
0.000000000000000000e+00
0.000000000000000000e+00
0.000000000000000000e+00
3.310904130334547113e-01
5.060620168008813646e-01
4.207204722092703353e-01
1.969758098460467621e-01
0.000000000000000000e+00
0.000000000000000000e+00
0.000000000000000000e+00
0.000000000000000000e+00
0.000000000000000000e+00
0.000000000000000000e+00
0.000000000000000000e+00
0.000000000000000000e+00
1.675699254252854542e-01
3.341467334560541125e-01
3.730951370034327197e-01
2.033259718150920436e-01
0.000000000000000000e+00
0.000000000000000000e+00
0.000000000000000000e+00
0.000000000000000000e+00
0.000000000000000000e+00
0.000000000000000000e+00
0.000000000000000000e+00
7.373095859031942451e-03
1.554869030428283200e-02
2.128933549779976273e-02
1.542371701523522799e-02
0.000000000000000000e+00
0.000000000000000000e+00
0.000000000000000000e+00
0.000000000000000000e+00
5.341287943295556367e-03
2.354617016223094304e-03
0.000000000000000000e+00
0.000000000000000000e+00
0.000000000000000000e+00
1.101480745911899688e-03
3.559230673372648646e-02
5.625176097009912390e-02
4.751858985469208790e-02
9.185321777420204364e-03
0.000000000000000000e+00
0.000000000000000000e+00
0.000000000000000000e+00
1.919020498750382067e-02
4.231757564093732715e-02
2.262953199654568412e-02
0.000000000000000000e+00
0.000000000000000000e+00
0.000000000000000000e+00
0.000000000000000000e+00
0.000000000000000000e+00
5.199369793825742853e-02
1.074398720092881454e-01
0.000000000000000000e+00
0.000000000000000000e+00
0.000000000000000000e+00
0.000000000000000000e+00
1.327707489578749123e-01
4.282466184205028226e-01
5.776813505057529774e-01
5.076921405654291064e-01
2.147636549621360080e-01
0.000000000000000000e+00
0.000000000000000000e+00
0.000000000000000000e+00
0.000000000000000000e+00
6.852513304113713559e-03
1.520713471814681000e-03
1.202604120531369737e-03
0.000000000000000000e+00
0.000000000000000000e+00
0.000000000000000000e+00
0.000000000000000000e+00
0.000000000000000000e+00
0.000000000000000000e+00
0.000000000000000000e+00
5.256160453901252694e-02
7.705677943581412670e-02
6.534831262429760534e-02
1.074843473244626278e-02
0.000000000000000000e+00
0.000000000000000000e+00
0.000000000000000000e+00
0.000000000000000000e+00
6.885500161127222803e-03
3.021430035880552298e-03
9.391011289867499251e-03
1.081839929495885186e-02
5.410710984426468292e-03
0.000000000000000000e+00
0.000000000000000000e+00
0.000000000000000000e+00
0.000000000000000000e+00
1.581703548156396938e-02
5.330171001621905602e-02
8.125768570630682863e-02
4.572626238561960932e-02
0.000000000000000000e+00
0.000000000000000000e+00
0.000000000000000000e+00
0.000000000000000000e+00
5.062566559951946904e-02
4.808549710235190955e-02
3.250107623272173452e-02
1.180624916330843795e-03
0.000000000000000000e+00
0.000000000000000000e+00
0.000000000000000000e+00
0.000000000000000000e+00
0.000000000000000000e+00
0.000000000000000000e+00
0.000000000000000000e+00
0.000000000000000000e+00
0.000000000000000000e+00
0.000000000000000000e+00
2.572180615694057426e-01
3.990199874229197197e-01
3.334662806614738795e-01
1.563890776647011704e-01
0.000000000000000000e+00
0.000000000000000000e+00
0.000000000000000000e+00
0.000000000000000000e+00
0.000000000000000000e+00
0.000000000000000000e+00
0.000000000000000000e+00
0.000000000000000000e+00
0.000000000000000000e+00
0.000000000000000000e+00
0.000000000000000000e+00
0.000000000000000000e+00
0.000000000000000000e+00
0.000000000000000000e+00
1.720685831250581832e-03
1.720685831250581832e-03
4.301714578126454580e-04
0.000000000000000000e+00
0.000000000000000000e+00
