-9.837496280670166016e-02 -2.280093133449554443e-01 -1.633995585143566132e-02
-3.666232898831367493e-02 -2.685313820838928223e-01 -5.659209191799163818e-02
1.373965144157409668e-01 -2.350265383720397949e-01 -1.214441210031509399e-01
2.704549431800842285e-01 -6.811194121837615967e-02 -5.764962360262870789e-02
3.488849401473999023e-01 1.861717849969863892e-01 -3.542373329401016235e-02
2.714802026748657227e-01 2.590291202068328857e-01 1.637416034936904907e-01
1.545811295509338379e-01 3.301428854465484619e-01 1.989372521638870239e-01
2.485210746526718140e-01 2.072732448577880859e-01 2.038556039333343506e-01
1.479671895503997803e-01 1.424781531095504761e-01 1.684125512838363647e-01
9.526292234659194946e-02 1.664029508829116821e-01 -2.199731208384037018e-02
-1.144075989723205566e-01 2.426067888736724854e-01 -8.152001351118087769e-02
-3.220192492008209229e-01 3.787943720817565918e-01 -1.837928295135498047e-01
-1.731439679861068726e-01 4.022032618522644043e-01 -2.688355743885040283e-01
-1.379215568304061890e-01 3.227031528949737549e-01 -1.138658151030540466e-01
-2.987025082111358643e-01 6.781140714883804321e-02 -1.681412160396575928e-01
-3.790856301784515381e-01 -5.280298367142677307e-02 -4.564159363508224487e-02
-4.326529800891876221e-01 -6.335967034101486206e-02 5.039839446544647217e-02
-3.010794520378112793e-01 6.969146430492401123e-02 3.477267548441886902e-02
-9.916412085294723511e-02 8.071458339691162109e-02 9.573123604059219360e-02
-1.032592877745628357e-01 -4.493321105837821960e-02 -1.216042600572109222e-02
-7.677701115608215332e-02 -8.432710915803909302e-02 1.818511076271533966e-02
-9.355168789625167847e-02 -3.629678487777709961e-02 2.017154730856418610e-02
-5.593150109052658081e-02 6.241502240300178528e-02 6.783264130353927612e-02
1.400212571024894714e-02 9.763700515031814575e-02 6.285460293292999268e-02
3.321008756756782532e-02 2.902154624462127686e-02 -8.636093884706497192e-02
7.848533242940902710e-02 -3.999296110123395920e-03 -1.408866643905639648e-01
8.272523432970046997e-02 4.356455430388450623e-02 -1.251270323991775513e-01
8.780859410762786865e-02 3.672570362687110901e-02 -8.069252222776412964e-02
7.446927577257156372e-02 3.907665237784385681e-02 1.057725050486624241e-03
6.579023599624633789e-02 -2.052304480457678437e-04 6.846890319138765335e-03
3.248722106218338013e-02 -1.637333258986473083e-02 2.495387569069862366e-02
2.301641181111335754e-02 1.157220220193266869e-03 3.019742481410503387e-02
5.336446315050125122e-02 3.563972190022468567e-02 2.336046472191810608e-02
7.219588011503219604e-02 4.484809935092926025e-02 -5.197798460721969604e-02
8.379539102315902710e-02 1.930792257189750671e-02 -9.632585942745208740e-02
3.987733274698257446e-02 -4.863565322011709213e-03 -3.168780356645584106e-02
-6.666981498710811138e-04 -8.270678669214248657e-02 -2.009253203868865967e-02
1.762106455862522125e-02 -1.249722987413406372e-01 -1.405106112360954285e-02
6.513266265392303467e-02 -1.148500144481658936e-01 -3.983803838491439819e-02
1.095882207155227661e-01 -1.046155765652656555e-01 -9.669587761163711548e-02
1.220223605632781982e-01 -8.563575148582458496e-02 -5.312566831707954407e-02
7.558110356330871582e-02 -8.860374987125396729e-02 -6.815689057111740112e-02
5.654079094529151917e-02 -1.038561314344406128e-01 -8.540868014097213745e-02
6.397795677185058594e-02 -1.037323847413063049e-01 -1.016921103000640869e-01
1.055481359362602234e-01 -8.909929543733596802e-02 -1.208269745111465454e-01
1.178215742111206055e-01 -9.019059687852859497e-02 -8.790192008018493652e-02
1.237970665097236633e-01 -9.468180686235427856e-02 -1.178185120224952698e-01
1.450098603963851929e-01 -1.772063970565795898e-01 -1.684249192476272583e-01
2.098363339900970459e-01 -1.051045805215835571e-01 -6.944414973258972168e-02
2.267589122056961060e-01 -5.292313545942306519e-02 5.538015812635421753e-02
1.869438290596008301e-01 6.290653347969055176e-02 2.102152258157730103e-01
-1.478629093617200851e-02 7.847980409860610962e-02 1.402415633201599121e-01
-8.742938190698623657e-02 -1.080538481473922729e-01 4.656251519918441772e-02
5.291086062788963318e-02 4.723996669054031372e-02 -3.745255619287490845e-02
-1.536034699529409409e-02 1.168634518980979919e-01 -8.716259151697158813e-02
1.811627065762877464e-03 -7.818964123725891113e-02 1.556873321533203125e-01
-1.881748065352439880e-02 -9.659906476736068726e-02 8.932655304670333862e-02
-7.492845505475997925e-02 -8.586902916431427002e-02 -6.181768607348203659e-03
2.175656706094741821e-02 1.823166310787200928e-01 -1.624513715505599976e-01
-2.148703485727310181e-01 3.951071798801422119e-01 -2.560012936592102051e-01
-3.094742596149444580e-01 2.131879627704620361e-01 -1.055492833256721497e-01
-1.380379796028137207e-01 2.525300718843936920e-02 2.670069970190525055e-02
8.005100302398204803e-03 -8.111632615327835083e-02 4.019035771489143372e-02
3.078481853008270264e-01 -3.419249653816223145e-01 7.426330447196960449e-02
3.524428606033325195e-01 -4.097464978694915771e-01 1.714352704584598541e-02
4.160154759883880615e-01 -4.264622032642364502e-01 8.911573328077793121e-03
3.732276260852813721e-01 -4.049782454967498779e-01 -1.731386594474315643e-02
1.076609045267105103e-01 -2.242922782897949219e-01 -1.256428211927413940e-01
-1.097170114517211914e-01 -2.009523808956146240e-01 -1.463721841573715210e-01
-1.658248156309127808e-01 -1.342493891716003418e-01 -1.610979139804840088e-01
-9.610519558191299438e-02 -4.622047767043113708e-02 -5.934901908040046692e-02
-8.658067882061004639e-02 -5.700926482677459717e-02 -8.050249516963958740e-02
7.661130279302597046e-02 1.440337579697370529e-02 -4.370108991861343384e-02
1.438659280538558960e-01 1.256881058216094971e-01 -1.646576225757598877e-01
1.630035936832427979e-01 3.516584634780883789e-01 5.493288487195968628e-02
7.640975713729858398e-02 4.736484587192535400e-01 2.710718214511871338e-01
-2.126567810773849487e-02 4.997163712978363037e-01 3.490055203437805176e-01
1.596388369798660278e-01 3.555672466754913330e-01 3.026247620582580566e-01
1.342427581548690796e-01 3.244151547551155090e-02 5.905185639858245850e-02
-8.521821349859237671e-02 1.804624311625957489e-02 2.420962601900100708e-01
-2.266603410243988037e-01 -3.406682237982749939e-02 2.585040628910064697e-01
-3.247107863426208496e-01 -2.137257158756256104e-02 3.278121054172515869e-01
-2.610369324684143066e-01 -5.515999346971511841e-02 3.367836177349090576e-01
-1.855358630418777466e-01 -1.637821793556213379e-01 1.545604318380355835e-01
-1.925115436315536499e-01 -1.179197952151298523e-01 1.303137987852096558e-01
-1.237708032131195068e-01 -1.686803400516510010e-01 -1.112576574087142944e-01
-1.078515574336051941e-01 -1.790096312761306763e-01 -1.739810854196548462e-01
-9.489065408706665039e-02 -7.244585454463958740e-02 -5.972293019294738770e-02
-2.490366250276565552e-02 1.681946069002151489e-01 7.097096741199493408e-02
-2.153193578124046326e-03 3.301706612110137939e-01 8.532945066690444946e-02
-9.598431736230850220e-02 1.991911530494689941e-01 -1.760831028223037720e-01
-2.362933307886123657e-01 -3.243068233132362366e-02 -2.896517217159271240e-01
-3.073672950267791748e-01 -1.841234713792800903e-01 -1.852021962404251099e-01
-3.009633421897888184e-01 -1.562258750200271606e-01 8.825896680355072021e-02
-1.200548782944679260e-01 2.936436422169208527e-02 2.133332043886184692e-01
-3.204112872481346130e-02 1.403924673795700073e-01 1.949701607227325439e-01
-2.337304502725601196e-02 8.143398165702819824e-02 9.709741920232772827e-02
-2.014942094683647156e-02 8.949851989746093750e-02 3.293675929307937622e-02
5.348353181034326553e-03 2.440615743398666382e-02 3.300976380705833435e-02
2.182683348655700684e-01 3.701847046613693237e-02 5.302894115447998047e-02
3.325974941253662109e-01 -3.410024195909500122e-02 -2.347909659147262573e-02
1.822625547647476196e-01 -2.719326913356781006e-01 1.244675442576408386e-01
-1.228030249476432800e-01 -4.006850421428680420e-01 2.193200141191482544e-01
-2.561949789524078369e-01 -4.614630341529846191e-01 3.933885693550109863e-01
-1.936660520732402802e-02 -3.655011951923370361e-01 3.710556328296661377e-01
1.896537989377975464e-01 -4.678851366043090820e-02 8.370777964591979980e-02
1.657751798629760742e-01 3.607809171080589294e-02 -9.582430869340896606e-02
2.343308776617050171e-01 2.474707067012786865e-01 -3.915587663650512695e-01
1.793540269136428833e-01 4.793496727943420410e-01 -3.320620059967041016e-01
3.133958578109741211e-01 6.155452132225036621e-01 -2.635962665081024170e-01
1.614461094141006470e-01 6.170305609703063965e-01 -2.626184821128845215e-01
-1.177052855491638184e-01 2.851718366146087646e-01 -2.459494024515151978e-01
-1.326718628406524658e-01 -2.873193919658660889e-01 -2.819394469261169434e-01
-1.351991295814514160e-01 -4.480389952659606934e-01 -2.229740023612976074e-01
-3.994967415928840637e-02 -2.883341014385223389e-01 -1.180542334914207458e-01
-8.494021743535995483e-02 -1.094445064663887024e-01 4.904931411147117615e-03
-8.847683668136596680e-02 -5.009003914892673492e-03 -4.439389333128929138e-02
-8.778328448534011841e-02 4.186766222119331360e-02 -1.267162412405014038e-01
-8.435616642236709595e-02 9.485991299152374268e-02 -7.937844842672348022e-02
-2.664867602288722992e-02 1.778269559144973755e-01 6.002549082040786743e-02
1.192599087953567505e-01 2.719916105270385742e-01 1.956086605787277222e-01
1.295407861471176147e-01 2.548220157623291016e-01 1.258117854595184326e-01
1.951350420713424683e-01 2.927561104297637939e-01 -2.625592518597841263e-03
2.244209200143814087e-01 4.074488580226898193e-01 4.815278574824333191e-02
1.441291272640228271e-01 4.299159646034240723e-01 1.377509236335754395e-01
1.314627379179000854e-01 4.268589019775390625e-01 3.134543895721435547e-01
2.741602957248687744e-01 -1.127876266837120056e-01 2.668642103672027588e-01
4.116271436214447021e-01 -5.532820224761962891e-01 1.045303791761398315e-01
3.473163247108459473e-01 -5.907911658287048340e-01 -1.492207031697034836e-02
5.858960375189781189e-02 -3.319835960865020752e-01 -1.049912497401237488e-01
-2.287654578685760498e-01 4.347587525844573975e-01 -8.254718780517578125e-02
-2.056591957807540894e-01 6.155050992965698242e-01 6.904137134552001953e-02
-5.800736322999000549e-02 5.145547986030578613e-01 1.451048702001571655e-01
-5.247080326080322266e-02 1.256907135248184204e-01 1.639244854450225830e-01
-4.303219914436340332e-02 -1.749060899019241333e-01 1.171388700604438782e-01
-3.118525072932243347e-02 -2.408946901559829712e-01 7.414676249027252197e-02
7.383219897747039795e-02 -1.469410061836242676e-01 4.643704369664192200e-02
1.241658851504325867e-01 -1.168092936277389526e-01 9.681643918156623840e-03
1.378129124641418457e-01 -1.096101552248001099e-01 -2.892400510609149933e-02
1.330352127552032471e-01 -1.462097316980361938e-01 -1.621918082237243652e-01
-2.043238840997219086e-03 -1.959652155637741089e-01 -2.221477776765823364e-01
-1.048325523734092712e-01 -2.159993350505828857e-01 -2.877940833568572998e-01
-2.005112767219543457e-01 -3.107494413852691650e-01 -3.402515649795532227e-01
-2.532421350479125977e-01 -3.447852134704589844e-01 -2.973712384700775146e-01
-2.016069591045379639e-01 -2.954920828342437744e-01 -8.414506912231445312e-02
-1.699239909648895264e-01 -3.311970531940460205e-01 1.115670800209045410e-01
-2.013874948024749756e-01 -2.584747076034545898e-01 2.480795830488204956e-01
-3.357528448104858398e-01 -2.025809437036514282e-01 -5.582246556878089905e-02
-4.053472876548767090e-01 -1.048842296004295349e-01 -4.030778706073760986e-01
-4.198615550994873047e-01 2.933757305145263672e-01 -4.686959385871887207e-01
-3.411926329135894775e-01 3.954662382602691650e-01 -3.841145634651184082e-01
-2.402138411998748779e-01 4.264380633831024170e-01 -5.007106065750122070e-02
-1.164150312542915344e-01 2.522681951522827148e-01 8.491563051939010620e-02
-7.946307770907878876e-03 -7.171662896871566772e-02 1.320628076791763306e-01
1.039657928049564362e-02 -4.309678822755813599e-02 -3.331176121719181538e-04
-5.160117149353027344e-02 6.309657543897628784e-02 -9.472891688346862793e-02
-7.425773143768310547e-02 1.550626158714294434e-01 -4.099734500050544739e-02
-2.531611546874046326e-02 1.637245267629623413e-01 -4.845900461077690125e-02
-3.714115917682647705e-02 1.056128069758415222e-01 7.519795745611190796e-02
1.508594863116741180e-02 2.211156859993934631e-02 8.277262002229690552e-02
4.696673527359962463e-02 -3.228426724672317505e-02 -4.875632002949714661e-03
7.211039215326309204e-02 -4.853869602084159851e-02 -9.855801612138748169e-02
8.134634792804718018e-02 -1.574137359857559204e-01 -1.428705900907516479e-01
1.307147890329360962e-01 -2.297710180282592773e-01 1.624203622341156006e-01
3.142221271991729736e-01 -2.852096259593963623e-01 4.396293163299560547e-01
4.382649660110473633e-01 -2.844634950160980225e-01 5.188898444175720215e-01
4.597991108894348145e-01 -1.567312926054000854e-01 4.902283549308776855e-01
4.387712180614471436e-01 1.242574118077754974e-02 3.033380508422851562e-01
3.583275973796844482e-01 6.167656183242797852e-02 1.454063504934310913e-01
2.550800442695617676e-01 8.026024699211120605e-02 2.571348100900650024e-02
1.981187984347343445e-02 1.510270126163959503e-02 -1.511957347393035889e-01
-1.447475403547286987e-01 3.825053945183753967e-02 -1.863406896591186523e-01
-2.912047803401947021e-01 1.166822314262390137e-01 -1.299184560775756836e-01
-1.491793692111968994e-01 -2.591211907565593719e-02 -1.212249994277954102e-01
-4.901050776243209839e-02 -9.537172317504882812e-02 -6.135431304574012756e-02
-2.779813483357429504e-02 -2.020548097789287567e-02 -3.628641716204583645e-04
-1.399627327919006348e-01 2.230127751827239990e-01 -1.440507024526596069e-01
-2.553893327713012695e-01 3.391667008399963379e-01 -4.214938357472419739e-02
-1.837140470743179321e-01 2.772324681282043457e-01 3.572934120893478394e-02
1.589515618979930878e-02 -4.392040893435478210e-02 3.883467614650726318e-02
2.948261797428131104e-01 -9.227069467306137085e-02 1.071753948926925659e-01
1.909458935260772705e-01 -8.852904289960861206e-02 4.173607565462589264e-03
-2.350918576121330261e-02 4.747171700000762939e-02 -1.286546140909194946e-01
-1.981606334447860718e-01 2.468314720317721367e-03 -3.556448221206665039e-02
-2.024852484464645386e-01 -1.354671120643615723e-01 2.313902042806148529e-02
5.988822132349014282e-02 -1.099472790956497192e-01 -3.442716598510742188e-02
1.116885766386985779e-01 -1.796830147504806519e-01 1.500929147005081177e-01
9.144494682550430298e-02 -1.632103919982910156e-01 1.361080855131149292e-01
4.917600750923156738e-02 -1.915743798017501831e-01 1.535448133945465088e-01
-5.020029470324516296e-02 -1.339793205261230469e-01 1.174316629767417908e-01
