2.013051696121692657e-02 9.483380615711212158e-02 -6.118854507803916931e-02
4.588241875171661377e-02 2.034346014261245728e-01 -4.076839610934257507e-02
8.235377073287963867e-02 3.280261158943176270e-01 2.726396173238754272e-02
6.936056911945343018e-02 3.071624636650085449e-01 1.911149322986602783e-01
1.005529463291168213e-01 1.415449678897857666e-01 3.037932515144348145e-01
1.372482348233461380e-02 -1.816658861935138702e-02 1.855017244815826416e-01
-5.390826240181922913e-02 -2.103927433490753174e-01 -2.856888994574546814e-02
-3.013150580227375031e-02 -1.952274590730667114e-01 -2.827988564968109131e-01
5.608292669057846069e-02 -1.468469947576522827e-01 -2.478299736976623535e-01
3.358607590198516846e-01 -1.148377284407615662e-01 -9.400089271366596222e-03
3.778823316097259521e-01 9.199307858943939209e-02 1.002888232469558716e-01
2.178745120763778687e-01 1.606062501668930054e-01 2.148242741823196411e-01
-2.253664843738079071e-02 7.687648385763168335e-02 1.129091456532478333e-01
-2.407404482364654541e-01 -1.358818709850311279e-01 9.160868078470230103e-02
-1.899491548538208008e-01 -4.082185029983520508e-01 1.721185892820358276e-01
-1.137765720486640930e-01 -3.574195802211761475e-01 5.835213139653205872e-02
-1.263370513916015625e-01 -7.043503224849700928e-02 -1.930065639317035675e-02
-8.851540833711624146e-02 1.196903064846992493e-01 -1.889022290706634521e-01
-9.651067107915878296e-02 1.479066610336303711e-01 -2.605303227901458740e-01
-1.110628247261047363e-02 -2.879640087485313416e-02 -1.613212972879409790e-01
6.935191899538040161e-02 -8.309715241193771362e-02 -3.331367671489715576e-02
2.875328436493873596e-02 3.740581497550010681e-02 5.433968082070350647e-02
5.108177289366722107e-02 1.246350109577178955e-01 2.526561915874481201e-02
5.161225330084562302e-03 1.772534251213073730e-01 -7.205370068550109863e-02
-4.869098775088787079e-03 1.657036989927291870e-01 -1.280162036418914795e-01
-1.825550384819507599e-02 1.033119186758995056e-01 -8.912171423435211182e-02
-7.099352777004241943e-02 2.918915823101997375e-02 -1.658024080097675323e-02
-4.781658574938774109e-02 -6.510637700557708740e-02 3.011840023100376129e-02
-2.549870684742927551e-02 -1.098104491829872131e-01 4.908352717757225037e-02
-1.589275337755680084e-02 -5.888528749346733093e-02 4.017174988985061646e-02
-2.245832793414592743e-02 4.258627444505691528e-02 6.038159132003784180e-03
-5.761274136602878571e-03 1.104717478156089783e-01 -4.690717533230781555e-02
1.678986847400665283e-02 1.080725714564323425e-01 -1.078873425722122192e-01
2.733815833926200867e-02 1.851893961429595947e-02 -8.006867766380310059e-02
3.150172904133796692e-02 -9.937495738267898560e-02 2.889510709792375565e-03
-9.407691657543182373e-03 -1.476925611495971680e-01 6.054657325148582458e-02
-2.907711640000343323e-02 -1.059063300490379333e-01 3.586139902472496033e-02
-2.427190914750099182e-02 -2.555198967456817627e-03 -6.575233489274978638e-02
-4.214471951127052307e-02 7.695779949426651001e-02 -1.113569512963294983e-01
-3.731475444510579109e-03 6.500879675149917603e-02 -7.325502485036849976e-02
2.300581149756908417e-02 1.451521646231412888e-02 -1.354348659515380859e-02
4.049964249134063721e-02 -1.999284513294696808e-02 1.745457015931606293e-02
4.865017905831336975e-02 1.548490673303604126e-02 5.546651314944028854e-03
5.079397000372409821e-03 5.631631612777709961e-02 1.518122735433280468e-03
-1.066247583366930485e-03 9.099419414997100830e-02 9.723894298076629639e-03
1.787760644219815731e-03 6.462246924638748169e-02 -5.265285074710845947e-02
1.485932152718305588e-02 9.443242847919464111e-02 -2.044205553829669952e-02
-2.766320714727044106e-03 1.319151073694229126e-01 8.676382899284362793e-02
-2.376813627779483795e-02 9.547027945518493652e-02 2.925878763198852539e-01
4.042277112603187561e-02 -2.693410031497478485e-02 4.114208519458770752e-01
6.624887883663177490e-02 -2.762441933155059814e-01 2.102423757314682007e-01
9.040997177362442017e-02 -2.386530041694641113e-01 -9.897989034652709961e-02
7.115397602319717407e-02 -1.105729714035987854e-01 -3.522740006446838379e-01
-1.257116943597793579e-01 -4.442304838448762894e-03 -3.012970685958862305e-01
-1.494161188602447510e-01 6.384840235114097595e-03 -9.543462097644805908e-02
-4.624124616384506226e-02 -1.075825542211532593e-01 1.239050999283790588e-01
1.342141181230545044e-01 1.145002841949462891e-01 1.740783601999282837e-01
4.085512459278106689e-01 2.508025765419006348e-01 1.143464073538780212e-01
3.131419420242309570e-01 1.854885667562484741e-01 1.111200004816055298e-01
-1.920895278453826904e-02 6.009352393448352814e-03 3.007238730788230896e-02
-2.888298332691192627e-01 -2.048307955265045166e-01 -5.469455197453498840e-02
-5.230867266654968262e-01 -1.196144297719001770e-01 -2.141666114330291748e-01
-4.910302460193634033e-01 8.483415469527244568e-03 -3.483626544475555420e-01
-4.539574682712554932e-01 5.206242948770523071e-02 -4.451194703578948975e-01
-3.423037827014923096e-01 7.189080864191055298e-02 -3.919536173343658447e-01
1.526980847120285034e-01 -3.723181551322340965e-03 -9.054984897375106812e-02
4.691216349601745605e-01 1.935726380906999111e-03 2.837806642055511475e-01
5.499387979507446289e-01 -8.273169398307800293e-03 4.254080653190612793e-01
3.718095421791076660e-01 3.831858048215508461e-03 3.591799139976501465e-01
6.224151328206062317e-02 -1.414250303059816360e-02 1.413033455610275269e-01
-5.833964794874191284e-02 -6.108590215444564819e-02 -5.773716419935226440e-02
2.608973905444145203e-02 -5.146799981594085693e-02 -1.254528462886810303e-01
1.302952319383621216e-01 -2.411411609500646591e-03 -2.010026574134826660e-02
8.804003149271011353e-02 6.477207690477371216e-02 2.080307453870773315e-01
4.014123603701591492e-02 1.223709806799888611e-01 4.196830093860626221e-01
-1.049599945545196533e-01 1.759971529245376587e-01 3.980034887790679932e-01
-1.497538238763809204e-01 1.181931719183921814e-01 7.629011571407318115e-02
-1.662733554840087891e-01 -7.149516791105270386e-02 -1.563024818897247314e-01
-1.136027425527572632e-01 -2.920642793178558350e-01 -2.217555791139602661e-01
1.471825875341892242e-02 -3.990250527858734131e-01 -8.480239659547805786e-03
9.780787862837314606e-03 -2.976617515087127686e-01 1.473483741283416748e-01
2.183887548744678497e-02 -6.765557825565338135e-02 -2.464968478307127953e-03
-2.892833948135375977e-02 8.654870837926864624e-02 -1.100822165608406067e-01
4.929339140653610229e-02 1.587331444025039673e-01 -2.539353072643280029e-01
1.461451500654220581e-01 1.387724131345748901e-01 -2.563608586788177490e-01
1.339894086122512817e-01 1.017860844731330872e-01 -1.352125257253646851e-01
4.688465595245361328e-02 1.307814568281173706e-01 -5.172724276781082153e-02
-6.268678605556488037e-02 2.062728106975555420e-01 1.077089980244636536e-01
-2.799999900162220001e-02 2.682701051235198975e-01 6.314408034086227417e-02
1.137294024229049683e-01 2.063152194023132324e-01 2.309235930442810059e-02
1.493850797414779663e-01 -7.792054675519466400e-04 8.439980447292327881e-02
6.295263022184371948e-02 -2.400875091552734375e-01 1.860644072294235229e-01
-6.970024108886718750e-02 -2.932190597057342529e-01 2.631906270980834961e-01
-1.583223193883895874e-01 -1.709390431642532349e-01 7.974850386381149292e-02
-8.598035573959350586e-02 -5.211530998349189758e-02 -9.297242015600204468e-02
3.260691463947296143e-02 7.725616544485092163e-02 -1.464719474315643311e-01
6.951475888490676880e-02 9.598104655742645264e-02 -7.958476990461349487e-02
-2.755754441022872925e-02 1.320621222257614136e-01 -5.978951975703239441e-02
-1.349222213029861450e-01 1.493040621280670166e-01 -1.529738903045654297e-01
-1.869072169065475464e-01 -7.380247861146926880e-02 -1.330483555793762207e-01
-1.579177677631378174e-01 -3.227825760841369629e-01 7.201991043984889984e-03
-1.511932611465454102e-01 -4.209860563278198242e-01 2.194395214319229126e-01
-2.788601517677307129e-01 -2.575918436050415039e-01 1.639912277460098267e-01
-1.387238055467605591e-01 1.475008279085159302e-01 -1.190019845962524414e-01
1.630170196294784546e-01 3.310903012752532959e-01 -3.057773113250732422e-01
4.503179490566253662e-01 3.288787007331848145e-01 -3.611901998519897461e-01
5.654625296592712402e-01 2.306130677461624146e-01 -1.929868906736373901e-01
4.269718229770660400e-01 2.922535240650177002e-01 9.023436345160007477e-03
2.944855690002441406e-01 3.541854023933410645e-01 2.411629259586334229e-01
6.097215414047241211e-02 1.561869382858276367e-01 3.192465603351593018e-01
-1.555190384387969971e-01 -1.880389750003814697e-01 4.331203550100326538e-02
-3.039406836032867432e-01 -3.541218340396881104e-01 -1.145985573530197144e-01
-3.964407444000244141e-01 -3.298255205154418945e-01 -1.841562837362289429e-01
-3.374646008014678955e-01 -1.887251287698745728e-01 -8.237049728631973267e-02
-1.497799307107925415e-01 8.934743702411651611e-03 9.802220761775970459e-02
5.854199454188346863e-02 9.819169342517852783e-02 1.237377747893333435e-01
1.544288396835327148e-01 1.067655608057975769e-01 1.185456588864326477e-01
8.220542967319488525e-02 1.419994384050369263e-01 1.041659563779830933e-01
-1.121711730957031250e-01 1.432901024818420410e-01 1.279464811086654663e-01
-1.585908979177474976e-01 9.363502264022827148e-02 8.897063881158828735e-02
-6.409127730876207352e-03 1.010147556662559509e-01 3.985513001680374146e-02
1.658215373754501343e-01 1.005010083317756653e-01 4.216195270419120789e-02
2.114245444536209106e-01 5.106297880411148071e-02 8.798604458570480347e-02
-7.180025428533554077e-02 5.511990189552307129e-02 1.309074312448501587e-01
-3.637118041515350342e-01 -1.662722080945968628e-01 -4.605978727340698242e-02
-4.727402031421661377e-01 -3.087759912014007568e-01 -3.294617235660552979e-01
-3.803734779357910156e-01 -3.467060029506683350e-01 -4.190847873687744141e-01
9.018181264400482178e-02 -3.253440558910369873e-01 -2.539477050304412842e-01
5.581924915313720703e-01 5.859906226396560669e-02 1.865277737379074097e-01
5.874862670898437500e-01 3.525973856449127197e-01 4.026350378990173340e-01
3.742397725582122803e-01 3.895820975303649902e-01 3.132578134536743164e-01
-1.591634005308151245e-01 2.268265187740325928e-01 8.252180181443691254e-03
-3.931735157966613770e-01 -2.199549078941345215e-01 -1.816444545984268188e-01
-3.072405457496643066e-01 -3.823965489864349365e-01 -2.066339999437332153e-01
-8.603472262620925903e-02 -2.995027899742126465e-01 -8.703322708606719971e-02
8.248965255916118622e-03 -2.013788186013698578e-02 -5.939118936657905579e-02
-7.049295119941234589e-03 1.644061803817749023e-01 -7.770206779241561890e-02
2.993126213550567627e-02 1.794058829545974731e-01 -8.770862966775894165e-02
1.418884396553039551e-01 2.398366853594779968e-02 -6.342644244432449341e-02
2.700750529766082764e-01 -1.009801328182220459e-01 1.367814373224973679e-02
3.300227224826812744e-01 -1.990576982498168945e-01 8.055038750171661377e-02
2.789182364940643311e-01 -2.237495929002761841e-01 1.560923755168914795e-01
2.886968478560447693e-02 -1.279284358024597168e-01 1.896609514951705933e-01
-2.711620032787322998e-01 -6.774061173200607300e-02 1.277255713939666748e-01
-3.988907039165496826e-01 5.687503144145011902e-02 1.326902657747268677e-01
-2.804566919803619385e-01 1.394452154636383057e-01 2.528450079262256622e-02
1.533535420894622803e-01 2.070966660976409912e-01 -9.843274205923080444e-02
5.272361040115356445e-01 2.796480357646942139e-01 -8.498613536357879639e-02
5.791606307029724121e-01 1.552696228027343750e-01 -1.003037169575691223e-01
3.342944383621215820e-01 5.850964412093162537e-02 1.094756647944450378e-01
-1.388047337532043457e-01 -4.631692543625831604e-02 2.049392759799957275e-01
-5.210810303688049316e-01 -1.399228423833847046e-01 5.146794393658638000e-02
-4.999775588512420654e-01 -6.688739359378814697e-02 -5.786574631929397583e-02
-2.362188100814819336e-01 -6.587836891412734985e-03 -2.004093676805496216e-01
1.742292754352092743e-02 6.135484948754310608e-02 -1.327849030494689941e-01
1.259351819753646851e-01 1.175724193453788757e-01 -2.484688907861709595e-02
-2.671589516103267670e-02 4.854738712310791016e-02 2.886879630386829376e-02
-1.561328768730163574e-01 -2.470755018293857574e-03 3.218959644436836243e-02
-1.334496736526489258e-01 -3.375645726919174194e-02 -2.047470211982727051e-02
-3.667800500988960266e-02 -2.086464129388332367e-02 -7.386804372072219849e-02
9.675317257642745972e-02 1.834562979638576508e-02 -7.082803547382354736e-02
-2.481105271726846695e-03 -1.857785135507583618e-02 3.533468768000602722e-02
-3.367805778980255127e-01 -5.859469994902610779e-02 9.987285733222961426e-02
-5.833115577697753906e-01 1.631350256502628326e-02 6.329757720232009888e-02
-5.709846615791320801e-01 1.679240018129348755e-01 -1.812871545553207397e-02
-1.959540247917175293e-01 2.305503785610198975e-01 -1.322090327739715576e-01
3.521393239498138428e-01 1.145361810922622681e-01 -1.075751855969429016e-01
5.458199381828308105e-01 -1.463155597448348999e-01 -7.149767130613327026e-02
5.290796160697937012e-01 -3.368315696716308594e-01 -9.255655109882354736e-02
4.357024431228637695e-01 -3.591191470623016357e-01 -7.783727347850799561e-02
3.407900035381317139e-01 -2.290588021278381348e-01 1.248145848512649536e-02
1.646936982870101929e-01 -2.506942301988601685e-02 1.119019091129302979e-01
-7.731246948242187500e-02 1.379903256893157959e-01 1.303276866674423218e-01
-1.760830432176589966e-01 1.722686886787414551e-01 8.191253244876861572e-02
-5.303835496306419373e-02 1.659117639064788818e-01 -3.411874175071716309e-02
1.444977372884750366e-01 1.422251462936401367e-01 1.269621998071670532e-01
1.461157202720642090e-01 1.337389349937438965e-01 2.273367792367935181e-01
-1.195635870099067688e-01 5.013201385736465454e-02 1.044588610529899597e-01
-4.089811742305755615e-01 3.854175284504890442e-02 -7.544401288032531738e-02
-3.776145279407501221e-01 -4.681949969381093979e-03 -3.171451985836029053e-01
-4.128066077828407288e-02 -7.878533005714416504e-02 -3.022260665893554688e-01
2.919150888919830322e-01 -1.293693035840988159e-01 1.868452318012714386e-02
2.896616160869598389e-01 -1.923262625932693481e-01 2.326592803001403809e-01
5.270553752779960632e-02 -8.081552386283874512e-02 1.741321086883544922e-01
-2.712185382843017578e-01 1.232347823679447174e-02 1.236262451857328415e-02
-3.019286990165710449e-01 4.975004866719245911e-02 -1.547308564186096191e-01
-2.095506936311721802e-01 6.100993230938911438e-02 -9.686373919248580933e-02
-5.847259983420372009e-02 -8.848256547935307026e-04 9.770641475915908813e-02
7.022840529680252075e-02 5.569083616137504578e-03 1.170573756098747253e-01
7.132981717586517334e-02 -6.756957620382308960e-03 1.071287095546722412e-01
