-2.464138716459274292e-01 -4.434700608253479004e-01 2.916438579559326172e-01
-1.591392755508422852e-01 -4.303621351718902588e-01 4.634808897972106934e-01
-1.390246450901031494e-01 -3.520568609237670898e-01 5.079630613327026367e-01
-7.952869683504104614e-02 -2.817864418029785156e-01 4.877427220344543457e-01
-1.185507476329803467e-01 -1.659639477729797363e-01 4.516851603984832764e-01
4.656737297773361206e-02 -1.390397697687149048e-01 3.729853630065917969e-01
1.489570438861846924e-01 9.962186217308044434e-02 2.753182873129844666e-02
1.139612752012908459e-03 -1.146853342652320862e-01 -1.921878457069396973e-01
1.011161413043737411e-02 -6.484691798686981201e-02 -4.075518250465393066e-01
-1.148223802447319031e-01 1.348163038492202759e-01 -3.531025052070617676e-01
-8.356821537017822266e-02 5.498776584863662720e-02 -4.134715497493743896e-01
-1.591346114873886108e-01 -3.853597491979598999e-02 -4.150579273700714111e-01
-8.772584795951843262e-02 -8.549768477678298950e-02 -4.918145835399627686e-01
-2.066502533853054047e-02 -1.226469352841377258e-01 -5.199548602104187012e-01
-1.745404154062271118e-01 -1.182481423020362854e-01 -3.913603127002716064e-01
5.078092217445373535e-02 -2.532037794589996338e-01 -2.656729519367218018e-01
3.175133466720581055e-01 -4.139187037944793701e-01 -3.633280843496322632e-02
3.604123890399932861e-01 -4.188759922981262207e-01 3.578187897801399231e-02
4.223457574844360352e-01 -4.311333298683166504e-01 1.042121052742004395e-01
4.392856359481811523e-01 -3.973803222179412842e-01 1.672438383102416992e-01
4.566092193126678467e-01 -3.362162113189697266e-01 2.656463086605072021e-01
4.737063348293304443e-01 -3.279854059219360352e-01 2.772238552570343018e-01
4.316847324371337891e-01 -3.633969426155090332e-01 2.765878736972808838e-01
4.771480262279510498e-01 -3.479278385639190674e-01 2.570134103298187256e-01
4.804676175117492676e-01 -3.420747518539428711e-01 2.358072251081466675e-01
4.676174223423004150e-01 -3.300385177135467529e-01 2.693072259426116943e-01
4.849274158477783203e-01 -3.050363957881927490e-01 2.555381655693054199e-01
5.045815110206604004e-01 -2.851502299308776855e-01 2.900438308715820312e-01
4.962643384933471680e-01 -3.086109757423400879e-01 3.009726405143737793e-01
5.286558270454406738e-01 -2.566300034523010254e-01 3.152958154678344727e-01
5.844947695732116699e-01 -2.057058513164520264e-01 3.053824305534362793e-01
6.120459437370300293e-01 -1.678875386714935303e-01 3.105475902557373047e-01
5.745210051536560059e-01 -2.630528211593627930e-01 2.620376050472259521e-01
5.938309431076049805e-01 -2.416998296976089478e-01 2.862808704376220703e-01
5.802702903747558594e-01 -2.390453070402145386e-01 2.990523874759674072e-01
5.810837745666503906e-01 -2.004909664392471313e-01 3.053959012031555176e-01
5.676341056823730469e-01 -2.295913547277450562e-01 2.962325513362884521e-01
5.538734793663024902e-01 -2.337407171726226807e-01 2.984392046928405762e-01
5.448007583618164062e-01 -2.271412760019302368e-01 2.864431142807006836e-01
5.151355266571044922e-01 -1.900714933872222900e-01 3.347944021224975586e-01
5.122170448303222656e-01 -1.723832786083221436e-01 3.176876902580261230e-01
5.021658539772033691e-01 -1.155415549874305725e-01 3.281568884849548340e-01
4.664958715438842773e-01 -1.303184926509857178e-01 3.193304836750030518e-01
4.827486574649810791e-01 -1.139409244060516357e-01 3.129554986953735352e-01
4.438739418983459473e-01 -1.008193567395210266e-01 3.141370713710784912e-01
4.068198800086975098e-01 -7.119806855916976929e-02 3.073121011257171631e-01
3.926609158515930176e-01 -3.092767111957073212e-02 2.895568311214447021e-01
3.795061111450195312e-01 -4.702822864055633545e-02 2.684221863746643066e-01
2.970389127731323242e-01 -1.031145751476287842e-01 2.486171126365661621e-01
2.907346934080123901e-02 -2.187075018882751465e-01 1.570078134536743164e-01
-1.250708699226379395e-01 -1.400264501571655273e-01 -1.923587471246719360e-01
-9.886983036994934082e-02 -8.750400692224502563e-02 -3.452281653881072998e-01
-1.303579807281494141e-01 -5.927642434835433960e-02 -3.942973911762237549e-01
-9.148300439119338989e-02 -1.227152720093727112e-01 -4.172840118408203125e-01
-2.721462845802307129e-01 -1.133210361003875732e-01 -4.533289074897766113e-01
-3.670632243156433105e-01 -1.221044138073921204e-01 -4.718989729881286621e-01
-3.736813366413116455e-01 -2.147426307201385498e-01 -4.911786317825317383e-01
-3.414726555347442627e-01 -1.040241643786430359e-01 -4.644523859024047852e-01
-4.084146320819854736e-01 -1.154708042740821838e-01 -4.789021611213684082e-01
-3.503634929656982422e-01 -1.397767812013626099e-01 -5.630667805671691895e-01
-3.751201927661895752e-01 -2.606828212738037109e-01 -5.131334662437438965e-01
-1.315955668687820435e-01 -3.691413402557373047e-01 -5.084263682365417480e-01
-2.276853621006011963e-01 -3.208594918251037598e-01 -5.498054027557373047e-01
-2.750100493431091309e-01 -2.382056117057800293e-01 -5.296232104301452637e-01
-1.825422346591949463e-01 -2.744240164756774902e-01 -5.331389307975769043e-01
-3.658793121576309204e-02 -1.160786822438240051e-01 -5.498468875885009766e-02
-1.418971121311187744e-01 4.066724330186843872e-02 3.730544149875640869e-01
-2.427204400300979614e-01 1.913088262081146240e-01 4.771250784397125244e-01
-1.865654885768890381e-01 8.178506046533584595e-02 6.110305190086364746e-01
-8.599203824996948242e-02 9.156710654497146606e-02 5.909737348556518555e-01
-7.545569539070129395e-02 1.114869564771652222e-01 5.890868902206420898e-01
-1.548199355602264404e-01 6.928846985101699829e-02 6.207035183906555176e-01
-4.614676907658576965e-02 2.255311422049999237e-02 6.135030984878540039e-01
-6.450951099395751953e-02 3.578025475144386292e-02 6.060125231742858887e-01
-2.176689207553863525e-01 7.306846231222152710e-02 6.020216941833496094e-01
-1.792716830968856812e-01 6.849255412817001343e-02 5.507205128669738770e-01
-7.113970071077346802e-02 9.572726488113403320e-02 3.489228188991546631e-01
-1.230002045631408691e-01 1.074415892362594604e-01 2.985739707946777344e-01
-1.596347689628601074e-01 1.146447584033012390e-01 2.983999550342559814e-01
-3.651337623596191406e-01 2.600335478782653809e-01 3.096902668476104736e-01
-4.532661437988281250e-01 1.000330671668052673e-01 4.029073715209960938e-01
-4.163026511669158936e-01 -7.865469902753829956e-02 3.220241069793701172e-01
-4.924919009208679199e-01 -7.247328013181686401e-02 3.005130290985107422e-01
-4.733260869979858398e-01 -1.103856936097145081e-01 3.780403733253479004e-01
-4.103079438209533691e-01 -2.119124829769134521e-01 4.261728525161743164e-01
-3.976873755455017090e-01 -1.766628623008728027e-01 4.349775314331054688e-01
-4.014132320880889893e-01 -1.857157796621322632e-01 4.338644146919250488e-01
-4.849222004413604736e-01 -1.894156038761138916e-01 4.571382999420166016e-01
-4.714059531688690186e-01 -3.001414239406585693e-01 4.514335691928863525e-01
-4.637432396411895752e-01 -2.940112054347991943e-01 4.289303123950958252e-01
-4.076120853424072266e-01 -3.118737637996673584e-01 4.654902517795562744e-01
-3.800331354141235352e-01 -3.473906815052032471e-01 4.501272439956665039e-01
-3.121963739395141602e-01 -3.924131095409393311e-01 4.649715721607208252e-01
-3.168773651123046875e-01 -3.791891336441040039e-01 4.073106050491333008e-01
-3.510307669639587402e-01 -5.183488130569458008e-01 3.913501501083374023e-01
-3.433049619197845459e-01 -5.647572278976440430e-01 3.588325977325439453e-01
-3.458179831504821777e-01 -4.766974449157714844e-01 3.967983424663543701e-01
-2.968103289604187012e-01 -4.607303738594055176e-01 3.956908881664276123e-01
-2.796592414379119873e-01 -5.171242356300354004e-01 3.871869146823883057e-01
-1.949388831853866577e-01 -4.739296138286590576e-01 3.815201818943023682e-01
-2.563953697681427002e-01 -4.323288202285766602e-01 3.835377693176269531e-01
-1.748427599668502808e-01 -3.249418735504150391e-01 4.405329227447509766e-01
-3.423700481653213501e-02 -2.629449069499969482e-01 3.346534371376037598e-01
-1.431689411401748657e-01 -3.282013237476348877e-01 3.240649998188018799e-01
8.595694787800312042e-03 -4.172757565975189209e-01 3.742657899856567383e-01
-9.423653036355972290e-02 -3.378479778766632080e-01 3.234178125858306885e-01
-1.642496883869171143e-01 -1.506650298833847046e-01 3.876760303974151611e-01
-1.606615334749221802e-01 -2.372016608715057373e-01 2.892834246158599854e-01
-7.033127546310424805e-02 -3.585329949855804443e-01 2.294704169034957886e-01
-2.791783511638641357e-01 -1.377325654029846191e-01 3.512926399707794189e-01
1.647420413792133331e-02 9.486453235149383545e-02 1.524999737739562988e-01
-4.985283315181732178e-02 1.121797114610671997e-01 -1.679581850767135620e-01
-9.547537565231323242e-02 -3.115296661853790283e-01 4.464797675609588623e-02
-2.847203612327575684e-01 -1.543757319450378418e-01 2.807889878749847412e-01
-3.662203848361968994e-01 -1.993315219879150391e-01 3.455338776111602783e-01
-3.487260341644287109e-01 -2.352535575628280640e-01 3.656983375549316406e-01
-3.352828323841094971e-01 -2.814973890781402588e-01 4.170651137828826904e-01
-2.966391146183013916e-01 -1.957738548517227173e-01 4.505057930946350098e-01
-3.211430907249450684e-01 -2.819342315196990967e-01 4.512186050415039062e-01
-2.628657221794128418e-01 -2.561117708683013916e-01 4.090914726257324219e-01
-2.657920420169830322e-01 -2.498745322227478027e-01 4.500509202480316162e-01
-2.638313174247741699e-01 -1.895367205142974854e-01 4.199728965759277344e-01
-2.536604702472686768e-01 -1.945316940546035767e-01 4.116228222846984863e-01
-1.655273884534835815e-01 -1.444843858480453491e-01 4.082313179969787598e-01
-2.156191766262054443e-01 -6.534502655267715454e-02 3.125345408916473389e-01
-2.138121873140335083e-01 -3.661027923226356506e-02 2.559830546379089355e-01
-1.446210891008377075e-01 -1.692796349525451660e-01 3.639967739582061768e-01
-1.682175248861312866e-01 -1.252737790346145630e-01 4.417519569396972656e-01
-4.289445877075195312e-01 1.617830842733383179e-01 4.255287647247314453e-01
-3.929145336151123047e-01 2.306044250726699829e-01 5.259208083152770996e-01
-2.509379088878631592e-01 3.246139734983444214e-02 4.354022741317749023e-01
-2.291011512279510498e-01 -7.517360150814056396e-02 3.615793585777282715e-01
-2.250789552927017212e-01 -9.923946857452392578e-02 4.281418621540069580e-01
-2.395684272050857544e-01 -1.521313190460205078e-01 4.360865950584411621e-01
-1.816483736038208008e-01 -1.378366202116012573e-01 4.680215120315551758e-01
-1.845466643571853638e-01 -1.442701369524002075e-01 5.023582577705383301e-01
-2.186473309993743896e-01 -1.723747700452804565e-01 4.531781077384948730e-01
-1.892134994268417358e-01 -1.924735903739929199e-01 4.676522612571716309e-01
-1.976471245288848877e-01 -1.045304983854293823e-01 4.601849317550659180e-01
-2.468721717596054077e-01 -9.357554465532302856e-02 4.838960170745849609e-01
-2.572115361690521240e-01 -8.675567805767059326e-02 4.825258851051330566e-01
-2.644489109516143799e-01 -6.344047933816909790e-02 4.742758572101593018e-01
-2.038045525550842285e-01 -1.249149218201637268e-01 4.211753010749816895e-01
-9.096706658601760864e-02 -1.137879863381385803e-01 4.214533269405364990e-01
-9.946625679731369019e-03 -1.249967962503433228e-01 4.644285440444946289e-01
1.191113889217376709e-01 -1.026689261198043823e-01 4.175197184085845947e-01
1.579871028661727905e-01 -1.176746264100074768e-01 4.425049126148223877e-01
1.097178533673286438e-01 -2.352789193391799927e-01 4.492910802364349365e-01
8.552286773920059204e-02 -1.232645437121391296e-01 2.078347504138946533e-01
2.236622422933578491e-01 -3.392754793167114258e-01 4.356125295162200928e-01
2.367083132266998291e-01 -3.313977122306823730e-01 4.070460200309753418e-01
4.548664093017578125e-01 -3.788134753704071045e-01 2.547338008880615234e-01
5.106194019317626953e-01 -3.788327872753143311e-01 2.233357578516006470e-01
5.026994347572326660e-01 -3.672773241996765137e-01 2.119966000318527222e-01
5.248550772666931152e-01 -2.903828322887420654e-01 2.125726342201232910e-01
5.199946165084838867e-01 -3.296933770179748535e-01 2.495895475149154663e-01
5.308301448822021484e-01 -3.150987625122070312e-01 2.062414586544036865e-01
4.916590452194213867e-01 -3.742050528526306152e-01 2.342441380023956299e-01
5.167421698570251465e-01 -3.618546724319458008e-01 1.891570687294006348e-01
5.739922523498535156e-01 -3.189695179462432861e-01 1.659782081842422485e-01
5.529388785362243652e-01 -3.567328453063964844e-01 1.971044838428497314e-01
5.304078459739685059e-01 -3.545432686805725098e-01 1.911194175481796265e-01
5.429020524024963379e-01 -3.194691538810729980e-01 1.283880323171615601e-01
5.332926511764526367e-01 -3.552961349487304688e-01 9.654373675584793091e-02
4.542936384677886963e-01 -3.588362634181976318e-01 6.524953246116638184e-02
2.624182105064392090e-01 -3.986531794071197510e-01 -8.999235928058624268e-02
-7.058937847614288330e-02 -2.142288088798522949e-01 -2.056796699762344360e-01
-1.959173977375030518e-01 -2.281805723905563354e-01 -1.607893854379653931e-01
-2.742727100849151611e-01 -2.095342278480529785e-01 -3.549545705318450928e-01
-4.276735782623291016e-01 -1.704402118921279907e-01 -3.655182719230651855e-01
-3.884742259979248047e-01 3.242208808660507202e-02 -3.534249365329742432e-01
-4.412608146667480469e-01 -1.497191190719604492e-01 -3.508062064647674561e-01
-4.816074073314666748e-01 -2.609814405441284180e-01 -4.576225876808166504e-01
-5.216833949089050293e-01 -1.725890487432479858e-01 -4.351210594177246094e-01
-4.477195739746093750e-01 -3.160942792892456055e-01 -4.394192397594451904e-01
-5.385853052139282227e-01 -2.152544558048248291e-01 -4.372335672378540039e-01
-5.097845196723937988e-01 -3.440818786621093750e-01 -4.611540138721466064e-01
-5.495951175689697266e-01 -2.590075135231018066e-01 -5.136997699737548828e-01
-4.534620046615600586e-01 -5.013940334320068359e-01 -5.206368565559387207e-01
-4.489113092422485352e-01 -3.944810926914215088e-01 -5.770729780197143555e-01
-4.207884371280670166e-01 -3.902693986892700195e-01 -5.481407642364501953e-01
-5.082241296768188477e-01 -2.219393998384475708e-01 -4.197829663753509521e-01
-5.436013340950012207e-01 -2.774937748908996582e-01 -5.640696883201599121e-01
-5.352458953857421875e-01 -3.008901178836822510e-01 -5.431379079818725586e-01
-5.059849619865417480e-01 -3.905912339687347412e-01 -6.090518236160278320e-01
-4.854003190994262695e-01 -3.937775790691375732e-01 -5.574939846992492676e-01
-4.697882831096649170e-01 -3.736024200916290283e-01 -5.966180562973022461e-01
-5.440699458122253418e-01 -2.574720680713653564e-01 -5.952888727188110352e-01
-5.144270062446594238e-01 -3.661166429519653320e-01 -6.174519062042236328e-01
-5.107571482658386230e-01 -3.090687692165374756e-01 -5.253476500511169434e-01
