5.587456375360488892e-02 -3.179105743765830994e-02 5.224881693720817566e-02
6.799352914094924927e-02 -5.765509232878684998e-02 1.680806875228881836e-01
5.185575783252716064e-02 -8.023434877395629883e-02 2.199150323867797852e-01
3.944147378206253052e-02 -7.475515455007553101e-02 1.214447468519210815e-01
8.668540418148040771e-02 1.608593203127384186e-02 -1.221942976117134094e-01
-7.509786635637283325e-03 1.115015596151351929e-01 -3.789213895797729492e-01
-1.560783386230468750e-01 1.478400826454162598e-01 -3.265121281147003174e-01
-2.672209143638610840e-01 4.873645957559347153e-03 -3.856698796153068542e-02
-2.786028385162353516e-01 -1.839691102504730225e-01 1.186250597238540649e-01
5.676034488715231419e-04 -2.893224060535430908e-01 7.472257316112518311e-02
2.852578163146972656e-01 -2.052242010831832886e-01 -6.349694728851318359e-02
2.984537482261657715e-01 -7.982313632965087891e-02 -2.095561847090721130e-02
2.476248592138290405e-01 6.237912923097610474e-02 2.313522398471832275e-01
-1.148243322968482971e-01 1.855930685997009277e-01 2.132942676544189453e-01
-2.221667617559432983e-01 2.162288576364517212e-01 1.339181046932935715e-02
-6.135134398937225342e-02 2.913432419300079346e-01 -1.987161189317703247e-01
-3.759556636214256287e-02 2.168650180101394653e-01 -2.611259818077087402e-01
1.464863121509552002e-01 1.757099181413650513e-01 -5.120975151658058167e-02
2.747970819473266602e-01 2.897771000862121582e-01 -4.747219756245613098e-02
3.218157589435577393e-01 4.291758835315704346e-01 -2.557578384876251221e-01
2.495296895503997803e-01 4.852981269359588623e-01 -3.099128603935241699e-01
-1.247395947575569153e-01 2.241460829973220825e-01 -1.838630735874176025e-01
-4.387103021144866943e-01 -3.830997049808502197e-01 2.743884921073913574e-01
-2.721909284591674805e-01 -5.865008234977722168e-01 4.326934218406677246e-01
4.907218739390373230e-02 -5.920137763023376465e-01 2.581335008144378662e-01
3.861411809921264648e-01 -3.126382231712341309e-01 -1.188740208745002747e-01
4.124092459678649902e-01 9.420182555913925171e-02 -2.838007807731628418e-01
1.091584935784339905e-01 1.714350730180740356e-01 -2.134915292263031006e-01
-1.848657429218292236e-01 1.062786355614662170e-01 -4.785327706485986710e-03
-3.599525988101959229e-01 -2.621391229331493378e-02 1.034619137644767761e-01
-3.515879213809967041e-01 -7.241485267877578735e-02 1.463477909564971924e-01
-2.013513296842575073e-01 -1.221086271107196808e-02 2.586251497268676758e-01
-1.412155665457248688e-02 1.265480518341064453e-01 3.076549768447875977e-01
9.447306394577026367e-02 1.772980690002441406e-01 3.004700839519500732e-01
3.339796140789985657e-02 9.062873199582099915e-03 2.834067940711975098e-01
-4.231176897883415222e-02 -2.408025562763214111e-01 2.858695089817047119e-01
3.688783943653106689e-02 -3.348970115184783936e-01 2.996268868446350098e-01
1.240883916616439819e-01 -1.441427022218704224e-01 4.118338227272033691e-03
9.508331120014190674e-02 8.496592193841934204e-02 -3.854237794876098633e-01
9.098281152546405792e-03 1.745481193065643311e-01 -5.466271042823791504e-01
-1.007221937179565430e-01 1.095991730690002441e-01 -4.474087357521057129e-01
-1.017673872411251068e-02 2.276918292045593262e-02 -7.100344449281692505e-02
1.641538441181182861e-01 9.280414879322052002e-02 1.935362517833709717e-01
2.330077439546585083e-01 2.175412327051162720e-02 1.457979977130889893e-01
2.541882395744323730e-01 -2.249623183161020279e-03 -7.346540689468383789e-02
4.485887289047241211e-02 4.325782135128974915e-02 -1.335282027721405029e-01
-1.547910273075103760e-01 1.863901019096374512e-01 -4.383701086044311523e-02
-1.538636833429336548e-01 2.450597733259201050e-01 2.256674021482467651e-01
-1.087594106793403625e-01 4.389578849077224731e-02 3.360210657119750977e-01
-6.468781828880310059e-02 -1.336095035076141357e-01 2.527874410152435303e-01
-2.818218171596527100e-01 -9.978693723678588867e-02 -5.418280884623527527e-02
-3.704650998115539551e-01 2.237711101770401001e-01 -3.649888634681701660e-01
-1.917421668767929077e-01 3.415926396846771240e-01 -4.090895354747772217e-01
2.794212996959686279e-01 1.888567656278610229e-01 -2.793158292770385742e-01
4.995198547840118408e-01 -1.574140042066574097e-01 1.144901290535926819e-01
3.195935189723968506e-01 -3.606350421905517578e-01 2.740265727043151855e-01
-6.968365982174873352e-03 -2.554716765880584717e-01 2.227674126625061035e-01
-2.977829277515411377e-01 -4.649448767304420471e-02 -6.663393694907426834e-03
-2.998091280460357666e-01 1.014190614223480225e-01 -2.694586813449859619e-01
-2.365025132894515991e-01 1.299518644809722900e-01 -3.392582535743713379e-01
-1.884645670652389526e-01 1.389213651418685913e-01 -3.295890986919403076e-01
-1.179518476128578186e-01 2.013017386198043823e-01 -1.589981168508529663e-01
3.430801676586270332e-03 1.844560354948043823e-01 1.116394400596618652e-01
1.498046070337295532e-01 1.009929329156875610e-01 2.660610079765319824e-01
2.007825076580047607e-01 -3.399714455008506775e-02 1.470954567193984985e-01
2.020118832588195801e-01 -1.371066421270370483e-01 -2.137608081102371216e-01
1.949796527624130249e-01 -1.825326830148696899e-01 -4.238440394401550293e-01
2.068091481924057007e-01 -2.415687590837478638e-01 -3.666122257709503174e-01
2.049728929996490479e-01 -2.733134627342224121e-01 -7.312770932912826538e-02
8.816529810428619385e-02 -2.145232260227203369e-01 2.909557223320007324e-01
-6.567282229661941528e-02 -7.520873844623565674e-02 4.360884428024291992e-01
-9.912566840648651123e-02 8.671993762254714966e-02 4.254539310932159424e-01
-1.672071404755115509e-02 1.745509505271911621e-01 3.704780340194702148e-01
3.820684924721717834e-02 1.572931259870529175e-01 2.392803877592086792e-01
-4.357995465397834778e-02 5.563833564519882202e-02 2.619435451924800873e-02
-2.373290508985519409e-01 -4.433668404817581177e-02 -1.124430894851684570e-01
-3.179273307323455811e-01 -2.218025765614584088e-04 -1.538688391447067261e-01
-1.957093924283981323e-01 1.661755144596099854e-02 -8.433609455823898315e-02
8.013694733381271362e-02 1.643329672515392303e-02 3.553442284464836121e-02
2.828986346721649170e-01 -3.380817547440528870e-02 8.609399199485778809e-02
2.915018200874328613e-01 -1.217155605554580688e-01 9.475263208150863647e-02
2.097443938255310059e-01 -1.307894140481948853e-01 2.019864320755004883e-02
7.605721801519393921e-02 -7.672363519668579102e-02 -1.418345957063138485e-03
1.714216731488704681e-02 -4.516023024916648865e-02 8.204089105129241943e-02
-3.187994007021188736e-04 -3.017959557473659515e-02 2.096404582262039185e-01
-7.141178101301193237e-02 1.649759151041507721e-02 2.147761136293411255e-01
-1.389825791120529175e-01 6.463658809661865234e-02 3.427269635722041130e-03
-2.008929252624511719e-01 2.538128495216369629e-01 -1.861877590417861938e-01
-1.424575299024581909e-01 3.373689949512481689e-01 -2.612386643886566162e-01
-6.357856094837188721e-02 3.019634783267974854e-01 -2.621626853942871094e-01
-1.925688795745372772e-02 1.809584349393844604e-01 -3.258817791938781738e-01
-1.020839717239141464e-02 -8.185810595750808716e-02 -4.260426759719848633e-01
1.964987022802233696e-03 -2.714984118938446045e-01 -3.098746836185455322e-01
6.891664117574691772e-02 -4.484556019306182861e-01 1.731478273868560791e-01
9.788902848958969116e-02 -4.634596705436706543e-01 5.608726739883422852e-01
7.480520009994506836e-02 -2.870963513851165771e-01 6.198240518569946289e-01
1.929726079106330872e-02 7.043506950139999390e-02 3.890977501869201660e-01
-7.492262870073318481e-02 4.004283845424652100e-01 -1.406256258487701416e-01
-1.282091587781906128e-01 4.182088971138000488e-01 -3.852760195732116699e-01
-5.412597209215164185e-02 1.976289600133895874e-01 -2.603798508644104004e-01
9.331277012825012207e-02 -1.377573609352111816e-01 1.650824910029768944e-03
1.059824079275131226e-01 -2.932380735874176025e-01 3.027072735130786896e-02
-2.014037594199180603e-02 -3.101137280464172363e-01 -1.326099485158920288e-01
-8.877053856849670410e-02 -1.754080802202224731e-01 -2.440687716007232666e-01
-1.166185364127159119e-01 5.180335417389869690e-02 -2.414231151342391968e-01
1.449559465982019901e-03 1.777076423168182373e-01 -6.371989101171493530e-02
8.523345738649368286e-02 2.200327813625335693e-01 9.259346872568130493e-02
9.096308052539825439e-02 1.826865673065185547e-01 1.266210079193115234e-01
9.065970778465270996e-02 1.280817091464996338e-01 1.724241524934768677e-01
2.879346720874309540e-03 1.010579243302345276e-01 2.476650103926658630e-02
-7.666696608066558838e-02 1.061757747083902359e-02 -1.285195499658584595e-01
-1.262943446636199951e-01 -4.597375914454460144e-02 -2.152617573738098145e-01
-7.716510444879531860e-02 -1.008356958627700806e-01 -2.632498741149902344e-01
-4.730246216058731079e-02 -3.220443800091743469e-02 -1.600557863712310791e-01
4.448686959221959114e-04 1.429146528244018555e-01 -5.361964181065559387e-02
4.415727779269218445e-02 1.542386859655380249e-01 1.002303659915924072e-01
8.456042408943176270e-02 9.537054598331451416e-02 2.007358223199844360e-01
1.382785886526107788e-01 -1.020641997456550598e-01 1.880031973123550415e-01
5.048609897494316101e-02 -2.250580936670303345e-01 1.073544323444366455e-01
-5.169767141342163086e-02 -9.142699092626571655e-02 -2.900722064077854156e-02
-4.288937896490097046e-02 4.099233448505401611e-02 -9.598367661237716675e-02
5.195054039359092712e-02 1.340129077434539795e-01 -6.087318062782287598e-02
2.334921807050704956e-01 1.484767645597457886e-01 -2.203351818025112152e-02
2.150150984525680542e-01 2.511905878782272339e-02 -9.271635790355503559e-04
1.183055620640516281e-02 -4.194805026054382324e-02 6.026944518089294434e-02
-9.030755609273910522e-02 -5.196331813931465149e-02 7.807999849319458008e-02
-2.232148051261901855e-01 -6.126856058835983276e-02 9.848387539386749268e-02
-1.005382686853408813e-01 1.283827424049377441e-01 6.528440117835998535e-02
-8.319455385208129883e-02 1.468358188867568970e-01 -7.139133661985397339e-02
-3.341106772422790527e-01 1.383044436806812882e-04 -1.095981597900390625e-01
-3.086355328559875488e-01 -1.749074459075927734e-01 -1.333219278603792191e-02
-2.217400670051574707e-01 -3.561381101608276367e-01 1.034567430615425110e-01
1.244387850165367126e-01 -2.152052372694015503e-01 1.630931049585342407e-01
4.770309031009674072e-01 5.174933373928070068e-02 1.195073798298835754e-01
3.554329872131347656e-01 1.882634311914443970e-01 1.253849081695079803e-02
1.666244715452194214e-01 2.083022296428680420e-01 -7.025702297687530518e-02
-2.468489669263362885e-02 4.534623771905899048e-02 -1.395033001899719238e-01
-1.490643471479415894e-01 -6.346907466650009155e-02 -2.086304724216461182e-01
-4.484881833195686340e-02 -6.430125981569290161e-02 -1.436939239501953125e-01
-8.695262670516967773e-02 -3.810901194810867310e-02 -2.962432242929935455e-02
-1.229704841971397400e-01 -3.628510981798171997e-02 6.865299493074417114e-02
-7.855255156755447388e-02 -2.839021384716033936e-02 9.086310863494873047e-02
-4.379217699170112610e-02 -1.011036243289709091e-02 7.929481565952301025e-03
-1.126060448586940765e-02 9.670083224773406982e-02 -2.208895795047283173e-02
-8.834509178996086121e-03 1.460775732994079590e-01 -1.883108913898468018e-02
-8.947494206950068474e-04 6.329797953367233276e-02 3.382079536095261574e-03
-3.036914579570293427e-02 -5.782005935907363892e-02 1.240548677742481232e-02
-4.596963897347450256e-02 -1.872664988040924072e-01 -2.550604380667209625e-02
-1.016000211238861084e-01 -1.584696471691131592e-01 -2.788362279534339905e-02
-5.817196145653724670e-02 -6.278899312019348145e-02 1.151198241859674454e-02
1.141454055905342102e-01 6.480664014816284180e-02 -1.505511999130249023e-02
2.714016735553741455e-01 1.200778707861900330e-01 -6.172233074903488159e-02
2.514463067054748535e-01 1.276847720146179199e-01 -5.463034659624099731e-02
1.284649521112442017e-01 3.188005834817886353e-02 -4.880782589316368103e-02
-4.128518700599670410e-02 -2.017093636095523834e-02 3.554051741957664490e-02
-6.436405330896377563e-02 6.963909417390823364e-02 5.957363545894622803e-02
1.781845241785049438e-01 9.702509641647338867e-02 2.807589992880821228e-02
2.264984101057052612e-01 1.607107669115066528e-01 9.095304459333419800e-02
1.116809621453285217e-01 -8.734977804124355316e-03 6.151643395423889160e-02
-1.513945311307907104e-01 -1.506554484367370605e-01 -5.119100213050842285e-03
-3.449069857597351074e-01 -1.270148456096649170e-01 -5.823555216193199158e-02
-2.621686160564422607e-01 -7.467048615217208862e-02 -8.124976605176925659e-02
-4.208491742610931396e-02 5.871142074465751648e-02 1.102882320992648602e-03
1.700624227523803711e-01 8.362305909395217896e-02 7.161757349967956543e-02
3.030011057853698730e-01 7.042302936315536499e-02 4.247734695672988892e-02
3.022685945034027100e-01 5.399399437010288239e-03 -2.291298843920230865e-02
1.002568602561950684e-01 -3.879148280248045921e-03 -6.342601031064987183e-02
-2.121749371290206909e-01 -3.879198059439659119e-02 1.816619746387004852e-02
-4.901872575283050537e-01 -2.059440501034259796e-02 7.651212811470031738e-02
-5.501720309257507324e-01 9.467922151088714600e-02 8.147735893726348877e-02
-4.292134642601013184e-01 5.043203011155128479e-02 8.139796555042266846e-02
-1.122640669345855713e-01 6.069990247488021851e-02 2.294847927987575531e-02
1.851883977651596069e-01 -1.031122803688049316e-01 5.946450680494308472e-02
1.755408644676208496e-01 -2.421458810567855835e-01 -1.224088594317436218e-01
7.100220024585723877e-02 -1.454256176948547363e-01 -3.244093060493469238e-01
1.603968068957328796e-02 -3.830868750810623169e-02 -3.635056018829345703e-01
2.370823621749877930e-01 9.597954899072647095e-02 -2.522438466548919678e-01
5.133181214332580566e-01 1.230274140834808350e-01 1.624801754951477051e-01
4.839718043804168701e-01 5.054791644215583801e-02 3.494235873222351074e-01
2.700624763965606689e-01 6.663979589939117432e-02 3.090707957744598389e-01
-1.828709542751312256e-01 2.091107815504074097e-01 1.782811433076858521e-01
-4.015668928623199463e-01 2.209634929895401001e-01 -8.802469819784164429e-02
-2.715530693531036377e-01 7.229618728160858154e-02 -2.300847619771957397e-01
-3.264977037906646729e-02 -2.233968228101730347e-01 -8.573465049266815186e-02
6.883930414915084839e-02 -3.223570287227630615e-01 -6.292113661766052246e-02
3.839765489101409912e-02 -2.686147391796112061e-01 6.505526602268218994e-02
-6.467630714178085327e-02 -1.473479270935058594e-01 1.067781075835227966e-01
-1.294704973697662354e-01 2.119204960763454437e-02 7.296936586499214172e-03
-5.374753847718238831e-02 7.546240091323852539e-02 4.343010485172271729e-02
-1.117523089051246643e-01 1.657533645629882812e-01 -3.664016351103782654e-02
-5.805704370141029358e-02 7.328697293996810913e-02 -1.908010393381118774e-01
1.560111045837402344e-01 -1.433172374963760376e-01 -1.735697984695434570e-01
2.943978309631347656e-01 -1.658284664154052734e-01 6.125246733427047729e-02
3.552831113338470459e-01 -6.228265166282653809e-02 1.521423012018203735e-01
2.083495110273361206e-01 1.862375289201736450e-01 1.337146610021591187e-01
-3.882668167352676392e-02 2.913986146450042725e-01 -1.794230490922927856e-01
-1.578139215707778931e-01 1.929963380098342896e-01 -2.388725876808166504e-01
-2.559657990932464600e-01 -6.896393001079559326e-02 4.368240386247634888e-02
-1.869959086179733276e-01 -2.393458783626556396e-01 2.711926996707916260e-01
-1.569559425115585327e-01 -2.263666391372680664e-01 3.842052221298217773e-01
-1.662558168172836304e-01 -4.557279497385025024e-02 1.500588506460189819e-01
-1.568731814622879028e-01 1.724548339843750000e-01 -4.607387632131576538e-02
-1.803739666938781738e-01 1.797803193330764771e-01 -1.056289821863174438e-01
-8.665609359741210938e-02 1.267723590135574341e-01 -9.813579916954040527e-02
