1.077315436303284517e-02
0.000000000000000000e+00
0.000000000000000000e+00
0.000000000000000000e+00
8.007214443221992439e-02
5.876295971432089066e-02
5.804699624489381010e-02
4.631133849612160264e-02
0.000000000000000000e+00
0.000000000000000000e+00
0.000000000000000000e+00
0.000000000000000000e+00
0.000000000000000000e+00
0.000000000000000000e+00
2.144964551846258449e-01
3.633882546506594369e-01
3.217610695421430078e-01
1.627205325314703410e-01
0.000000000000000000e+00
0.000000000000000000e+00
1.538255088799496684e-01
3.137701831172602929e-01
3.630268990736406631e-01
3.050849218753666769e-01
0.000000000000000000e+00
0.000000000000000000e+00
0.000000000000000000e+00
0.000000000000000000e+00
0.000000000000000000e+00
0.000000000000000000e+00
0.000000000000000000e+00
2.966987773530244121e-02
7.998599002136905570e-03
0.000000000000000000e+00
0.000000000000000000e+00
0.000000000000000000e+00
0.000000000000000000e+00
0.000000000000000000e+00
0.000000000000000000e+00
3.341255911485342955e-01
5.776284914550058325e-01
5.018313695197175184e-01
2.475329549400714646e-01
0.000000000000000000e+00
0.000000000000000000e+00
0.000000000000000000e+00
0.000000000000000000e+00
0.000000000000000000e+00
0.000000000000000000e+00
0.000000000000000000e+00
0.000000000000000000e+00
2.716321923762257118e-01
4.901321971842791392e-01
4.982888416631190975e-01
2.005274155701706473e-01
0.000000000000000000e+00
0.000000000000000000e+00
0.000000000000000000e+00
0.000000000000000000e+00
6.149159078010290463e-02
1.233870908719810790e-02
5.058567834791737397e-03
0.000000000000000000e+00
9.137270780152826309e-04
1.168601172488968089e-02
2.496280322448742039e-02
3.101873857615518315e-02
2.241369470160054639e-02
9.797920301902436971e-03
0.000000000000000000e+00
0.000000000000000000e+00
0.000000000000000000e+00
0.000000000000000000e+00
0.000000000000000000e+00
0.000000000000000000e+00
8.171078485122487342e-03
9.573366153686197269e-03
7.772797713768928203e-03
9.978433993023431373e-04
3.156872738307220827e-04
3.042956331289133911e-04
4.793350353733256920e-04
0.000000000000000000e+00
7.958766002079901286e-03
2.462546494123295238e-02
3.574799248998456608e-02
3.153649209209762050e-02
8.798770687388516795e-04
0.000000000000000000e+00
0.000000000000000000e+00
0.000000000000000000e+00
1.136641893321535014e-02
7.533287729575118691e-03
7.586113960844589020e-03
5.183360616712117709e-03
5.356785300654804197e-03
4.081023282432840599e-03
0.000000000000000000e+00
9.643084570116188534e-04
0.000000000000000000e+00
0.000000000000000000e+00
0.000000000000000000e+00
0.000000000000000000e+00
0.000000000000000000e+00
4.858920388184841989e-03
4.457321567638101653e-03
7.179227922444018787e-04
0.000000000000000000e+00
0.000000000000000000e+00
0.000000000000000000e+00
0.000000000000000000e+00
0.000000000000000000e+00
0.000000000000000000e+00
0.000000000000000000e+00
0.000000000000000000e+00
0.000000000000000000e+00
0.000000000000000000e+00
0.000000000000000000e+00
2.497839477374760586e-01
4.539706202005001079e-01
4.054390538853486214e-01
1.997852359019749446e-01
0.000000000000000000e+00
0.000000000000000000e+00
0.000000000000000000e+00
0.000000000000000000e+00
0.000000000000000000e+00
0.000000000000000000e+00
0.000000000000000000e+00
0.000000000000000000e+00
2.716321923762257118e-01
4.772860103595994441e-01
4.792156840608037816e-01
1.881117776272968334e-01
0.000000000000000000e+00
0.000000000000000000e+00
0.000000000000000000e+00
0.000000000000000000e+00
7.266061368288000144e-02
1.001941239285138174e-02
8.757661009649879771e-03
3.268271891387483467e-03
0.000000000000000000e+00
0.000000000000000000e+00
0.000000000000000000e+00
0.000000000000000000e+00
0.000000000000000000e+00
0.000000000000000000e+00
3.582160657841484009e-03
1.255998456959437140e-02
1.004691183319723728e-02
0.000000000000000000e+00
0.000000000000000000e+00
0.000000000000000000e+00
0.000000000000000000e+00
4.640378932376482829e-02
1.266334114557239876e-01
1.791876135615464161e-01
1.185017869056913670e-01
0.000000000000000000e+00
0.000000000000000000e+00
0.000000000000000000e+00
0.000000000000000000e+00
2.720633615461597737e-02
5.281474445228613070e-04
0.000000000000000000e+00
0.000000000000000000e+00
0.000000000000000000e+00
0.000000000000000000e+00
0.000000000000000000e+00
0.000000000000000000e+00
0.000000000000000000e+00
0.000000000000000000e+00
2.276201602305975291e-01
4.043834285136475026e-01
3.575411529174005176e-01
1.782012832350132470e-01
0.000000000000000000e+00
0.000000000000000000e+00
0.000000000000000000e+00
0.000000000000000000e+00
0.000000000000000000e+00
0.000000000000000000e+00
0.000000000000000000e+00
0.000000000000000000e+00
0.000000000000000000e+00
0.000000000000000000e+00
0.000000000000000000e+00
0.000000000000000000e+00
0.000000000000000000e+00
0.000000000000000000e+00
0.000000000000000000e+00
0.000000000000000000e+00
0.000000000000000000e+00
0.000000000000000000e+00
0.000000000000000000e+00
0.000000000000000000e+00
0.000000000000000000e+00
1.720685831250581832e-03
3.441371662501163664e-03
2.150857289063227290e-03
0.000000000000000000e+00
0.000000000000000000e+00
0.000000000000000000e+00
