-5.208149924874305725e-02 4.067790135741233826e-02 1.630568802356719971e-01
-1.099865660071372986e-01 9.492933005094528198e-02 1.488166153430938721e-01
-5.856274068355560303e-02 1.065724715590476990e-01 2.305791527032852173e-01
-4.737861827015876770e-02 1.585437655448913574e-01 3.010902702808380127e-01
-5.860038846731185913e-02 8.184822648763656616e-02 2.802925705909729004e-01
-3.329433500766754150e-02 4.787640646100044250e-02 1.443766653537750244e-01
-8.655459620058536530e-03 3.834803029894828796e-02 -8.922497928142547607e-02
1.988657116889953613e-01 -1.557187922298908234e-02 -1.198508515954017639e-01
2.102567553520202637e-01 5.983892828226089478e-02 1.482925713062286377e-01
1.141479983925819397e-01 -6.624468415975570679e-02 2.953162789344787598e-01
2.230777591466903687e-01 -2.389349043369293213e-01 2.349308282136917114e-01
1.307096332311630249e-01 -4.160571098327636719e-01 -9.929142892360687256e-02
-1.168459467589855194e-02 -4.693965911865234375e-01 -2.753962576389312744e-01
-2.135827839374542236e-01 -3.892613649368286133e-01 -3.523689880967140198e-02
-3.032280802726745605e-01 -7.452989369630813599e-02 1.385944038629531860e-01
-5.470645055174827576e-02 1.436081677675247192e-01 3.386449217796325684e-01
8.932436257600784302e-02 2.312418669462203979e-01 1.568937599658966064e-01
1.718311458826065063e-01 2.086661010980606079e-01 -4.512585327029228210e-02
8.864904940128326416e-02 -8.247282821685075760e-04 -3.354969248175621033e-02
6.632057577371597290e-02 1.711603999137878418e-01 -4.339344426989555359e-02
4.858905673027038574e-01 4.299692213535308838e-01 -4.355821609497070312e-01
6.274515986442565918e-01 4.180223941802978516e-01 -5.860874056816101074e-01
6.365718841552734375e-01 2.823794782161712646e-01 -5.367720723152160645e-01
4.633216559886932373e-01 1.590293273329734802e-02 -2.444220930337905884e-01
-1.362015604972839355e-01 -3.325570821762084961e-01 2.347630709409713745e-01
-3.821173906326293945e-01 -1.285664141178131104e-01 8.757430315017700195e-02
-3.074909746646881104e-01 -3.478316823020577431e-03 -2.322711944580078125e-01
-2.032901048660278320e-01 -6.813389062881469727e-02 -4.650495946407318115e-01
-1.324027627706527710e-01 -2.405224367976188660e-02 -4.299975931644439697e-01
-3.178307041525840759e-02 -1.433787643909454346e-01 -3.201930522918701172e-01
3.497814992442727089e-03 -2.364019006490707397e-01 -2.155364900827407837e-01
-5.859244149178266525e-03 -2.718087136745452881e-01 -2.153774257749319077e-03
-7.494265679270029068e-03 -2.628524601459503174e-01 5.895960703492164612e-02
2.900796197354793549e-02 -1.574481725692749023e-01 1.312138736248016357e-01
-2.809459343552589417e-03 -8.442851714789867401e-03 1.766696870326995850e-01
-1.617083698511123657e-01 1.788256913423538208e-01 3.321221172809600830e-01
-2.957809865474700928e-01 1.508364379405975342e-01 5.022208094596862793e-01
-3.788094222545623779e-01 9.855926781892776489e-02 5.663404464721679688e-01
-3.511439859867095947e-01 1.333269923925399780e-01 4.610599577426910400e-01
-9.001093357801437378e-02 3.214491158723831177e-02 1.884805411100387573e-01
7.314215414226055145e-03 3.660816699266433716e-02 8.976753056049346924e-02
3.747450187802314758e-02 -9.482320398092269897e-02 9.177183732390403748e-03
-6.638687849044799805e-02 -7.618481665849685669e-02 9.686706960201263428e-02
-1.371402889490127563e-01 1.436632275581359863e-01 9.892084449529647827e-02
-1.251630187034606934e-01 1.856675446033477783e-01 -3.203696978744119406e-04
-1.666732281446456909e-01 6.704878807067871094e-02 -8.052335679531097412e-02
-1.768053025007247925e-01 1.103799194097518921e-01 -2.295255810022354126e-01
-1.093223989009857178e-01 8.328686654567718506e-02 -1.203489899635314941e-01
7.004222273826599121e-02 1.929214447736740112e-01 -1.959985867142677307e-02
-9.309961646795272827e-02 2.001261860132217407e-01 8.465398848056793213e-02
-2.154093831777572632e-01 5.305353179574012756e-02 1.013872325420379639e-01
-1.570567190647125244e-01 8.099949918687343597e-03 2.551231384277343750e-01
1.179145723581314087e-01 -1.247824504971504211e-01 1.777276545763015747e-01
2.936733067035675049e-01 1.394686941057443619e-02 -4.445671290159225464e-02
1.622430831193923950e-01 5.601525679230690002e-02 -2.041108161211013794e-01
-1.516706049442291260e-01 1.186693459749221802e-01 -3.500510454177856445e-01
-3.030270636081695557e-01 1.274775266647338867e-01 -7.908251881599426270e-02
-2.134497314691543579e-01 9.375143796205520630e-02 9.280639886856079102e-02
-6.128321215510368347e-02 1.554510146379470825e-01 1.320080608129501343e-01
6.740887463092803955e-02 1.019728258252143860e-01 1.002884805202484131e-01
1.874246746301651001e-01 4.828971996903419495e-02 6.978824734687805176e-02
3.356218039989471436e-01 -5.766023695468902588e-02 2.509567700326442719e-02
4.644540250301361084e-01 -1.586152240633964539e-02 2.327460981905460358e-02
5.068981647491455078e-01 9.087292850017547607e-02 1.149629428982734680e-01
4.501401782035827637e-01 9.126763045787811279e-02 1.545163840055465698e-01
3.558800816535949707e-01 8.266532421112060547e-02 5.456939712166786194e-02
2.781527638435363770e-01 -4.918957874178886414e-02 -1.473814249038696289e-01
2.383366227149963379e-01 -1.415867656469345093e-01 -3.517329096794128418e-01
1.605601608753204346e-01 -2.076184451580047607e-01 -4.589218497276306152e-01
4.616357013583183289e-02 -2.776846289634704590e-01 -4.667054414749145508e-01
-4.190324619412422180e-02 -3.298124074935913086e-01 -3.768188953399658203e-01
-5.750312283635139465e-02 -2.981629371643066406e-01 -2.029958069324493408e-01
-6.464155763387680054e-02 -9.834842383861541748e-02 6.174147594720125198e-03
-9.681782126426696777e-02 9.692087769508361816e-02 3.405100479722023010e-02
-1.356037855148315430e-01 9.878450632095336914e-02 -2.602661587297916412e-02
-7.223643362522125244e-02 -2.886426262557506561e-02 -4.987253621220588684e-02
1.400145236402750015e-02 -1.738672256469726562e-01 8.083908818662166595e-03
6.167570129036903381e-02 -1.203615814447402954e-01 1.936307698488235474e-01
1.182023659348487854e-01 -3.914818167686462402e-02 1.888450831174850464e-01
4.022662341594696045e-02 -8.584105968475341797e-02 1.180090010166168213e-01
-5.729789286851882935e-02 -7.402753084897994995e-02 2.647590450942516327e-02
-1.372139453887939453e-01 -5.885481461882591248e-02 -2.382149361073970795e-02
-1.463366299867630005e-01 6.437460333108901978e-02 5.516834184527397156e-02
-1.396358907222747803e-01 6.400161236524581909e-02 1.274859905242919922e-02
-1.826469302177429199e-01 1.018624827265739441e-01 7.448315620422363281e-02
-4.335204064846038818e-01 1.316020358353853226e-02 9.271866083145141602e-02
-5.176446437835693359e-01 1.609726995229721069e-02 1.669511497020721436e-01
-4.423559606075286865e-01 6.534684449434280396e-02 1.937334835529327393e-01
-2.154980152845382690e-01 7.446662336587905884e-02 1.249544396996498108e-01
1.764900982379913330e-01 2.684548795223236084e-01 1.120700165629386902e-01
2.715104222297668457e-01 3.006523847579956055e-01 6.736566871404647827e-02
4.101460278034210205e-01 2.675514221191406250e-01 3.128195554018020630e-02
5.136090517044067383e-01 2.071977704763412476e-01 -8.129969984292984009e-02
5.267828702926635742e-01 4.377921298146247864e-02 -2.127414345741271973e-01
2.552942335605621338e-01 -1.077192574739456177e-01 -2.225214391946792603e-01
-3.061787188053131104e-01 -8.881699293851852417e-02 -8.647930808365345001e-03
-5.570430755615234375e-01 4.073455184698104858e-02 1.821838915348052979e-01
-6.166256070137023926e-01 1.623506546020507812e-01 2.189334779977798462e-01
-4.437533020973205566e-01 1.308964937925338745e-01 1.449382454156875610e-01
-1.795626431703567505e-01 7.614805549383163452e-02 8.489265292882919312e-02
-6.576640903949737549e-02 9.382073581218719482e-02 1.154669225215911865e-01
-1.155760884284973145e-01 7.453668117523193359e-02 1.946020722389221191e-01
-1.656415611505508423e-01 -6.080019474029541016e-02 1.399506330490112305e-01
-7.047236710786819458e-02 -2.419690936803817749e-01 7.264939695596694946e-02
2.254389785230159760e-02 -3.168263137340545654e-01 4.006488621234893799e-02
8.198834955692291260e-03 -2.471527457237243652e-01 9.038692340254783630e-03
8.957303315401077271e-02 -1.540087461471557617e-01 -3.347099199891090393e-02
8.055688813328742981e-03 -7.640703767538070679e-02 -3.989931568503379822e-02
-5.846720188856124878e-02 -5.807583220303058624e-03 -8.289783261716365814e-03
-5.833613127470016479e-02 5.783032625913619995e-02 -3.091202490031719208e-02
-5.913243815302848816e-02 1.674432903528213501e-01 6.410714983940124512e-02
6.116562709212303162e-02 8.512677252292633057e-02 1.993809826672077179e-02
1.048463284969329834e-01 -6.965357065200805664e-02 5.591414403170347214e-03
1.383435279130935669e-01 -1.148399189114570618e-01 -1.611118577420711517e-02
1.047067195177078247e-01 -1.782906055450439453e-01 -8.459844440221786499e-02
2.595814466476440430e-01 -1.003281250596046448e-01 -2.098885178565979004e-02
3.288436532020568848e-01 5.510868877172470093e-02 -6.260340660810470581e-02
1.724078953266143799e-01 1.116377022117376328e-02 -4.251088574528694153e-02
1.290277242660522461e-01 8.248704671859741211e-02 2.664374187588691711e-03
-1.169336214661598206e-02 7.593663781881332397e-02 -1.015444099903106689e-02
3.644751757383346558e-02 -5.381370428949594498e-04 5.252449773252010345e-03
8.917697519063949585e-02 5.672771111130714417e-02 -4.736066609621047974e-02
7.235202938318252563e-03 1.322396565228700638e-02 -1.922702491283416748e-01
-1.803498342633247375e-02 1.083163246512413025e-01 -1.249882727861404419e-01
-2.981643751263618469e-02 2.595381140708923340e-01 -1.883785426616668701e-01
-2.999834716320037842e-03 1.655156910419464111e-01 -1.511507183313369751e-01
-8.973950520157814026e-03 1.162509098649024963e-01 -3.351510968059301376e-03
-1.208969280123710632e-01 1.468814164400100708e-01 -6.370880454778671265e-02
-8.285593986511230469e-02 6.354994326829910278e-02 2.573481388390064240e-02
2.975693531334400177e-02 2.392165958881378174e-01 -9.715072810649871826e-02
3.150475397706031799e-02 -4.895244166254997253e-02 -9.065665304660797119e-02
9.909152239561080933e-02 -3.483068048954010010e-01 1.637365967035293579e-01
-1.681489646434783936e-01 -2.876379489898681641e-01 1.508385092020034790e-01
-2.833064794540405273e-01 -2.904554605484008789e-01 1.191644966602325439e-01
-2.489288747310638428e-01 -5.639786273241043091e-02 -1.196130551397800446e-02
-2.590713500976562500e-01 9.837011247873306274e-02 -1.751348078250885010e-01
-8.929745852947235107e-02 1.180349811911582947e-01 -1.708494499325752258e-03
-3.413409227505326271e-03 6.757272034883499146e-02 8.401705883443355560e-03
-7.602202240377664566e-03 -6.941032130271196365e-03 -7.332269102334976196e-02
2.798489481210708618e-02 -6.528444588184356689e-02 -7.649416476488113403e-02
5.056750960648059845e-04 -3.655201196670532227e-02 -5.166960135102272034e-02
-5.081786308437585831e-03 3.579261898994445801e-02 8.453107625246047974e-02
-3.553622961044311523e-02 -2.135544782504439354e-03 1.204708963632583618e-01
-1.294923946261405945e-02 -1.974609307944774628e-02 7.620645314455032349e-02
5.966705735772848129e-03 -2.829249389469623566e-02 2.245612442493438721e-02
6.361424922943115234e-02 2.889208123087882996e-02 4.220714792609214783e-02
3.483161330223083496e-02 1.951382309198379517e-02 1.742343790829181671e-02
-9.916418232023715973e-03 -8.593737334012985229e-02 -2.094763098284602165e-03
-2.563961036503314972e-02 -1.604208648204803467e-01 6.134837120771408081e-02
-4.446045309305191040e-02 -2.219034880399703979e-01 8.126591891050338745e-02
-1.172765810042619705e-02 -1.773849427700042725e-01 1.506035774946212769e-01
-4.308171197772026062e-02 -5.879781767725944519e-02 1.550501734018325806e-01
9.003091603517532349e-03 -6.118189543485641479e-02 -8.898675441741943359e-02
6.280133873224258423e-02 5.339990369975566864e-03 -2.014624476432800293e-01
1.312871724367141724e-01 9.377039968967437744e-03 -5.412272363901138306e-02
2.775348164141178131e-02 -1.406817603856325150e-02 6.530499085783958435e-04
-1.023703217506408691e-01 2.811106145381927490e-01 8.663943409919738770e-02
-1.845846027135848999e-01 3.825556933879852295e-01 -6.581085920333862305e-02
-2.550008594989776611e-01 3.688403367996215820e-01 -2.775872945785522461e-01
-1.781257688999176025e-01 3.113759160041809082e-01 -1.920128464698791504e-01
-1.172612607479095459e-01 6.591048836708068848e-02 -9.147777408361434937e-02
7.436214480549097061e-03 -1.113124075345695019e-03 6.639194674789905548e-03
6.059267744421958923e-02 -2.029652148485183716e-02 4.908322542905807495e-02
5.433426424860954285e-02 -1.885339431464672089e-02 1.985462941229343414e-02
2.155691012740135193e-02 1.261944416910409927e-02 -8.426779508590698242e-02
-3.026595152914524078e-02 4.088631644845008850e-02 -1.580854058265686035e-01
-7.559590041637420654e-02 9.729787707328796387e-02 -2.902257442474365234e-01
-9.987936913967132568e-02 -2.464891038835048676e-02 -3.026196956634521484e-01
5.119986832141876221e-02 -5.687821656465530396e-02 -1.539369821548461914e-01
6.523558497428894043e-02 -8.546797931194305420e-02 1.523047238588333130e-01
2.744933068752288818e-01 -9.592209756374359131e-02 3.636415898799896240e-01
4.357484877109527588e-01 -3.123203851282596588e-02 3.905036747455596924e-01
3.284160494804382324e-01 -1.950984746217727661e-01 3.405254483222961426e-01
3.470671176910400391e-01 -1.721073538064956665e-01 2.225483953952789307e-01
1.973268985748291016e-01 -2.111187577247619629e-01 2.395664304494857788e-01
3.080572187900543213e-01 -3.422100245952606201e-01 1.361260712146759033e-01
3.621627688407897949e-01 -2.868521809577941895e-01 1.469883881509304047e-02
2.122683525085449219e-01 -2.159049361944198608e-01 -1.144400089979171753e-01
2.337195910513401031e-03 1.490045785903930664e-01 -2.132416516542434692e-01
-2.792862951755523682e-01 3.849733769893646240e-01 -1.703075319528579712e-01
-2.060027420520782471e-01 3.682444989681243896e-01 -2.045957185328006744e-02
-9.722678922116756439e-03 2.728609442710876465e-01 -1.150791812688112259e-02
1.217330694198608398e-01 1.305399090051651001e-01 2.774100378155708313e-02
1.541168540716171265e-01 7.182762771844863892e-02 -1.715089008212089539e-02
7.300769444555044174e-03 -5.175794288516044617e-02 -1.697289496660232544e-01
-2.386144250631332397e-01 4.572527483105659485e-02 1.169379055500030518e-02
-4.964070022106170654e-02 -6.107422336935997009e-02 3.609653562307357788e-02
-5.146270990371704102e-02 -1.243633553385734558e-01 4.043602570891380310e-02
-1.148594617843627930e-01 -5.635884031653404236e-02 9.624667465686798096e-02
4.883220791816711426e-02 -4.358213394880294800e-02 1.307548433542251587e-01
5.607447400689125061e-02 -5.873628705739974976e-02 8.385958522558212280e-02
1.653325110673904419e-01 -1.583110243082046509e-01 1.251544207334518433e-01
8.947431296110153198e-02 -2.154434472322463989e-01 -4.584623128175735474e-02
-1.638604402542114258e-01 -1.678221672773361206e-01 -1.082478761672973633e-01
-1.849075555801391602e-01 -5.385555699467658997e-02 -1.504874881356954575e-02
-1.348434537649154663e-01 8.231645449995994568e-03 -1.409018933773040771e-01
1.046369504183530807e-02 1.510645449161529541e-01 -1.843291372060775757e-01
1.320523321628570557e-01 2.177849262952804565e-01 -2.213671356439590454e-01
9.425900876522064209e-02 1.483473479747772217e-01 -6.655614823102951050e-02
-5.027134716510772705e-02 -7.951350510120391846e-02 2.039929330348968506e-01
-9.685020893812179565e-02 2.609943784773349762e-02 2.445957511663436890e-01
-9.946789592504501343e-02 -1.148568093776702881e-01 2.829043865203857422e-01
-2.093727141618728638e-02 -1.614618897438049316e-01 1.795200705528259277e-01
6.037390232086181641e-02 -2.422087341547012329e-01 1.198308169841766357e-01
