3.532993048429489136e-02 -1.640917658805847168e-01 -8.828418329358100891e-03
5.058734118938446045e-02 -2.837349176406860352e-01 -1.555244922637939453e-01
-1.807949854992330074e-03 -2.397960871458053589e-01 -1.683185547590255737e-01
-6.685379892587661743e-02 -5.825468525290489197e-02 -6.938928365707397461e-02
-6.912834942340850830e-02 3.344859927892684937e-02 -5.924754962325096130e-02
-9.687537699937820435e-02 6.639533489942550659e-02 4.259179159998893738e-02
-8.345749974250793457e-02 4.139258340001106262e-02 -9.069048799574375153e-03
-4.407450556755065918e-02 1.422816514968872070e-01 9.055474773049354553e-03
-1.616200804710388184e-02 2.962160408496856689e-01 1.612678170204162598e-01
1.964070834219455719e-02 3.187661468982696533e-01 1.657662242650985718e-01
9.962688386440277100e-02 1.624707728624343872e-01 7.794874906539916992e-02
1.892775744199752808e-01 -1.083732582628726959e-03 4.384798556566238403e-02
2.207509577274322510e-01 -8.938321471214294434e-02 3.198279440402984619e-02
1.333661377429962158e-01 -8.922813087701797485e-02 1.304849237203598022e-01
4.593212530016899109e-02 -2.175735495984554291e-02 2.209840714931488037e-01
1.458427216857671738e-02 -1.051171310245990753e-02 1.907891035079956055e-01
7.906263321638107300e-02 2.780885994434356689e-02 1.329929381608963013e-01
8.195850253105163574e-02 6.716234982013702393e-02 1.075231060385704041e-01
-2.061870880424976349e-02 3.638076782226562500e-02 7.277117669582366943e-02
-8.688342571258544922e-02 7.680539786815643311e-02 8.651115745306015015e-02
-6.157696247100830078e-02 1.176676452159881592e-01 4.536627605557441711e-02
-1.848771795630455017e-02 1.155012696981430054e-01 -6.218969076871871948e-02
8.412833511829376221e-02 4.408217594027519226e-02 -1.547918766736984253e-01
1.215001717209815979e-01 -8.484259992837905884e-02 -1.667000949382781982e-01
6.173118948936462402e-02 -1.704653501510620117e-01 -9.830565005540847778e-02
3.590362146496772766e-02 -1.652669161558151245e-01 -3.489159280434250832e-03
3.819165518507361412e-03 -1.447342187166213989e-01 1.745311915874481201e-01
6.759566813707351685e-02 -1.082617267966270447e-01 2.541981935501098633e-01
1.725100278854370117e-01 -1.038204357028007507e-01 3.842376917600631714e-02
1.581788957118988037e-01 -5.653784424066543579e-02 5.633971840143203735e-02
1.063096672296524048e-01 1.288976371288299561e-01 1.917176693677902222e-01
-5.627845227718353271e-02 2.751924656331539154e-02 2.508839964866638184e-01
-1.929825395345687866e-01 -2.354948669672012329e-01 1.365860402584075928e-01
-2.223811596632003784e-01 -4.586762189865112305e-01 -3.252805471420288086e-01
-2.257607877254486084e-01 -4.728835225105285645e-01 -4.088634848594665527e-01
-2.097974568605422974e-01 -2.319709509611129761e-01 -2.421079725027084351e-01
-1.911804527044296265e-01 -7.626279443502426147e-02 8.796311169862747192e-02
-3.850803896784782410e-02 -1.158545464277267456e-01 3.036654293537139893e-01
1.406717896461486816e-01 -1.651338636875152588e-01 2.684844136238098145e-01
2.792866528034210205e-01 -4.867187887430191040e-02 -4.731243848800659180e-02
3.215776383876800537e-01 4.474261105060577393e-01 -3.652604818344116211e-01
3.395558893680572510e-01 5.674353241920471191e-01 -4.711554646492004395e-01
1.719827651977539062e-01 5.335431694984436035e-01 -3.519349098205566406e-01
8.218909613788127899e-03 4.342269003391265869e-01 -2.898904308676719666e-02
-1.125243753194808960e-01 8.434301614761352539e-02 9.757451713085174561e-02
-2.288760244846343994e-01 1.679477281868457794e-02 5.173237249255180359e-02
-1.398934274911880493e-01 -2.088266760110855103e-01 1.241496801376342773e-01
-2.830817997455596924e-01 -2.482586801052093506e-01 1.071886643767356873e-01
-3.491498231887817383e-01 -1.009967178106307983e-02 1.617154926061630249e-01
-3.287712335586547852e-01 2.261728495359420776e-01 1.985047757625579834e-01
-2.687371969223022461e-01 3.931310772895812988e-01 1.775391101837158203e-01
-8.056346327066421509e-02 2.648682296276092529e-01 2.328464686870574951e-01
-3.089709905907511711e-03 1.229584068059921265e-01 2.114512771368026733e-01
6.089015677571296692e-02 -3.801228245720267296e-03 1.012090966105461121e-01
1.101223975419998169e-01 -1.059613600373268127e-01 4.366787523031234741e-02
1.211624443531036377e-01 -1.866394281387329102e-01 1.966142281889915466e-02
1.344157904386520386e-01 -2.361361235380172729e-01 4.992655664682388306e-02
9.733482450246810913e-02 -2.503500282764434814e-01 8.809698373079299927e-02
8.046682924032211304e-02 -2.447977662086486816e-01 1.025087684392929077e-01
6.503105163574218750e-02 -1.732500940561294556e-01 1.627431660890579224e-01
1.138838566839694977e-02 -7.862467318773269653e-02 1.905994266271591187e-01
1.832904294133186340e-02 2.473635040223598480e-02 1.854511499404907227e-01
-2.781317383050918579e-02 1.091551557183265686e-01 4.754208400845527649e-02
-6.977070868015289307e-02 1.100075393915176392e-01 -1.079850122332572937e-01
-9.087625890970230103e-02 3.808243200182914734e-02 -1.689087599515914917e-01
-3.941363468766212463e-02 1.795441471040248871e-02 -1.786925047636032104e-01
-8.273401297628879547e-03 -1.602939330041408539e-02 -1.066098362207412720e-01
-2.363458648324012756e-02 -6.663239002227783203e-02 6.005590781569480896e-03
5.872696265578269958e-02 -1.608287096023559570e-01 1.111406236886978149e-01
9.232641011476516724e-02 -1.786041110754013062e-01 1.744193881750106812e-01
1.212092414498329163e-01 -1.627935171127319336e-01 7.569882273674011230e-02
1.443653702735900879e-01 -7.006084918975830078e-02 -1.258202642202377319e-01
1.636480540037155151e-01 1.090789735317230225e-01 -2.440996915102005005e-01
1.997271627187728882e-01 2.114876955747604370e-01 -2.649458646774291992e-01
1.957020908594131470e-01 4.358752816915512085e-02 -1.194323152303695679e-01
3.475727885961532593e-02 -1.229941658675670624e-02 -4.778089933097362518e-03
-1.708296388387680054e-01 9.899046272039413452e-04 -3.851419314742088318e-02
-2.124108523130416870e-01 2.934594079852104187e-02 -3.905348852276802063e-02
-1.712223440408706665e-01 1.928254216909408569e-01 -1.276109963655471802e-01
-9.655293077230453491e-02 -8.194863796234130859e-02 -1.561530828475952148e-01
-6.244097650051116943e-02 -2.109569907188415527e-01 -1.366367042064666748e-01
-3.400806710124015808e-02 -6.171529367566108704e-02 -1.544104963541030884e-01
2.755681239068508148e-02 4.027926549315452576e-02 6.977624446153640747e-02
2.335608899593353271e-01 1.682542115449905396e-01 1.861991174519062042e-02
4.437768757343292236e-01 1.785335689783096313e-01 -1.390631198883056641e-01
3.113051950931549072e-01 2.118757218122482300e-01 -1.239601150155067444e-01
5.646719411015510559e-02 -9.443658590316772461e-02 -2.269934164360165596e-03
-1.822984218597412109e-01 -3.564925789833068848e-01 2.968722879886627197e-01
-3.093758523464202881e-01 -4.695382118225097656e-01 3.459747433662414551e-01
-7.020430266857147217e-02 -4.283128082752227783e-01 2.577347159385681152e-01
-1.198875997215509415e-02 7.884839922189712524e-02 1.751619875431060791e-01
-6.016481667757034302e-02 2.336924374103546143e-01 1.034445986151695251e-01
9.132679551839828491e-02 -6.456253677606582642e-02 1.121626272797584534e-01
-8.565224707126617432e-03 -2.933852970600128174e-01 -7.395857664960203692e-06
1.883739531040191650e-01 -1.725060343742370605e-01 -2.029970139265060425e-01
2.585495114326477051e-01 3.875901997089385986e-01 -4.965785741806030273e-01
1.993853300809860229e-01 6.123936772346496582e-01 -4.078651666641235352e-01
2.430292367935180664e-01 5.965048670768737793e-01 -2.104674875736236572e-01
5.674956738948822021e-02 3.521907627582550049e-01 1.551791131496429443e-01
-4.069124907255172729e-02 4.818909987807273865e-02 3.081328570842742920e-01
-1.153127476572990417e-01 -3.310186415910720825e-02 9.381236135959625244e-02
-1.797919124364852905e-01 -5.038791522383689880e-02 7.525952905416488647e-02
-1.307320147752761841e-01 -9.339010715484619141e-02 3.804633021354675293e-02
-9.673001617193222046e-02 -1.229364797472953796e-01 6.487704813480377197e-02
-7.231962680816650391e-02 -4.741475358605384827e-02 3.533302992582321167e-02
-5.361719056963920593e-02 -1.435465645045042038e-02 -5.334248021245002747e-02
5.258131399750709534e-02 2.566688880324363708e-02 -2.370163612067699432e-02
1.587648242712020874e-01 7.012641429901123047e-02 2.855649404227733612e-02
1.954486966133117676e-01 1.086966842412948608e-01 -1.118568796664476395e-02
2.099014222621917725e-01 1.644505262374877930e-01 -9.645604342222213745e-02
1.339673250913619995e-01 2.359969466924667358e-01 -9.575818479061126709e-02
3.964776918292045593e-02 3.277342617511749268e-01 1.005557999014854431e-01
2.048908472061157227e-01 3.526014685630798340e-01 1.389112621545791626e-01
4.491552412509918213e-01 6.952229887247085571e-02 1.152804419398307800e-01
4.867311716079711914e-01 -4.446335434913635254e-01 -8.796484023332595825e-02
2.554595172405242920e-01 -5.458232760429382324e-01 -2.114937901496887207e-01
-1.158614903688430786e-01 -1.727844923734664917e-01 2.659297920763492584e-02
-3.499332368373870850e-01 3.065716326236724854e-01 1.283636689186096191e-01
-2.334390878677368164e-01 4.821468591690063477e-01 2.170311212539672852e-01
-7.984690368175506592e-02 1.778958439826965332e-01 1.132103726267814636e-01
-1.751163415610790253e-02 -1.813786774873733521e-01 -9.059684723615646362e-02
8.997928351163864136e-02 -1.163643822073936462e-01 -1.417664885520935059e-01
5.879531055688858032e-02 -9.668099880218505859e-02 -2.074447870254516602e-01
9.793774783611297607e-02 -1.039561778306961060e-01 -2.648317813873291016e-01
1.950080506503582001e-02 -1.632922589778900146e-01 -3.408136367797851562e-01
-5.771162360906600952e-02 -1.925514191389083862e-01 -3.887761235237121582e-01
-1.007662042975425720e-01 -1.715578585863113403e-01 -3.533840477466583252e-01
-2.101968526840209961e-01 -1.904627531766891479e-01 -3.326415717601776123e-01
-2.395887672901153564e-01 -1.856390833854675293e-01 -2.846230268478393555e-01
-2.760938107967376709e-01 -1.904409676790237427e-01 -1.863449066877365112e-01
-2.689122557640075684e-01 -2.359647601842880249e-01 5.057610198855400085e-02
-3.220247030258178711e-01 -1.374178975820541382e-01 4.000788182020187378e-02
-3.657431602478027344e-01 1.037795469164848328e-02 -2.836244367063045502e-02
-3.760404884815216064e-01 1.025608703494071960e-01 -1.392872780561447144e-01
-3.127086460590362549e-01 1.577266603708267212e-01 -1.706378012895584106e-01
-1.180382221937179565e-01 5.351496860384941101e-02 3.988839685916900635e-02
-2.011715807020664215e-02 -4.403034970164299011e-02 -1.303978264331817627e-02
2.550238976255059242e-03 -1.379205472767353058e-02 -1.919073984026908875e-02
3.252277150750160217e-03 4.281496629118919373e-02 -7.820663042366504669e-03
-1.453522965312004089e-02 1.275358349084854126e-01 2.118176221847534180e-02
-5.951531976461410522e-02 2.107552587985992432e-01 4.691875353455543518e-02
-8.419072628021240234e-02 2.545948624610900879e-01 -3.662814572453498840e-02
-8.496116846799850464e-02 2.486443519592285156e-01 -1.073057875037193298e-01
-2.343713678419589996e-02 1.574578136205673218e-01 -9.257441759109497070e-02
6.478174775838851929e-02 -4.245059937238693237e-02 7.167740911245346069e-02
2.411793023347854614e-01 -2.859409153461456299e-01 1.365318745374679565e-01
1.172419711947441101e-01 -2.880396544933319092e-01 2.285079360008239746e-01
6.107978895306587219e-02 -2.357622832059860229e-01 1.653065383434295654e-01
5.287347361445426941e-02 -1.991031616926193237e-01 1.864737719297409058e-01
1.652298420667648315e-01 -1.698777526617050171e-01 2.508650422096252441e-01
3.443927168846130371e-01 -2.715916633605957031e-01 1.633883863687515259e-01
2.572242319583892822e-01 -2.990673184394836426e-01 4.251391813158988953e-02
6.582920253276824951e-02 -2.329097837209701538e-01 6.715559959411621094e-02
1.733966171741485596e-01 -1.064014807343482971e-01 1.486049443483352661e-01
2.129395753145217896e-01 1.341808289289474487e-01 2.050473392009735107e-01
1.752750426530838013e-01 3.139818608760833740e-01 1.246229335665702820e-01
1.897790133953094482e-01 3.354991674423217773e-01 -1.522592455148696899e-01
4.329861700534820557e-02 2.425347715616226196e-01 -1.636405736207962036e-01
5.431702733039855957e-02 5.127422139048576355e-02 -1.822992116212844849e-01
-1.505844444036483765e-01 -7.554021477699279785e-02 -7.058697938919067383e-02
-1.442161798477172852e-01 -1.850366219878196716e-02 2.087555080652236938e-02
-5.181307345628738403e-02 9.718198329210281372e-02 1.008334830403327942e-01
-1.084752082824707031e-01 1.844784766435623169e-01 1.373801380395889282e-01
-1.504079699516296387e-01 1.910785287618637085e-01 9.574718028306961060e-02
-2.027792632579803467e-01 -1.682832837104797363e-02 4.197268560528755188e-02
-1.119747161865234375e-01 6.192152574658393860e-02 -7.119240611791610718e-02
1.244325097650289536e-02 4.157376289367675781e-02 -9.697749465703964233e-02
-1.003761664032936096e-01 1.038095578551292419e-01 -1.219403296709060669e-01
-1.101037710905075073e-01 -1.087369844317436218e-01 -7.646926492452621460e-02
6.860524415969848633e-02 -2.816381156444549561e-01 -1.156392879784107208e-02
8.938328176736831665e-02 -2.167941480875015259e-01 2.816092781722545624e-02
-3.226673975586891174e-02 -1.515071094036102295e-01 4.250485822558403015e-02
-6.428696215152740479e-02 1.014701873064041138e-01 -1.079250685870647430e-02
-7.990495115518569946e-02 1.156717166304588318e-01 -1.385194212198257446e-01
-5.346089601516723633e-02 1.616320163011550903e-01 -1.084882020950317383e-01
3.349730372428894043e-02 3.903833404183387756e-02 -1.029826030135154724e-01
6.913463026285171509e-02 -1.568597108125686646e-01 2.961946837604045868e-02
1.059570461511611938e-01 -2.367359697818756104e-01 1.855584681034088135e-01
1.583818197250366211e-01 -2.655803561210632324e-01 1.353029906749725342e-01
9.021789580583572388e-02 -1.529925912618637085e-01 1.823132485151290894e-01
1.856071874499320984e-02 -5.101495236158370972e-02 4.734529927372932434e-02
