1.049262061715126038e-01 -1.919153146445751190e-02 -1.039322186261415482e-02
1.206465810537338257e-01 -4.028900340199470520e-02 2.498949505388736725e-02
1.225348934531211853e-01 -4.053118079900741577e-02 5.486738309264183044e-02
4.581714048981666565e-02 -4.417699575424194336e-02 9.978686273097991943e-02
1.873152703046798706e-02 -3.635755181312561035e-02 8.552184700965881348e-02
2.079946920275688171e-02 2.575564198195934296e-02 9.502760320901870728e-02
-5.357069894671440125e-02 7.007595896720886230e-02 8.789489418268203735e-02
-7.166568934917449951e-02 1.037184000015258789e-01 5.674838647246360779e-02
-1.080216020345687866e-01 8.819410949945449829e-02 -1.391530968248844147e-02
-1.417026072740554810e-01 6.061479449272155762e-02 -1.220433935523033142e-01
-1.412310451269149780e-01 8.390087634325027466e-02 -1.680468618869781494e-01
-1.805758327245712280e-01 7.789752632379531860e-02 -1.276690810918807983e-01
-1.514689326286315918e-01 6.625007838010787964e-03 2.059082873165607452e-02
-2.201925963163375854e-02 -8.925177156925201416e-02 1.180558651685714722e-01
7.417082786560058594e-02 -1.122293472290039062e-01 8.869017660617828369e-02
1.169377639889717102e-01 -5.679881200194358826e-02 4.473947454243898392e-03
1.241663694381713867e-01 -1.175489183515310287e-02 -3.122064284980297089e-02
1.187512949109077454e-01 -1.946757175028324127e-02 4.243023693561553955e-02
1.355505436658859253e-01 -3.028420917689800262e-02 7.447469979524612427e-02
1.655101776123046875e-01 -1.039799023419618607e-02 -1.262050680816173553e-02
1.229143068194389343e-01 2.922376617789268494e-02 -1.732677668333053589e-01
2.927350439131259918e-02 1.623869687318801880e-02 -2.632203400135040283e-01
-6.443136930465698242e-02 -7.790947705507278442e-02 -1.885863989591598511e-01
-1.308009028434753418e-01 -1.241452619433403015e-01 -3.686050418764352798e-03
-1.331133395433425903e-01 -1.179607212543487549e-01 2.295663207769393921e-01
-1.071301549673080444e-01 -3.020734060555696487e-03 3.438730835914611816e-01
2.702046185731887817e-02 1.799817532300949097e-01 3.287787735462188721e-01
1.528002172708511353e-01 2.352841943502426147e-01 2.818923592567443848e-01
2.210830152034759521e-01 1.876110434532165527e-01 1.926201730966567993e-01
1.503778547048568726e-01 -1.420936137437820435e-01 -4.147352301515638828e-04
-9.345109760761260986e-02 -3.997228145599365234e-01 -1.810356378555297852e-01
-4.219749569892883301e-02 -4.152497053146362305e-01 -3.386299014091491699e-01
1.029039248824119568e-01 -2.268385738134384155e-01 -2.312958240509033203e-01
1.919250339269638062e-01 1.698156744241714478e-01 8.811889588832855225e-02
1.249290332198143005e-01 2.271238714456558228e-01 1.713799089193344116e-01
-2.212203741073608398e-01 5.830910056829452515e-02 -1.710193319013342261e-04
-4.087357223033905029e-01 -3.213134780526161194e-02 -3.092147707939147949e-01
-2.878912687301635742e-01 2.250422537326812744e-02 -4.582346379756927490e-01
1.765735000371932983e-01 4.103087186813354492e-01 -2.628407478332519531e-01
4.919161200523376465e-01 5.325263738632202148e-01 -1.707192324101924896e-02
5.180458426475524902e-01 4.616736769676208496e-01 1.949442028999328613e-01
2.523912489414215088e-01 1.295969337224960327e-01 3.424582183361053467e-01
-1.970687210559844971e-01 -4.006097614765167236e-01 2.453776597976684570e-01
-3.338104486465454102e-01 -5.271082520484924316e-01 1.299737840890884399e-01
-4.195900857448577881e-01 -3.801925778388977051e-01 -1.725256256759166718e-02
-3.625469207763671875e-01 -1.670658588409423828e-01 -3.497622907161712646e-02
-2.213837355375289917e-01 2.853097207844257355e-02 6.786633282899856567e-02
-2.604315243661403656e-02 1.227608621120452881e-01 2.429786324501037598e-01
2.586983740329742432e-01 1.501397639513015747e-01 2.385495007038116455e-01
1.652769148349761963e-01 1.868721097707748413e-01 4.576908424496650696e-02
-2.836971543729305267e-02 1.103048771619796753e-01 -1.605169624090194702e-01
-1.261425912380218506e-01 -1.705257780849933624e-02 -2.929001152515411377e-01
-1.434765309095382690e-01 -7.647985219955444336e-02 -2.925736308097839355e-01
-2.727653644979000092e-02 -9.823213517665863037e-02 -2.548700571060180664e-01
-4.276054352521896362e-02 -7.530482858419418335e-02 -1.911362260580062866e-01
-6.639635562896728516e-02 -8.031336963176727295e-02 -6.474414467811584473e-02
-4.542389139533042908e-02 -7.393282651901245117e-02 2.509236522018909454e-02
-2.834848873317241669e-02 -4.184556379914283752e-02 8.773532509803771973e-02
1.962621323764324188e-02 -1.596065424382686615e-02 1.107441633939743042e-01
5.697371065616607666e-02 4.993443191051483154e-02 1.161233186721801758e-01
1.712237596511840820e-01 9.751882404088973999e-02 1.135538965463638306e-01
2.863005995750427246e-01 9.554499387741088867e-02 3.224681690335273743e-02
2.958465218544006348e-01 5.012524127960205078e-02 -6.702348589897155762e-02
1.979510188102722168e-01 2.280584722757339478e-02 -1.305905431509017944e-01
-1.097241137176752090e-02 1.096325740218162537e-02 -1.053512394428253174e-01
-1.937194913625717163e-01 -2.296433970332145691e-02 -2.779286727309226990e-02
-3.073642551898956299e-01 -5.813765525817871094e-02 7.594916503876447678e-03
-3.040347695350646973e-01 -9.269929677248001099e-02 3.641409426927566528e-02
-1.890004724264144897e-01 1.869537751190364361e-03 2.824690565466880798e-02
4.185520857572555542e-02 1.827050149440765381e-01 -8.331056451424956322e-04
2.313403785228729248e-01 2.869714796543121338e-01 -7.253191620111465454e-02
2.338845133781433105e-01 2.909519076347351074e-01 -1.999403834342956543e-01
1.199341639876365662e-01 8.062131702899932861e-02 -1.858408451080322266e-01
5.815895274281501770e-02 -2.234622240066528320e-01 -1.898723840713500977e-02
1.665200293064117432e-01 -3.011329770088195801e-01 2.364637106657028198e-01
1.996947526931762695e-01 -2.107019573450088501e-01 3.370208740234375000e-01
2.019993960857391357e-01 8.074180036783218384e-02 2.785883843898773193e-01
1.602056808769702911e-02 1.751735359430313110e-01 8.112400025129318237e-02
-1.508127152919769287e-01 4.684252291917800903e-02 -1.073835864663124084e-01
-9.435243904590606689e-02 -1.167776528745889664e-02 -1.205507293343544006e-01
-1.465122550725936890e-01 -9.547409415245056152e-02 -9.591411799192428589e-02
-1.034837961196899414e-01 7.519537210464477539e-02 -4.457036033272743225e-03
-1.297158002853393555e-01 2.522400915622711182e-01 -8.988293260335922241e-02
-5.810645967721939087e-02 2.373897433280944824e-01 -7.914307527244091034e-03
5.612855032086372375e-02 1.862573251128196716e-02 1.461152583360671997e-01
-1.071477681398391724e-01 -4.380950033664703369e-01 1.532155424356460571e-01
-2.135955095291137695e-01 -6.126279234886169434e-01 1.368811130523681641e-01
-3.088075816631317139e-01 -4.918447136878967285e-01 -1.044557541608810425e-01
-7.722856849431991577e-02 1.585549116134643555e-02 -1.245880573987960815e-01
2.846266925334930420e-01 4.045001864433288574e-01 5.748478695750236511e-02
2.733688354492187500e-01 4.022931456565856934e-01 7.885377854108810425e-02
1.379284113645553589e-01 1.105957999825477600e-01 1.603559404611587524e-02
-1.072923913598060608e-01 -4.448987543582916260e-02 -3.624671995639801025e-01
1.363389939069747925e-01 1.956520378589630127e-01 -4.555755555629730225e-01
4.755902588367462158e-01 3.622432351112365723e-01 -2.018697112798690796e-01
4.346753656864166260e-01 4.491217434406280518e-01 1.032370254397392273e-01
1.544552668929100037e-02 2.889718413352966309e-01 3.739300966262817383e-01
-4.986841082572937012e-01 -1.643445342779159546e-01 2.195833325386047363e-01
-5.088128447532653809e-01 -3.242935240268707275e-01 3.538758680224418640e-02
-2.876013815402984619e-01 -3.650935292243957520e-01 -6.311947852373123169e-02
3.518027439713478088e-02 -2.630901038646697998e-01 -6.283427029848098755e-02
1.130778342485427856e-01 -1.429596841335296631e-01 4.727877676486968994e-02
3.248439356684684753e-02 -7.009311020374298096e-02 7.047843933105468750e-02
7.336842268705368042e-02 -3.953265259042382240e-04 -3.690509498119354248e-02
6.354733556509017944e-02 4.551674798130989075e-02 -1.030046418309211731e-01
4.029979556798934937e-02 6.774964928627014160e-02 -1.194289326667785645e-01
3.619251772761344910e-02 6.009951978921890259e-02 -7.067946344614028931e-02
9.203507751226425171e-02 9.806784242391586304e-02 2.012948878109455109e-02
1.908355653285980225e-01 9.471913427114486694e-02 1.053040772676467896e-01
1.254960149526596069e-01 6.030249223113059998e-02 1.786532253026962280e-01
-7.444921880960464478e-02 8.588335663080215454e-02 1.444875597953796387e-01
-2.865885794162750244e-01 7.402770221233367920e-02 -3.148356452584266663e-02
-3.691768050193786621e-01 -5.649278685450553894e-02 -2.900532484054565430e-01
-2.073949426412582397e-01 -1.776805222034454346e-01 -3.428901433944702148e-01
1.930063776671886444e-02 -2.983301877975463867e-01 -1.403858214616775513e-01
2.290236800909042358e-01 -2.059144079685211182e-01 1.706856489181518555e-01
2.668924629688262939e-01 1.935290358960628510e-02 2.837618291378021240e-01
1.833897978067398071e-01 3.918719664216041565e-02 1.783336549997329712e-01
8.984974026679992676e-02 4.989348351955413818e-02 -4.381358623504638672e-03
-3.097601793706417084e-02 3.956061229109764099e-02 -1.422941088676452637e-01
5.019132979214191437e-03 4.122602567076683044e-02 -1.506069749593734741e-01
5.705218017101287842e-02 1.117203384637832642e-01 -1.482283174991607666e-01
7.652894407510757446e-02 5.948552116751670837e-02 -1.741547137498855591e-01
1.380729973316192627e-01 -2.234660461544990540e-02 -9.769758582115173340e-02
1.159907951951026917e-01 -4.704821854829788208e-02 1.467961724847555161e-02
1.228014007210731506e-01 -9.528180956840515137e-02 1.601017266511917114e-01
5.183866247534751892e-02 -1.029403209686279297e-01 2.024612128734588623e-01
-1.188212819397449493e-02 -1.478487402200698853e-01 1.960220932960510254e-01
-1.239989176392555237e-01 -1.532414108514785767e-01 2.178929299116134644e-01
-2.012270539999008179e-01 -4.694977402687072754e-02 1.750923246145248413e-01
-1.326941251754760742e-01 1.203451007604598999e-01 1.548948138952255249e-01
3.447155654430389404e-02 2.374884635210037231e-01 7.158854603767395020e-02
2.029683738946914673e-01 2.485299855470657349e-01 -3.999210894107818604e-02
3.632139042019844055e-02 1.298858821392059326e-01 -8.362507820129394531e-02
-1.389714181423187256e-01 -9.199943160638213158e-04 -1.689112782478332520e-01
-2.085655480623245239e-01 -2.794511429965496063e-02 -1.441521048545837402e-01
-1.332707107067108154e-01 5.723406095057725906e-03 -6.541808694601058960e-02
4.690147191286087036e-02 6.556971371173858643e-02 2.218940854072570801e-02
6.228699535131454468e-02 6.983011215925216675e-02 1.009835973381996155e-01
9.175266325473785400e-02 2.856661006808280945e-02 4.454248026013374329e-02
1.319608390331268311e-01 -1.012072805315256119e-02 -3.682466968894004822e-02
9.094010293483734131e-02 -3.426354750990867615e-02 -9.566465765237808228e-02
-1.019483879208564758e-01 -7.644747197628021240e-02 -1.151749268174171448e-01
-3.200466632843017578e-01 -7.203022390604019165e-02 -9.360850602388381958e-02
-3.553653359413146973e-01 -5.167326703667640686e-02 6.393332034349441528e-02
-1.994674205780029297e-01 -9.201571345329284668e-03 1.527394652366638184e-01
2.995052840560674667e-03 4.024500399827957153e-02 2.036544978618621826e-01
-4.296324681490659714e-03 1.301451772451400757e-02 9.935913980007171631e-02
-1.324959844350814819e-01 1.992193795740604401e-02 -1.383021622896194458e-01
-1.191745251417160034e-01 -4.650584608316421509e-02 -2.038762718439102173e-01
5.855357646942138672e-02 -1.803293824195861816e-01 -1.930963248014450073e-01
1.988246291875839233e-01 -1.486556380987167358e-01 -1.052790060639381409e-01
2.037405818700790405e-01 -3.947503119707107544e-02 -3.512929007411003113e-02
1.615472286939620972e-01 1.922504305839538574e-01 4.346920177340507507e-02
2.047917246818542480e-01 3.725025951862335205e-01 3.146130964159965515e-02
2.658663094043731689e-01 2.499405741691589355e-01 4.702071100473403931e-02
1.741331517696380615e-01 6.902829557657241821e-02 -1.315014436841011047e-02
2.719622850418090820e-02 -2.329884022474288940e-01 -6.301240622997283936e-02
-8.146471530199050903e-02 -3.552176058292388916e-01 -4.952177405357360840e-03
-1.035037934780120850e-01 -2.035595178604125977e-01 5.548852682113647461e-02
-2.382422611117362976e-02 -1.037130802869796753e-01 1.629132032394409180e-01
2.732230722904205322e-02 2.546675689518451691e-02 1.522853672504425049e-01
-1.094373501837253571e-02 4.037825018167495728e-02 9.606163203716278076e-02
-2.402160130441188812e-02 1.081266626715660095e-01 -2.487616240978240967e-02
-7.898893207311630249e-02 2.581260502338409424e-01 -1.257097125053405762e-01
3.927507251501083374e-02 2.265706211328506470e-01 -7.801501452922821045e-02
1.097217947244644165e-01 1.617206446826457977e-02 -3.656924143433570862e-02
-7.128482311964035034e-02 -1.750932037830352783e-01 -4.800401628017425537e-02
-2.041854113340377808e-01 -1.700781136751174927e-01 -4.700658097863197327e-02
-2.314108759164810181e-01 -9.529732167720794678e-02 -2.026771567761898041e-02
-1.096120476722717285e-02 7.201348245143890381e-02 8.335947245359420776e-02
2.347438186407089233e-01 9.190434217453002930e-02 7.847942411899566650e-02
2.674623727798461914e-01 6.581662595272064209e-02 1.006487291306257248e-02
1.408822834491729736e-01 4.762944951653480530e-02 -1.473178565502166748e-01
-2.655772678554058075e-02 -1.283345222473144531e-01 -1.517079919576644897e-01
-2.425161451101303101e-01 -1.322382986545562744e-01 8.082519285380840302e-03
-3.329167068004608154e-01 -3.824758157134056091e-02 6.433797627687454224e-02
-2.436152994632720947e-01 9.452753514051437378e-02 2.196339815855026245e-01
-5.460062250494956970e-02 1.908261328935623169e-01 1.513812690973281860e-01
1.177221387624740601e-01 1.400736570358276367e-01 4.755088314414024353e-02
1.437927633523941040e-01 5.284039303660392761e-02 5.206855479627847672e-03
