-3.652958869934082031e-01 -5.601082444190979004e-01 3.231882452964782715e-01
-3.559353649616241455e-01 -5.056703090667724609e-01 3.493585288524627686e-01
-3.107500076293945312e-01 -4.899823665618896484e-01 3.822082877159118652e-01
-2.733281850814819336e-01 -4.322349429130554199e-01 3.267149329185485840e-01
-2.460060268640518188e-01 -4.753322303295135498e-01 3.251651823520660400e-01
-2.618109285831451416e-01 -5.265633463859558105e-01 3.492884039878845215e-01
-2.306422144174575806e-01 -4.934992790222167969e-01 3.693762421607971191e-01
-2.663452625274658203e-01 -5.236903429031372070e-01 3.737801313400268555e-01
-2.510121464729309082e-01 -5.401487946510314941e-01 3.771784901618957520e-01
-2.466297000646591187e-01 -5.147167444229125977e-01 3.824467957019805908e-01
-2.647407054901123047e-01 -5.512225627899169922e-01 3.826530873775482178e-01
-2.269049584865570068e-01 -5.270410776138305664e-01 3.747501075267791748e-01
-2.953094840049743652e-01 -5.064851641654968262e-01 3.823168277740478516e-01
-3.329694569110870361e-01 -4.559212923049926758e-01 3.840429484844207764e-01
-3.663473427295684814e-01 -4.889859855175018311e-01 3.705056905746459961e-01
-3.713126480579376221e-01 -5.064251422882080078e-01 3.689636290073394775e-01
-3.479953110218048096e-01 -4.883486032485961914e-01 3.652099967002868652e-01
-3.848797380924224854e-01 -4.821217954158782959e-01 3.682416677474975586e-01
-3.845954537391662598e-01 -4.942245483398437500e-01 3.632664084434509277e-01
-3.309881985187530518e-01 -4.845166802406311035e-01 3.614324331283569336e-01
-3.323672711849212646e-01 -5.241360068321228027e-01 3.571116030216217041e-01
-3.229093849658966064e-01 -5.261474847793579102e-01 3.398643434047698975e-01
-2.962051331996917725e-01 -5.082445740699768066e-01 3.257827758789062500e-01
-2.964795827865600586e-01 -5.244154930114746094e-01 3.143501281738281250e-01
-3.208351433277130127e-01 -4.970361888408660889e-01 3.264601826667785645e-01
-2.685836851596832275e-01 -4.784376621246337891e-01 3.323040008544921875e-01
-2.463613003492355347e-01 -5.090097784996032715e-01 3.300099074840545654e-01
-2.583598196506500244e-01 -4.680020511150360107e-01 3.409008681774139404e-01
-2.315209805965423584e-01 -3.641624450683593750e-01 3.937063813209533691e-01
-2.475416958332061768e-01 -2.824046313762664795e-01 4.026027023792266846e-01
-2.504819035530090332e-01 -1.285739839076995850e-01 3.223353326320648193e-01
-1.988983005285263062e-01 -9.775271266698837280e-02 2.217587977647781372e-01
-2.474666386842727661e-01 -1.624943464994430542e-01 2.471186667680740356e-01
-3.857523202896118164e-01 -2.908600270748138428e-01 2.144149988889694214e-01
-1.458883434534072876e-01 -1.892254799604415894e-01 9.493022412061691284e-02
2.465286292135715485e-02 -5.889797955751419067e-02 -3.550992161035537720e-02
9.996518492698669434e-02 -1.493064165115356445e-01 -2.712674140930175781e-01
1.750736981630325317e-01 -1.885989457368850708e-01 -3.656983077526092529e-01
-2.011658400297164917e-01 -2.874883115291595459e-01 -1.123680323362350464e-01
-2.405670583248138428e-01 -1.936057358980178833e-01 4.327398724853992462e-03
-2.350262403488159180e-01 -1.333083659410476685e-01 5.259023234248161316e-02
-5.160731449723243713e-02 7.183743268251419067e-02 -3.345130383968353271e-01
6.735783070325851440e-03 1.227213162928819656e-02 -3.998112082481384277e-01
-8.098256587982177734e-02 3.501730388961732388e-04 -4.053891301155090332e-01
-1.818923838436603546e-02 -1.433550864458084106e-01 -5.798729658126831055e-01
-7.536188513040542603e-02 -1.517992019653320312e-01 -6.317367553710937500e-01
-1.319849044084548950e-01 -1.827181875705718994e-01 -5.905900001525878906e-01
-1.948149502277374268e-02 -1.914703398942947388e-01 -5.574927330017089844e-01
2.612811625003814697e-01 -2.896618843078613281e-01 -1.632753908634185791e-01
4.664706885814666748e-01 -4.025922119617462158e-01 -1.615999452769756317e-02
5.569492578506469727e-01 -3.958156406879425049e-01 1.432651001960039139e-02
6.061898469924926758e-01 -3.747757375240325928e-01 6.796605157433077693e-05
5.828133821487426758e-01 -4.093365073204040527e-01 -4.044113680720329285e-02
5.773835778236389160e-01 -4.121440649032592773e-01 -3.429047018289566040e-02
5.734919905662536621e-01 -4.057984948158264160e-01 -4.726726934313774109e-02
5.562421083450317383e-01 -3.548945486545562744e-01 -3.267197310924530029e-02
5.458652973175048828e-01 -3.414008915424346924e-01 -2.191510424017906189e-02
5.196943283081054688e-01 -3.519836366176605225e-01 2.465877914801239967e-03
5.007852315902709961e-01 -3.086921870708465576e-01 1.243078056722879410e-02
5.016343593597412109e-01 -2.898689508438110352e-01 2.971093915402889252e-02
4.760925471782684326e-01 -2.995871603488922119e-01 4.087076708674430847e-02
4.267414808273315430e-01 -3.131161034107208252e-01 2.386256307363510132e-02
4.035449922084808350e-01 -3.315859138965606689e-01 1.353740692138671875e-02
3.716308176517486572e-01 -3.401509225368499756e-01 1.536201499402523041e-02
3.828381299972534180e-01 -3.882219195365905762e-01 -8.079744875431060791e-03
3.701463937759399414e-01 -4.059688150882720947e-01 -4.070383962243795395e-03
3.838297128677368164e-01 -4.237397611141204834e-01 9.977018460631370544e-03
4.181630909442901611e-01 -3.538906872272491455e-01 2.942541427910327911e-02
4.514235854148864746e-01 -3.710551261901855469e-01 6.328476965427398682e-02
3.971389830112457275e-01 -3.834155499935150146e-01 1.451041698455810547e-01
3.843570053577423096e-01 -2.867050766944885254e-01 1.900492608547210693e-01
3.488867878913879395e-01 -3.388286530971527100e-01 1.162256896495819092e-01
4.177052378654479980e-01 -2.991904020309448242e-01 1.393912434577941895e-01
3.956353366374969482e-01 -2.214831411838531494e-01 1.752020865678787231e-01
3.700523972511291504e-01 -1.242823228240013123e-01 2.485359013080596924e-01
3.379066288471221924e-01 -1.155777052044868469e-01 3.199762105941772461e-01
1.672542542219161987e-01 -8.485121279954910278e-02 3.988087475299835205e-01
-1.927413642406463623e-01 -4.181293249130249023e-01 2.282391041517257690e-01
-3.611232936382293701e-01 -5.730148553848266602e-01 2.898729145526885986e-01
-4.348438978195190430e-01 -6.079066991806030273e-01 3.265467584133148193e-01
-4.053710401058197021e-01 -5.939413309097290039e-01 3.131127953529357910e-01
-4.876138865947723389e-01 -5.940881967544555664e-01 3.722296953201293945e-01
-3.728753328323364258e-01 -5.663844943046569824e-01 3.058904409408569336e-01
-4.195772111415863037e-01 -5.413153171539306641e-01 3.743217885494232178e-01
-4.043257832527160645e-01 -5.116769075393676758e-01 4.274381399154663086e-01
-3.512573242187500000e-01 -3.439813852310180664e-01 3.244288861751556396e-01
-2.966239750385284424e-01 -1.314019262790679932e-01 2.923633158206939697e-01
-7.096684724092483521e-02 -1.782626658678054810e-01 2.033642083406448364e-01
-1.341984122991561890e-01 -2.181358784437179565e-01 2.787674963474273682e-01
-1.017005443572998047e-01 -2.573981881141662598e-01 3.915758728981018066e-01
-1.245254352688789368e-01 -3.499006032943725586e-01 3.608834743499755859e-01
-2.532673478126525879e-01 -2.501621842384338379e-01 2.695971429347991943e-01
-1.316593736410140991e-01 -3.182153999805450439e-01 9.990458190441131592e-02
-6.398469954729080200e-02 -3.325320482254028320e-01 1.323947906494140625e-01
-1.322589963674545288e-01 -1.415628045797348022e-01 1.741153448820114136e-01
-5.607659369707107544e-02 -2.235570996999740601e-01 1.340793371200561523e-01
-3.021289110183715820e-01 -1.973917782306671143e-01 1.242623403668403625e-01
-1.095808073878288269e-01 -2.182756550610065460e-02 1.488335579633712769e-01
8.043040335178375244e-02 6.951968371868133545e-02 -7.916019856929779053e-02
-2.496809512376785278e-01 -1.584475487470626831e-01 1.168989762663841248e-01
-3.676326572895050049e-01 -2.883317470550537109e-01 3.077390193939208984e-01
-3.318829238414764404e-01 -3.434808850288391113e-01 3.640418052673339844e-01
-3.074969649314880371e-01 -3.702149987220764160e-01 3.883687257766723633e-01
-3.358557224273681641e-01 -3.819027245044708252e-01 3.844112753868103027e-01
-3.423982262611389160e-01 -3.926209509372711182e-01 3.944015800952911377e-01
-3.089179396629333496e-01 -3.931565880775451660e-01 4.065049886703491211e-01
-2.881768941879272461e-01 -3.829675912857055664e-01 3.991781771183013916e-01
-2.773233354091644287e-01 -3.833582401275634766e-01 4.183680117130279541e-01
-3.033359944820404053e-01 -3.437002003192901611e-01 4.083670377731323242e-01
-3.120856285095214844e-01 -2.943993806838989258e-01 3.971846699714660645e-01
-3.145489394664764404e-01 -2.609169483184814453e-01 3.584491908550262451e-01
-2.990374267101287842e-01 -2.271471768617630005e-01 3.346357643604278564e-01
-2.583446502685546875e-01 -2.213600724935531616e-01 3.589144647121429443e-01
-1.971056908369064331e-01 -2.473084926605224609e-01 4.143547713756561279e-01
-3.422777950763702393e-01 -5.493730679154396057e-02 3.642231523990631104e-01
-4.377813041210174561e-01 1.598524451255798340e-01 3.584103584289550781e-01
-4.281271398067474365e-01 1.465906947851181030e-01 4.397474527359008789e-01
-3.234492540359497070e-01 -6.967227160930633545e-02 4.209149479866027832e-01
-2.236850708723068237e-01 -1.511884629726409912e-01 4.267368912696838379e-01
-1.728103607892990112e-01 -2.176136970520019531e-01 4.276306927204132080e-01
-1.485912501811981201e-01 -1.677165776491165161e-01 4.371402561664581299e-01
-1.279488801956176758e-01 -1.336161345243453979e-01 4.426356554031372070e-01
-1.622186750173568726e-01 -1.365910768508911133e-01 4.175351560115814209e-01
-1.883759647607803345e-01 -1.545839458703994751e-01 4.107089936733245850e-01
-1.911204755306243896e-01 -1.368803232908248901e-01 4.572266936302185059e-01
-2.155065089464187622e-01 -7.191597670316696167e-02 4.625958800315856934e-01
-1.432471573352813721e-01 -8.518904447555541992e-02 4.748638868331909180e-01
-4.773364216089248657e-02 -9.280608594417572021e-02 4.130839109420776367e-01
2.737523987889289856e-02 -3.995777294039726257e-02 4.321250021457672119e-01
1.481323689222335815e-01 -8.445943146944046021e-02 4.060007631778717041e-01
2.725527584552764893e-01 -6.391602754592895508e-02 4.392232894897460938e-01
3.535233438014984131e-01 -7.764156162738800049e-02 4.100759327411651611e-01
2.323852777481079102e-01 -1.251057833433151245e-01 3.994689583778381348e-01
3.181571960449218750e-01 -3.358645439147949219e-01 3.147611021995544434e-01
4.627263844013214111e-01 -2.783332169055938721e-01 2.817313075065612793e-01
5.033128857612609863e-01 -2.789605259895324707e-01 2.283065319061279297e-01
4.902360439300537109e-01 -3.045480549335479736e-01 2.396854311227798462e-01
4.853203892707824707e-01 -3.031493425369262695e-01 2.562468051910400391e-01
5.085662603378295898e-01 -2.617331147193908691e-01 2.205618172883987427e-01
5.290454030036926270e-01 -2.752402722835540771e-01 2.057628035545349121e-01
5.581967234611511230e-01 -2.550893127918243408e-01 1.871186643838882446e-01
5.656924247741699219e-01 -2.614233493804931641e-01 1.787820756435394287e-01
5.815087556838989258e-01 -2.931938171386718750e-01 1.505726724863052368e-01
5.647664666175842285e-01 -3.323741257190704346e-01 1.047741770744323730e-01
5.642423629760742188e-01 -3.239357173442840576e-01 8.847495168447494507e-02
5.519402623176574707e-01 -3.164431154727935791e-01 1.321802884340286255e-01
4.048607349395751953e-01 -4.043959081172943115e-01 1.679588407278060913e-01
1.818998903036117554e-01 -3.116186559200286865e-01 8.606936037540435791e-02
3.646652400493621826e-01 -3.303721547126770020e-01 -7.986568659543991089e-02
3.095081448554992676e-01 -3.324354290962219238e-01 -1.063214018940925598e-01
1.325746029615402222e-01 -2.587462663650512695e-01 -2.432417571544647217e-01
1.801511459052562714e-02 -2.049308717250823975e-01 -2.176093161106109619e-01
4.587066546082496643e-02 -1.922684460878372192e-01 -3.312728106975555420e-01
-1.004979200661182404e-02 -2.143694907426834106e-01 -3.514779508113861084e-01
-5.498754605650901794e-02 -2.958166301250457764e-01 -3.670198023319244385e-01
-3.713240921497344971e-01 -8.771511912345886230e-02 -3.422412276268005371e-01
-3.860040605068206787e-01 -2.530533671379089355e-01 -4.661424756050109863e-01
-4.065233170986175537e-01 -2.732072770595550537e-01 -4.657787084579467773e-01
-3.958754241466522217e-01 -1.636601388454437256e-01 -4.662997424602508545e-01
-4.502235054969787598e-01 -1.003594174981117249e-01 -4.567511677742004395e-01
-3.854606151580810547e-01 -2.534944117069244385e-01 -5.308635830879211426e-01
-4.148342013359069824e-01 -3.005511462688446045e-01 -5.242781043052673340e-01
-5.091224908828735352e-01 -1.775299608707427979e-01 -5.442928075790405273e-01
-4.825767874717712402e-01 -2.604805529117584229e-01 -5.805440545082092285e-01
-3.831019997596740723e-01 -3.850145339965820312e-01 -6.362961530685424805e-01
-4.368514120578765869e-01 -4.140179157257080078e-01 -5.973852276802062988e-01
-4.283566474914550781e-01 -2.960007488727569580e-01 -5.409570932388305664e-01
-4.156701266765594482e-01 -4.250581562519073486e-01 -5.561838746070861816e-01
-4.632490277290344238e-01 -4.220178425312042236e-01 -6.106438636779785156e-01
-3.986332714557647705e-01 -4.068040549755096436e-01 -6.521284580230712891e-01
-3.669548332691192627e-01 -3.976974189281463623e-01 -5.950710177421569824e-01
-4.230244457721710205e-01 -3.611855804920196533e-01 -5.869789123535156250e-01
-4.252163171768188477e-01 -3.397433757781982422e-01 -5.954821705818176270e-01
-3.954022228717803955e-01 -4.725416302680969238e-01 -5.950742363929748535e-01
-3.651744425296783447e-01 -4.518997967243194580e-01 -5.195665359497070312e-01
-4.072612524032592773e-01 -3.973048925399780273e-01 -6.181076169013977051e-01
-4.568206667900085449e-01 -4.482082426548004150e-01 -6.716163158416748047e-01
-4.848629832267761230e-01 -4.110382497310638428e-01 -6.711995005607604980e-01
-4.507501423358917236e-01 -2.864515483379364014e-01 -6.767836809158325195e-01
-4.411270618438720703e-01 -3.254639208316802979e-01 -6.925391554832458496e-01
-3.526479303836822510e-01 -2.809639871120452881e-01 -6.430934667587280273e-01
