-8.244243264198303223e-02 -2.828542590141296387e-01 2.649509608745574951e-01
-4.010161757469177246e-02 -3.223539888858795166e-01 1.387782096862792969e-01
-8.662224560976028442e-02 -1.370655298233032227e-01 6.915377825498580933e-02
-2.468335181474685669e-01 4.521289467811584473e-02 2.603569626808166504e-01
-2.441910356283187866e-01 1.114791817963123322e-02 3.956897258758544922e-01
-4.115918576717376709e-01 -1.708849817514419556e-01 2.837874293327331543e-01
-4.467348456382751465e-01 -3.837891817092895508e-01 2.340798079967498779e-01
-4.884911179542541504e-01 -4.470733702182769775e-01 3.168567121028900146e-01
-4.740038514137268066e-01 -4.565849304199218750e-01 3.194937109947204590e-01
-4.606200158596038818e-01 -4.572656154632568359e-01 3.340349495410919189e-01
-4.297375380992889404e-01 -4.739806354045867920e-01 3.288520276546478271e-01
-4.400079548358917236e-01 -4.304337203502655029e-01 2.818329930305480957e-01
-3.562746047973632812e-01 -3.750980198383331299e-01 3.257286548614501953e-01
-3.685700595378875732e-01 -4.394144415855407715e-01 3.729428648948669434e-01
-4.380933344364166260e-01 -4.760126173496246338e-01 4.163227677345275879e-01
-3.855883181095123291e-01 -4.026234447956085205e-01 4.066863059997558594e-01
-3.725750148296356201e-01 -4.315899908542633057e-01 3.901729285717010498e-01
-3.990258276462554932e-01 -4.180692732334136963e-01 4.340471029281616211e-01
-3.872382640838623047e-01 -3.836894631385803223e-01 4.338723123073577881e-01
-3.799891173839569092e-01 -3.925601541996002197e-01 3.979319036006927490e-01
-3.577012419700622559e-01 -4.145075380802154541e-01 4.073409438133239746e-01
-3.275777399539947510e-01 -4.379692375659942627e-01 4.485567808151245117e-01
-2.907584905624389648e-01 -4.257338941097259521e-01 4.311072230339050293e-01
-3.329834043979644775e-01 -4.577379524707794189e-01 3.962524235248565674e-01
-3.069838285446166992e-01 -4.418800771236419678e-01 4.159211218357086182e-01
-2.614143192768096924e-01 -4.239991009235382080e-01 4.384341835975646973e-01
-2.920626699924468994e-01 -4.462732672691345215e-01 4.470751285552978516e-01
-3.484174311161041260e-01 -4.596051871776580811e-01 4.277004897594451904e-01
-3.347952365875244141e-01 -4.436020851135253906e-01 4.186033010482788086e-01
-3.656397163867950439e-01 -4.877883791923522949e-01 4.132252037525177002e-01
-3.740352392196655273e-01 -4.837943911552429199e-01 4.533105194568634033e-01
-3.814033269882202148e-01 -4.601261317729949951e-01 4.565251171588897705e-01
-3.892864584922790527e-01 -5.004141330718994141e-01 4.357768595218658447e-01
-3.772296905517578125e-01 -5.019863247871398926e-01 4.362510144710540771e-01
-3.520911335945129395e-01 -4.783145487308502197e-01 4.665813744068145752e-01
-3.846736550331115723e-01 -4.939291477203369141e-01 4.587450027465820312e-01
-4.269532263278961182e-01 -5.131382346153259277e-01 4.372249245643615723e-01
-4.518915414810180664e-01 -4.967743456363677979e-01 4.793157577514648438e-01
-4.266950190067291260e-01 -4.721506834030151367e-01 4.820971488952636719e-01
-4.554973840713500977e-01 -4.923895299434661865e-01 4.291976690292358398e-01
-4.671154022216796875e-01 -4.725853204727172852e-01 4.327162206172943115e-01
-4.792007505893707275e-01 -4.177695512771606445e-01 4.034661948680877686e-01
-4.416583180427551270e-01 -3.066154420375823975e-01 4.276703894138336182e-01
-4.230746328830718994e-01 -1.829533278942108154e-01 4.140298962593078613e-01
-3.894993662834167480e-01 -7.426275312900543213e-02 4.247003495693206787e-01
-3.233629465103149414e-01 -9.534399211406707764e-02 4.635348320007324219e-01
-3.638128042221069336e-01 -3.656602278351783752e-02 4.659758210182189941e-01
-4.187035262584686279e-01 1.836158037185668945e-01 4.259435236454010010e-01
-2.269037961959838867e-01 1.060033887624740601e-01 3.604946732521057129e-01
-3.482155203819274902e-01 -6.402658671140670776e-02 4.513119459152221680e-01
-2.829585969448089600e-01 -5.378270149230957031e-02 5.377980470657348633e-01
-2.550413012504577637e-01 -3.263010457158088684e-02 5.304318666458129883e-01
-2.600358724594116211e-01 -6.297635380178689957e-03 5.736796259880065918e-01
-2.473419606685638428e-01 -8.127785287797451019e-03 5.337174534797668457e-01
-2.431433498859405518e-01 -3.404132276773452759e-02 5.373138785362243652e-01
-2.655243575572967529e-01 -4.760384559631347656e-02 5.589213371276855469e-01
-2.119879722595214844e-01 4.362403601408004761e-02 5.278457403182983398e-01
-1.194439157843589783e-01 -2.667551115155220032e-02 5.762700438499450684e-01
-2.755521982908248901e-02 1.793565601110458374e-02 5.623814463615417480e-01
8.838120847940444946e-02 -4.639992862939834595e-02 5.594192743301391602e-01
2.350487411022186279e-01 -1.006299406290054321e-01 5.009234547615051270e-01
3.644733726978302002e-01 -4.553918167948722839e-02 4.190710783004760742e-01
4.372484385967254639e-01 -2.035667300224304199e-01 3.323492109775543213e-01
4.782878458499908447e-01 -2.177792340517044067e-01 3.624236583709716797e-01
4.258849620819091797e-01 -2.128036022186279297e-01 3.742430806159973145e-01
4.337756633758544922e-01 -3.202708959579467773e-01 2.858961820602416992e-01
4.283578991889953613e-01 -3.257336616516113281e-01 2.914457619190216064e-01
4.406467378139495850e-01 -3.208923935890197754e-01 2.886592149734497070e-01
4.634925425052642822e-01 -3.343791365623474121e-01 2.761178314685821533e-01
4.774558246135711670e-01 -3.318070471286773682e-01 2.866398096084594727e-01
4.724663794040679932e-01 -3.126289248466491699e-01 2.779888808727264404e-01
5.065240859985351562e-01 -2.797502875328063965e-01 2.778496444225311279e-01
5.032724142074584961e-01 -2.441270798444747925e-01 2.785629630088806152e-01
5.173861980438232422e-01 -2.523956000804901123e-01 2.291183620691299438e-01
5.551397800445556641e-01 -2.979839742183685303e-01 1.609484553337097168e-01
4.425990581512451172e-01 -3.922586143016815186e-01 1.148495301604270935e-01
2.345974743366241455e-01 -3.839616477489471436e-01 2.735434286296367645e-02
1.562185287475585938e-01 -2.758103013038635254e-01 -1.817329823970794678e-01
9.161674231290817261e-02 -2.937434017658233643e-01 -1.871710121631622314e-01
-6.088768690824508667e-02 -2.920655906200408936e-01 -4.200948178768157959e-01
-8.823948353528976440e-02 -2.909069359302520752e-01 -3.953852653503417969e-01
-2.604379057884216309e-01 -2.108475416898727417e-01 -3.160642087459564209e-01
-3.423309326171875000e-01 -2.058252096176147461e-01 -3.037100136280059814e-01
-3.465965390205383301e-01 -1.923409849405288696e-01 -4.287428259849548340e-01
-5.067890882492065430e-01 -1.398585885763168335e-01 -3.558116853237152100e-01
-5.169164538383483887e-01 -2.067891657352447510e-01 -4.680777192115783691e-01
-4.952088594436645508e-01 -1.509364098310470581e-01 -4.925287663936614990e-01
-5.538209080696105957e-01 -2.114512324333190918e-01 -5.127031207084655762e-01
-4.347887933254241943e-01 -3.457755148410797119e-01 -5.991300940513610840e-01
-4.421999752521514893e-01 -3.643934726715087891e-01 -6.093110442161560059e-01
-4.634365439414978027e-01 -3.796051442623138428e-01 -6.032413840293884277e-01
-5.418444871902465820e-01 -3.185058832168579102e-01 -5.927892327308654785e-01
-4.959600269794464111e-01 -3.823563456535339355e-01 -6.307983398437500000e-01
-4.828630685806274414e-01 -3.950335979461669922e-01 -6.341516971588134766e-01
-4.782107770442962646e-01 -5.078138709068298340e-01 -5.725827217102050781e-01
-5.479806661605834961e-01 -4.460466802120208740e-01 -5.649766325950622559e-01
-5.634682774543762207e-01 -3.714186847209930420e-01 -5.781607627868652344e-01
-4.793513119220733643e-01 -4.234947264194488525e-01 -5.807251930236816406e-01
-5.034000277519226074e-01 -3.760494887828826904e-01 -6.393654346466064453e-01
-4.841195940971374512e-01 -4.929589927196502686e-01 -6.630594134330749512e-01
-4.955372512340545654e-01 -4.005935490131378174e-01 -5.948604941368103027e-01
-5.162394642829895020e-01 -3.624880611896514893e-01 -5.925965309143066406e-01
-4.115172028541564941e-01 -3.764849007129669189e-01 -5.966018438339233398e-01
-4.519625604152679443e-01 -3.802606761455535889e-01 -6.166418194770812988e-01
-5.022038221359252930e-01 -4.029884636402130127e-01 -6.320722699165344238e-01
-5.104042291641235352e-01 -3.498839437961578369e-01 -5.654570460319519043e-01
