1.222834587097167969e-01 4.129114001989364624e-02 -1.500059813261032104e-01
2.853395044803619385e-01 1.199048478156328201e-02 -2.346634268760681152e-01
3.091827332973480225e-01 2.580433897674083710e-02 -2.066590189933776855e-01
2.155044376850128174e-01 1.967819184064865112e-01 -1.159540377557277679e-03
-1.138328760862350464e-01 2.570504546165466309e-01 -1.196704655885696411e-01
-3.039206564426422119e-01 2.838512957096099854e-01 -2.147117555141448975e-01
-3.151026666164398193e-01 1.865210384130477905e-01 -2.149125635623931885e-01
-2.674241960048675537e-01 -1.157986558973789215e-02 -1.970684081315994263e-01
-1.554379165172576904e-01 -1.197712421417236328e-01 1.047126054763793945e-01
-8.144463598728179932e-02 -1.796406060457229614e-01 8.629424124956130981e-02
3.041352843865752220e-03 -2.168429642915725708e-01 -5.992663279175758362e-02
4.048980772495269775e-02 -1.258307695388793945e-01 4.813484475016593933e-02
8.310499042272567749e-02 2.017597667872905731e-02 1.431578248739242554e-01
6.797137111425399780e-02 6.655706465244293213e-02 9.707501530647277832e-02
4.247532412409782410e-02 3.915115818381309509e-02 -1.769787818193435669e-02
7.240983843803405762e-02 2.391941659152507782e-02 -1.378703713417053223e-01
7.913536578416824341e-02 6.521581858396530151e-02 -5.970768257975578308e-02
6.941887736320495605e-02 8.438204973936080933e-02 1.194295361638069153e-01
1.919325813651084900e-02 4.146052524447441101e-02 1.212578862905502319e-01
-1.284030824899673462e-01 -3.026902489364147186e-02 8.009149134159088135e-02
-1.895877569913864136e-01 -3.591560944914817810e-02 2.538028173148632050e-02
-1.407093852758407593e-01 1.184515189379453659e-02 -1.010334305465221405e-02
-5.524260178208351135e-02 5.239305272698402405e-02 -9.300775825977325439e-02
-1.009788829833269119e-02 5.364827439188957214e-02 -1.909080445766448975e-01
-1.729498058557510376e-02 5.153365805745124817e-02 -1.587644666433334351e-01
1.945325918495655060e-02 1.014720052480697632e-01 -8.636911958456039429e-02
3.665849193930625916e-02 1.107734367251396179e-01 -1.052586734294891357e-01
1.609378494322299957e-02 1.261785924434661865e-01 -8.056235313415527344e-02
-2.358492091298103333e-02 9.179043769836425781e-02 -1.111740469932556152e-01
-2.637792006134986877e-02 2.679722197353839874e-02 -8.952900767326354980e-02
-3.540875157341361046e-03 -8.078030310571193695e-03 4.124318063259124756e-02
1.444533839821815491e-02 -4.874669387936592102e-02 8.253586292266845703e-02
-1.340071437880396843e-03 -6.158615648746490479e-02 9.422424435615539551e-02
-5.395098123699426651e-03 -7.197575177997350693e-03 1.426206976175308228e-01
4.071081802248954773e-02 -3.785352036356925964e-02 5.404225736856460571e-02
7.394090294837951660e-02 -4.124436900019645691e-02 2.797665074467658997e-02
7.924026250839233398e-02 -6.287742406129837036e-02 -2.902943454682826996e-02
9.142382442951202393e-02 -4.793636035174131393e-03 -1.027498021721839905e-02
1.106433793902397156e-01 1.258790940046310425e-01 9.912246465682983398e-02
1.581979542970657349e-01 2.220791727304458618e-01 1.017423793673515320e-01
2.171771526336669922e-01 3.975971937179565430e-01 1.798273473978042603e-01
2.597472071647644043e-01 3.475632071495056152e-01 -2.681982703506946564e-02
3.096377253532409668e-01 3.557903170585632324e-01 -1.393405199050903320e-01
2.647708356380462646e-01 3.880445659160614014e-01 -6.699937582015991211e-02
2.760480940341949463e-01 2.245694249868392944e-01 1.049390900880098343e-02
4.095287919044494629e-01 -4.999432340264320374e-02 2.688173353672027588e-01
2.743351459503173828e-01 -2.372585982084274292e-01 2.560794353485107422e-01
1.426187157630920410e-01 -1.363872736692428589e-01 8.544094860553741455e-02
-1.098740175366401672e-01 1.179306432604789734e-01 -2.381396666169166565e-02
-2.251919955015182495e-01 2.451843321323394775e-01 -9.868686646223068237e-02
1.184357982128858566e-02 7.203520834445953369e-02 -1.481213513761758804e-02
9.933294728398323059e-03 -1.669516116380691528e-01 -3.796201199293136597e-02
9.160967543721199036e-03 -2.373896092176437378e-01 -7.017385214567184448e-02
-1.224808953702449799e-02 -2.775793075561523438e-01 -1.218478977680206299e-01
4.040550068020820618e-02 -1.971327066421508789e-01 -1.808172464370727539e-01
-1.951667107641696930e-02 -1.698903143405914307e-01 -2.217070013284683228e-01
-1.206178814172744751e-01 -2.872310280799865723e-01 -3.894557058811187744e-01
-2.502698302268981934e-01 -3.044975101947784424e-01 -3.600249886512756348e-01
-3.629373013973236084e-01 -2.939760684967041016e-01 -2.312745153903961182e-01
-3.382970988750457764e-01 -8.185994625091552734e-02 1.744957640767097473e-02
-3.807359039783477783e-01 1.721607893705368042e-01 1.710159927606582642e-01
-4.186130762100219727e-01 2.056833803653717041e-01 1.874082535505294800e-02
-3.692995905876159668e-01 1.866890043020248413e-01 -7.645647227764129639e-02
-3.627136647701263428e-01 8.988167345523834229e-02 -1.944423019886016846e-01
-2.631219029426574707e-01 1.656322740018367767e-02 -1.349218338727951050e-01
-1.627632379531860352e-01 4.563026875257492065e-02 -8.942684531211853027e-02
-1.566378921270370483e-01 6.484562158584594727e-02 -1.016086712479591370e-01
-8.389970660209655762e-02 3.505273535847663879e-02 -5.117166042327880859e-02
-4.130898788571357727e-02 -1.929541118443012238e-02 -8.539148420095443726e-02
-2.128949621692299843e-03 -5.066673457622528076e-02 -5.469310656189918518e-02
8.773593604564666748e-02 -3.234864771366119385e-02 4.210665822029113770e-02
1.260616183280944824e-01 8.013186603784561157e-02 5.916939303278923035e-02
4.041090607643127441e-02 2.343018949031829834e-01 -1.393881067633628845e-02
-5.698725581169128418e-02 2.694151699542999268e-01 -1.348823159933090210e-01
-2.016138983890414238e-03 7.451702654361724854e-02 -8.951491862535476685e-02
1.641533821821212769e-01 -2.364610135555267334e-01 1.193924024701118469e-01
2.841161191463470459e-01 -3.453218340873718262e-01 3.040046393871307373e-01
3.419336974620819092e-01 -3.014886975288391113e-01 2.680680155754089355e-01
3.156173229217529297e-01 -1.533487439155578613e-01 3.062321543693542480e-01
3.530389368534088135e-01 -7.469172030687332153e-02 3.602099418640136719e-01
3.323994576930999756e-01 -1.049388945102691650e-01 3.853614926338195801e-01
1.614791899919509888e-01 -1.573929041624069214e-01 2.912093400955200195e-01
1.931416392326354980e-01 3.138544410467147827e-02 -1.317724585533142090e-01
7.618334889411926270e-02 2.282312214374542236e-01 -1.650235950946807861e-01
2.723689191043376923e-02 9.388541430234909058e-02 -1.041918024420738220e-01
-4.479233175516128540e-02 9.787672013044357300e-02 -1.177494786679744720e-02
-2.882423400878906250e-01 7.850825786590576172e-03 6.469491869211196899e-02
-1.950892359018325806e-01 1.418587416410446167e-01 -1.837964653968811035e-01
-1.953196525573730469e-01 2.644123136997222900e-01 -2.225224226713180542e-01
-3.203498199582099915e-02 2.040497809648513794e-01 -2.022797316312789917e-01
3.976318985223770142e-02 2.409478425979614258e-01 -1.904121786355972290e-01
-1.271019782871007919e-02 1.327813565731048584e-01 -3.214957192540168762e-02
-1.223561242222785950e-01 5.097156763076782227e-02 -2.338267117738723755e-02
-1.418084949254989624e-01 -9.990353882312774658e-02 -5.218525603413581848e-02
2.815403044223785400e-02 -2.070499360561370850e-01 5.497292056679725647e-02
4.301957413554191589e-02 -1.514170765876770020e-01 4.907732084393501282e-02
1.589629650115966797e-01 -7.719135284423828125e-02 6.151701509952545166e-02
-7.875456660985946655e-02 1.174013689160346985e-01 6.058318167924880981e-02
-6.163044273853302002e-02 -1.685097441077232361e-02 -2.607006765902042389e-02
4.501222446560859680e-02 -1.806646436452865601e-01 -1.295224297791719437e-02
-1.566887274384498596e-02 -2.242705076932907104e-01 4.063261731062084436e-04
1.115298345685005188e-01 -1.101253703236579895e-01 3.002301417291164398e-02
-6.457648240029811859e-03 1.948006749153137207e-01 9.998359531164169312e-02
-3.862387686967849731e-02 7.218597084283828735e-02 1.227228119969367981e-01
-4.557143431156873703e-03 -8.574179559946060181e-02 7.542040199041366577e-02
-3.367368131875991821e-02 -1.714992821216583252e-01 2.685641311109066010e-02
