-7.890884578227996826e-02 7.734967023134231567e-02 -1.305532008409500122e-01
-1.063571944832801819e-01 1.293229460716247559e-01 9.228526614606380463e-03
7.057321816682815552e-02 1.020981892943382263e-01 1.283701062202453613e-01
2.992219328880310059e-01 3.012071549892425537e-02 2.108843326568603516e-01
3.827272653579711914e-01 -7.983012497425079346e-02 1.279006153345108032e-01
2.300833314657211304e-01 -2.276669144630432129e-01 -7.499063014984130859e-02
-2.029096186161041260e-01 -2.847066223621368408e-01 1.133842952549457550e-02
-3.557355701923370361e-01 -2.719806432723999023e-01 5.565426871180534363e-02
-2.947103381156921387e-01 -1.616439670324325562e-01 1.813174970448017120e-02
-1.922404021024703979e-01 -6.214956566691398621e-02 -7.916717231273651123e-02
-1.251681894063949585e-01 3.199565410614013672e-02 -2.473480701446533203e-01
-1.495531499385833740e-01 6.690323352813720703e-02 -2.057518661022186279e-01
-2.619917318224906921e-02 5.339127779006958008e-02 -1.002880036830902100e-01
1.672495007514953613e-01 1.131162494421005249e-01 -3.886912018060684204e-02
1.909597367048263550e-01 1.309266090393066406e-01 3.446425497531890869e-02
2.844081632792949677e-02 1.186909154057502747e-01 1.168444156646728516e-01
-1.193774789571762085e-01 8.252820372581481934e-02 1.806055158376693726e-01
-7.499507069587707520e-02 -7.331209629774093628e-02 2.346434295177459717e-01
8.782109618186950684e-02 -1.602701395750045776e-01 1.948204338550567627e-01
1.742244809865951538e-01 -1.349367499351501465e-01 5.356579273939132690e-02
1.346879303455352783e-01 -3.063498996198177338e-02 -1.086991727352142334e-01
7.706898450851440430e-02 1.140827313065528870e-01 -2.242862880229949951e-01
5.024726688861846924e-02 1.191291958093643188e-01 -2.083182036876678467e-01
1.126293465495109558e-02 6.610295921564102173e-02 -1.173926442861557007e-01
-2.717320248484611511e-02 2.702910453081130981e-02 -3.019359894096851349e-02
-5.620892718434333801e-02 2.953373827040195465e-02 2.251598984003067017e-02
-1.295730844140052795e-02 3.922809287905693054e-02 2.980831637978553772e-02
1.123531907796859741e-02 -2.389198914170265198e-02 1.867714524269104004e-02
-8.129116147756576538e-02 -8.512285351753234863e-02 2.588271535933017731e-02
-1.440197676420211792e-01 -1.088550314307212830e-01 3.958139196038246155e-02
-1.477284133434295654e-01 -1.009655147790908813e-01 6.626788526773452759e-02
-8.743373304605484009e-02 -5.566542223095893860e-02 9.421803802251815796e-02
1.292166113853454590e-02 4.180467687547206879e-03 4.197474196553230286e-02
2.156380191445350647e-02 7.377755641937255859e-02 -2.759790793061256409e-02
3.111242875456809998e-02 1.100990101695060730e-01 -7.335265725851058960e-02
4.223242402076721191e-02 1.104275360703468323e-01 -6.830669194459915161e-02
9.649655781686306000e-03 9.006339311599731445e-02 1.957768015563488007e-02
1.982513815164566040e-02 8.716454356908798218e-02 7.774504274129867554e-02
-2.922997251152992249e-02 1.501976102590560913e-01 9.396337717771530151e-02
2.980262413620948792e-02 1.677033007144927979e-01 -4.617644473910331726e-03
1.139177009463310242e-01 1.738243848085403442e-01 -1.178969442844390869e-01
9.148482233285903931e-02 1.037192717194557190e-01 -1.191332712769508362e-01
-4.543624445796012878e-02 -3.795009106397628784e-02 -6.784752756357192993e-02
-3.724732398986816406e-01 -1.201695203781127930e-01 4.319275915622711182e-02
-4.212250113487243652e-01 -2.636035978794097900e-01 8.550646901130676270e-02
-1.698397248983383179e-01 -2.929580509662628174e-01 -2.393243461847305298e-02
2.952929437160491943e-01 -2.674447596073150635e-01 -7.159283012151718140e-02
5.222893357276916504e-01 -1.487197577953338623e-01 -9.832609444856643677e-02
3.394796550273895264e-01 3.011647053062915802e-02 -1.185882315039634705e-01
3.817585110664367676e-02 4.247201234102249146e-02 1.181607693433761597e-02
-1.548426151275634766e-01 1.335599087178707123e-02 3.979246318340301514e-02
-1.174257248640060425e-01 -7.456427067518234253e-02 4.860680084675550461e-03
6.881700456142425537e-02 -6.714831292629241943e-02 4.628499504178762436e-03
4.330315068364143372e-02 4.360599815845489502e-02 -8.322502672672271729e-02
1.047065556049346924e-01 6.547529250383377075e-02 -5.749142915010452271e-02
1.465145796537399292e-01 7.229196839034557343e-03 4.664838686585426331e-02
1.605508029460906982e-01 -1.825150400400161743e-01 1.603028327226638794e-01
8.162789791822433472e-02 -1.575051993131637573e-01 3.470702469348907471e-01
-4.972294718027114868e-02 -2.037272416055202484e-02 4.190226197242736816e-01
-3.808818012475967407e-02 9.598449617624282837e-02 2.934527099132537842e-01
-3.371826931834220886e-02 1.637413352727890015e-01 -2.363360486924648285e-02
6.355959177017211914e-02 7.993602007627487183e-02 -3.246229290962219238e-01
6.273121386766433716e-02 6.938893813639879227e-03 -3.672344088554382324e-01
-2.070615440607070923e-02 2.074395492672920227e-02 -2.193771004676818848e-01
-2.753912098705768585e-02 4.004781693220138550e-02 -1.888754591345787048e-02
-1.322326660156250000e-01 9.800502657890319824e-02 5.011995509266853333e-02
-1.279397904872894287e-01 1.329303681850433350e-01 3.823474049568176270e-02
-1.006157845258712769e-01 9.436082094907760620e-02 3.223390877246856689e-02
-1.422393471002578735e-01 9.065376222133636475e-02 2.972104959189891815e-02
-1.056421324610710144e-01 9.922826290130615234e-02 3.891106694936752319e-02
-1.165061444044113159e-02 9.618918597698211670e-02 4.625299200415611267e-02
1.877327561378479004e-01 9.629941731691360474e-02 5.304035171866416931e-02
2.467623949050903320e-01 3.000564174726605415e-03 2.653519390150904655e-03
-2.739571779966354370e-02 -1.330621242523193359e-01 -7.762366533279418945e-02
-4.189797639846801758e-01 -1.483571678400039673e-01 -8.853697031736373901e-02
-5.177050232887268066e-01 -1.098488420248031616e-01 -5.750219151377677917e-02
-3.131157755851745605e-01 -6.158540025353431702e-03 1.076205521821975708e-01
-3.581475093960762024e-02 5.054813995957374573e-02 8.927843719720840454e-02
7.516018301248550415e-02 -4.900576174259185791e-02 -1.445071585476398468e-02
1.930658705532550812e-03 -1.427416652441024780e-01 -8.778588473796844482e-02
1.532676666975021362e-01 -1.654838770627975464e-02 -2.366590350866317749e-01
4.093527495861053467e-01 1.603472679853439331e-01 -1.053173020482063293e-01
4.326590001583099365e-01 1.703017055988311768e-01 -1.146790012717247009e-01
3.032890558242797852e-01 6.755284219980239868e-02 -4.664253816008567810e-02
8.133567124605178833e-02 -2.903085947036743164e-01 1.746754199266433716e-01
6.354214251041412354e-02 -2.713075280189514160e-01 1.171018630266189575e-01
1.860315203666687012e-01 -4.611977562308311462e-02 1.379400491714477539e-01
1.340331882238388062e-01 1.222406029701232910e-01 -1.760907843708992004e-02
1.195745449513196945e-02 2.957245111465454102e-01 -1.035810261964797974e-01
-1.616862565279006958e-01 1.353339552879333496e-01 3.679792955517768860e-02
-2.183714061975479126e-01 4.880953114479780197e-03 7.213540375232696533e-02
-1.924568265676498413e-01 -1.128985658288002014e-01 5.567200854420661926e-02
-2.597792744636535645e-01 -1.526105552911758423e-01 -5.191300064325332642e-02
-1.982658803462982178e-01 -8.875820785760879517e-02 -1.195091530680656433e-01
-1.325005292892456055e-01 -3.073175810277462006e-02 -9.770587831735610962e-02
7.353681325912475586e-02 3.255888447165489197e-02 7.280442863702774048e-02
1.678718924522399902e-01 4.251937568187713623e-02 8.879221975803375244e-02
-5.391660612076520920e-03 7.390083372592926025e-02 -2.950270101428031921e-02
-1.361542195081710815e-01 7.505904138088226318e-02 -4.401738941669464111e-02
-2.108276784420013428e-01 1.027183160185813904e-01 -7.184556871652603149e-02
5.893535912036895752e-02 4.348196834325790405e-02 9.773977100849151611e-02
2.429386675357818604e-01 -9.164202958345413208e-02 1.807060688734054565e-01
2.246758341789245605e-01 -1.776128411293029785e-01 5.947661772370338440e-02
8.035541325807571411e-02 -1.797009855508804321e-01 -2.017634175717830658e-02
-1.030990108847618103e-01 -7.885731011629104614e-02 -8.923950046300888062e-02
-9.019420295953750610e-02 1.296411175280809402e-02 -6.993536651134490967e-02
