3.241293296152365083e-02
0.000000000000000000e+00
0.000000000000000000e+00
0.000000000000000000e+00
1.080896303873705860e-01
1.719038621665955335e-01
1.800159558454623998e-01
9.634873957288273005e-02
0.000000000000000000e+00
0.000000000000000000e+00
0.000000000000000000e+00
0.000000000000000000e+00
0.000000000000000000e+00
0.000000000000000000e+00
0.000000000000000000e+00
0.000000000000000000e+00
0.000000000000000000e+00
0.000000000000000000e+00
3.961442233567621972e-04
0.000000000000000000e+00
0.000000000000000000e+00
0.000000000000000000e+00
0.000000000000000000e+00
1.133830905058469743e-03
3.285744981302908020e-03
5.741370503973600679e-03
6.097648907795679557e-03
1.569082818015570500e-03
0.000000000000000000e+00
0.000000000000000000e+00
0.000000000000000000e+00
0.000000000000000000e+00
0.000000000000000000e+00
1.643842306216819656e-03
2.914172700883182251e-04
0.000000000000000000e+00
0.000000000000000000e+00
0.000000000000000000e+00
4.400960678622780134e-03
7.685468365617251739e-03
7.654444113368847127e-03
5.237758900962336765e-04
0.000000000000000000e+00
0.000000000000000000e+00
0.000000000000000000e+00
0.000000000000000000e+00
1.765992463794618939e-02
7.613993122547174641e-02
6.875960851745525904e-02
2.423173623143324087e-02
0.000000000000000000e+00
0.000000000000000000e+00
0.000000000000000000e+00
0.000000000000000000e+00
4.910420712556152513e-03
0.000000000000000000e+00
0.000000000000000000e+00
0.000000000000000000e+00
6.756727689343688947e-02
6.940484273053984521e-02
1.860062932661225507e-02
0.000000000000000000e+00
0.000000000000000000e+00
0.000000000000000000e+00
2.863509929582200297e-02
8.566958839878721643e-02
8.597353286350500889e-02
1.658792562883186147e-02
1.376764945358359242e-02
1.588619596687346550e-02
1.431423159871782029e-02
2.349907421176391977e-03
0.000000000000000000e+00
0.000000000000000000e+00
0.000000000000000000e+00
0.000000000000000000e+00
0.000000000000000000e+00
0.000000000000000000e+00
0.000000000000000000e+00
2.264943569697789316e-01
3.702577553164190238e-01
3.199311473613911661e-01
1.617844816447389367e-01
0.000000000000000000e+00
0.000000000000000000e+00
0.000000000000000000e+00
0.000000000000000000e+00
0.000000000000000000e+00
0.000000000000000000e+00
0.000000000000000000e+00
0.000000000000000000e+00
0.000000000000000000e+00
0.000000000000000000e+00
0.000000000000000000e+00
0.000000000000000000e+00
0.000000000000000000e+00
0.000000000000000000e+00
0.000000000000000000e+00
0.000000000000000000e+00
0.000000000000000000e+00
0.000000000000000000e+00
1.720685831250581832e-03
1.720685831250581832e-03
4.301714578126454580e-04
0.000000000000000000e+00
0.000000000000000000e+00
