7.474885469048261899e-02
0.000000000000000000e+00
0.000000000000000000e+00
0.000000000000000000e+00
3.527486361784001878e-02
4.989521233069785927e-02
3.138587366319293276e-02
2.717327381280380122e-02
2.839449642302153964e-02
1.399895456835806296e-02
1.232817731681143609e-03
0.000000000000000000e+00
0.000000000000000000e+00
1.493457551993190857e-02
2.144312100630032039e-02
1.906364651768439542e-02
3.997635553550213730e-03
0.000000000000000000e+00
0.000000000000000000e+00
8.031733546799969120e-03
2.501389002343999690e-02
3.386407898650564685e-02
3.059064130933175293e-02
1.647744542112658181e-02
0.000000000000000000e+00
0.000000000000000000e+00
0.000000000000000000e+00
0.000000000000000000e+00
0.000000000000000000e+00
0.000000000000000000e+00
0.000000000000000000e+00
0.000000000000000000e+00
0.000000000000000000e+00
0.000000000000000000e+00
0.000000000000000000e+00
3.549776366438132935e-02
0.000000000000000000e+00
0.000000000000000000e+00
0.000000000000000000e+00
0.000000000000000000e+00
2.689538210585587508e-01
5.430432274201747456e-01
4.972804369559001847e-01
2.497474820158287478e-01
0.000000000000000000e+00
0.000000000000000000e+00
0.000000000000000000e+00
0.000000000000000000e+00
0.000000000000000000e+00
0.000000000000000000e+00
0.000000000000000000e+00
2.770304188313437166e-01
4.598759338413154207e-01
4.186799277485763193e-01
9.252067077367420733e-02
0.000000000000000000e+00
0.000000000000000000e+00
0.000000000000000000e+00
0.000000000000000000e+00
1.392649703832110619e-01
4.486738978259426774e-02
3.005890341395099294e-02
1.472120624970811240e-02
0.000000000000000000e+00
0.000000000000000000e+00
0.000000000000000000e+00
0.000000000000000000e+00
0.000000000000000000e+00
3.135861708698188446e-03
4.307235142466563776e-02
7.519417890113890002e-02
7.519368660897374212e-02
3.096447813371120891e-02
0.000000000000000000e+00
0.000000000000000000e+00
0.000000000000000000e+00
0.000000000000000000e+00
0.000000000000000000e+00
2.696370175614727291e-02
3.944771251686634422e-02
2.927547622621035073e-02
0.000000000000000000e+00
0.000000000000000000e+00
0.000000000000000000e+00
0.000000000000000000e+00
0.000000000000000000e+00
0.000000000000000000e+00
0.000000000000000000e+00
2.051956449472067470e-02
4.702278600542027232e-02
2.129437656957101216e-02
0.000000000000000000e+00
0.000000000000000000e+00
0.000000000000000000e+00
0.000000000000000000e+00
2.091114155956385334e-01
3.716487760582960487e-01
3.283612896755075949e-01
1.617844816447389367e-01
0.000000000000000000e+00
0.000000000000000000e+00
0.000000000000000000e+00
0.000000000000000000e+00
0.000000000000000000e+00
0.000000000000000000e+00
0.000000000000000000e+00
0.000000000000000000e+00
0.000000000000000000e+00
0.000000000000000000e+00
0.000000000000000000e+00
0.000000000000000000e+00
0.000000000000000000e+00
0.000000000000000000e+00
0.000000000000000000e+00
0.000000000000000000e+00
0.000000000000000000e+00
0.000000000000000000e+00
0.000000000000000000e+00
0.000000000000000000e+00
0.000000000000000000e+00
0.000000000000000000e+00
0.000000000000000000e+00
0.000000000000000000e+00
0.000000000000000000e+00
0.000000000000000000e+00
0.000000000000000000e+00
1.720685831250581832e-03
3.441371662501163664e-03
3.871543120313809122e-03
2.150857289063227290e-03
0.000000000000000000e+00
0.000000000000000000e+00
0.000000000000000000e+00
0.000000000000000000e+00
