-3.266283124685287476e-02 -7.049795240163803101e-02 -1.432643085718154907e-02
-8.549796789884567261e-02 -1.210358738899230957e-01 -1.100306492298841476e-02
-7.583988457918167114e-02 -1.012744605541229248e-01 -5.301313009113073349e-03
-1.004547551274299622e-01 -6.428100168704986572e-02 1.289852708578109741e-02
-9.431269019842147827e-02 -3.044863045215606689e-02 3.601336479187011719e-02
-1.841356754302978516e-01 -7.295615505427122116e-03 2.920210361480712891e-02
-2.607199847698211670e-01 9.944553487002849579e-03 -3.191443393006920815e-03
-1.800836473703384399e-01 7.218015193939208984e-02 -4.041436687111854553e-02
-7.181728631258010864e-02 1.238316744565963745e-01 -7.947839796543121338e-02
9.717076271772384644e-02 1.615568101406097412e-01 -6.517262011766433716e-02
9.592872858047485352e-02 1.979608088731765747e-01 7.866831496357917786e-03
-6.758671998977661133e-02 2.308849990367889404e-01 4.937320947647094727e-02
-1.292130351066589355e-01 1.727063804864883423e-01 8.484418690204620361e-02
-7.836037129163742065e-02 -7.305931765586137772e-03 7.849631458520889282e-02
1.031738445162773132e-01 -2.119390517473220825e-01 3.114197775721549988e-02
2.783904969692230225e-01 -3.139152824878692627e-01 3.707081452012062073e-02
2.941663861274719238e-01 -2.444641441106796265e-01 4.021939635276794434e-02
2.741162776947021484e-01 -1.195322945713996887e-01 -1.713087037205696106e-02
2.779636979103088379e-01 -1.106093302369117737e-01 -7.042590528726577759e-02
1.953042298555374146e-01 -1.520510315895080566e-01 -1.106189936399459839e-01
6.674674898386001587e-02 -2.371661663055419922e-01 -7.993422448635101318e-02
-1.821313351392745972e-01 -1.513931155204772949e-01 1.873910054564476013e-02
-3.112781345844268799e-01 1.148348301649093628e-01 9.497448056936264038e-02
-2.302428334951400757e-01 2.834785878658294678e-01 1.514071673154830933e-01
-8.453591912984848022e-02 3.729825019836425781e-01 1.739922165870666504e-01
5.500682815909385681e-02 3.250769078731536865e-01 2.221808284521102905e-01
5.384407192468643188e-02 1.906315535306930542e-01 2.080105841159820557e-01
-9.658481180667877197e-02 9.732445329427719116e-02 1.533330678939819336e-01
-2.079119682312011719e-01 1.934361271560192108e-02 7.612489163875579834e-02
-1.599513739347457886e-01 2.832728996872901917e-02 -4.986653476953506470e-02
5.616057314909994602e-04 2.238891832530498505e-02 -1.784751713275909424e-01
2.079394012689590454e-01 -1.709627658128738403e-01 -3.003290295600891113e-01
1.369070112705230713e-01 -3.705459535121917725e-01 -3.647468984127044678e-01
-2.825344726443290710e-02 -4.847086369991302490e-01 -1.991781592369079590e-01
-7.445538043975830078e-02 -3.677261769771575928e-01 2.216478735208511353e-01
-3.574590664356946945e-03 -1.545644849538803101e-01 4.727641046047210693e-01
3.037129342555999756e-01 3.604371333494782448e-03 4.710414707660675049e-01
3.133943378925323486e-01 1.004897505044937134e-01 5.004730448126792908e-02
-2.676340378820896149e-02 2.784908711910247803e-01 -4.736308157444000244e-01
-1.897310018539428711e-01 4.116679131984710693e-01 -5.892072916030883789e-01
-1.709377616643905640e-01 3.632484376430511475e-01 -5.056725144386291504e-01
1.443212032318115234e-01 7.351734489202499390e-02 -1.450215429067611694e-01
3.047217726707458496e-01 -1.625397503376007080e-01 2.353268116712570190e-01
1.311700791120529175e-01 -1.249990332871675491e-02 3.108980059623718262e-01
-2.330119162797927856e-01 2.660760879516601562e-01 1.979447603225708008e-01
-2.105904221534729004e-01 2.982091903686523438e-01 1.195257622748613358e-02
3.876213729381561279e-02 -1.251789331436157227e-01 6.057261303067207336e-02
3.021516501903533936e-01 -3.676320314407348633e-01 1.974267810583114624e-01
2.918659746646881104e-01 -3.212394416332244873e-01 2.159489989280700684e-01
-2.250641882419586182e-01 -1.189673319458961487e-01 1.068533435463905334e-01
-4.410332143306732178e-01 6.366539746522903442e-02 -2.081404179334640503e-01
-3.396346271038055420e-01 -3.462263196706771851e-02 -4.103274047374725342e-01
-2.227980084717273712e-02 -8.959498256444931030e-02 -4.886650741100311279e-01
3.069897592067718506e-01 -1.187013760209083557e-01 -3.776601850986480713e-01
1.146509274840354919e-01 -8.320955932140350342e-02 -1.088594365864992142e-02
-2.825199663639068604e-01 2.446652390062808990e-02 2.915019392967224121e-01
-3.470527231693267822e-01 1.471882909536361694e-01 3.292770385742187500e-01
-1.108784824609756470e-01 3.154192268848419189e-01 2.807297110557556152e-01
2.837107777595520020e-01 3.159969151020050049e-01 1.110529452562332153e-01
3.643468320369720459e-01 1.270675212144851685e-01 -2.117031067609786987e-02
1.120612025260925293e-01 -1.149350032210350037e-01 -7.955211400985717773e-02
-1.212245598435401917e-01 -2.885405123233795166e-01 -1.758606880903244019e-01
-4.282192885875701904e-02 -2.551353275775909424e-01 -1.405647546052932739e-01
1.331767141819000244e-01 -1.536656022071838379e-01 2.412586100399494171e-02
2.382450997829437256e-01 -5.563719570636749268e-02 1.643791198730468750e-01
1.581567823886871338e-01 5.095703154802322388e-02 3.176622688770294189e-01
-5.014518275856971741e-02 1.998219043016433716e-01 3.994665145874023438e-01
-1.471782624721527100e-01 3.103623390197753906e-01 4.263479709625244141e-01
-2.000303566455841064e-01 2.183469831943511963e-01 4.065811932086944580e-01
-1.742210984230041504e-01 2.972598653286695480e-03 1.837024688720703125e-01
7.824101299047470093e-02 -2.525559663772583008e-01 -1.629644781351089478e-01
2.719326913356781006e-01 -2.449624091386795044e-01 -3.931282162666320801e-01
3.712756335735321045e-01 -4.895892366766929626e-02 -3.599122464656829834e-01
3.153025209903717041e-01 1.271053124219179153e-02 -1.418654322624206543e-01
2.603277005255222321e-02 7.487455755472183228e-02 -1.745387539267539978e-02
-2.589771747589111328e-01 -1.061292178928852081e-02 5.645342543721199036e-02
-3.156428337097167969e-01 1.433205470675602555e-04 -3.008676320314407349e-02
-2.695871889591217041e-01 3.033543378114700317e-02 -1.186361610889434814e-01
-1.714078783988952637e-01 1.806790754199028015e-02 -5.514316260814666748e-02
-8.156192302703857422e-02 3.456835448741912842e-02 -6.389129906892776489e-02
-2.830968797206878662e-02 1.914588920772075653e-02 -6.747150421142578125e-02
1.536733359098434448e-01 6.610182672739028931e-02 -3.925077617168426514e-02
2.881076037883758545e-01 8.141742646694183350e-02 -3.435574844479560852e-02
2.843534946441650391e-01 9.992406517267227173e-02 3.635555272921919823e-03
3.348511457443237305e-02 -4.559492936095921323e-06 2.626377344131469727e-02
-3.477008938789367676e-01 -1.171807572245597839e-01 9.848685935139656067e-03
-5.495340824127197266e-01 -1.519273072481155396e-01 2.695224806666374207e-02
-5.043433904647827148e-01 -1.343471407890319824e-01 1.457810401916503906e-01
-2.059216648340225220e-01 1.283828020095825195e-01 1.654935628175735474e-01
1.315589994192123413e-01 2.159716188907623291e-01 9.453311562538146973e-02
3.394439816474914551e-01 2.196643352508544922e-01 -1.202700138092041016e-01
3.287268877029418945e-01 8.568571507930755615e-02 -3.383690416812896729e-01
2.611589133739471436e-01 -1.258699148893356323e-01 -1.822002232074737549e-01
1.603286713361740112e-01 -1.662913411855697632e-01 2.350546047091484070e-02
8.907069265842437744e-02 -1.894948929548263550e-01 2.537340819835662842e-01
1.482672840356826782e-01 -1.047006398439407349e-01 1.958443224430084229e-01
2.576685547828674316e-01 -6.419406831264495850e-02 -8.163723349571228027e-02
2.320781946182250977e-01 -9.843022562563419342e-03 -2.568952441215515137e-01
6.554085016250610352e-02 9.646176546812057495e-02 -2.992233335971832275e-01
-1.080382913351058960e-01 1.813296973705291748e-01 -5.100163072347640991e-02
-1.654816269874572754e-01 1.358070075511932373e-01 2.179486751556396484e-01
-4.980434104800224304e-02 4.933676123619079590e-02 3.867549896240234375e-01
1.566469855606555939e-02 -6.362653523683547974e-02 2.385300844907760620e-01
-9.805680811405181885e-02 -1.711767017841339111e-01 -5.813632905483245850e-02
-8.595171570777893066e-02 -1.992760002613067627e-01 -1.423043757677078247e-01
-5.217517167329788208e-02 -8.854579180479049683e-02 -1.025017946958541870e-01
-4.808537662029266357e-02 2.838938869535923004e-02 -9.431598591618239880e-04
-5.496492609381675720e-02 1.144207864999771118e-01 -7.963234931230545044e-02
-2.388576716184616089e-01 7.171046733856201172e-02 -2.495671212673187256e-01
-1.772219687700271606e-01 -1.724200397729873657e-01 -1.227868795394897461e-01
2.003893814980983734e-02 -1.043965965509414673e-01 1.065758168697357178e-01
8.041478693485260010e-02 7.290471810847520828e-03 2.382558733224868774e-01
1.499023884534835815e-01 4.271391406655311584e-02 2.267786562442779541e-01
1.236166059970855713e-01 4.203486442565917969e-02 -1.123727560043334961e-01
2.110779136419296265e-01 -8.696634322404861450e-02 -1.832085102796554565e-01
3.100905716419219971e-01 -8.783598244190216064e-02 -1.013626754283905029e-01
1.599093824625015259e-01 4.351312667131423950e-02 2.426780201494693756e-02
-4.344072565436363220e-02 1.318296939134597778e-01 2.498155385255813599e-01
-1.880734115839004517e-01 1.416609287261962891e-01 1.381556242704391479e-01
-2.609477341175079346e-01 1.700570285320281982e-01 -8.361023850739002228e-03
-1.991934180259704590e-01 1.067368164658546448e-01 -1.602569967508316040e-01
-1.587160080671310425e-01 8.135993033647537231e-03 -2.384779453277587891e-01
-1.314002126455307007e-01 -2.540609985589981079e-02 -8.689478039741516113e-02
-8.765788748860359192e-03 -1.015643179416656494e-01 1.898241415619850159e-02
-1.373961800709366798e-03 -1.396242380142211914e-01 -9.389341808855533600e-03
1.157023459672927856e-01 -1.513160318136215210e-01 -3.459141403436660767e-02
1.587345600128173828e-01 -1.234748810529708862e-01 6.749413162469863892e-02
9.229791164398193359e-02 -9.138460271060466766e-03 1.801157444715499878e-01
-1.340274512767791748e-01 2.009191811084747314e-01 2.113448530435562134e-01
-3.720273077487945557e-01 2.743220627307891846e-01 -1.960194483399391174e-02
-3.027730584144592285e-01 2.171235978603363037e-01 -1.932960301637649536e-01
-1.584240943193435669e-01 1.093567386269569397e-01 -1.651741117238998413e-01
6.205066293478012085e-02 -3.593337535858154297e-02 -7.769885659217834473e-02
1.085136309266090393e-01 -4.703397303819656372e-02 5.053400248289108276e-02
