-4.095223546028137207e-01 -6.360799670219421387e-01 1.891866773366928101e-01
-4.873305559158325195e-01 -5.960996747016906738e-01 2.050336301326751709e-01
-4.654513299465179443e-01 -6.397330164909362793e-01 1.980418413877487183e-01
-4.680745303630828857e-01 -6.184551715850830078e-01 2.349396497011184692e-01
-4.537498354911804199e-01 -6.096926927566528320e-01 2.762081027030944824e-01
-4.383782148361206055e-01 -6.073548197746276855e-01 2.134541869163513184e-01
-4.156972169876098633e-01 -5.895284414291381836e-01 1.957641690969467163e-01
-4.344235360622406006e-01 -6.410119533538818359e-01 2.867448627948760986e-01
-4.003993570804595947e-01 -5.970180034637451172e-01 2.987207174301147461e-01
-4.010708630084991455e-01 -5.668733716011047363e-01 3.373304605484008789e-01
-3.834940195083618164e-01 -5.267277359962463379e-01 3.569596111774444580e-01
-3.099125921726226807e-01 -4.605378210544586182e-01 3.783560395240783691e-01
-2.896615564823150635e-01 -3.397023677825927734e-01 3.901008665561676025e-01
-2.113831341266632080e-01 -8.551745861768722534e-02 3.795055150985717773e-01
-1.704978793859481812e-01 1.282408181577920914e-02 3.088083267211914062e-01
-1.825815737247467041e-01 9.759033471345901489e-02 3.016138970851898193e-01
-1.310694217681884766e-01 1.742174923419952393e-01 2.911179661750793457e-01
-5.302555114030838013e-02 2.021825164556503296e-01 2.990400195121765137e-01
-6.240132823586463928e-02 2.059158980846405029e-01 2.760770618915557861e-01
-1.343552470207214355e-01 2.072876840829849243e-01 2.705456316471099854e-01
-1.885195672512054443e-01 1.077285781502723694e-01 2.083898931741714478e-01
-2.412074506282806396e-01 -1.711958199739456177e-01 2.959939837455749512e-01
-2.932769060134887695e-01 -3.857927322387695312e-01 3.215124905109405518e-01
-3.046836256980895996e-01 -4.295136630535125732e-01 3.414391279220581055e-01
-3.014753162860870361e-01 -4.619744420051574707e-01 3.393394052982330322e-01
-3.314177691936492920e-01 -3.972523808479309082e-01 3.524278700351715088e-01
-3.261125087738037109e-01 -3.657127022743225098e-01 3.284812867641448975e-01
-3.582578003406524658e-01 -3.389966487884521484e-01 3.006299734115600586e-01
-3.106451034545898438e-01 -2.994521558284759521e-01 2.377880364656448364e-01
-3.296247720718383789e-01 -2.626089751720428467e-01 2.006006687879562378e-01
-3.469111323356628418e-01 -2.564237713813781738e-01 2.226239889860153198e-01
-3.839727938175201416e-01 -2.666342258453369141e-01 1.917712539434432983e-01
-4.023858904838562012e-01 -3.335823714733123779e-01 1.523630321025848389e-01
-3.808909356594085693e-01 -2.347974181175231934e-01 1.936664283275604248e-01
-2.996769547462463379e-01 -6.558325886726379395e-02 2.710718214511871338e-01
-2.599979341030120850e-01 -1.200456172227859497e-01 2.111143469810485840e-01
-3.428623676300048828e-01 -1.754337549209594727e-01 3.357639014720916748e-01
-2.752283513545989990e-01 -3.229254186153411865e-01 3.221334517002105713e-01
-6.731167435646057129e-02 -3.409062922000885010e-01 2.104403674602508545e-01
1.142727285623550415e-01 -4.447884857654571533e-01 6.844587624073028564e-02
-1.248419657349586487e-01 -3.555641472339630127e-01 -2.389222569763660431e-02
-2.355332821607589722e-01 -3.721385002136230469e-01 1.601067930459976196e-01
-2.853479981422424316e-01 -1.469190716743469238e-01 2.183917015790939331e-01
-3.196863532066345215e-01 -1.281975209712982178e-01 5.019756406545639038e-02
-2.475146353244781494e-01 -2.453656494617462158e-01 -3.138264119625091553e-01
-2.961152195930480957e-01 -2.896177172660827637e-01 -1.014562025666236877e-01
-2.702707946300506592e-01 -3.959268331527709961e-02 -2.960670292377471924e-01
-3.294723629951477051e-01 -1.697263866662979126e-01 -4.007643759250640869e-01
-3.312186002731323242e-01 -1.990294903516769409e-01 -5.108824372291564941e-01
-1.643149852752685547e-01 -2.081502228975296021e-01 -6.710830926895141602e-01
-9.470178186893463135e-02 -2.613326013088226318e-01 -5.806401371955871582e-01
-8.170896023511886597e-02 -3.489363789558410645e-01 -5.687620639801025391e-01
-7.511603832244873047e-02 -2.502072155475616455e-01 -5.545035600662231445e-01
1.384273767471313477e-01 -9.953498840332031250e-02 -3.757347762584686279e-01
7.886256277561187744e-02 -1.467096060514450073e-02 1.202732846140861511e-01
2.564594522118568420e-02 -1.430552732199430466e-02 2.473285049200057983e-01
-8.263798430562019348e-03 1.875479519367218018e-02 3.267003595829010010e-01
-3.312144055962562561e-02 4.090285301208496094e-02 3.445618450641632080e-01
-1.348853856325149536e-01 1.907405704259872437e-01 3.735708296298980713e-01
-1.495019048452377319e-01 2.269324809312820435e-01 3.851370811462402344e-01
-2.553632855415344238e-01 2.536378800868988037e-01 3.203910291194915771e-01
-2.417319118976593018e-01 2.828734219074249268e-01 2.513426542282104492e-01
-2.971664369106292725e-01 3.164137005805969238e-01 3.503046631813049316e-01
-3.772295415401458740e-01 2.714646756649017334e-01 3.710457086563110352e-01
-3.668476939201354980e-01 2.706832587718963623e-01 3.572357296943664551e-01
-4.043491184711456299e-01 2.420119494199752808e-01 3.861210942268371582e-01
-3.722051084041595459e-01 1.906336992979049683e-01 3.306571841239929199e-01
-3.056367039680480957e-01 8.910223841667175293e-02 3.346855640411376953e-01
-2.510706186294555664e-01 9.690151363611221313e-02 2.633432149887084961e-01
-2.356521785259246826e-01 -1.280890554189682007e-01 3.098931312561035156e-01
-2.145912051200866699e-01 -5.245437100529670715e-02 3.267755210399627686e-01
7.656720280647277832e-02 -2.403068989515304565e-01 3.834008872509002686e-01
1.320357322692871094e-01 -3.343105316162109375e-01 3.967009782791137695e-01
1.011163368821144104e-01 -2.276593148708343506e-01 4.463579952716827393e-01
3.465015292167663574e-01 -2.624342739582061768e-01 2.373206019401550293e-01
2.781113982200622559e-01 -3.891066312789916992e-01 2.373536229133605957e-01
4.293296039104461670e-01 -3.353478312492370605e-01 2.438699901103973389e-01
4.692429006099700928e-01 -3.497683107852935791e-01 2.639218270778656006e-01
4.740240275859832764e-01 -3.425797224044799805e-01 2.704024612903594971e-01
4.794169962406158447e-01 -3.528595566749572754e-01 2.732557058334350586e-01
4.927700161933898926e-01 -3.494419753551483154e-01 2.586310505867004395e-01
4.454191029071807861e-01 -3.401798903942108154e-01 3.004705905914306641e-01
4.551399350166320801e-01 -3.388998210430145264e-01 2.600581049919128418e-01
4.756397008895874023e-01 -2.867904603481292725e-01 2.867772579193115234e-01
4.671757817268371582e-01 -2.844720780849456787e-01 2.469462156295776367e-01
4.984432756900787354e-01 -2.689734101295471191e-01 2.030604928731918335e-01
4.336349964141845703e-01 -2.896481752395629883e-01 1.539728492498397827e-01
3.108028769493103027e-01 -2.622118890285491943e-01 8.919325470924377441e-02
3.387833237648010254e-01 -1.523585468530654907e-01 -6.524250656366348267e-02
2.570147514343261719e-01 -3.030424416065216064e-01 -1.186327934265136719e-01
-7.987698167562484741e-02 -1.524963695555925369e-02 -2.586773931980133057e-01
9.283804148435592651e-02 -1.296748369932174683e-01 -4.061738848686218262e-01
-4.774093255400657654e-02 -8.197622746229171753e-02 -2.817304134368896484e-01
-1.795386672019958496e-01 -1.540567129850387573e-01 -3.800000250339508057e-01
-4.626077711582183838e-01 -3.042780794203281403e-02 -3.732381761074066162e-01
-4.062567055225372314e-01 -1.277594268321990967e-01 -4.288545548915863037e-01
-4.348704814910888672e-01 -1.177125796675682068e-01 -4.228711724281311035e-01
-3.685617446899414062e-01 -1.724137812852859497e-01 -4.398265480995178223e-01
-4.401649236679077148e-01 -2.157498747110366821e-01 -4.535516202449798584e-01
-4.588041603565216064e-01 -3.513151109218597412e-01 -4.841637611389160156e-01
-4.376010000705718994e-01 -4.073797166347503662e-01 -4.844880104064941406e-01
-5.663677453994750977e-01 -2.577670514583587646e-01 -4.946535229682922363e-01
-5.239534378051757812e-01 -2.339063733816146851e-01 -4.659072458744049072e-01
-4.405145347118377686e-01 -3.443515300750732422e-01 -5.331855416297912598e-01
-3.946899473667144775e-01 -3.782389163970947266e-01 -4.845211505889892578e-01
-5.203853845596313477e-01 -3.125258684158325195e-01 -5.407714247703552246e-01
-5.333443880081176758e-01 -2.985353171825408936e-01 -5.653896331787109375e-01
-5.007675290107727051e-01 -3.588778376579284668e-01 -5.800833106040954590e-01
-4.881924390792846680e-01 -4.433394074440002441e-01 -6.113399863243103027e-01
-5.090809464454650879e-01 -3.610475957393646240e-01 -5.602379441261291504e-01
-4.832476079463958740e-01 -3.783606886863708496e-01 -5.303328037261962891e-01
-4.801116883754730225e-01 -2.464011907577514648e-01 -5.939303636550903320e-01
-5.091626048088073730e-01 -2.675114572048187256e-01 -5.184339880943298340e-01
-4.407434165477752686e-01 -4.001004695892333984e-01 -5.641319155693054199e-01
-5.032550096511840820e-01 -3.556330502033233643e-01 -5.802454948425292969e-01
-4.582668542861938477e-01 -3.175763785839080811e-01 -5.418696403503417969e-01
-4.276720583438873291e-01 -4.082347750663757324e-01 -6.143105030059814453e-01
-4.847494661808013916e-01 -3.800935149192810059e-01 -6.531273126602172852e-01
-4.681621789932250977e-01 -3.851082623004913330e-01 -6.826063394546508789e-01
-4.693397283554077148e-01 -4.066679775714874268e-01 -6.908013224601745605e-01
-4.641528129577636719e-01 -4.066587984561920166e-01 -7.056276798248291016e-01
-3.827130794525146484e-01 -4.181971251964569092e-01 -7.111702561378479004e-01
-4.271157383918762207e-01 -4.147918522357940674e-01 -7.170709371566772461e-01
-4.909269809722900391e-01 -3.353686630725860596e-01 -6.649566888809204102e-01
-4.552097022533416748e-01 -3.867122828960418701e-01 -6.960036158561706543e-01
-4.424541592597961426e-01 -4.130905866622924805e-01 -7.102473974227905273e-01
-4.870141744613647461e-01 -4.028931558132171631e-01 -6.584826707839965820e-01
-4.777432680130004883e-01 -3.641482591629028320e-01 -6.425385475158691406e-01
-4.802325069904327393e-01 -4.174565374851226807e-01 -6.470763087272644043e-01
-3.990788757801055908e-01 -4.495078027248382568e-01 -6.910107135772705078e-01
-3.846215009689331055e-01 -3.050595521926879883e-01 -6.581915020942687988e-01
-4.098672568798065186e-01 -3.578449785709381104e-01 -6.625863909721374512e-01
-4.036274254322052002e-01 -2.435759454965591431e-01 -3.209966421127319336e-01
-3.533251583576202393e-01 -1.924429684877395630e-01 -3.436833992600440979e-02
