7.425155490636825562e-03 -6.764176068827509880e-04 -1.789841502904891968e-01
-1.293338835239410400e-02 -3.314331546425819397e-02 -1.963973194360733032e-01
-2.723985724151134491e-02 -4.416717216372489929e-02 -1.306048780679702759e-01
-4.183114320039749146e-02 -8.670286834239959717e-02 -1.026671677827835083e-01
-9.974298998713493347e-03 -2.072853744029998779e-01 -2.211316823959350586e-01
-3.237955644726753235e-02 -6.849093735218048096e-02 -5.477322638034820557e-02
-2.081396616995334625e-02 -3.068536147475242615e-02 1.627870462834835052e-02
7.509049028158187866e-02 3.707471117377281189e-02 1.868116706609725952e-01
1.931647509336471558e-01 8.016467839479446411e-02 2.323472648859024048e-01
2.763540744781494141e-01 1.106261685490608215e-01 1.191001161932945251e-01
3.369248509407043457e-01 1.362218558788299561e-01 9.179709851741790771e-02
3.402791619300842285e-01 6.167433410882949829e-02 -1.033105980604887009e-02
3.697221577167510986e-01 4.823647439479827881e-02 3.120860457420349121e-02
3.899613022804260254e-01 1.038648262619972229e-01 1.476530730724334717e-01
3.420946896076202393e-01 1.401721686124801636e-01 1.621503680944442749e-01
2.494362741708755493e-01 9.862849116325378418e-02 1.062071993947029114e-01
1.066790074110031128e-01 8.432106114923954010e-03 2.701632864773273468e-02
-1.453380845487117767e-02 -1.298393905162811279e-01 -6.528124213218688965e-02
-8.552872389554977417e-02 -9.222120791673660278e-02 -9.898164868354797363e-02
-2.218953967094421387e-01 6.835160404443740845e-02 -2.054181694984436035e-01
-4.082005620002746582e-01 3.688346222043037415e-02 -2.707181572914123535e-01
-4.675301909446716309e-01 3.962136805057525635e-02 -2.072744965553283691e-01
-4.382192790508270264e-01 -6.667360663414001465e-02 -1.180403158068656921e-01
-2.397179156541824341e-01 -1.524330228567123413e-01 4.615745972841978073e-03
-8.958248421549797058e-03 -3.165746480226516724e-02 7.043974101543426514e-02
9.393306076526641846e-02 -4.396531730890274048e-02 4.534579813480377197e-03
1.221899613738059998e-01 -6.191119179129600525e-02 -7.781705260276794434e-02
7.894078642129898071e-02 -3.921114653348922729e-02 -5.506800487637519836e-02
6.571840494871139526e-02 -3.413253650069236755e-02 -8.977650431916117668e-04
7.601049542427062988e-02 4.931540787220001221e-02 1.754954308271408081e-01
3.669547289609909058e-02 1.127326339483261108e-01 2.700931429862976074e-01
5.404834449291229248e-02 7.510110735893249512e-02 1.197759956121444702e-01
1.233821883797645569e-01 -1.483709271997213364e-02 -6.832970678806304932e-02
6.325665861368179321e-02 -1.449889838695526123e-01 -1.944043040275573730e-01
3.012795746326446533e-02 -3.197824358940124512e-01 -6.364350020885467529e-02
-1.753880232572555542e-01 -3.049632608890533447e-01 2.474657446146011353e-01
-3.942478001117706299e-01 -1.255256235599517822e-01 2.952588796615600586e-01
-4.966522455215454102e-01 3.928098455071449280e-02 2.830824553966522217e-01
-4.577310979366302490e-01 2.351269423961639404e-01 5.442037060856819153e-02
-2.031736224889755249e-01 6.683818995952606201e-02 5.025036633014678955e-03
2.530004084110260010e-01 -1.433432549238204956e-01 -1.498095244169235229e-01
3.921670019626617432e-01 -2.511705160140991211e-01 -3.110065758228302002e-01
2.767383158206939697e-01 -1.707017421722412109e-01 -4.097396135330200195e-01
6.941040046513080597e-03 6.271821912378072739e-03 -2.629000246524810791e-01
1.307091563940048218e-01 3.235460817813873291e-01 -1.388346552848815918e-01
3.352544605731964111e-01 4.367222487926483154e-01 -4.378585889935493469e-02
3.873069584369659424e-01 3.621429204940795898e-01 9.468036144971847534e-02
1.511661261320114136e-01 3.592434823513031006e-01 -9.148605912923812866e-02
-2.880373001098632812e-01 1.464384794235229492e-02 -1.109004616737365723e-01
-3.729625344276428223e-01 1.299216747283935547e-01 -1.756283640861511230e-01
-2.939836084842681885e-01 1.304252147674560547e-01 -1.560326516628265381e-01
-3.980987519025802612e-02 -1.322509199380874634e-01 1.060125753283500671e-01
1.445855945348739624e-01 -3.804043829441070557e-01 -6.382932513952255249e-02
1.572769880294799805e-01 -4.987041354179382324e-01 -3.888819217681884766e-01
7.700730115175247192e-02 -3.984255790710449219e-01 -5.067670345306396484e-01
4.018421471118927002e-02 -2.855474650859832764e-01 -4.528599381446838379e-01
9.796468913555145264e-02 -3.000204861164093018e-01 -3.480831161141395569e-02
2.005654424428939819e-01 -2.479739487171173096e-01 2.478116452693939209e-01
2.560416758060455322e-01 -9.332014247775077820e-03 1.587308049201965332e-01
2.240765094757080078e-01 3.073254823684692383e-01 1.115284208208322525e-02
1.829546540975570679e-01 2.862249612808227539e-01 -3.900113329291343689e-02
1.652903258800506592e-01 -2.461395226418972015e-02 -9.923173487186431885e-02
1.338276714086532593e-01 -2.493721395730972290e-01 -6.785125285387039185e-02
7.905780524015426636e-02 -3.430090248584747314e-01 -1.160687208175659180e-01
-1.956181600689888000e-02 -2.504432499408721924e-01 -2.524675428867340088e-01
-1.178242340683937073e-01 -1.751227825880050659e-01 -2.257300466299057007e-01
-1.436427682638168335e-01 -7.832600921392440796e-02 -1.595763415098190308e-01
-1.665444523096084595e-01 2.103812247514724731e-01 9.129778295755386353e-02
-1.160066127777099609e-01 4.358609318733215332e-01 3.742552399635314941e-01
-2.419030517339706421e-01 4.489499926567077637e-01 4.415552318096160889e-01
-4.074437320232391357e-01 2.601910531520843506e-01 4.456619620323181152e-01
-3.954581916332244873e-01 -3.212535753846168518e-02 2.589719593524932861e-01
-3.977232277393341064e-01 -2.401656471192836761e-02 6.681489944458007812e-02
-2.435859441757202148e-01 3.102569580078125000e-01 -8.433920145034790039e-02
-1.893070787191390991e-01 4.259326457977294922e-01 -1.066630706191062927e-01
-2.332982420921325684e-01 3.793348371982574463e-01 7.431201636791229248e-03
-1.472821384668350220e-01 1.202014982700347900e-01 -5.951866880059242249e-02
-8.387383073568344116e-02 -1.074901074171066284e-01 -1.097860839217901230e-02
-2.528870664536952972e-02 -3.757788985967636108e-02 -3.323354525491595268e-03
4.504227638244628906e-02 -1.460572704672813416e-02 1.036798730492591858e-01
5.334421992301940918e-02 6.931310985237360001e-03 1.619971096515655518e-01
6.061556190252304077e-02 1.198112731799483299e-03 8.964443206787109375e-02
6.585532426834106445e-02 5.958899855613708496e-02 2.847283147275447845e-02
3.872201591730117798e-02 1.901485621929168701e-01 -1.073551252484321594e-01
2.842642553150653839e-02 2.371647059917449951e-01 -1.945251524448394775e-01
9.599765390157699585e-02 9.642859548330307007e-02 -2.287183403968811035e-01
1.433739364147186279e-01 -2.456009238958358765e-01 -3.008676134049892426e-02
1.505661308765411377e-01 -4.266137480735778809e-01 1.441912651062011719e-01
2.650258839130401611e-01 -4.587334692478179932e-01 3.065727949142456055e-01
2.568969726562500000e-01 -3.161852955818176270e-01 4.341456592082977295e-01
3.596118092536926270e-01 -1.590360105037689209e-01 3.007847070693969727e-01
3.475232720375061035e-01 -2.408092841506004333e-02 2.148144245147705078e-01
3.389556407928466797e-01 1.547099500894546509e-01 1.870343647897243500e-02
2.672519683837890625e-01 8.928037434816360474e-02 -6.191895157098770142e-02
1.012372002005577087e-01 1.413598805665969849e-01 1.021479070186614990e-01
-1.727028563618659973e-02 1.499899476766586304e-01 1.016504094004631042e-01
-1.918708533048629761e-01 1.156379953026771545e-01 8.149725943803787231e-02
-2.367247194051742554e-01 1.341580152511596680e-01 -1.059030592441558838e-01
-3.390262722969055176e-01 2.156277745962142944e-01 -2.407019883394241333e-01
-1.245391666889190674e-01 1.018000468611717224e-01 -2.786968648433685303e-01
9.873136878013610840e-02 1.583269983530044556e-01 -1.958667039871215820e-01
1.136844083666801453e-01 2.219923585653305054e-01 -9.422402083873748779e-02
-3.198969364166259766e-02 1.935983747243881226e-01 1.594467903487384319e-03
-1.629701852798461914e-01 2.212128937244415283e-01 3.594532236456871033e-02
-3.147440403699874878e-02 6.981497257947921753e-02 -3.186829760670661926e-02
4.811382293701171875e-02 -5.041798576712608337e-02 1.101485788822174072e-01
-1.475860327482223511e-01 -2.743301726877689362e-02 7.624925673007965088e-02
-1.044749766588211060e-01 5.665380135178565979e-02 -1.691487617790699005e-02
-4.391893744468688965e-02 -9.706294536590576172e-02 -2.853269316256046295e-02
1.648570001125335693e-01 -1.293015182018280029e-01 -5.978642404079437256e-02
2.277946770191192627e-01 -1.955602169036865234e-01 -7.762147579342126846e-03
-8.704405277967453003e-02 -1.602033823728561401e-01 1.210909932851791382e-01
-4.658274725079536438e-02 3.432639315724372864e-02 1.195369735360145569e-01
-1.655981875956058502e-02 -6.693869829177856445e-02 1.306218951940536499e-01
-8.515384793281555176e-02 -1.135565117001533508e-01 8.172506093978881836e-02
-8.954217657446861267e-03 -7.495471835136413574e-02 -8.478690683841705322e-02
-1.585681438446044922e-01 7.153075188398361206e-02 -1.083596497774124146e-01
-1.451794803142547607e-01 1.917423158884048462e-01 -6.031858921051025391e-02
-4.273037984967231750e-02 1.655960679054260254e-01 2.746844477951526642e-02
-9.750601649284362793e-02 1.380324065685272217e-01 6.715604662895202637e-02
-6.791700422763824463e-02 1.219672262668609619e-01 -2.272064425051212311e-02
7.175699621438980103e-02 -2.282175235450267792e-03 -8.098669350147247314e-03
1.166637614369392395e-01 -1.000395938754081726e-01 -6.446233391761779785e-02
5.432206019759178162e-02 -1.908903419971466064e-01 -5.464223399758338928e-02
4.905739426612854004e-02 -1.665779799222946167e-01 2.769882231950759888e-02
-2.179006859660148621e-02 -1.071522757411003113e-01 3.462111204862594604e-02
4.791414365172386169e-03 -1.406010687351226807e-01 4.956958442926406860e-02
-1.047433242201805115e-01 7.194456178694963455e-03 -1.135079190135002136e-02
-1.167220175266265869e-01 -2.537617273628711700e-02 8.219999819993972778e-02
-6.341859698295593262e-02 2.426507882773876190e-02 1.351500302553176880e-01
9.769654273986816406e-02 -5.757233500480651855e-02 1.493335813283920288e-01
1.633470058441162109e-01 -2.140312343835830688e-01 8.416012860834598541e-03
7.239104807376861572e-02 -1.475370377302169800e-01 -8.266726881265640259e-02
6.431951373815536499e-02 -1.983142346143722534e-01 -3.887096792459487915e-02
