-4.727309942245483398e-01 5.844995751976966858e-02 1.128451451659202576e-01
-3.673786818981170654e-01 1.513057351112365723e-01 -3.656657636165618896e-01
-4.093616306781768799e-01 2.640378177165985107e-01 -3.330276906490325928e-01
-1.735563427209854126e-01 2.706829607486724854e-01 -1.611035019159317017e-01
-2.396336942911148071e-01 3.906156420707702637e-01 -8.317257463932037354e-02
-3.467321395874023438e-01 4.535295367240905762e-01 4.716735705733299255e-02
-4.414104223251342773e-01 5.177553296089172363e-01 1.511568576097488403e-01
-4.006353914737701416e-01 5.114156603813171387e-01 2.013243585824966431e-01
-3.971259891986846924e-01 4.981143772602081299e-01 1.838153451681137085e-01
-3.713448345661163330e-01 4.734636545181274414e-01 1.798951774835586548e-01
-3.543483018875122070e-01 4.791957437992095947e-01 1.699239164590835571e-01
-3.630247712135314941e-01 4.883032739162445068e-01 1.952406615018844604e-01
-4.107581675052642822e-01 4.637824892997741699e-01 2.277069240808486938e-01
-4.246998131275177002e-01 4.954849779605865479e-01 2.736481130123138428e-01
-4.524707198143005371e-01 4.827397465705871582e-01 3.072744607925415039e-01
-4.617600142955780029e-01 4.520148336887359619e-01 3.066273927688598633e-01
-4.400731027126312256e-01 4.843220412731170654e-01 3.195982575416564941e-01
-3.783221542835235596e-01 4.613751471042633057e-01 3.355527520179748535e-01
-2.466740906238555908e-01 3.519777357578277588e-01 3.770202398300170898e-01
-1.705998629331588745e-01 2.278887778520584106e-01 4.379835724830627441e-01
-1.951712928712368011e-02 2.215722650289535522e-01 4.513864219188690186e-01
3.327276557683944702e-02 2.063439488410949707e-01 5.045956373214721680e-01
1.462210714817047119e-01 2.037471085786819458e-01 4.722451567649841309e-01
1.239816024899482727e-01 1.560076326131820679e-01 4.908122420310974121e-01
1.253816932439804077e-01 1.367284208536148071e-01 4.772255420684814453e-01
1.517107635736465454e-01 1.194215416908264160e-01 4.612031280994415283e-01
1.814173161983489990e-01 1.087006852030754089e-01 4.436596333980560303e-01
1.779664754867553711e-01 1.028006374835968018e-01 4.212890565395355225e-01
2.036838084459304810e-01 4.790436103940010071e-02 4.291962087154388428e-01
1.816786080598831177e-01 8.105736970901489258e-02 4.399276375770568848e-01
1.917638033628463745e-01 2.388835698366165161e-02 4.647814929485321045e-01
1.248998194932937622e-01 -1.136068161576986313e-02 5.085884332656860352e-01
6.771510839462280273e-02 -4.559593275189399719e-03 5.063207745552062988e-01
3.005388192832469940e-02 5.794291384518146515e-03 5.322369933128356934e-01
-4.392088204622268677e-02 6.556478887796401978e-02 5.459060668945312500e-01
-1.090324074029922485e-01 -3.103645518422126770e-02 5.426924824714660645e-01
-2.021711319684982300e-01 -4.837059229612350464e-02 5.568274259567260742e-01
-2.785689234733581543e-01 -3.351453691720962524e-02 5.618332624435424805e-01
-2.978268861770629883e-01 -4.969954118132591248e-02 5.901431441307067871e-01
-2.541724443435668945e-01 -5.321148782968521118e-02 6.044742465019226074e-01
-3.310346603393554688e-01 -1.985267549753189087e-01 5.452588200569152832e-01
-2.971847653388977051e-01 -2.866209447383880615e-01 4.814673662185668945e-01
-1.836889535188674927e-01 -3.065679669380187988e-01 4.894998073577880859e-01
-3.341473639011383057e-02 -2.621530294418334961e-01 4.197434484958648682e-01
2.562747597694396973e-01 -3.414825797080993652e-01 2.756826281547546387e-01
4.429261982440948486e-01 -3.295668661594390869e-01 2.675649821758270264e-01
4.939644634723663330e-01 -2.985350489616394043e-01 2.760630548000335693e-01
4.655058979988098145e-01 -3.707648217678070068e-01 2.427975237369537354e-01
4.781618714332580566e-01 -3.804019987583160400e-01 2.702468931674957275e-01
5.540884733200073242e-01 -3.006110787391662598e-01 2.442894130945205688e-01
5.193306207656860352e-01 -3.592400252819061279e-01 2.479981184005737305e-01
5.573626160621643066e-01 -3.413709998130798340e-01 2.212100178003311157e-01
5.317061543464660645e-01 -3.914263546466827393e-01 1.904141753911972046e-01
5.272537469863891602e-01 -4.026875793933868408e-01 1.833176463842391968e-01
5.377060174942016602e-01 -3.451362252235412598e-01 1.947487443685531616e-01
5.351833105087280273e-01 -3.248797655105590820e-01 1.751986742019653320e-01
5.465773344039916992e-01 -3.172928392887115479e-01 1.448035687208175659e-01
5.113397836685180664e-01 -3.122745454311370850e-01 1.124840900301933289e-01
3.799302875995635986e-01 -4.017079174518585205e-01 5.726658925414085388e-02
-2.356073446571826935e-02 -4.779323935508728027e-01 -2.009236812591552734e-01
-2.456243783235549927e-01 -4.791539013385772705e-01 -3.640114963054656982e-01
-1.496865898370742798e-01 -2.093937844038009644e-01 -2.808414399623870850e-01
-1.527749150991439819e-01 -7.579243928194046021e-02 -3.225740492343902588e-01
-4.631489813327789307e-01 -1.798606216907501221e-01 -3.417210578918457031e-01
-4.994128048419952393e-01 -9.370114654302597046e-02 -4.062592387199401855e-01
-4.535220861434936523e-01 -2.556630969047546387e-01 -3.851137757301330566e-01
-5.410698056221008301e-01 -1.067348942160606384e-01 -3.566591739654541016e-01
-5.477055311203002930e-01 -1.541892737150192261e-01 -4.341937005519866943e-01
-5.036888122558593750e-01 -1.591855734586715698e-01 -4.855066835880279541e-01
-5.678165555000305176e-01 5.195317417383193970e-02 -4.304364621639251709e-01
-5.832327008247375488e-01 -1.777117103338241577e-01 -5.273704528808593750e-01
-5.264424085617065430e-01 -2.634905278682708740e-01 -4.737283289432525635e-01
-4.900714159011840820e-01 -3.208104372024536133e-01 -5.247965455055236816e-01
-5.031633377075195312e-01 -2.573380172252655029e-01 -4.749168157577514648e-01
-5.525660514831542969e-01 -2.655027210712432861e-01 -4.624097943305969238e-01
-5.237395763397216797e-01 -2.754390239715576172e-01 -5.209426283836364746e-01
-5.182933211326599121e-01 -2.828269004821777344e-01 -4.910106360912322998e-01
-4.703677296638488770e-01 -3.125564455986022949e-01 -5.228873491287231445e-01
-4.210982322692871094e-01 -3.900470137596130371e-01 -5.205233693122863770e-01
-5.323187112808227539e-01 -3.983714282512664795e-01 -5.263798236846923828e-01
-4.098295569419860840e-01 -3.774769306182861328e-01 -6.050731539726257324e-01
-4.290282726287841797e-01 -4.499959349632263184e-01 -6.526610851287841797e-01
-4.997870922088623047e-01 -3.540204167366027832e-01 -5.295398831367492676e-01
-4.668682217597961426e-01 -3.444003760814666748e-01 -5.310631394386291504e-01
-3.848777115345001221e-01 -4.236021339893341064e-01 -6.401156187057495117e-01
-4.919828176498413086e-01 -3.853426575660705566e-01 -6.109316945075988770e-01
