-2.328221797943115234e-01 -2.093743830919265747e-01 7.239589001983404160e-03
-2.656732499599456787e-01 -2.909373641014099121e-01 -1.907524466514587402e-01
-1.828299760818481445e-01 -2.624003887176513672e-01 -3.826377093791961670e-01
9.211143106222152710e-02 -5.015973001718521118e-03 -5.048328638076782227e-01
2.115512937307357788e-01 2.909285724163055420e-01 -3.343075811862945557e-01
2.367378920316696167e-01 3.178075551986694336e-01 6.420266628265380859e-02
1.312427818775177002e-01 1.920833289623260498e-01 3.395557403564453125e-01
1.820984482765197754e-02 -1.910711266100406647e-02 3.579539954662322998e-01
2.067165262997150421e-02 -1.273897886276245117e-01 1.139339506626129150e-01
-4.338416829705238342e-02 -7.291432470083236694e-02 -1.767581403255462646e-01
-9.378955513238906860e-02 -1.575048826634883881e-02 -2.907984256744384766e-01
-1.274786889553070068e-01 6.945913285017013550e-02 -1.670171022415161133e-01
-8.684015274047851562e-02 1.413526386022567749e-01 -3.743346082046627998e-03
6.317637115716934204e-02 1.479695439338684082e-01 1.701043546199798584e-01
2.107276022434234619e-01 2.828668057918548584e-02 2.932141423225402832e-01
2.351422160863876343e-01 -1.714603751897811890e-01 2.904939949512481689e-01
1.360717862844467163e-01 -3.043029308319091797e-01 2.387302964925765991e-01
-3.597070276737213135e-02 -3.315092325210571289e-01 4.937327280640602112e-02
-8.591551333665847778e-02 -1.695099174976348877e-01 -1.997653841972351074e-01
-1.837386004626750946e-02 6.577960215508937836e-03 -2.860318422317504883e-01
3.489552438259124756e-02 6.286098808050155640e-02 -2.458649277687072754e-01
2.162609808146953583e-02 8.666037023067474365e-02 -6.351118534803390503e-02
-1.418473124504089355e-01 1.007125824689865112e-01 1.275635212659835815e-01
-1.804199218750000000e-01 1.582731455564498901e-01 1.694239526987075806e-01
-1.697244495153427124e-01 1.500692218542098999e-01 1.265832185745239258e-01
-1.171928644180297852e-01 9.113710373640060425e-02 4.842446744441986084e-02
6.952061317861080170e-03 -1.384760439395904541e-02 -2.938518300652503967e-02
2.917584590613842010e-02 -9.958134591579437256e-02 -7.561942189931869507e-02
7.045240700244903564e-02 -4.238401725888252258e-02 -3.480805084109306335e-02
3.163095936179161072e-02 3.713335841894149780e-02 -1.390224136412143707e-02
-4.032438620924949646e-02 1.823297590017318726e-01 -4.534527286887168884e-02
-4.304508864879608154e-02 1.753155142068862915e-01 -9.646155685186386108e-02
-2.045756764709949493e-02 -2.097492478787899017e-02 -2.021722793579101562e-01
7.756873965263366699e-02 -1.777560710906982422e-01 -1.781498044729232788e-01
1.064848825335502625e-01 -2.256224006414413452e-01 -6.541043519973754883e-02
1.065990403294563293e-01 -1.792465336620807648e-02 1.046239063143730164e-01
6.545446813106536865e-02 1.398159414529800415e-01 2.818208932876586914e-01
-5.564970895648002625e-03 9.988981485366821289e-02 3.967851102352142334e-01
3.053282201290130615e-02 -7.563204318284988403e-02 4.481645524501800537e-01
8.548305183649063110e-02 -2.768218517303466797e-01 3.613805174827575684e-01
2.743865549564361572e-01 -1.966235339641571045e-01 1.784269064664840698e-01
4.437639713287353516e-01 6.258132308721542358e-02 -6.032660230994224548e-02
4.251239001750946045e-01 3.049674630165100098e-01 -2.273869365453720093e-01
1.648185849189758301e-01 3.742479383945465088e-01 -3.022388517856597900e-01
-2.753994762897491455e-01 1.769911050796508789e-01 -3.069902360439300537e-01
-4.444795548915863037e-01 -1.290007382631301880e-01 -2.338475286960601807e-01
-3.465917110443115234e-01 -3.046760857105255127e-01 -1.453944742679595947e-01
-1.494515687227249146e-02 -2.362006604671478271e-01 -7.931821048259735107e-02
2.243254035711288452e-01 -2.417920716106891632e-02 -9.385054931044578552e-03
2.149564176797866821e-01 9.991309791803359985e-02 7.870705798268318176e-03
7.825665175914764404e-02 1.208978593349456787e-01 -1.271630544215440750e-02
-1.689588278532028198e-01 3.608046844601631165e-02 -1.260930951684713364e-02
-3.006209731101989746e-01 -5.422011483460664749e-03 1.455620164051651955e-03
-3.220475614070892334e-01 3.943848609924316406e-02 3.110333345830440521e-02
-2.688121199607849121e-01 6.687185913324356079e-02 6.294445693492889404e-02
-2.697212100028991699e-01 9.434593468904495239e-02 1.745461835525929928e-03
-2.643038928508758545e-01 1.565705239772796631e-02 -6.707606464624404907e-02
-2.981137633323669434e-01 -6.379683315753936768e-02 -7.591914385557174683e-02
-2.812883555889129639e-01 -5.754761397838592529e-02 -3.048188611865043640e-02
-8.777536451816558838e-02 -1.978470757603645325e-02 -3.447296842932701111e-02
1.175294816493988037e-01 7.086957246065139771e-02 -1.123250499367713928e-01
4.519813954830169678e-01 4.025545343756675720e-02 -9.545242786407470703e-02
4.913846254348754883e-01 -1.711622066795825958e-02 2.214963547885417938e-02
3.301527500152587891e-01 -6.662512570619583130e-02 2.025886178016662598e-01
7.084091752767562866e-02 -1.126254256814718246e-02 2.125040143728256226e-01
-1.943597495555877686e-01 1.474055834114551544e-02 8.153920993208885193e-03
-6.813157349824905396e-02 -3.827159479260444641e-02 -1.373597979545593262e-01
3.713472560048103333e-02 -7.846251875162124634e-02 -1.120831444859504700e-01
2.002832144498825073e-01 -6.592901051044464111e-02 4.710227251052856445e-02
2.375581860542297363e-01 1.211619824171066284e-01 2.526061832904815674e-01
5.682528764009475708e-02 1.966101229190826416e-01 1.976547688245773315e-01
-3.694924339652061462e-02 1.066368892788887024e-01 -3.805000334978103638e-02
-1.220018118619918823e-01 -4.860431421548128128e-03 -2.667345106601715088e-01
-2.109945379197597504e-02 -1.240059733390808105e-01 -3.200917840003967285e-01
6.146194040775299072e-02 -2.004674226045608521e-01 -7.056180387735366821e-02
-2.745802048593759537e-04 -1.730611473321914673e-01 1.313392668962478638e-01
-8.550567924976348877e-02 -1.650273501873016357e-01 2.346319407224655151e-01
-1.082062348723411560e-01 -3.644655644893646240e-02 1.906819045543670654e-01
-1.238845214247703552e-01 9.862082451581954956e-02 3.310196846723556519e-02
-1.915519386529922485e-01 6.110532581806182861e-02 -5.954519659280776978e-02
-1.100598126649856567e-01 3.872502967715263367e-02 -1.135978847742080688e-01
5.012845620512962341e-03 -5.399910733103752136e-02 -8.282279968261718750e-02
2.613263428211212158e-01 -1.464799195528030396e-01 5.745022371411323547e-02
2.876858711242675781e-01 -1.337866783142089844e-01 5.574354529380798340e-02
1.476223319768905640e-01 -1.180993989109992981e-01 -5.020581651479005814e-03
3.803488612174987793e-02 -4.361107200384140015e-02 -3.603509441018104553e-02
