3.071864321827888489e-02 1.050712093710899353e-01 1.022783294320106506e-01
-8.920873515307903290e-03 2.100646728649735451e-03 2.842189371585845947e-01
-9.391361474990844727e-02 -1.118638366460800171e-01 3.225601613521575928e-01
-5.573017522692680359e-03 -2.185310870409011841e-01 1.828952282667160034e-01
1.118479818105697632e-01 -2.680943310260772705e-01 -1.327690551988780499e-03
1.869913786649703979e-01 -1.020164415240287781e-01 -2.503689825534820557e-01
1.649708300828933716e-01 4.346027225255966187e-02 -1.791774481534957886e-01
-3.713973984122276306e-02 1.326768994331359863e-01 -2.273220568895339966e-02
-1.259334087371826172e-01 1.740506589412689209e-01 1.177813857793807983e-01
-5.312251672148704529e-02 8.135944604873657227e-02 3.649036213755607605e-02
5.342892371118068695e-03 -2.777093462646007538e-02 -5.471218004822731018e-02
1.151201054453849792e-01 -8.592860400676727295e-02 -1.012153029441833496e-01
1.889315247535705566e-01 -8.195629715919494629e-02 -9.768056869506835938e-02
1.976334899663925171e-01 1.399795897305011749e-02 -1.988064311444759369e-02
1.776272207498550415e-01 1.183845922350883484e-01 -2.272501029074192047e-02
6.547401845455169678e-02 2.137980312108993530e-01 -2.629491128027439117e-02
-1.833151429891586304e-01 9.829236567020416260e-02 -2.108388766646385193e-02
-3.424949645996093750e-01 -1.025792658329010010e-01 -8.756634197197854519e-04
-3.913708031177520752e-01 -1.626911610364913940e-01 4.451289772987365723e-02
-2.953653037548065186e-01 -1.642381101846694946e-01 8.915877342224121094e-02
-1.340407878160476685e-01 -7.641491293907165527e-02 -7.301685214042663574e-02
-8.721535652875900269e-02 -4.633421823382377625e-02 -1.227487549185752869e-01
-1.048007756471633911e-01 -7.947502285242080688e-02 -9.954408556222915649e-02
-1.161473616957664490e-01 -7.911454141139984131e-02 -5.189947783946990967e-02
-6.713976711034774780e-02 -4.979752004146575928e-03 1.288875192403793335e-01
-3.597979247570037842e-02 3.233124315738677979e-02 1.019111350178718567e-01
-4.310598224401473999e-02 -2.438423037528991699e-02 1.330335587263107300e-01
-7.825080305337905884e-03 -6.078512966632843018e-02 1.238581612706184387e-01
-5.977524816989898682e-02 -1.634867489337921143e-01 2.814782597124576569e-02
-7.517638802528381348e-02 -2.266632914543151855e-01 3.026702615898102522e-04
-2.710190601646900177e-02 -1.757571995258331299e-01 2.309337258338928223e-02
4.716360196471214294e-02 -1.763168871402740479e-01 2.548752725124359131e-02
2.073771357536315918e-01 -1.425060480833053589e-01 -3.400492295622825623e-02
2.350459992885589600e-01 -1.506218463182449341e-01 -2.909065037965774536e-02
1.927172243595123291e-01 -1.347352862358093262e-01 1.422936283051967621e-02
1.057102754712104797e-01 -9.673980064690113068e-03 2.232313714921474457e-02
4.863443970680236816e-02 6.616508960723876953e-02 7.042575627565383911e-02
-1.560753397643566132e-02 1.501854658126831055e-01 3.311005607247352600e-02
-1.135243624448776245e-01 1.448539942502975464e-01 1.346076279878616333e-01
-1.964763998985290527e-01 1.116654351353645325e-01 3.064781725406646729e-01
-3.068656623363494873e-01 7.326968759298324585e-02 3.377242982387542725e-01
-3.282090425491333008e-01 -1.694276143098250031e-04 2.597823143005371094e-01
-4.135259091854095459e-01 1.449064612388610840e-01 -9.876018017530441284e-02
-4.171192944049835205e-01 2.859588861465454102e-01 -3.634228706359863281e-01
-3.203681409358978271e-01 3.373925089836120605e-01 -4.531699419021606445e-01
-2.373505830764770508e-01 3.268402814865112305e-01 -2.935665845870971680e-01
-1.370706856250762939e-01 1.750316470861434937e-01 -4.547604918479919434e-02
-1.215123683214187622e-01 5.415571853518486023e-02 -3.602652996778488159e-02
-1.381618529558181763e-01 1.372131891548633575e-02 -4.253770783543586731e-02
-1.104458868503570557e-01 1.803737133741378784e-02 -2.159643322229385376e-01
-1.040963158011436462e-01 1.178948879241943359e-01 -2.604577541351318359e-01
-1.134090200066566467e-01 1.411993503570556641e-01 -2.398826032876968384e-01
-2.351620420813560486e-02 3.090248629450798035e-02 -2.212662547826766968e-01
4.749000817537307739e-02 -9.183915704488754272e-02 -8.865886181592941284e-02
8.503303676843643188e-02 -1.335917115211486816e-01 -3.551669791340827942e-02
1.341446936130523682e-01 -6.645229458808898926e-02 2.956860326230525970e-02
1.499754339456558228e-01 -4.660289362072944641e-02 1.409468054771423340e-01
2.708985209465026855e-01 -1.005233228206634521e-01 2.921828031539916992e-01
2.823679745197296143e-01 -1.793897151947021484e-01 3.002819418907165527e-01
3.675531148910522461e-01 -2.753603458404541016e-01 3.681165575981140137e-01
4.296764433383941650e-01 -2.766654789447784424e-01 3.528366386890411377e-01
4.096703827381134033e-01 -2.132885158061981201e-01 1.900237798690795898e-01
3.782016634941101074e-01 -4.230850189924240112e-02 7.802012562751770020e-02
2.945604361593723297e-02 1.772729307413101196e-01 -4.443984851241111755e-02
1.066759880632162094e-02 1.525847166776657104e-01 6.030927971005439758e-02
-1.738969120196998119e-03 1.206487715244293213e-01 9.540485590696334839e-02
3.805990517139434814e-02 2.577567696571350098e-01 9.827295690774917603e-02
1.973447948694229126e-01 1.046424359083175659e-02 3.326614573597908020e-02
7.921316660940647125e-03 1.815181039273738861e-02 -5.609798058867454529e-02
-5.714763700962066650e-02 6.395049393177032471e-02 -1.136697735637426376e-02
-1.665762811899185181e-01 2.172110527753829956e-01 -6.266456842422485352e-02
-1.850741803646087646e-01 3.333218395709991455e-01 1.414048392325639725e-02
-4.212150350213050842e-02 1.042173132300376892e-01 -1.309045683592557907e-02
3.643304854631423950e-02 -5.249669402837753296e-02 -1.085621491074562073e-01
1.199239492416381836e-01 -9.203675435855984688e-04 -1.760467588901519775e-01
1.191304996609687805e-02 1.743561923503875732e-01 -1.300946176052093506e-01
-1.761494874954223633e-01 6.695129722356796265e-02 1.311533525586128235e-02
-2.259377390146255493e-01 -1.029466986656188965e-01 -2.327395044267177582e-02
-1.844409406185150146e-01 -1.675534397363662720e-01 7.537291944026947021e-02
-1.345305293798446655e-01 -3.688739985227584839e-02 1.077765598893165588e-01
3.840045630931854248e-02 -7.767365127801895142e-02 1.391453295946121216e-01
9.633802622556686401e-02 -1.882963925600051880e-01 1.381545811891555786e-01
-2.162180095911026001e-02 -6.095589697360992432e-02 9.338889271020889282e-02
-3.933366015553474426e-02 -6.027297303080558777e-02 8.805981278419494629e-02
-1.643218994140625000e-01 2.322886884212493896e-02 5.982104688882827759e-02
-1.255664229393005371e-01 -6.013223156332969666e-02 4.986247792840003967e-02
