1.290514373437936374e-02
8.603429156252909160e-03
0.000000000000000000e+00
1.942449798752604040e-01
3.832511965735414528e-01
4.373526975690711360e-01
2.554685077255901549e-01
0.000000000000000000e+00
0.000000000000000000e+00
0.000000000000000000e+00
0.000000000000000000e+00
0.000000000000000000e+00
0.000000000000000000e+00
0.000000000000000000e+00
0.000000000000000000e+00
0.000000000000000000e+00
0.000000000000000000e+00
0.000000000000000000e+00
0.000000000000000000e+00
0.000000000000000000e+00
0.000000000000000000e+00
0.000000000000000000e+00
0.000000000000000000e+00
0.000000000000000000e+00
0.000000000000000000e+00
0.000000000000000000e+00
0.000000000000000000e+00
7.824590131491580836e-04
8.407995730579782140e-03
5.567437118126922040e-03
1.996097042075657257e-03
3.770314723365772100e-03
1.326650587529366529e-02
1.893027144235138667e-02
9.218384119232375315e-03
0.000000000000000000e+00
0.000000000000000000e+00
1.791155813719412927e-04
1.534210482009494385e-02
1.976457538438746234e-02
0.000000000000000000e+00
0.000000000000000000e+00
0.000000000000000000e+00
9.033731235586710262e-02
2.041149881598811333e-01
1.846472419774509710e-01
1.999869969229442490e-02
0.000000000000000000e+00
0.000000000000000000e+00
0.000000000000000000e+00
9.856345536063512887e-05
0.000000000000000000e+00
0.000000000000000000e+00
0.000000000000000000e+00
0.000000000000000000e+00
0.000000000000000000e+00
0.000000000000000000e+00
0.000000000000000000e+00
0.000000000000000000e+00
0.000000000000000000e+00
0.000000000000000000e+00
2.452257522232488274e-01
4.172060115699817162e-01
3.609864760450139376e-01
1.804932380225069688e-01
0.000000000000000000e+00
0.000000000000000000e+00
0.000000000000000000e+00
0.000000000000000000e+00
0.000000000000000000e+00
0.000000000000000000e+00
0.000000000000000000e+00
0.000000000000000000e+00
0.000000000000000000e+00
0.000000000000000000e+00
0.000000000000000000e+00
0.000000000000000000e+00
0.000000000000000000e+00
0.000000000000000000e+00
0.000000000000000000e+00
0.000000000000000000e+00
1.720685831250581832e-03
1.720685831250581832e-03
4.301714578126454580e-04
0.000000000000000000e+00
0.000000000000000000e+00
