2.104797959327697754e-01 -2.492604106664657593e-01 2.302467525005340576e-01
1.625510752201080322e-01 -2.315966486930847168e-01 2.138033807277679443e-01
1.128801330924034119e-01 -2.037023305892944336e-01 2.126499712467193604e-01
-7.015179097652435303e-02 -1.240531355142593384e-01 6.805572193115949631e-03
-1.796855777502059937e-01 -1.882038116455078125e-01 -2.413140386343002319e-01
-1.099561676383018494e-01 -1.756701618432998657e-01 -3.045212030410766602e-01
-1.311829686164855957e-01 -5.896522477269172668e-02 -2.814090251922607422e-01
-4.786587134003639221e-02 5.580950994044542313e-03 -1.473355591297149658e-01
-1.898603327572345734e-02 1.919878995977342129e-04 -7.779573090374469757e-03
6.540986895561218262e-02 -7.760095596313476562e-02 -1.255144625902175903e-01
1.312321871519088745e-01 -7.941161841154098511e-02 -1.466263085603713989e-01
2.068113386631011963e-01 -1.021930016577243805e-03 9.576537646353244781e-03
2.042566388845443726e-01 5.215921998023986816e-02 5.409149918705224991e-03
1.869971156120300293e-01 5.324664711952209473e-02 2.701942063868045807e-02
1.586296707391738892e-01 -1.516462955623865128e-02 3.684558719396591187e-02
1.141728311777114868e-01 -1.022499650716781616e-01 7.224918901920318604e-02
8.395396918058395386e-02 2.394575625658035278e-02 1.654956936836242676e-01
-1.437295675277709961e-01 6.637170165777206421e-02 2.217786312103271484e-01
-4.058888256549835205e-01 3.833010559901595116e-04 1.380041688680648804e-01
-4.865303635597229004e-01 -3.125885501503944397e-02 -9.594970382750034332e-03
-4.358633756637573242e-01 -1.579700261354446411e-01 -1.413932144641876221e-01
-2.572546601295471191e-01 -6.841930001974105835e-02 -1.652673333883285522e-01
-3.976508602499961853e-02 3.864077851176261902e-02 1.042769756168127060e-02
6.010944955050945282e-03 8.613293617963790894e-02 1.433148235082626343e-01
-8.082131296396255493e-02 9.772701561450958252e-02 9.570693969726562500e-02
-1.251032799482345581e-01 2.647362463176250458e-02 3.943295404314994812e-02
-9.975404292345046997e-02 -4.935229569673538208e-02 -4.237964749336242676e-02
-1.223181094974279404e-02 -5.993641167879104614e-02 5.041808634996414185e-02
5.646165087819099426e-02 6.198674440383911133e-03 1.463423520326614380e-01
2.879686467349529266e-02 1.384249888360500336e-03 8.919406682252883911e-02
-4.109623283147811890e-02 -5.907366052269935608e-02 4.186715930700302124e-02
-1.261112391948699951e-01 -1.486205458641052246e-01 -6.745881587266921997e-02
-7.594940066337585449e-02 -2.243072092533111572e-01 -5.730625987052917480e-02
3.713532583788037300e-03 -2.576083242893218994e-01 -6.768468022346496582e-02
-2.303882967680692673e-03 -2.077496498823165894e-01 4.157534986734390259e-02
-5.731558054685592651e-02 -1.458579003810882568e-01 1.198877841234207153e-01
-8.463458716869354248e-02 -7.615257054567337036e-02 1.482134610414505005e-01
8.992736227810382843e-03 -1.014412045478820801e-01 1.011702343821525574e-01
1.651286482810974121e-01 -1.671334803104400635e-01 7.175818830728530884e-02
2.780862152576446533e-01 -1.854742467403411865e-01 2.996859885752201080e-02
2.025146931409835815e-01 -1.423988342285156250e-01 -4.002372920513153076e-02
8.999638259410858154e-02 -4.623980820178985596e-02 -2.503520436584949493e-02
1.610649190843105316e-02 2.315219258889555931e-03 -1.193600296974182129e-01
-1.428507417440414429e-01 1.434994637966156006e-01 -1.286878585815429688e-01
-1.553519666194915771e-01 1.836737692356109619e-01 -5.663608387112617493e-02
-2.177737504243850708e-01 1.968673765659332275e-01 2.381838299334049225e-02
-2.897013127803802490e-01 1.844933182001113892e-01 2.658698558807373047e-01
-2.584142982959747314e-01 5.240193754434585571e-02 2.835392653942108154e-01
-9.427557140588760376e-02 1.425068527460098267e-01 8.221343904733657837e-02
5.550165846943855286e-02 2.059102207422256470e-01 -4.961912706494331360e-02
-6.060962378978729248e-02 2.365742772817611694e-01 -1.977098286151885986e-01
-1.938938945531845093e-01 3.179376721382141113e-01 -1.138115078210830688e-01
-4.162580966949462891e-01 3.222862482070922852e-01 -1.801968365907669067e-01
-3.875464797019958496e-01 4.026336073875427246e-01 -2.448632419109344482e-01
-2.666047811508178711e-01 2.864755988121032715e-01 -2.011512964963912964e-01
-9.602107852697372437e-02 5.895585939288139343e-02 -1.548946499824523926e-01
1.043683812022209167e-01 -1.479078531265258789e-01 1.035220641642808914e-02
1.517606526613235474e-01 -1.460662931203842163e-01 2.780329808592796326e-02
8.446420729160308838e-02 1.712296344339847565e-02 1.115848422050476074e-01
-4.412242770195007324e-02 -2.748301066458225250e-02 1.032127141952514648e-01
-5.460076779127120972e-02 9.444850147701799870e-04 1.423348113894462585e-02
-8.263164013624191284e-02 5.631959065794944763e-02 -1.113271564245223999e-01
-5.064260959625244141e-02 2.144561111927032471e-01 -2.614805400371551514e-01
-5.389652773737907410e-02 2.595451176166534424e-01 -2.092500478029251099e-01
9.156271815299987793e-02 7.112593948841094971e-02 -9.756378829479217529e-02
2.397021949291229248e-01 -2.128735631704330444e-01 5.407424271106719971e-02
3.711158931255340576e-01 -2.400863468647003174e-01 2.607502937316894531e-01
3.936263024806976318e-01 -1.168899983167648315e-01 3.045022189617156982e-01
2.950448989868164062e-01 -5.703194811940193176e-02 2.816705405712127686e-01
3.523181676864624023e-01 -2.457246631383895874e-01 2.471467107534408569e-01
3.538927435874938965e-01 -4.018630981445312500e-01 2.398023381829261780e-02
3.328451812267303467e-01 -3.726488649845123291e-01 9.104941040277481079e-02
1.727097779512405396e-01 -2.705490961670875549e-02 -3.020320646464824677e-02
-3.817014396190643311e-02 2.271515876054763794e-01 -7.942346483469009399e-02
2.942014951258897781e-03 1.269177347421646118e-01 -4.902619868516921997e-02
-2.924689091742038727e-02 2.284373044967651367e-01 -1.310785263776779175e-01
3.077219473198056221e-03 1.794985532760620117e-01 4.313515126705169678e-02
9.364648908376693726e-02 1.620258390903472900e-01 -4.384565725922584534e-02
-3.567506000399589539e-02 1.260828971862792969e-01 -2.876341156661510468e-02
-9.146212041378021240e-02 -1.766401529312133789e-02 -3.179232403635978699e-02
-2.080550938844680786e-01 2.078424394130706787e-01 -2.213774621486663818e-02
-1.939081847667694092e-01 1.934190094470977783e-01 4.240670707076787949e-03
3.785864263772964478e-02 7.365869730710983276e-02 -6.372407823801040649e-02
9.799030423164367676e-02 1.018131151795387268e-02 -3.341117873787879944e-02
9.337505698204040527e-02 -5.661575496196746826e-02 -3.120715357363224030e-02
5.454718321561813354e-02 -3.480380028486251831e-02 4.739243164658546448e-02
-1.527856141328811646e-01 -6.852632015943527222e-02 5.966643989086151123e-02
-9.216389060020446777e-02 -1.290363520383834839e-01 3.371856361627578735e-02
-9.384588152170181274e-02 -2.743932791054248810e-02 -1.265305001288652420e-02
-1.298007965087890625e-01 4.737673699855804443e-02 -2.780774235725402832e-02
3.463083133101463318e-02 -1.696535050868988037e-01 1.002372652292251587e-01
-9.149704128503799438e-02 -2.439755499362945557e-01 1.495088934898376465e-01
-6.881208717823028564e-02 -3.146291375160217285e-01 1.838162988424301147e-01
-1.194353774189949036e-01 -9.302166104316711426e-02 -4.988089948892593384e-02
-1.458191275596618652e-01 1.638489514589309692e-01 -1.520575135946273804e-01
1.339998748153448105e-02 2.514555454254150391e-01 -9.489224106073379517e-02
1.229457333683967590e-01 1.071473062038421631e-01 4.793611168861389160e-02
1.308846473693847656e-01 -1.057275533676147461e-01 1.877708286046981812e-01
4.290796816349029541e-02 -1.310685127973556519e-01 1.546950787305831909e-01
