-3.615386784076690674e-01 -6.245758850127458572e-03 -2.824061512947082520e-01
-4.765009880065917969e-01 9.588325768709182739e-02 -3.419020473957061768e-01
-4.646089673042297363e-01 3.521884977817535400e-01 -3.535141348838806152e-01
-3.406887948513031006e-01 3.461759388446807861e-01 -2.830962240695953369e-01
-1.958692669868469238e-01 5.243503451347351074e-01 -3.028036057949066162e-01
-2.810149788856506348e-01 4.159345924854278564e-01 -9.996103122830390930e-03
-2.911637425422668457e-01 4.808864593505859375e-01 2.122502475976943970e-01
-2.558791637420654297e-01 4.815005064010620117e-01 3.138306140899658203e-01
-2.783149778842926025e-01 4.818032085895538330e-01 3.095300197601318359e-01
-2.670533955097198486e-01 5.157437920570373535e-01 2.333824783563613892e-01
-2.984230220317840576e-01 5.139153599739074707e-01 2.370660006999969482e-01
-3.401167392730712891e-01 5.052033662796020508e-01 2.344239950180053711e-01
-3.880236446857452393e-01 5.195297002792358398e-01 2.198027968406677246e-01
-4.451262652873992920e-01 5.017046332359313965e-01 2.313988506793975830e-01
-4.493671357631683350e-01 4.885625243186950684e-01 2.938518524169921875e-01
-5.288596749305725098e-01 4.239991903305053711e-01 3.019384741783142090e-01
-5.740822553634643555e-01 3.904764950275421143e-01 2.759099304676055908e-01
-5.498542189598083496e-01 3.468499481678009033e-01 3.132967948913574219e-01
-5.165945291519165039e-01 3.306003808975219727e-01 2.952682375907897949e-01
-2.932206690311431885e-01 3.013571500778198242e-01 2.794333100318908691e-01
-3.052952932193875313e-03 1.167256832122802734e-01 4.364284574985504150e-01
1.261050999164581299e-01 8.435513824224472046e-02 4.249009788036346436e-01
1.509191393852233887e-01 9.173386543989181519e-02 3.806610703468322754e-01
1.959543079137802124e-01 1.099236309528350830e-01 3.668867647647857666e-01
1.964435428380966187e-01 8.807635307312011719e-02 3.802099525928497314e-01
2.275484204292297363e-01 5.165017768740653992e-02 3.764883577823638916e-01
3.356339335441589355e-01 7.726649940013885498e-02 3.661818206310272217e-01
2.872805595397949219e-01 -3.349816659465432167e-03 3.700697720050811768e-01
3.070663213729858398e-01 3.353640809655189514e-02 3.228257000446319580e-01
2.480658739805221558e-01 -1.159313786774873734e-02 2.910998463630676270e-01
2.947101593017578125e-01 -2.365017123520374298e-02 2.993662655353546143e-01
3.226767182350158691e-01 -2.975100465118885040e-02 2.693019211292266846e-01
3.072523474693298340e-01 -5.800893157720565796e-02 2.940488755702972412e-01
2.860429286956787109e-01 -1.058965474367141724e-01 3.394388258457183838e-01
1.432291418313980103e-01 -1.486065834760665894e-01 3.756176829338073730e-01
1.544412672519683838e-01 -1.479136943817138672e-01 3.550840020179748535e-01
1.857966631650924683e-01 -1.905089765787124634e-01 3.856615126132965088e-01
2.222027182579040527e-01 -2.216387689113616943e-01 4.376491010189056396e-01
2.328199297189712524e-01 -1.582559496164321899e-01 4.751799106597900391e-01
2.243175357580184937e-01 -5.016768351197242737e-02 5.242009758949279785e-01
2.282732427120208740e-01 -3.608637303113937378e-02 5.235552787780761719e-01
1.642736047506332397e-01 -7.751455157995223999e-02 5.438548922538757324e-01
1.357500553131103516e-01 -7.643573731184005737e-02 5.898548364639282227e-01
8.572225272655487061e-02 -9.340091794729232788e-02 6.015722155570983887e-01
-6.569974869489669800e-02 -1.809236705303192139e-01 5.834820270538330078e-01
-1.406980156898498535e-01 -3.091953992843627930e-01 5.238963961601257324e-01
-7.553920149803161621e-02 -2.447695434093475342e-01 5.697121024131774902e-01
1.113632321357727051e-01 -2.193368077278137207e-01 5.443384647369384766e-01
1.056961193680763245e-01 -3.121961355209350586e-01 4.794400930404663086e-01
9.774434566497802734e-02 -3.372631072998046875e-01 4.459812641143798828e-01
-4.432101547718048096e-02 -1.706390082836151123e-01 2.254748642444610596e-01
1.435204446315765381e-01 -2.729497551918029785e-01 3.007493317127227783e-01
3.665045499801635742e-01 -4.069308042526245117e-01 2.824185788631439209e-01
2.704072594642639160e-01 -4.422824680805206299e-01 3.076259791851043701e-01
3.361743986606597900e-01 -5.588137507438659668e-01 2.252334207296371460e-01
4.381342232227325439e-01 -5.147273540496826172e-01 2.092542499303817749e-01
4.346696436405181885e-01 -4.903585910797119141e-01 2.030075490474700928e-01
4.447433352470397949e-01 -3.786166608333587646e-01 2.474179714918136597e-01
4.993999898433685303e-01 -3.474597334861755371e-01 2.530123293399810791e-01
5.143145322799682617e-01 -3.278931975364685059e-01 2.559206783771514893e-01
4.613613784313201904e-01 -3.972653746604919434e-01 2.666656672954559326e-01
5.284937024116516113e-01 -3.643801510334014893e-01 2.534429430961608887e-01
5.421790480613708496e-01 -3.826840221881866455e-01 2.335066050291061401e-01
5.354462862014770508e-01 -4.101899266242980957e-01 1.857782602310180664e-01
5.417723059654235840e-01 -3.920367062091827393e-01 1.198669299483299255e-01
4.583637416362762451e-01 -4.803160727024078369e-01 7.957726716995239258e-02
2.784791886806488037e-01 -4.994919300079345703e-01 -3.822265565395355225e-02
6.322629004716873169e-02 -4.987499117851257324e-01 -2.404944896697998047e-01
-7.295188307762145996e-02 -3.439303040504455566e-01 -3.912160992622375488e-01
-1.860119253396987915e-01 -3.949728310108184814e-01 -4.422390758991241455e-01
-2.052244096994400024e-01 -4.265120923519134521e-01 -4.842914342880249023e-01
-2.577839195728302002e-01 -1.306900382041931152e-01 -3.552291989326477051e-01
-4.429197907447814941e-01 -1.998575478792190552e-01 -3.500212430953979492e-01
-5.028909444808959961e-01 -1.786139905452728271e-01 -4.860503971576690674e-01
-5.066187381744384766e-01 -2.820442020893096924e-01 -5.042535662651062012e-01
-5.185464620590209961e-01 -2.037129402160644531e-01 -4.358784854412078857e-01
-6.124354004859924316e-01 -2.148759514093399048e-01 -3.953450024127960205e-01
-5.600223541259765625e-01 -3.256759643554687500e-01 -4.674846231937408447e-01
-5.467899441719055176e-01 -2.165947556495666504e-01 -5.061640143394470215e-01
-6.091051101684570312e-01 -1.386682689189910889e-01 -4.537428617477416992e-01
-4.651354849338531494e-01 -3.296839892864227295e-01 -4.344751536846160889e-01
-5.294665098190307617e-01 -3.496877253055572510e-01 -5.253781080245971680e-01
-5.108815431594848633e-01 -3.289089500904083252e-01 -5.559619665145874023e-01
-4.548808634281158447e-01 -3.532188236713409424e-01 -4.392771124839782715e-01
-4.527953267097473145e-01 -3.161499798297882080e-01 -5.012322664260864258e-01
-5.755674839019775391e-01 -3.199214339256286621e-01 -5.120793581008911133e-01
-5.977714657783508301e-01 -2.858196496963500977e-01 -5.416754484176635742e-01
-5.298531651496887207e-01 -3.191324174404144287e-01 -4.666430950164794922e-01
-4.434115886688232422e-01 -4.663577675819396973e-01 -5.589100718498229980e-01
-4.961770772933959961e-01 -3.711818456649780273e-01 -5.510816574096679688e-01
-5.028776526451110840e-01 -4.703938066959381104e-01 -5.884966850280761719e-01
-4.935986995697021484e-01 -4.454242587089538574e-01 -6.463323831558227539e-01
-5.085659027099609375e-01 -3.383300602436065674e-01 -5.723153948783874512e-01
-4.861142337322235107e-01 -3.810114264488220215e-01 -5.872824788093566895e-01
-4.606573283672332764e-01 -4.186242520809173584e-01 -6.383574604988098145e-01
-4.935203790664672852e-01 -4.976066648960113525e-01 -6.463836431503295898e-01
-5.141949653625488281e-01 -4.366693496704101562e-01 -6.652954816818237305e-01
-5.092973709106445312e-01 -4.298803806304931641e-01 -6.709948778152465820e-01
-4.982426464557647705e-01 -4.191507399082183838e-01 -5.988130569458007812e-01
