4.071689024567604065e-02 5.378333851695060730e-02 1.097204834222793579e-01
2.140881121158599854e-01 1.430018246173858643e-01 1.931867003440856934e-01
4.023703932762145996e-01 1.089733168482780457e-01 1.340475380420684814e-01
4.433553218841552734e-01 4.728063568472862244e-02 -3.558242693543434143e-02
3.596337735652923584e-01 -2.961881086230278015e-02 -1.862920075654983521e-01
8.838002383708953857e-02 3.193121775984764099e-02 -1.021925806999206543e-01
-1.538308113813400269e-01 1.927925646305084229e-01 1.138273105025291443e-01
-1.366747319698333740e-01 2.466071099042892456e-01 1.917612105607986450e-01
-8.734925091266632080e-02 2.063693404197692871e-01 1.119985058903694153e-01
-8.478143066167831421e-02 8.140552043914794922e-02 -5.337937921285629272e-02
-7.888592034578323364e-02 2.197383204475045204e-03 -1.215457543730735779e-01
-1.319793164730072021e-01 -3.178841620683670044e-02 -9.772214293479919434e-02
-7.836932688951492310e-02 -9.583968669176101685e-02 -5.826095864176750183e-02
-3.805417194962501526e-02 -1.547321677207946777e-01 -4.474348202347755432e-02
-1.296714544296264648e-01 -6.690054386854171753e-02 5.758418515324592590e-02
-1.085652112960815430e-01 1.427738927304744720e-02 2.550802230834960938e-01
4.507635161280632019e-02 -1.688730786554515362e-03 3.842082917690277100e-01
2.851559519767761230e-01 -9.351071715354919434e-02 4.037165045738220215e-01
3.988382816314697266e-01 -2.639017403125762939e-01 1.238295137882232666e-01
2.861753106117248535e-01 -1.801593750715255737e-01 -2.119993716478347778e-01
-3.782468661665916443e-02 5.056556314229965210e-02 -3.308608531951904297e-01
-2.794947922229766846e-01 1.882869303226470947e-01 -2.349319756031036377e-01
-2.336419820785522461e-01 2.339169681072235107e-01 3.109217062592506409e-02
-4.149262607097625732e-02 6.569290906190872192e-02 1.435450911521911621e-01
1.466835886240005493e-01 -2.741130255162715912e-02 9.226361662149429321e-02
7.853344827890396118e-02 -1.435420196503400803e-02 6.721806246787309647e-03
-1.654515266418457031e-01 6.415679305791854858e-02 -7.711259275674819946e-02
-2.139730304479598999e-01 1.195577383041381836e-01 -4.375047981739044189e-02
-1.318338662385940552e-01 4.930555075407028198e-02 -2.332107163965702057e-02
1.001548469066619873e-01 -7.381844520568847656e-02 -3.348263353109359741e-02
1.751269698143005371e-01 -1.385929733514785767e-01 -6.843162328004837036e-02
7.701228559017181396e-02 -1.154593378305435181e-01 -1.457270979881286621e-01
-4.261057451367378235e-02 -2.411013841629028320e-02 -1.097048074007034302e-01
-1.578338891267776489e-01 1.012392900884151459e-02 -5.611273646354675293e-02
-1.493446677923202515e-01 -4.758722707629203796e-02 -3.492502495646476746e-02
-1.107092276215553284e-01 -7.523715496063232422e-02 -5.178847908973693848e-02
-7.124850153923034668e-02 -3.470293805003166199e-02 -7.991217821836471558e-02
-1.626643724739551544e-02 8.165262639522552490e-02 -4.366391524672508240e-02
5.121157690882682800e-02 1.821502447128295898e-01 3.424371033906936646e-02
9.962268173694610596e-02 1.993510723114013672e-01 1.147975847125053406e-01
1.873507797718048096e-01 1.699487417936325073e-01 9.110563248395919800e-02
2.943116128444671631e-01 6.670348346233367920e-02 1.122000291943550110e-01
2.866654992103576660e-01 -2.943903766572475433e-02 1.420737951993942261e-01
2.190162986516952515e-01 -7.159834355115890503e-02 2.129542827606201172e-01
3.798373043537139893e-02 -1.166540011763572693e-01 3.918117582798004150e-01
-1.288612186908721924e-01 -1.380458623170852661e-01 3.591209948062896729e-01
-8.926045149564743042e-02 -6.782519817352294922e-02 1.552483588457107544e-01
-2.880867756903171539e-02 9.843216836452484131e-02 -1.572651863098144531e-01
7.911123335361480713e-02 2.276734411716461182e-01 -3.645123541355133057e-01
1.250946968793869019e-01 1.993900984525680542e-01 -3.231778144836425781e-01
1.881730556488037109e-01 -6.969545036554336548e-02 -1.869449764490127563e-01
2.894376814365386963e-01 -2.017881125211715698e-01 -6.345185637474060059e-02
1.897003650665283203e-01 -1.656053811311721802e-01 2.126691862940788269e-02
-4.400090128183364868e-02 -1.960759423673152924e-02 8.092231303453445435e-02
-3.697324395179748535e-01 1.102796941995620728e-01 7.199261337518692017e-02
-4.555749893188476562e-01 6.249558925628662109e-02 -2.028333110501989722e-04
-3.766986727714538574e-01 4.541842266917228699e-02 -6.573235243558883667e-02
-1.929962784051895142e-01 -3.670961409807205200e-02 -7.193838804960250854e-02
4.996962845325469971e-02 -9.381951391696929932e-02 -5.017327889800071716e-02
2.100149244070053101e-01 -9.779941290616989136e-02 -2.313558384776115417e-02
3.577739000320434570e-01 3.136956319212913513e-02 1.014689542353153229e-02
3.539466857910156250e-01 1.587335318326950073e-01 6.776828318834304810e-02
1.459797024726867676e-01 1.541459262371063232e-01 6.081849336624145508e-02
-2.288462072610855103e-01 3.112824261188507080e-02 -3.722062334418296814e-02
-4.898837506771087646e-01 -8.440083265304565430e-02 -5.017915740609169006e-02
-4.997686147689819336e-01 -2.789532393217086792e-02 -3.225766494870185852e-02
-3.014821708202362061e-01 1.001297775655984879e-02 4.459843412041664124e-02
-1.446695625782012939e-01 2.981634251773357391e-02 9.931758977472782135e-03
-5.785207822918891907e-02 -6.135689094662666321e-02 -2.443734109401702881e-01
-6.908280402421951294e-02 -1.861461848020553589e-01 -3.222669661045074463e-01
1.466048955917358398e-01 -1.493497490882873535e-01 -2.680687606334686279e-01
4.286899566650390625e-01 -5.831786245107650757e-02 -4.853150621056556702e-02
4.153868854045867920e-01 5.812086910009384155e-02 1.524041891098022461e-01
3.228529095649719238e-01 1.899123340845108032e-01 1.723482161760330200e-01
2.036531455814838409e-02 1.765718609094619751e-01 2.337638586759567261e-01
-7.748100906610488892e-02 1.160752028226852417e-01 1.473516970872879028e-01
-1.578703708946704865e-02 5.015199258923530579e-02 1.514562219381332397e-01
-1.541107892990112305e-02 -9.626893699169158936e-02 1.046546623110771179e-01
1.234997957944869995e-01 -1.398586481809616089e-01 4.604881256818771362e-02
1.159132197499275208e-01 -9.756663441658020020e-02 1.262379288673400879e-01
8.633789606392383575e-03 -4.211996123194694519e-02 -8.245947957038879395e-02
-1.619740426540374756e-01 6.916476041078567505e-02 -2.381006777286529541e-01
-2.372734844684600830e-01 6.980524957180023193e-02 -2.608245611190795898e-01
-1.526601314544677734e-01 1.013848651200532913e-02 -1.190522387623786926e-01
1.868863776326179504e-02 -6.606686860322952271e-02 1.653532087802886963e-01
6.852437555789947510e-02 -1.675878614187240601e-01 1.614712178707122803e-01
5.137256532907485962e-02 -2.132672667503356934e-01 -5.977233499288558960e-02
1.085185483098030090e-01 -2.242969572544097900e-01 -1.856219172477722168e-01
-6.131661683320999146e-02 -9.827400743961334229e-02 -1.622338891029357910e-01
-1.416443884372711182e-01 2.954000420868396759e-02 9.695309400558471680e-02
-1.862110793590545654e-01 7.669007778167724609e-02 2.845316827297210693e-01
3.215327113866806030e-02 1.250436156988143921e-01 2.821809649467468262e-01
4.140114486217498779e-01 5.056322738528251648e-02 1.055858880281448364e-01
3.824038505554199219e-01 1.078432500362396240e-01 -1.245595291256904602e-01
4.015307128429412842e-02 1.593272536993026733e-01 -2.589358985424041748e-01
-4.391483664512634277e-01 1.341547966003417969e-01 -1.523183733224868774e-01
-5.091580152511596680e-01 7.601927220821380615e-02 -1.875932514667510986e-02
-3.522841334342956543e-01 -3.700355067849159241e-02 6.522464007139205933e-02
-8.779351413249969482e-02 -7.731828093528747559e-02 7.989089190959930420e-02
