-9.574533998966217041e-02 2.733856439590454102e-03 -1.558074727654457092e-02
-1.535605043172836304e-01 -7.002277299761772156e-03 3.048620000481605530e-02
-5.545274540781974792e-02 -1.035652402788400650e-02 1.107727959752082825e-01
8.607859164476394653e-02 8.494447171688079834e-02 1.368733346462249756e-01
1.563388556241989136e-01 1.141002029180526733e-01 4.267532005906105042e-02
1.170445978641510010e-01 2.677446007728576660e-01 -5.832415074110031128e-02
1.142141819000244141e-01 1.516536474227905273e-01 -1.266465038061141968e-01
-7.629433646798133850e-03 -3.129903674125671387e-01 -1.048838272690773010e-01
-1.504830271005630493e-01 -3.105901181697845459e-01 -5.277860909700393677e-03
-1.411681026220321655e-01 -2.353735268115997314e-01 -3.307301178574562073e-02
-1.545277088880538940e-01 1.510167419910430908e-01 2.031268365681171417e-02
3.252422064542770386e-02 3.718262910842895508e-01 9.138884395360946655e-02
1.269267499446868896e-01 1.575436443090438843e-01 3.632366284728050232e-02
-2.832615561783313751e-02 7.095423340797424316e-02 4.515946283936500549e-02
-5.649794265627861023e-02 -1.461831778287887573e-01 -2.414551228284835815e-01
9.870639070868492126e-03 -1.308289468288421631e-01 -3.375191986560821533e-01
8.948620525188744068e-04 -3.625339642167091370e-02 -9.509553760290145874e-02
2.464305236935615540e-02 -1.465026475489139557e-02 -6.967765092849731445e-02
-6.199154630303382874e-02 -5.121767520904541016e-02 9.478283673524856567e-02
1.071800813078880310e-01 -2.890020608901977539e-01 1.272504031658172607e-01
2.320973575115203857e-01 -3.012316226959228516e-01 2.392830501776188612e-04
2.691329419612884521e-01 -1.448149383068084717e-01 5.819297954440116882e-02
1.846476644277572632e-01 2.842134796082973480e-02 -9.636402130126953125e-02
1.719017326831817627e-02 2.356294244527816772e-01 -4.308821260929107666e-02
2.718827873468399048e-02 2.173118889331817627e-01 1.776538044214248657e-01
4.630434140563011169e-02 1.355695724487304688e-01 2.536555826663970947e-01
8.284363150596618652e-02 -1.875130459666252136e-02 3.127018511295318604e-01
6.487508863210678101e-02 -2.099656164646148682e-01 2.683895528316497803e-01
-1.404244601726531982e-01 -3.256973922252655029e-01 3.213824331760406494e-01
-1.706539541482925415e-01 -3.681540787220001221e-01 3.189103603363037109e-01
-2.112774997949600220e-01 -3.338584005832672119e-01 3.137739896774291992e-01
-2.111357897520065308e-01 -3.400328755378723145e-01 2.021805495023727417e-01
-5.830650031566619873e-02 -3.766036778688430786e-02 1.581542491912841797e-01
-1.733479350805282593e-01 3.051628172397613525e-02 1.640471220016479492e-01
-1.054736599326133728e-01 5.486552417278289795e-02 1.642132699489593506e-01
-3.540914133191108704e-02 -1.246183365583419800e-01 2.441781312227249146e-01
-4.171371459960937500e-02 -3.123633563518524170e-01 -1.540710628032684326e-01
1.674780547618865967e-01 8.421421796083450317e-02 -4.414204657077789307e-01
4.633188992738723755e-02 3.419582545757293701e-01 -5.064620971679687500e-01
3.512834012508392334e-02 5.320184230804443359e-01 -4.333252012729644775e-01
2.557357251644134521e-01 4.463312029838562012e-01 -3.691235780715942383e-01
3.059808015823364258e-01 7.666742801666259766e-02 -1.121792271733283997e-01
3.895404338836669922e-01 1.032458990812301636e-01 6.770855933427810669e-02
2.915545105934143066e-01 2.562895119190216064e-01 1.271813362836837769e-01
9.232506155967712402e-02 4.066792726516723633e-01 2.630680501461029053e-01
4.324696958065032959e-02 4.592303037643432617e-01 2.098628580570220947e-01
-8.273042738437652588e-02 2.454363107681274414e-01 2.266251295804977417e-01
-1.135798841714859009e-01 1.541686356067657471e-01 1.654677689075469971e-01
-1.007878407835960388e-01 1.127261444926261902e-01 1.331353187561035156e-01
-8.816123753786087036e-02 5.146742612123489380e-02 8.183222264051437378e-02
-4.767654836177825928e-02 -1.179712591692805290e-03 -2.086469531059265137e-02
-5.998726934194564819e-02 -5.412636697292327881e-02 -3.587140142917633057e-02
-1.767599135637283325e-01 -9.797371923923492432e-02 -1.055319905281066895e-01
-3.079436123371124268e-01 -1.081518754363059998e-01 -1.459006816148757935e-01
-4.252674877643585205e-01 -6.153983250260353088e-02 -2.377783879637718201e-02
-4.549790620803833008e-01 -1.114316731691360474e-01 -3.513896465301513672e-02
-3.012195527553558350e-01 -3.235060572624206543e-01 -1.924800686538219452e-03
-1.167431175708770752e-01 -4.092276394367218018e-01 6.960929930210113525e-02
-3.718249872326850891e-02 -3.032045066356658936e-01 -3.445336222648620605e-02
-6.753025203943252563e-02 1.274557262659072876e-01 -3.431994840502738953e-02
-1.743791848421096802e-01 3.829029500484466553e-01 -1.379051506519317627e-01
-2.095748037099838257e-01 3.204046785831451416e-01 -2.844949662685394287e-01
-1.421897709369659424e-01 1.585018336772918701e-01 -2.019455432891845703e-01
-8.715734630823135376e-02 -5.230348929762840271e-02 -1.990375667810440063e-01
-5.109392851591110229e-02 -1.180714294314384460e-01 -1.659829318523406982e-01
-5.375294014811515808e-02 -1.493636369705200195e-01 -1.659972667694091797e-01
-3.142849355936050415e-02 -1.798715591430664062e-01 -2.031772285699844360e-01
3.657633066177368164e-02 -1.097945719957351685e-01 -6.271336227655410767e-02
6.999239325523376465e-02 -5.295131728053092957e-02 -2.191926911473274231e-02
9.008335322141647339e-02 -2.731821872293949127e-02 -2.950543165206909180e-02
2.326711826026439667e-02 -3.096971660852432251e-02 -3.154826909303665161e-02
-1.212419103831052780e-02 -1.520801801234483719e-02 -2.552527189254760742e-02
1.305374410003423691e-02 3.083606995642185211e-02 8.486196398735046387e-02
5.703465640544891357e-02 8.601324260234832764e-02 1.191682741045951843e-01
9.816516190767288208e-02 5.914193391799926758e-02 3.808428300544619560e-03
2.548441477119922638e-02 9.606666862964630127e-03 -5.421025305986404419e-02
7.810628972947597504e-03 9.094087406992912292e-03 -2.658590674400329590e-02
-4.102801531553268433e-02 -4.668816551566123962e-02 -1.343926973640918732e-02
-5.002581328153610229e-02 -3.473428636789321899e-02 5.482563376426696777e-02
-1.207053940743207932e-02 -7.355441898107528687e-02 -3.459128737449645996e-02
-4.317948594689369202e-02 -1.136146932840347290e-01 -4.684704914689064026e-02
1.737017184495925903e-03 -9.002932161092758179e-02 -5.481030419468879700e-02
3.095516934990882874e-02 -6.905910372734069824e-02 -6.313045322895050049e-02
-6.400216370820999146e-03 -5.765162035822868347e-02 -4.081677645444869995e-02
5.801235791295766830e-03 1.480464637279510498e-02 3.050296101719141006e-03
1.599064841866493225e-02 9.528607130050659180e-02 1.443256884813308716e-01
-4.573365207761526108e-03 4.124818742275238037e-02 6.660318374633789062e-02
-2.486016415059566498e-02 -1.090156752616167068e-02 -9.250729344785213470e-03
-1.601617969572544098e-02 -1.304975003004074097e-01 -7.219970971345901489e-02
5.122427344322204590e-01 -2.221716195344924927e-01 -1.043184101581573486e-01
6.641810536384582520e-01 -1.706199347972869873e-01 -7.958874106407165527e-02
6.075419783592224121e-01 -1.301586478948593140e-01 -1.627974361181259155e-01
4.334673285484313965e-01 -1.367796957492828369e-01 -7.222939282655715942e-02
-2.967577986419200897e-02 3.389991074800491333e-02 1.419309806078672409e-02
5.148325115442276001e-02 -9.332309477031230927e-03 4.238247126340866089e-02
2.074200063943862915e-01 -6.485859304666519165e-02 8.615202270448207855e-03
1.281648725271224976e-01 -2.546489797532558441e-02 -1.203927993774414062e-01
1.019933298230171204e-01 -1.195993423461914062e-01 -9.087791666388511658e-03
1.426817625761032104e-01 -8.851484954357147217e-02 4.721228778362274170e-02
8.047067373991012573e-02 -9.683337807655334473e-02 3.550968691706657410e-02
1.537164598703384399e-01 -5.914445035159587860e-03 2.252674102783203125e-01
1.765188276767730713e-01 1.247685998678207397e-01 3.285925686359405518e-01
1.147622838616371155e-01 1.934429705142974854e-01 3.701365888118743896e-01
2.258067764341831207e-02 1.592470407485961914e-01 3.594629466533660889e-01
-2.090252786874771118e-01 9.082873351871967316e-03 2.009508758783340454e-01
-2.665556371212005615e-01 -3.784491866827011108e-02 1.155930459499359131e-01
-1.617251932621002197e-01 -1.411935407668352127e-02 1.096389889717102051e-01
-9.767134487628936768e-02 -4.750024899840354919e-02 4.925451055169105530e-02
-1.482466757297515869e-01 -1.728873252868652344e-01 -5.827642977237701416e-02
-2.223312705755233765e-01 -2.966759204864501953e-01 -1.513657569885253906e-01
-2.821131050586700439e-01 -3.298644423484802246e-01 -2.190730720758438110e-01
-2.302440404891967773e-01 -2.519211471080780029e-01 -2.133613377809524536e-01
-1.357527375221252441e-01 -1.383721083402633667e-01 -1.501668244600296021e-01
-1.085462570190429688e-01 -8.830515295267105103e-02 -1.118224412202835083e-01
-7.627410441637039185e-02 -8.389293402433395386e-02 -7.857315987348556519e-02
-2.359751984477043152e-02 -5.104016885161399841e-02 -7.505183573812246323e-03
1.490198634564876556e-02 -1.199899148195981979e-02 7.896994240581989288e-03
5.193201825022697449e-02 2.022165805101394653e-02 -2.825100347399711609e-02
5.930224061012268066e-02 3.800252452492713928e-02 -7.755235582590103149e-02
4.723712429404258728e-02 4.038733243942260742e-02 -1.093982756137847900e-01
4.948919638991355896e-02 4.168982431292533875e-02 -7.157353311777114868e-02
2.417078800499439240e-02 6.578246504068374634e-02 6.264895200729370117e-02
-1.934358291327953339e-02 7.878587394952774048e-02 1.123844310641288757e-01
-3.761702775955200195e-02 4.557781666517257690e-02 9.289450198411941528e-02
-6.371470540761947632e-02 5.052096769213676453e-02 1.148410066962242126e-01
-4.013565182685852051e-02 5.113935470581054688e-02 1.588723361492156982e-01
3.753554448485374451e-02 3.385629132390022278e-02 2.357808798551559448e-01
7.491023838520050049e-02 -7.749011740088462830e-03 2.382247596979141235e-01
1.050388365983963013e-01 -1.670279912650585175e-02 1.876741945743560791e-01
1.172385290265083313e-01 5.532962828874588013e-02 6.792315840721130371e-02
1.081342399120330811e-01 1.236558705568313599e-01 -7.403802871704101562e-02
1.948743909597396851e-01 2.143561393022537231e-01 -7.603347301483154297e-02
2.348249107599258423e-01 1.434969604015350342e-01 -1.804566979408264160e-01
2.090466916561126709e-01 -2.851353771984577179e-02 -2.890512347221374512e-01
1.961309611797332764e-01 -1.363482773303985596e-01 -3.394366800785064697e-01
1.591421812772750854e-01 -1.751028597354888916e-01 -3.474559187889099121e-01
1.133491769433021545e-01 -8.277091383934020996e-02 -2.074476778507232666e-01
3.450782597064971924e-02 -2.082172781229019165e-03 -1.407027095556259155e-01
-5.428024008870124817e-02 2.017701230943202972e-02 -1.246758699417114258e-01
-5.364125594496726990e-02 1.415378879755735397e-02 -1.538598686456680298e-01
-3.185433149337768555e-02 2.510906383395195007e-02 -1.158948242664337158e-01
-1.874379254877567291e-02 5.727193877100944519e-02 -5.077972263097763062e-02
-8.320554159581661224e-03 8.864851295948028564e-02 -2.987903729081153870e-02
-6.852380186319351196e-02 1.124348342418670654e-01 3.546571359038352966e-02
-1.414446234703063965e-01 8.646431565284729004e-02 3.183650225400924683e-02
-3.364607393741607666e-01 -1.375423222780227661e-01 1.948219388723373413e-01
-1.291989386081695557e-01 -8.691405504941940308e-02 4.435227513313293457e-01
1.544656455516815186e-01 1.863931119441986084e-01 2.944375276565551758e-01
1.460493057966232300e-01 3.730362057685852051e-01 9.845952689647674561e-02
1.376371383666992188e-01 4.642433822154998779e-01 -1.384700089693069458e-01
-1.297275573015213013e-01 2.677766978740692139e-01 -2.789097726345062256e-01
-6.262736022472381592e-02 3.784067556262016296e-02 -3.733276948332786560e-02
-3.562907502055168152e-02 -2.055729329586029053e-01 3.924656659364700317e-02
-4.410918802022933960e-02 -3.849526345729827881e-01 -4.902870580554008484e-02
2.247742563486099243e-02 -4.502336382865905762e-01 -1.562624573707580566e-01
1.230039000511169434e-01 -3.514800965785980225e-01 -2.765434980392456055e-01
2.202677130699157715e-01 -8.506777882575988770e-02 -3.010092675685882568e-01
1.428845226764678955e-01 -3.325036913156509399e-02 -1.254404783248901367e-01
1.168972179293632507e-01 -3.958858549594879150e-02 -1.451109070330858231e-02
2.600640617311000824e-02 -4.854373633861541748e-02 -1.052398001775145531e-03
-8.946757763624191284e-02 -3.234704583883285522e-02 -1.093172375112771988e-02
-1.046999841928482056e-01 -2.645743824541568756e-02 -1.802793592214584351e-01
5.490652285516262054e-03 -1.854570955038070679e-02 -3.418886959552764893e-01
-4.860784858465194702e-03 2.064962126314640045e-02 -1.403507292270660400e-01
-3.160232007503509521e-01 -9.516644477844238281e-02 2.975065112113952637e-01
-3.794622719287872314e-01 -2.444944828748703003e-01 5.211159586906433105e-01
-4.221078455448150635e-01 -3.087222278118133545e-01 5.544558167457580566e-01
-3.828351199626922607e-01 -1.749903708696365356e-01 3.757399618625640869e-01
-8.971388638019561768e-02 4.135049134492874146e-02 3.434084057807922363e-01
-1.652320176362991333e-01 2.664384841918945312e-01 2.230592966079711914e-01
-8.373474329710006714e-02 2.807555794715881348e-01 -1.579631119966506958e-02
-3.907191753387451172e-02 1.396217197179794312e-01 -4.835671931505203247e-02
-1.506289094686508179e-01 1.005571261048316956e-01 -1.825905442237854004e-01
2.131567597389221191e-01 2.055742740631103516e-01 -1.286627650260925293e-01
3.273068368434906006e-01 1.883430778980255127e-01 -2.923338711261749268e-01
3.460898399353027344e-01 9.866388142108917236e-02 -5.306230783462524414e-01
3.256914019584655762e-01 -9.672427177429199219e-02 -5.318912267684936523e-01
1.616668105125427246e-01 -2.964222729206085205e-01 -3.600153923034667969e-01
1.202602162957191467e-01 -1.104459315538406372e-01 -5.823269113898277283e-02
1.942954584956169128e-02 -5.729874130338430405e-03 1.526332050561904907e-01
-3.848245739936828613e-02 -2.516030333936214447e-02 1.119520589709281921e-01
-1.100449338555335999e-01 -4.810757562518119812e-02 -8.678429760038852692e-03
-1.191979348659515381e-01 -1.761751249432563782e-02 -2.406115829944610596e-02
-1.166064441204071045e-01 -5.493873730301856995e-02 1.584627106785774231e-02
-1.274490952491760254e-01 -7.463008910417556763e-02 6.436476856470108032e-02
-1.973084658384323120e-01 -1.363852620124816895e-01 4.418971017003059387e-02
-2.615380585193634033e-01 -1.244731396436691284e-01 -1.730227097868919373e-02
-3.177639842033386230e-01 -1.928045414388179779e-02 -5.081338807940483093e-02
-3.818804323673248291e-01 1.405603587627410889e-01 4.728838801383972168e-02
-4.042378664016723633e-01 2.974430918693542480e-01 1.613753736019134521e-01
-3.731580078601837158e-01 4.011796116828918457e-01 2.342264205217361450e-01
-2.479305118322372437e-01 4.456507563591003418e-01 3.305208384990692139e-01
-8.660622686147689819e-02 3.899292349815368652e-01 3.703239858150482178e-01
2.795258909463882446e-02 3.240070044994354248e-01 3.898583948612213135e-01
1.259566284716129303e-02 2.124745398759841919e-01 3.374353349208831787e-01
-2.489332295954227448e-02 7.614511251449584961e-02 2.257912755012512207e-01
-1.069244965910911560e-01 -1.361112594604492188e-01 9.899100661277770996e-02
-1.303255856037139893e-01 -3.101260364055633545e-01 1.526638772338628769e-02
-1.178004145622253418e-01 -3.522855043411254883e-01 -2.239498496055603027e-02
-1.409595310688018799e-01 -2.253998965024948120e-01 -4.416096210479736328e-02
-1.260517835617065430e-01 2.975590899586677551e-02 -4.546398669481277466e-02
-1.413289550691843033e-02 5.974641069769859314e-02 8.405601233243942261e-02
1.233566030859947205e-01 8.258212357759475708e-02 2.186054289340972900e-01
3.136921525001525879e-01 -3.066458739340305328e-02 2.142391651868820190e-01
2.092884778976440430e-01 -1.074264794588088989e-01 2.191483229398727417e-01
-1.463012304157018661e-02 -1.799676120281219482e-01 2.118034809827804565e-01
-1.243180409073829651e-01 -7.909705489873886108e-02 1.353055089712142944e-01
-1.241817474365234375e-01 1.385952383279800415e-01 1.296892911195755005e-01
1.525742374360561371e-02 3.292176127433776855e-01 1.059307083487510681e-01
-5.731837823987007141e-02 4.565160274505615234e-01 -1.487410366535186768e-01
1.527400761842727661e-01 1.697978824377059937e-01 -4.083872437477111816e-01
3.119327127933502197e-01 7.827048748731613159e-02 -4.194821417331695557e-01
5.056535601615905762e-01 -1.323985494673252106e-02 -3.511848449707031250e-01
5.760287046432495117e-01 -8.727445453405380249e-02 -1.893555670976638794e-01
4.690750241279602051e-01 1.059463396668434143e-01 -5.044811591506004333e-02
3.677025139331817627e-01 1.415857970714569092e-01 1.625356525182723999e-01
1.785442084074020386e-01 1.861995309591293335e-01 3.158256709575653076e-01
-9.036315977573394775e-02 1.160955727100372314e-01 3.764289021492004395e-01
-2.616764307022094727e-01 -1.460545063018798828e-01 1.333730220794677734e-01
-2.962449491024017334e-01 -3.037163615226745605e-01 -8.454414457082748413e-02
-2.958269417285919189e-01 -2.558068633079528809e-01 5.654358863830566406e-02
-2.378645688295364380e-01 -2.297510206699371338e-01 2.606209926307201385e-02
-1.428514868021011353e-01 -2.298249304294586182e-01 -4.779068008065223694e-02
-1.482056230306625366e-01 -1.961554884910583496e-01 -5.933072790503501892e-02
-1.792725175619125366e-01 -1.695463657379150391e-01 2.544084750115871429e-02
-1.300032883882522583e-01 -1.562090814113616943e-01 -7.379866670817136765e-03
-1.495427824556827545e-02 -1.740956306457519531e-01 1.751990802586078644e-02
6.350699812173843384e-02 -1.861501187086105347e-01 2.446366101503372192e-02
1.320820301771163940e-01 -1.017575860023498535e-01 1.359938681125640869e-01
-1.255915462970733643e-01 -2.812737524509429932e-01 3.482337296009063721e-01
-2.492641508579254150e-01 -4.171649217605590820e-01 3.254029154777526855e-01
-3.025103509426116943e-01 -3.348264396190643311e-01 2.034383267164230347e-01
-2.430371940135955811e-01 -3.161368668079376221e-01 2.926937863230705261e-02
-5.017874762415885925e-02 -1.276946216821670532e-01 -1.706300675868988037e-01
-2.245051320642232895e-03 -1.465029120445251465e-01 -2.021306455135345459e-01
