-7.798031717538833618e-02 -5.766160786151885986e-02 -5.554903764277696609e-03
-1.141466200351715088e-01 5.097683146595954895e-02 1.662261411547660828e-02
-2.291490696370601654e-02 1.407251209020614624e-01 1.840743236243724823e-02
1.698355972766876221e-01 2.458007335662841797e-01 5.560660734772682190e-02
2.191420197486877441e-01 2.650092244148254395e-01 7.652507722377777100e-02
3.712321817874908447e-02 -5.089807137846946716e-02 -1.056056022644042969e-01
-1.549415290355682373e-01 -2.535485327243804932e-01 -8.042281866073608398e-02
-1.745198518037796021e-01 -3.649273812770843506e-01 -1.087246239185333252e-01
7.797700166702270508e-02 -2.445087730884552002e-01 5.943647027015686035e-02
2.291391491889953613e-01 1.912759095430374146e-01 2.753022909164428711e-01
6.178974732756614685e-02 3.746376335620880127e-01 2.023308873176574707e-01
-7.517098635435104370e-02 2.942034900188446045e-01 2.058937102556228638e-01
-1.226007640361785889e-01 -3.112503327429294586e-02 -1.609801054000854492e-01
1.891535148024559021e-02 -2.710661888122558594e-01 -4.317154884338378906e-01
1.310165226459503174e-01 -3.216430842876434326e-01 -3.683538734912872314e-01
1.170492470264434814e-01 -1.710695028305053711e-01 -2.384013086557388306e-01
1.253511384129524231e-02 -7.621439546346664429e-02 1.627945750951766968e-01
-2.542929947376251221e-01 -1.307727117091417313e-02 1.969602853059768677e-01
-3.943322896957397461e-01 1.639261096715927124e-01 -7.961297780275344849e-02
-3.986366391181945801e-01 2.160992622375488281e-01 -1.700837314128875732e-01
-1.120085343718528748e-01 2.351655811071395874e-01 -1.949418783187866211e-01
3.022208809852600098e-01 1.088726744055747986e-01 6.480154395103454590e-02
2.865082621574401855e-01 -5.950843542814254761e-02 2.279363423585891724e-01
1.003356277942657471e-01 -8.737501502037048340e-02 2.163652181625366211e-01
-1.875064671039581299e-01 -9.828200936317443848e-02 1.466407328844070435e-01
-2.748388051986694336e-01 -5.738846957683563232e-02 3.472750261425971985e-02
-1.392808258533477783e-01 -1.446213871240615845e-01 4.450879245996475220e-02
-1.131639163941144943e-02 -1.990690380334854126e-01 1.214572861790657043e-01
6.368373334407806396e-02 -1.680912226438522339e-01 1.845911890268325806e-01
9.700736403465270996e-02 -9.861025214195251465e-02 1.328986138105392456e-01
1.351273953914642334e-01 1.700144410133361816e-01 5.921620503067970276e-02
2.356862574815750122e-01 1.339606642723083496e-01 5.147873610258102417e-02
2.851017713546752930e-01 9.076748788356781006e-02 1.089844331145286560e-01
1.175161525607109070e-01 4.106761142611503601e-02 1.040932610630989075e-01
6.150041008368134499e-04 -6.712327152490615845e-02 -1.874746233224868774e-01
5.759285762906074524e-02 1.215141862630844116e-01 -4.983974397182464600e-01
3.624186217784881592e-01 1.117943152785301208e-01 -5.183635950088500977e-01
5.752145051956176758e-01 1.849172711372375488e-01 -2.571518719196319580e-01
3.590509891510009766e-01 1.911457628011703491e-01 -1.251665642485022545e-03
-2.448454201221466064e-01 1.006867289543151855e-01 2.136038690805435181e-01
-5.980347990989685059e-01 1.516577750444412231e-01 5.255656689405441284e-02
-6.094438433647155762e-01 1.867861449718475342e-01 -2.624521031975746155e-02
-4.178822338581085205e-01 2.027237713336944580e-01 1.771452128887176514e-01
7.718487177044153214e-03 1.553675979375839233e-01 3.180419206619262695e-01
2.660544216632843018e-01 -1.044138818979263306e-01 3.917648792266845703e-01
2.908911406993865967e-01 -3.132627308368682861e-01 2.340019196271896362e-01
1.964001953601837158e-01 -3.689003586769104004e-01 -2.142929472029209137e-02
5.589170381426811218e-02 -3.226105570793151855e-01 -1.334121078252792358e-01
3.706467151641845703e-02 -1.508187502622604370e-01 -2.110228538513183594e-01
1.697034947574138641e-02 -1.082324385643005371e-01 -1.939546912908554077e-01
6.650897860527038574e-02 -1.698171049356460571e-01 -1.472726315259933472e-01
1.226594373583793640e-01 -2.029177993535995483e-01 -3.745479136705398560e-02
8.936090767383575439e-02 -1.856582760810852051e-01 7.565499097108840942e-02
5.184681713581085205e-02 -6.346502900123596191e-02 1.390182673931121826e-01
-1.342895627021789551e-01 -5.812347866594791412e-03 -4.283522069454193115e-02
-2.610800862312316895e-01 1.169394925236701965e-01 -1.313230693340301514e-01
-1.532602459192276001e-01 2.053241878747940063e-01 -5.942189693450927734e-02
4.471891745924949646e-02 2.579848170280456543e-01 1.060168072581291199e-01
3.261420130729675293e-01 2.494639158248901367e-01 2.754182517528533936e-01
4.087947010993957520e-01 4.889866337180137634e-02 1.116422116756439209e-01
2.408389896154403687e-01 -3.227011486887931824e-02 -6.255029141902923584e-02
1.660712249577045441e-02 -3.961614891886711121e-02 -1.488127708435058594e-01
-1.928606927394866943e-01 -1.633356884121894836e-02 -1.548400074243545532e-01
-2.053429037332534790e-01 3.642708808183670044e-02 -4.745928198099136353e-02
-9.848532080650329590e-02 -3.434850275516510010e-02 -8.262852579355239868e-02
-1.478791534900665283e-01 -1.064265891909599304e-02 -9.451984614133834839e-02
-1.584953516721725464e-01 5.885767191648483276e-02 -2.711243368685245514e-02
-1.630500555038452148e-01 1.118731349706649780e-01 7.275728974491357803e-03
-7.410680502653121948e-02 7.750157266855239868e-02 5.876276642084121704e-02
7.082540541887283325e-02 3.432437079027295113e-03 7.883950322866439819e-02
3.202068060636520386e-02 -4.128357395529747009e-02 6.445426493883132935e-02
-6.644362211227416992e-02 -1.640672236680984497e-02 3.606108576059341431e-02
-1.069945767521858215e-01 5.263926461338996887e-02 -3.737532347440719604e-02
-2.012844197452068329e-02 3.161432594060897827e-02 -6.271889060735702515e-02
9.025008231401443481e-02 -2.022933214902877808e-02 -4.277202486991882324e-02
1.241638734936714172e-01 -9.878553450107574463e-02 3.560662968084216118e-03
4.712675884366035461e-02 -1.215903162956237793e-01 6.052264571189880371e-02
-1.235713018104434013e-03 -5.085350573062896729e-02 3.906674683094024658e-02
1.263466756790876389e-02 -3.195500373840332031e-02 -1.009739376604557037e-02
5.147108808159828186e-03 1.512442342936992645e-02 -5.910374596714973450e-02
6.560769863426685333e-03 2.675111033022403717e-02 -9.225460141897201538e-02
-8.810868486762046814e-03 -2.443621167913079262e-03 -4.734032601118087769e-02
-2.577976509928703308e-02 3.343696892261505127e-02 1.945110037922859192e-02
-8.986897766590118408e-02 3.194894269108772278e-02 6.598626822233200073e-02
-7.469153404235839844e-02 1.078493241220712662e-02 6.761572510004043579e-02
-4.850468249060213566e-04 -2.319543994963169098e-02 2.685256302356719971e-02
1.202443614602088928e-01 -8.495088666677474976e-02 -7.880581542849540710e-03
8.342657983303070068e-02 5.368776991963386536e-02 -1.310113370418548584e-01
-1.262400150299072266e-01 2.492589205503463745e-01 -3.094893395900726318e-01
-1.666453480720520020e-01 3.027231097221374512e-01 -3.832495212554931641e-01
-1.732267886400222778e-01 1.517998129129409790e-01 -2.883107662200927734e-01
6.533472333103418350e-03 -1.337577104568481445e-01 1.314011514186859131e-01
3.852319717407226562e-02 -1.976434439420700073e-01 3.566087484359741211e-01
-4.075474664568901062e-02 -7.151740789413452148e-02 2.993141412734985352e-01
7.397530972957611084e-02 6.756254285573959351e-02 7.879596948623657227e-02
8.344299346208572388e-02 5.212749913334846497e-02 -8.148818463087081909e-02
9.299839287996292114e-02 -3.093747794628143311e-02 -4.114243015646934509e-02
1.028729081153869629e-01 -1.008917838335037231e-01 1.037482395768165588e-01
-1.020259633660316467e-01 -6.378962099552154541e-02 1.494588255882263184e-01
-2.089682817459106445e-01 2.005989477038383484e-02 8.989669382572174072e-02
-2.825356423854827881e-01 8.088459819555282593e-02 9.954913705587387085e-02
-2.785374820232391357e-01 1.289402097463607788e-01 1.144252717494964600e-01
3.792714327573776245e-02 1.158823352307081223e-02 1.633222848176956177e-01
2.905498743057250977e-01 -1.290877610445022583e-01 1.423007845878601074e-01
3.328166604042053223e-01 -1.700589060783386230e-01 2.789461798965930939e-02
2.447778880596160889e-01 -1.457145661115646362e-01 -9.799475222826004028e-02
6.830191612243652344e-02 -1.073221564292907715e-01 -2.195011079311370850e-01
4.626729339361190796e-02 -1.692923158407211304e-01 -2.571001052856445312e-01
1.271484196186065674e-01 -2.411267310380935669e-01 -2.148222178220748901e-01
1.508566737174987793e-01 -1.594037562608718872e-01 -1.197623535990715027e-01
9.063424170017242432e-02 4.654581472277641296e-02 3.335278248414397240e-03
7.728563621640205383e-03 2.016050070524215698e-01 9.169819205999374390e-02
-6.536404788494110107e-02 2.415505200624465942e-01 1.246532723307609558e-01
-1.122490316629409790e-01 1.601226478815078735e-01 8.320194482803344727e-02
-1.269585639238357544e-01 8.218257129192352295e-02 1.394510618411004543e-03
-1.233603134751319885e-01 7.795873284339904785e-02 -8.037181943655014038e-02
-6.113072112202644348e-02 7.734251767396926880e-02 -1.256051808595657349e-01
4.207364097237586975e-02 6.496166437864303589e-02 -9.512956440448760986e-02
6.992232799530029297e-02 1.641767658293247223e-02 -4.392775893211364746e-02
4.457426723092794418e-03 -4.340507090091705322e-02 3.600421547889709473e-02
-6.188475340604782104e-02 -4.512786492705345154e-02 1.183517649769783020e-01
-6.854825466871261597e-02 -4.194855690002441406e-02 1.396283358335494995e-01
-1.468731835484504700e-02 -2.725416235625743866e-02 1.520316004753112793e-01
1.259918045252561569e-02 -1.405383460223674774e-02 1.186905950307846069e-01
-8.226066827774047852e-02 -3.737310320138931274e-02 4.113993793725967407e-02
-1.515438556671142578e-01 -3.349297493696212769e-02 3.132214769721031189e-03
-1.104546785354614258e-01 -1.904138363897800446e-02 -1.526641659438610077e-02
9.315450489521026611e-02 5.513387545943260193e-02 4.394351318478584290e-02
3.110976219177246094e-01 1.640832126140594482e-01 1.162476316094398499e-01
3.132464289665222168e-01 2.552610933780670166e-01 7.752606272697448730e-02
1.869352608919143677e-01 2.434228956699371338e-01 -9.633269160985946655e-02
-2.314230427145957947e-02 7.864841073751449585e-02 -3.196829259395599365e-01
-1.251576840877532959e-01 -9.461601078510284424e-02 -4.154334962368011475e-01
-6.356371194124221802e-02 -2.149036079645156860e-01 -3.591910600662231445e-01
-4.402595758438110352e-02 -2.022702395915985107e-01 -1.405827701091766357e-01
2.635830454528331757e-02 -1.273742616176605225e-01 1.409094184637069702e-01
9.058886021375656128e-02 -7.178862392902374268e-02 3.084013462066650391e-01
1.079889461398124695e-01 -1.428990066051483154e-02 3.033011555671691895e-01
7.756201177835464478e-02 -4.066147841513156891e-03 1.652725189924240112e-01
-5.235300585627555847e-02 -5.890762899070978165e-03 1.154331956058740616e-02
-1.370835453271865845e-01 -2.111687883734703064e-02 -8.529581129550933838e-02
-1.336886733770370483e-01 -7.362483441829681396e-02 -7.150050997734069824e-02
-1.925803348422050476e-02 -1.032197102904319763e-01 2.926271408796310425e-02
1.621379144489765167e-02 -2.306894659996032715e-01 1.572580486536026001e-01
-1.328580528497695923e-01 -1.418440192937850952e-01 3.021562695503234863e-01
-1.681964546442031860e-01 1.375010460615158081e-01 2.292839288711547852e-01
-8.001393824815750122e-02 3.243111371994018555e-01 2.623792551457881927e-02
1.808315664529800415e-01 3.659986853599548340e-01 -1.931480318307876587e-01
3.939476609230041504e-01 1.536415666341781616e-01 -3.270007967948913574e-01
1.667189747095108032e-01 3.260841965675354004e-02 -1.268543601036071777e-01
-1.355503648519515991e-01 -5.726173520088195801e-02 4.689670726656913757e-02
-3.238277733325958252e-01 -1.290616691112518311e-01 6.597503274679183960e-02
-3.271264135837554932e-01 -1.892662048339843750e-01 -1.382772326469421387e-01
-1.306138038635253906e-01 -2.089504897594451904e-01 -4.069084227085113525e-01
1.747622713446617126e-02 7.482203189283609390e-03 -3.644364476203918457e-01
7.378228753805160522e-02 7.457618415355682373e-02 -1.245995610952377319e-01
6.191161274909973145e-02 5.983715131878852844e-02 1.511770486831665039e-01
7.173390686511993408e-02 -1.011544093489646912e-01 2.801972627639770508e-01
9.665518254041671753e-02 -1.639389395713806152e-01 2.789621651172637939e-01
2.023171335458755493e-01 -9.781329426914453506e-04 1.760130077600479126e-01
2.250881046056747437e-01 1.310174614191055298e-01 -6.278909742832183838e-02
1.115438565611839294e-01 1.958176493644714355e-01 -1.001159921288490295e-01
-6.219409033656120300e-02 -9.974291920661926270e-02 9.835937619209289551e-02
-3.069943189620971680e-01 -3.936763703823089600e-01 2.565035223960876465e-01
-3.866517841815948486e-01 -4.870046079158782959e-01 2.973428070545196533e-01
-2.844161391258239746e-01 -3.814608454704284668e-01 7.009912282228469849e-02
-3.324761241674423218e-02 1.168015673756599426e-01 -9.285350143909454346e-02
3.668693602085113525e-01 3.278125524520874023e-01 8.802721276879310608e-04
4.397694170475006104e-01 3.796622455120086670e-01 -2.986519597470760345e-02
3.155429661273956299e-01 2.798455655574798584e-01 -6.523664295673370361e-02
1.872386634349822998e-01 5.937897413969039917e-02 -2.446720749139785767e-01
-1.008653789758682251e-01 2.392253726720809937e-01 -2.091803848743438721e-01
-1.346771419048309326e-01 3.667848110198974609e-01 -9.827902168035507202e-02
-4.331442713737487793e-02 4.533476829528808594e-01 -2.008822113275527954e-01
-4.012076184153556824e-02 2.865879237651824951e-01 -3.416016697883605957e-01
-1.793537475168704987e-02 -2.645775377750396729e-01 -3.805891573429107666e-01
-9.927309304475784302e-02 -4.296837449073791504e-01 -2.152617461979389191e-02
-1.512539684772491455e-01 -3.995893597602844238e-01 3.657562732696533203e-01
-6.173025816679000854e-02 -2.453928440809249878e-01 4.712465703487396240e-01
9.449237585067749023e-02 -8.539198338985443115e-02 3.774600028991699219e-01
1.497044414281845093e-01 -8.839299529790878296e-02 8.139128983020782471e-02
7.176009565591812134e-02 -5.595098063349723816e-02 -9.992341697216033936e-02
-8.102061599493026733e-02 -3.508780896663665771e-02 -1.324544996023178101e-01
-1.355887949466705322e-01 -6.885854899883270264e-02 -7.732152193784713745e-02
-3.080489113926887512e-02 -9.078024327754974365e-02 2.493057958781719208e-02
1.278475522994995117e-01 -2.454275824129581451e-02 1.351550519466400146e-01
2.017811238765716553e-01 8.114482462406158447e-02 2.372530698776245117e-01
1.627160757780075073e-01 1.835878342390060425e-01 2.755391001701354980e-01
7.294907420873641968e-02 2.377623915672302246e-01 2.407431155443191528e-01
-9.301444143056869507e-02 2.821421027183532715e-01 1.293557733297348022e-01
-2.397992461919784546e-01 3.122566640377044678e-01 8.166399784386157990e-03
-2.994849681854248047e-01 2.964532673358917236e-01 -6.025075912475585938e-03
-2.350191026926040649e-01 1.283648163080215454e-01 -2.157962881028652191e-02
-5.791050195693969727e-02 -1.407656520605087280e-01 -1.276164501905441284e-01
8.052328974008560181e-02 -3.611311614513397217e-01 -2.510233819484710693e-01
9.284495562314987183e-02 -4.340115487575531006e-01 -3.328590989112854004e-01
6.182441860437393188e-02 -3.473455011844635010e-01 -3.085075318813323975e-01
8.592641353607177734e-02 -1.570001542568206787e-01 -1.385136246681213379e-01
1.646274775266647339e-01 6.671398878097534180e-02 1.963265240192413330e-02
1.594707816839218140e-01 1.389033645391464233e-01 1.092739701271057129e-01
-5.193533375859260559e-02 1.776694804430007935e-01 9.440496563911437988e-02
-2.919585406780242920e-01 1.706895083189010620e-01 -6.732548028230667114e-02
-3.746868968009948730e-01 1.337795704603195190e-01 -1.321532279253005981e-01
-2.666087150573730469e-01 7.656913250684738159e-02 -8.356454223394393921e-02
3.802433982491493225e-02 -1.909012347459793091e-02 6.885236501693725586e-02
2.067673653364181519e-01 -3.635439276695251465e-02 1.807445883750915527e-01
2.567085921764373779e-01 6.282849609851837158e-02 1.365525573492050171e-01
3.499556183815002441e-01 1.699302047491073608e-01 2.120296098291873932e-02
2.685900926589965820e-01 1.715931594371795654e-01 -2.357053458690643311e-01
1.515448689460754395e-01 7.212030887603759766e-02 -3.795296251773834229e-01
-9.891267120838165283e-02 -3.330136090517044067e-02 -5.129956603050231934e-01
-3.575718104839324951e-01 -3.505495563149452209e-02 -4.890247881412506104e-01
-2.941088378429412842e-01 9.496553242206573486e-02 -1.095452159643173218e-01
-2.127914428710937500e-01 1.839053779840469360e-01 2.644350826740264893e-01
-5.380830541253089905e-02 1.362732946872711182e-01 5.411427617073059082e-01
5.155001208186149597e-02 -4.660249873995780945e-02 6.336605548858642578e-01
1.114491894841194153e-01 -2.699330449104309082e-01 5.278863310813903809e-01
2.933698296546936035e-01 -3.821149766445159912e-01 2.464268505573272705e-01
2.284760475158691406e-01 -4.106062650680541992e-01 -1.233781576156616211e-01
3.614669665694236755e-02 -2.806895673274993896e-01 -3.722011148929595947e-01
-1.257898509502410889e-01 -9.271694719791412354e-02 -4.168199300765991211e-01
-9.822265058755874634e-02 6.649458780884742737e-03 -3.150405287742614746e-01
6.670247018337249756e-02 2.625823207199573517e-02 -5.540368705987930298e-02
1.388812214136123657e-01 -6.542186718434095383e-03 1.513001471757888794e-01
5.497976765036582947e-02 -7.951005361974239349e-03 1.429178118705749512e-01
-6.905572116374969482e-02 2.375061437487602234e-02 -4.181760922074317932e-02
-1.812639236450195312e-01 1.124103143811225891e-01 -1.299932450056076050e-01
-2.489250302314758301e-01 -8.241520263254642487e-04 9.527084976434707642e-02
-1.126979291439056396e-01 -1.241869404911994934e-01 3.847920000553131104e-01
1.370859593152999878e-01 -2.024406641721725464e-01 4.698227345943450928e-01
3.340351581573486328e-01 -2.051104307174682617e-01 2.603521943092346191e-01
3.675116896629333496e-01 6.274901330471038818e-02 -1.778773814439773560e-01
1.760489195585250854e-01 2.185463309288024902e-01 -4.461321830749511719e-01
-2.389436215162277222e-02 2.467366904020309448e-01 -4.516164064407348633e-01
-8.350070565938949585e-02 1.772533953189849854e-01 -2.844358980655670166e-01
