1.290514373437936374e-02
8.603429156252909160e-03
0.000000000000000000e+00
0.000000000000000000e+00
0.000000000000000000e+00
0.000000000000000000e+00
0.000000000000000000e+00
0.000000000000000000e+00
0.000000000000000000e+00
0.000000000000000000e+00
0.000000000000000000e+00
0.000000000000000000e+00
0.000000000000000000e+00
0.000000000000000000e+00
0.000000000000000000e+00
0.000000000000000000e+00
0.000000000000000000e+00
0.000000000000000000e+00
0.000000000000000000e+00
1.915894640418479566e-01
3.697907472768612314e-01
4.077603394400425851e-01
2.128238301964859580e-01
0.000000000000000000e+00
0.000000000000000000e+00
0.000000000000000000e+00
0.000000000000000000e+00
0.000000000000000000e+00
4.679776253867323765e-02
7.427702218770633469e-02
4.764074723255497940e-02
0.000000000000000000e+00
0.000000000000000000e+00
8.574403610195055481e-03
0.000000000000000000e+00
0.000000000000000000e+00
0.000000000000000000e+00
0.000000000000000000e+00
2.082631666575373575e-01
3.921613007750548996e-01
3.439657172987298783e-01
3.814322623539160295e-01
4.336128294751466217e-01
4.912284858888225081e-01
2.795841286450009289e-01
0.000000000000000000e+00
0.000000000000000000e+00
0.000000000000000000e+00
0.000000000000000000e+00
0.000000000000000000e+00
1.295043461357412839e-03
6.131439842012285230e-03
5.743703968836462621e-03
0.000000000000000000e+00
0.000000000000000000e+00
0.000000000000000000e+00
0.000000000000000000e+00
6.890876647960331169e-02
9.192678591536360133e-02
6.361163386157485389e-02
0.000000000000000000e+00
0.000000000000000000e+00
0.000000000000000000e+00
0.000000000000000000e+00
0.000000000000000000e+00
1.073461445039633130e-02
7.769335258873968746e-03
5.690293550864330627e-03
3.675834011028197672e-03
5.830380209382359999e-03
5.801499069026286315e-03
1.804375499327840566e-03
0.000000000000000000e+00
0.000000000000000000e+00
0.000000000000000000e+00
4.645432967841408157e-04
4.920854024509786458e-04
0.000000000000000000e+00
0.000000000000000000e+00
2.150578323502969850e-03
2.177450911825189184e-03
5.374517664443851869e-05
0.000000000000000000e+00
0.000000000000000000e+00
0.000000000000000000e+00
0.000000000000000000e+00
0.000000000000000000e+00
0.000000000000000000e+00
0.000000000000000000e+00
0.000000000000000000e+00
0.000000000000000000e+00
2.760726480142854378e-01
6.906945851898628197e-01
8.293077804380882823e-01
6.568868933479546923e-01
2.330581376370783053e-01
0.000000000000000000e+00
0.000000000000000000e+00
0.000000000000000000e+00
0.000000000000000000e+00
1.664833315944480238e-02
1.414335698819066487e-03
0.000000000000000000e+00
0.000000000000000000e+00
0.000000000000000000e+00
0.000000000000000000e+00
2.754870238185061927e-03
7.156408539614964211e-03
6.120327166870732569e-03
1.694748598042167048e-03
0.000000000000000000e+00
0.000000000000000000e+00
0.000000000000000000e+00
0.000000000000000000e+00
0.000000000000000000e+00
0.000000000000000000e+00
3.526748251731040866e-04
1.360012899367506970e-03
5.493980563189504804e-05
0.000000000000000000e+00
0.000000000000000000e+00
0.000000000000000000e+00
1.990977203557985683e-03
1.679024786286945591e-03
1.033212950395230546e-03
0.000000000000000000e+00
0.000000000000000000e+00
0.000000000000000000e+00
0.000000000000000000e+00
0.000000000000000000e+00
0.000000000000000000e+00
0.000000000000000000e+00
0.000000000000000000e+00
0.000000000000000000e+00
2.856210221357203052e-03
4.330215012541471439e-03
3.698065925206839473e-03
3.318531639502585867e-03
5.046930048007347049e-03
6.526711067262829999e-03
6.246429445950438426e-03
1.203418043577768066e-03
0.000000000000000000e+00
0.000000000000000000e+00
0.000000000000000000e+00
0.000000000000000000e+00
0.000000000000000000e+00
0.000000000000000000e+00
2.411031368167554922e-01
4.048409746977908452e-01
3.499622297041150021e-01
1.706223600217278147e-01
1.655955319037978324e-01
3.056628138022050578e-01
3.215334467727639089e-01
1.509603947342985919e-01
0.000000000000000000e+00
0.000000000000000000e+00
0.000000000000000000e+00
0.000000000000000000e+00
2.003053458564146155e-02
0.000000000000000000e+00
0.000000000000000000e+00
0.000000000000000000e+00
0.000000000000000000e+00
0.000000000000000000e+00
0.000000000000000000e+00
1.843254010515557595e-01
3.178402873594698419e-01
2.774424476818962981e-01
1.366764391037381399e-01
0.000000000000000000e+00
0.000000000000000000e+00
2.118807887610092422e-01
4.175346067443829745e-01
4.463647915794146659e-01
2.175624409434011308e-01
0.000000000000000000e+00
0.000000000000000000e+00
0.000000000000000000e+00
0.000000000000000000e+00
5.261405991018424516e-02
1.357804148519820182e-02
0.000000000000000000e+00
0.000000000000000000e+00
0.000000000000000000e+00
0.000000000000000000e+00
0.000000000000000000e+00
0.000000000000000000e+00
0.000000000000000000e+00
0.000000000000000000e+00
0.000000000000000000e+00
0.000000000000000000e+00
0.000000000000000000e+00
0.000000000000000000e+00
0.000000000000000000e+00
0.000000000000000000e+00
0.000000000000000000e+00
6.275346687731950604e-03
0.000000000000000000e+00
1.898614332114932635e-02
5.580976793642709183e-02
1.061933997339193775e-01
1.360384153298992427e-01
7.557321433078250002e-03
0.000000000000000000e+00
0.000000000000000000e+00
0.000000000000000000e+00
1.090039974452005622e-01
1.077836970623055890e-01
1.062911131648081910e-02
0.000000000000000000e+00
0.000000000000000000e+00
0.000000000000000000e+00
1.740732296410688051e-02
0.000000000000000000e+00
0.000000000000000000e+00
0.000000000000000000e+00
0.000000000000000000e+00
0.000000000000000000e+00
0.000000000000000000e+00
0.000000000000000000e+00
1.278817511593727035e-03
1.130798385321081815e-03
0.000000000000000000e+00
0.000000000000000000e+00
0.000000000000000000e+00
0.000000000000000000e+00
0.000000000000000000e+00
0.000000000000000000e+00
0.000000000000000000e+00
0.000000000000000000e+00
0.000000000000000000e+00
1.816671152542273793e-01
3.473204488221105501e-01
