-2.850804664194583893e-02 4.130908101797103882e-02 1.996157020330429077e-01
-1.125773489475250244e-01 -7.102387491613626480e-03 3.284701406955718994e-01
-1.092391237616539001e-01 -1.255636941641569138e-02 3.243500590324401855e-01
-4.588646814227104187e-02 -6.171428039669990540e-02 1.273104846477508545e-01
-2.772490866482257843e-02 -6.409732997417449951e-02 -1.622077822685241699e-01
-2.533688209950923920e-02 -4.836416244506835938e-02 -3.152675628662109375e-01
-1.693040281534194946e-01 -6.724043190479278564e-02 -2.494557201862335205e-01
-1.662595570087432861e-01 -9.371977299451828003e-02 -2.731082737445831299e-01
-1.069724783301353455e-01 -1.563124172389507294e-02 -4.656498134136199951e-02
-6.525845825672149658e-02 1.922524161636829376e-02 1.021272763609886169e-01
3.828487545251846313e-02 2.049535959959030151e-01 1.366878002882003784e-01
2.579689957201480865e-02 2.832833826541900635e-01 2.563624642789363861e-02
2.780051901936531067e-02 1.913113147020339966e-01 -1.507839858531951904e-01
2.799882553517818451e-02 3.743191063404083252e-02 -8.020387962460517883e-03
-2.981946105137467384e-03 -1.229730471968650818e-01 1.599834561347961426e-01
8.888704329729080200e-02 -1.225693225860595703e-01 1.471876949071884155e-01
1.850309669971466064e-01 -1.306499093770980835e-01 -2.698516845703125000e-02
1.759411841630935669e-01 -7.567191123962402344e-02 -8.278454840183258057e-02
1.700357943773269653e-01 2.834071777760982513e-02 1.072900444269180298e-01
9.932307153940200806e-02 2.528017759323120117e-02 1.914546340703964233e-01
-2.638047933578491211e-02 2.437365613877773285e-02 1.513003408908843994e-01
-7.441884279251098633e-02 2.730949595570564270e-02 1.107348576188087463e-01
-9.825658798217773438e-02 1.381208654493093491e-03 3.189517930150032043e-02
-8.346129208803176880e-02 1.434309482574462891e-01 7.068122923374176025e-02
1.800734736025333405e-02 2.182482481002807617e-01 5.635513737797737122e-02
1.293751411139965057e-02 2.299337238073348999e-01 9.462409466505050659e-02
2.327554859220981598e-02 2.766578793525695801e-01 1.249477863311767578e-01
1.620767265558242798e-02 2.416606247425079346e-01 1.526466459035873413e-01
-2.053862996399402618e-02 1.523041576147079468e-01 8.378366380929946899e-02
-6.399078760296106339e-03 2.936211787164211273e-02 -3.701778128743171692e-02
-1.257602777332067490e-02 -8.291219174861907959e-02 -5.791485309600830078e-02
3.867710009217262268e-02 -9.868576377630233765e-02 -1.248380020260810852e-01
1.456255763769149780e-01 2.586366795003414154e-02 -1.238297298550605774e-01
2.645498812198638916e-01 9.456907212734222412e-02 -1.787688732147216797e-01
3.463229238986968994e-01 4.126423597335815430e-02 -2.147601693868637085e-01
2.671236097812652588e-01 -4.327877983450889587e-02 -2.956362254917621613e-02
-5.051248893141746521e-02 -1.255679726600646973e-01 8.243866264820098877e-02
-2.329133749008178711e-01 -1.339904069900512695e-01 1.996576189994812012e-01
-2.355624437332153320e-01 -3.171663284301757812e-01 8.342646062374114990e-02
-1.503816992044448853e-01 -4.115398526191711426e-01 4.981884732842445374e-02
-3.106031753122806549e-02 -3.585225045680999756e-01 7.442685216665267944e-02
-2.155803516507148743e-02 -1.159997731447219849e-01 1.311678290367126465e-01
-2.702695317566394806e-02 -4.634453728795051575e-02 1.363394856452941895e-01
-9.273831546306610107e-02 -2.391004562377929688e-01 3.453346341848373413e-02
-1.315676867961883545e-01 -3.045042753219604492e-01 4.044315591454505920e-02
-1.870179474353790283e-01 -2.435384690761566162e-01 -2.105613797903060913e-01
1.045772656798362732e-01 4.468023478984832764e-01 -3.648681342601776123e-01
2.775859236717224121e-01 6.328098177909851074e-01 -4.469718039035797119e-01
2.729085087776184082e-01 5.931450128555297852e-01 -4.499292671680450439e-01
1.073335185647010803e-01 4.046046435832977295e-01 -1.523599326610565186e-01
-1.164490506052970886e-01 -1.218177750706672668e-01 2.299022115767002106e-02
-5.990694090723991394e-02 -3.447954356670379639e-01 1.567790955305099487e-01
3.485400229692459106e-02 -3.522486984729766846e-01 2.410566657781600952e-01
-9.661342203617095947e-02 -2.251516282558441162e-01 2.521947920322418213e-01
-2.882743775844573975e-01 -2.458521537482738495e-02 3.143383264541625977e-01
-3.013952672481536865e-01 1.528890281915664673e-01 2.464341521263122559e-01
-2.770035266876220703e-01 1.985268443822860718e-01 6.925104558467864990e-02
-7.933368533849716187e-02 9.075317531824111938e-02 -3.047174960374832153e-02
-5.587461218237876892e-02 -7.824066560715436935e-04 -3.369614481925964355e-02
-7.334477454423904419e-02 1.562238018959760666e-02 4.483943060040473938e-02
2.258998283650726080e-04 3.151523321866989136e-02 1.470018923282623291e-01
7.870458066463470459e-02 5.972599983215332031e-02 1.645034998655319214e-01
1.502991318702697754e-01 7.906314730644226074e-02 1.759420335292816162e-01
1.320180594921112061e-01 2.164439484477043152e-02 1.583757549524307251e-01
6.383855640888214111e-02 -6.021180003881454468e-02 1.359950900077819824e-01
9.968508966267108917e-03 -1.594239175319671631e-01 1.286941468715667725e-01
1.422550622373819351e-02 -2.002990245819091797e-01 1.036214604973793030e-01
2.100011147558689117e-02 -1.578192710876464844e-01 2.718889899551868439e-02
3.652422502636909485e-02 -8.328498154878616333e-02 -4.392118379473686218e-02
-3.669824078679084778e-02 -3.202985227108001709e-02 -1.724899262189865112e-01
-1.211554557085037231e-01 1.545268669724464417e-02 -1.309485435485839844e-01
-9.851127862930297852e-02 -5.673598870635032654e-02 -1.339424550533294678e-01
-1.985125616192817688e-02 -9.366461634635925293e-02 -4.912524670362472534e-02
1.231096461415290833e-01 -1.105005145072937012e-01 1.210444420576095581e-02
1.704357564449310303e-01 -1.809842884540557861e-01 6.862872838973999023e-02
1.376569122076034546e-01 -1.492594182491302490e-01 1.826411038637161255e-01
1.403661519289016724e-01 -6.173447892069816589e-02 6.552778184413909912e-02
7.043912261724472046e-02 1.208904981613159180e-01 2.304888889193534851e-02
-4.671762511134147644e-02 2.935160994529724121e-01 -1.435789763927459717e-01
-2.695310488343238831e-02 3.302191495895385742e-01 -4.511651396751403809e-02
-6.207134574651718140e-03 2.046610414981842041e-01 -1.004102453589439392e-02
5.327666550874710083e-02 4.985265433788299561e-02 -2.653832174837589264e-02
6.122657656669616699e-02 -2.576107531785964966e-02 -1.623959690332412720e-01
7.897967100143432617e-02 -5.737746879458427429e-02 -2.815586626529693604e-01
4.417431727051734924e-02 -2.003672868013381958e-01 -2.723916769027709961e-01
1.388651132583618164e-01 -3.822162747383117676e-01 -3.482190072536468506e-01
1.644071936607360840e-01 -4.280645847320556641e-01 -1.735477745532989502e-01
3.696657717227935791e-01 -3.061192333698272705e-01 -9.834011085331439972e-03
5.260682106018066406e-01 8.607405424118041992e-02 -4.135548770427703857e-01
3.939564228057861328e-01 4.559836089611053467e-01 -4.548121988773345947e-01
1.420198529958724976e-01 5.033442974090576172e-01 -3.949494063854217529e-01
-1.392573565244674683e-01 3.467900156974792480e-01 -2.196330428123474121e-01
-8.676657825708389282e-02 -1.288576573133468628e-01 2.365366518497467041e-01
2.190034240484237671e-01 -2.153485566377639771e-01 8.117204904556274414e-02
3.049636185169219971e-01 -2.284879684448242188e-01 1.339225098490715027e-02
1.794256120920181274e-01 -2.267634868621826172e-01 1.070294603705406189e-01
5.552620440721511841e-02 -1.866151243448257446e-01 -1.697900518774986267e-02
-4.370229318737983704e-02 -2.265143096446990967e-01 -1.407825350761413574e-01
-1.847512088716030121e-02 -1.042454130947589874e-02 -1.472896486520767212e-01
-4.168352857232093811e-02 4.981905221939086914e-02 -1.161303743720054626e-01
-7.826481759548187256e-02 1.317254826426506042e-02 2.304418198764324188e-02
-1.556987781077623367e-02 -3.419248014688491821e-02 -4.994378425180912018e-03
1.198076754808425903e-01 -5.442271009087562561e-02 2.019727043807506561e-02
2.180439829826354980e-01 -1.852939464151859283e-02 2.219192497432231903e-02
2.570283710956573486e-01 3.583532571792602539e-02 1.942046731710433960e-02
1.759170889854431152e-01 5.250159651041030884e-02 2.922149747610092163e-02
4.925687611103057861e-02 6.779026240110397339e-02 4.519098903983831406e-03
-5.890133604407310486e-02 -3.726270049810409546e-02 -9.049014747142791748e-02
-6.437584757804870605e-02 1.657794229686260223e-02 -1.387834995985031128e-01
-6.515882164239883423e-02 1.526264548301696777e-01 7.088319212198257446e-02
-2.476660460233688354e-01 1.734638661146163940e-01 2.657595276832580566e-01
-3.723842501640319824e-01 1.409707516431808472e-01 3.136711120605468750e-01
-3.891330659389495850e-01 -3.241715021431446075e-03 2.587480247020721436e-01
-2.965335845947265625e-01 -9.610722213983535767e-02 1.099302545189857483e-01
-1.345744431018829346e-01 -1.004645004868507385e-01 6.736773252487182617e-02
-1.049811467528343201e-01 -1.078967079520225525e-01 5.589357018470764160e-02
-1.867462694644927979e-01 -1.692051291465759277e-01 -1.541496813297271729e-02
-1.702875196933746338e-01 -2.002743482589721680e-01 -5.945315212011337280e-02
-9.322045743465423584e-02 -1.992248445749282837e-01 1.085446868091821671e-02
-2.406197413802146912e-02 -2.242686450481414795e-01 -1.377502363175153732e-02
7.378008961677551270e-02 -2.546016871929168701e-01 -7.036424428224563599e-02
5.014084652066230774e-02 -3.815666139125823975e-01 -1.871879249811172485e-01
1.477943453937768936e-02 -3.873714506626129150e-01 -1.659843176603317261e-01
-3.313318593427538872e-03 -2.462211996316909790e-01 -1.164906099438667297e-01
-5.653034150600433350e-02 1.237642467021942139e-01 1.402291059494018555e-01
-1.471320837736129761e-01 4.090789854526519775e-01 2.311360239982604980e-01
-2.060153037309646606e-01 3.338006436824798584e-01 1.395360231399536133e-01
-1.329483091831207275e-01 1.066598221659660339e-01 1.222472935914993286e-01
-1.182666514068841934e-02 -8.979104459285736084e-02 -2.929063327610492706e-02
6.415111478418111801e-03 -2.358853816986083984e-02 1.421858817338943481e-01
-1.865566074848175049e-01 1.142441630363464355e-01 2.541840374469757080e-01
-2.561656236648559570e-01 1.529685854911804199e-01 1.235093399882316589e-01
-2.822614908218383789e-01 3.057971000671386719e-01 -1.388985365629196167e-01
-2.477894127368927002e-01 4.343273937702178955e-01 -3.216305077075958252e-01
-2.152787297964096069e-01 4.405370950698852539e-01 -3.726433515548706055e-01
-2.857796847820281982e-01 3.640503883361816406e-01 -1.353992521762847900e-01
-2.023191899061203003e-01 1.517501175403594971e-01 -3.246529400348663330e-02
-1.357701569795608521e-01 -3.667031601071357727e-02 -1.050156876444816589e-01
-4.521111398935317993e-02 -6.973285228013992310e-02 -1.362122297286987305e-01
2.378309704363346100e-02 -1.230896487832069397e-01 -1.846358329057693481e-01
-4.768319893628358841e-03 -9.433977305889129639e-02 -9.635619074106216431e-02
-8.246949873864650726e-03 -7.632637023925781250e-02 5.343069136142730713e-02
-3.629928082227706909e-02 -1.567146033048629761e-01 -4.586847126483917236e-02
2.458274178206920624e-02 -8.392411470413208008e-02 -7.148183137178421021e-02
9.538911283016204834e-02 2.050662599503993988e-02 -1.656170487403869629e-01
2.747439779341220856e-02 1.878060549497604370e-01 -2.618545293807983398e-01
7.695092353969812393e-03 2.985921800136566162e-01 -1.050217598676681519e-01
1.033943071961402893e-01 1.516117155551910400e-01 6.088750064373016357e-02
2.181069552898406982e-01 -1.093258634209632874e-01 3.300960361957550049e-01
3.236715495586395264e-01 -1.471562683582305908e-01 3.770874142646789551e-01
4.039560556411743164e-01 -1.515498161315917969e-01 2.821402251720428467e-01
4.231889843940734863e-01 -7.656057924032211304e-02 2.417384535074234009e-01
3.904831707477569580e-01 -3.100307844579219818e-02 1.487858444452285767e-01
2.245192229747772217e-01 -3.131625056266784668e-01 1.229340210556983948e-01
8.397219330072402954e-02 -2.523770332336425781e-01 6.950551271438598633e-02
2.673389203846454620e-02 -1.270519047975540161e-01 -3.128920122981071472e-02
-6.786762177944183350e-02 2.325666509568691254e-02 -5.446395277976989746e-02
-5.619169399142265320e-02 1.902901232242584229e-01 -2.182360365986824036e-02
-2.109040170907974243e-01 2.145565003156661987e-01 6.137489899992942810e-02
-1.576688736677169800e-01 1.437171697616577148e-01 -1.561449375003576279e-03
-1.239598845131695271e-03 1.093527078628540039e-01 -9.456992894411087036e-02
5.619926750659942627e-02 1.199648752808570862e-01 -3.156047314405441284e-02
2.231633067131042480e-01 -2.751436643302440643e-02 -2.766853012144565582e-02
1.225831173360347748e-02 -5.618248879909515381e-02 -4.176316037774085999e-02
-1.133340969681739807e-01 -2.893842458724975586e-01 -7.402005046606063843e-02
-1.229968145489692688e-01 -3.216981589794158936e-01 -6.246202811598777771e-02
-1.375449299812316895e-01 -1.220157444477081299e-01 3.222318738698959351e-02
7.104973495006561279e-02 -2.263403497636318207e-02 1.230552569031715393e-01
1.083735451102256775e-01 1.949462741613388062e-01 9.728478640317916870e-02
1.383253335952758789e-01 -1.388535927981138229e-02 -8.388447761535644531e-02
1.182450354099273682e-01 2.669484727084636688e-02 -4.813594371080398560e-02
-4.315745458006858826e-02 2.143151126801967621e-02 -3.153044730424880981e-02
-1.673892438411712646e-01 -5.005555972456932068e-02 -1.355684921145439148e-02
-1.610980033874511719e-01 1.647506467998027802e-02 7.219001650810241699e-02
-9.636878967285156250e-02 -9.509062767028808594e-02 -6.962329149246215820e-03
-8.309282362461090088e-03 -5.205824598670005798e-02 -6.640587747097015381e-02
