-4.875407814979553223e-01 -5.398032665252685547e-01 3.145095109939575195e-01
-4.782771170139312744e-01 -5.444915294647216797e-01 3.399550318717956543e-01
-4.912760555744171143e-01 -5.650931000709533691e-01 3.617621958255767822e-01
-4.466248750686645508e-01 -6.008096337318420410e-01 3.399379253387451172e-01
-3.240216672420501709e-01 -5.465187430381774902e-01 3.058370053768157959e-01
-3.621078431606292725e-01 -5.202999114990234375e-01 3.617441058158874512e-01
-3.414530456066131592e-01 -5.282993912696838379e-01 3.881566822528839111e-01
-2.680620551109313965e-01 -5.145965218544006348e-01 4.010563194751739502e-01
-2.330764979124069214e-01 -5.409402847290039062e-01 4.043260812759399414e-01
-2.018613368272781372e-01 -4.994818270206451416e-01 3.925993740558624268e-01
-2.995026111602783203e-01 -5.832742452621459961e-01 3.983163833618164062e-01
-2.316181808710098267e-01 -5.614841580390930176e-01 3.817242383956909180e-01
-2.520096898078918457e-01 -5.455635786056518555e-01 3.931462168693542480e-01
-2.427521646022796631e-01 -5.542560219764709473e-01 3.347664177417755127e-01
-2.760534286499023438e-01 -6.016814708709716797e-01 3.199881911277770996e-01
-2.774519622325897217e-01 -5.921025276184082031e-01 3.182969987392425537e-01
-2.472473978996276855e-01 -5.804123878479003906e-01 3.524767160415649414e-01
-2.571524679660797119e-01 -5.166249275207519531e-01 3.554752171039581299e-01
-3.442581593990325928e-01 -5.238934755325317383e-01 3.805149793624877930e-01
-3.430162966251373291e-01 -5.259799361228942871e-01 3.929237127304077148e-01
-4.042537212371826172e-01 -5.224980711936950684e-01 4.253165721893310547e-01
-4.012696743011474609e-01 -5.048965215682983398e-01 4.089163243770599365e-01
-3.461380004882812500e-01 -5.403563380241394043e-01 4.065581262111663818e-01
-3.215931653976440430e-01 -5.138082504272460938e-01 4.185453951358795166e-01
-3.273552060127258301e-01 -5.077084898948669434e-01 4.373731911182403564e-01
-2.541286945343017578e-01 -5.110448002815246582e-01 3.801468908786773682e-01
-2.715919017791748047e-01 -4.960098862648010254e-01 3.585602343082427979e-01
-2.527905106544494629e-01 -4.970290958881378174e-01 3.292049765586853027e-01
-2.519448101520538330e-01 -5.125850439071655273e-01 3.045997917652130127e-01
-2.476235777139663696e-01 -5.080191493034362793e-01 3.176274895668029785e-01
-2.686564028263092041e-01 -5.191543698310852051e-01 3.129145801067352295e-01
-2.518222332000732422e-01 -5.070910453796386719e-01 3.057702779769897461e-01
-2.455345094203948975e-01 -5.066676139831542969e-01 3.262902796268463135e-01
-2.416811734437942505e-01 -4.774023294448852539e-01 3.419384658336639404e-01
-2.589935958385467529e-01 -3.970495164394378662e-01 3.651118874549865723e-01
-2.173318266868591309e-01 -2.437361180782318115e-01 3.500359356403350830e-01
-3.048084676265716553e-01 -2.180821448564529419e-01 3.370957076549530029e-01
-4.354520440101623535e-01 -2.427659034729003906e-01 2.547936439514160156e-01
-3.505071401596069336e-01 -3.455019593238830566e-01 2.097184807062149048e-01
-2.646683752536773682e-01 -3.356199860572814941e-01 2.775308787822723389e-01
-2.542839348316192627e-01 -2.843466401100158691e-01 3.299220800399780273e-01
-3.404600918292999268e-01 -2.806698083877563477e-01 1.672184467315673828e-01
-3.148633539676666260e-01 -2.924683988094329834e-01 7.723571360111236572e-02
-3.620756864547729492e-01 -2.645680308341979980e-01 4.185077175498008728e-02
-3.075062930583953857e-01 -1.716201156377792358e-01 5.182348936796188354e-02
-1.622909754514694214e-01 -3.389519155025482178e-01 1.005192622542381287e-01
-1.938461512327194214e-01 -3.400828838348388672e-01 3.969823569059371948e-02
-1.753235906362533569e-01 -2.945950627326965332e-01 -1.994813829660415649e-01
-1.225256398320198059e-01 -3.451859205961227417e-02 -5.597296953201293945e-01
-1.230345368385314941e-01 -1.896020472049713135e-01 -4.937338232994079590e-01
-1.594063043594360352e-01 -3.081209063529968262e-01 -5.194516777992248535e-01
-1.154943555593490601e-01 -2.840091288089752197e-01 -6.348837018013000488e-01
-6.845708936452865601e-02 -2.032811194658279419e-01 -5.846933722496032715e-01
-1.530559957027435303e-01 -2.254416197538375854e-01 -5.516303181648254395e-01
1.508959084749221802e-01 -1.657063066959381104e-01 -3.907103836536407471e-01
3.573112487792968750e-01 -4.456398189067840576e-01 -1.058124005794525146e-01
4.963888823986053467e-01 -4.166814088821411133e-01 -2.500878646969795227e-02
5.432819128036499023e-01 -3.406732380390167236e-01 1.045377459377050400e-03
5.802992582321166992e-01 -3.225779235363006592e-01 4.032091423869132996e-02
5.649117827415466309e-01 -3.391663134098052979e-01 1.270899362862110138e-02
5.582305788993835449e-01 -3.457074761390686035e-01 6.179631873965263367e-02
5.438145995140075684e-01 -3.626841902732849121e-01 4.563859477639198303e-02
5.359938740730285645e-01 -3.340353071689605713e-01 1.507572643458843231e-02
5.301392078399658203e-01 -3.044308125972747803e-01 -5.434747319668531418e-03
5.317378044128417969e-01 -2.917135059833526611e-01 -1.043443288654088974e-02
5.407674908638000488e-01 -3.047803342342376709e-01 -1.940181478857994080e-02
4.818512499332427979e-01 -3.427522778511047363e-01 1.356550492346286774e-03
4.357761740684509277e-01 -3.613816797733306885e-01 6.395380944013595581e-03
4.147385060787200928e-01 -3.632097542285919189e-01 1.885526813566684723e-02
4.251788854598999023e-01 -3.734672069549560547e-01 1.038285437971353531e-02
4.489773213863372803e-01 -3.358216881752014160e-01 2.204243466258049011e-02
4.752345681190490723e-01 -3.534948229789733887e-01 3.958528488874435425e-02
3.992737233638763428e-01 -4.318834543228149414e-01 2.185107767581939697e-02
4.172234535217285156e-01 -3.843260109424591064e-01 2.898435853421688080e-02
3.615815937519073486e-01 -4.146250486373901367e-01 3.753904625773429871e-02
3.813126385211944580e-01 -3.787127435207366943e-01 6.609451770782470703e-02
3.575269877910614014e-01 -3.652918934822082520e-01 1.305640637874603271e-01
3.594749867916107178e-01 -3.523013889789581299e-01 1.382378488779067993e-01
4.005148410797119141e-01 -2.694217264652252197e-01 1.344207227230072021e-01
3.590160608291625977e-01 -3.356940448284149170e-01 1.370072513818740845e-01
3.266241252422332764e-01 -4.237743616104125977e-01 6.519236415624618530e-02
2.545053958892822266e-01 -3.860159218311309814e-01 6.648059189319610596e-02
2.796037197113037109e-01 -3.618924021720886230e-01 7.827509939670562744e-02
2.569170296192169189e-01 -4.076330363750457764e-01 6.200454384088516235e-02
2.403035610914230347e-01 -3.862772881984710693e-01 4.348511621356010437e-02
1.194299161434173584e-01 -3.155447542667388916e-01 -2.801689505577087402e-02
2.218596935272216797e-01 -4.472264647483825684e-01 -1.593295037746429443e-01
5.639414861798286438e-02 -3.376305401325225830e-01 -2.444749474525451660e-01
1.475015655159950256e-02 -3.804249167442321777e-01 -1.125110909342765808e-01
-3.057473897933959961e-01 2.345020771026611328e-01 -2.574598193168640137e-01
-4.399722814559936523e-01 1.392157077789306641e-01 -5.151413753628730774e-02
-4.060142338275909424e-01 9.263256937265396118e-02 -1.253677904605865479e-01
-2.861624956130981445e-01 -8.227517455816268921e-02 -1.583001911640167236e-01
-3.850154876708984375e-01 1.312170773744583130e-01 -2.769515216350555420e-01
-4.213189780712127686e-01 2.019432634115219116e-01 -2.440697699785232544e-01
-4.375047981739044189e-01 3.259485065937042236e-01 -8.760062605142593384e-02
-3.158926069736480713e-01 4.682599306106567383e-01 4.476265050470829010e-03
-4.595634341239929199e-01 4.258357584476470947e-01 2.189033329486846924e-01
-4.002108573913574219e-01 5.361452102661132812e-01 3.586830794811248779e-01
-3.836416304111480713e-01 5.706220865249633789e-01 3.448626399040222168e-01
-3.255189061164855957e-01 5.742703080177307129e-01 3.490296602249145508e-01
-3.439843356609344482e-01 5.650814175605773926e-01 3.369726538658142090e-01
-3.560368120670318604e-01 5.631800293922424316e-01 3.339864313602447510e-01
-3.167800307273864746e-01 5.969627499580383301e-01 2.865290641784667969e-01
-3.300843834877014160e-01 6.026563644409179688e-01 3.225907385349273682e-01
-3.532114028930664062e-01 6.011853218078613281e-01 3.067176640033721924e-01
-4.108828902244567871e-01 5.768396854400634766e-01 3.018957972526550293e-01
-4.426231086254119873e-01 5.284057259559631348e-01 3.180807828903198242e-01
-4.496299326419830322e-01 4.645152688026428223e-01 3.227446973323822021e-01
-4.079056978225708008e-01 4.798192977905273438e-01 3.219844698905944824e-01
-3.033193349838256836e-01 5.296269655227661133e-01 3.058039844036102295e-01
-1.519429087638854980e-01 5.096369385719299316e-01 2.912858426570892334e-01
4.331633076071739197e-02 3.044881522655487061e-01 3.494519591331481934e-01
1.113521903753280640e-01 1.855689734220504761e-01 3.693954050540924072e-01
1.041349172592163086e-01 1.451992839574813843e-01 3.995800912380218506e-01
8.663884550333023071e-02 1.006262004375457764e-01 4.107831716537475586e-01
1.272270083427429199e-01 8.098887652158737183e-02 4.096904397010803223e-01
1.545428037643432617e-01 6.626617163419723511e-02 4.156239926815032959e-01
1.439153403043746948e-01 -3.422034531831741333e-02 4.384440779685974121e-01
1.114278957247734070e-01 -4.803905263543128967e-02 4.279149770736694336e-01
1.187301874160766602e-01 1.000414602458477020e-03 4.558703303337097168e-01
1.184731200337409973e-01 -4.264750704169273376e-02 4.730107486248016357e-01
7.775966078042984009e-02 -1.775643043220043182e-02 5.110945701599121094e-01
1.134841442108154297e-01 5.778118222951889038e-02 5.501470565795898438e-01
9.076789021492004395e-02 8.984721265733242035e-03 5.646437406539916992e-01
1.106062829494476318e-01 3.950396180152893066e-02 5.557289719581604004e-01
5.124719068408012390e-02 -4.067749902606010437e-02 5.448740124702453613e-01
4.382397234439849854e-02 -1.371162682771682739e-01 5.240546464920043945e-01
2.880532480776309967e-02 -1.697238981723785400e-01 5.512310862541198730e-01
-4.416725039482116699e-02 -1.400221288204193115e-01 5.799430012702941895e-01
-6.114368885755538940e-02 -1.335417628288269043e-01 5.691471695899963379e-01
-8.153730630874633789e-02 -2.745840847492218018e-01 4.880504608154296875e-01
5.225871875882148743e-02 -3.487440943717956543e-01 3.841170966625213623e-01
5.815098062157630920e-02 -2.281176745891571045e-01 2.512035965919494629e-01
2.228163480758666992e-01 -3.360823988914489746e-01 1.098166704177856445e-01
4.200534224510192871e-01 -4.127546846866607666e-01 1.408885866403579712e-01
4.962527155876159668e-01 -3.942449688911437988e-01 2.285123169422149658e-01
5.119012594223022461e-01 -4.122987687587738037e-01 2.369049340486526489e-01
5.241564512252807617e-01 -3.747168481349945068e-01 2.316845953464508057e-01
5.430724620819091797e-01 -3.440051376819610596e-01 2.308981418609619141e-01
5.157388448715209961e-01 -3.258068263530731201e-01 2.242481410503387451e-01
5.136550068855285645e-01 -3.417090475559234619e-01 2.217278182506561279e-01
5.848596692085266113e-01 -3.016406893730163574e-01 2.558872401714324951e-01
5.402452945709228516e-01 -3.230598866939544678e-01 2.760418653488159180e-01
4.949258863925933838e-01 -3.402480483055114746e-01 2.499108910560607910e-01
4.976791143417358398e-01 -3.387698829174041748e-01 2.369396537542343140e-01
4.805164933204650879e-01 -3.740903437137603760e-01 1.913449168205261230e-01
4.934351444244384766e-01 -3.864020109176635742e-01 2.056028693914413452e-01
4.259048402309417725e-01 -4.202691614627838135e-01 1.776509135961532593e-01
3.530226349830627441e-01 -4.197444915771484375e-01 8.211141079664230347e-02
7.170318067073822021e-02 -4.555391073226928711e-01 -1.101275384426116943e-01
-6.227751448750495911e-02 -4.167631566524505615e-01 -2.949552237987518311e-01
-2.468044161796569824e-01 -3.133166432380676270e-01 -3.195818364620208740e-01
-2.418304532766342163e-01 -1.826926022768020630e-01 -3.471014201641082764e-01
-3.377399444580078125e-01 -9.436921775341033936e-02 -4.629630446434020996e-01
-3.318907916545867920e-01 -1.515323519706726074e-01 -3.900473415851593018e-01
-4.252446889877319336e-01 -1.432748883962631226e-01 -3.704378306865692139e-01
-3.959223330020904541e-01 -1.887504458427429199e-01 -3.259965777397155762e-01
-4.356366991996765137e-01 -2.351167947053909302e-01 -4.318325519561767578e-01
-4.298004806041717529e-01 -2.945964336395263672e-01 -3.532968461513519287e-01
-3.737385869026184082e-01 -3.932331800460815430e-01 -4.573374092578887939e-01
-4.482687711715698242e-01 -3.631221354007720947e-01 -5.041320323944091797e-01
-4.897886514663696289e-01 -2.654708921909332275e-01 -5.534033775329589844e-01
-4.381143152713775635e-01 -2.746661603450775146e-01 -5.548275113105773926e-01
-5.198171138763427734e-01 -2.136637568473815918e-01 -5.274219512939453125e-01
-4.360556900501251221e-01 -3.334769904613494873e-01 -5.176348686218261719e-01
-4.930583834648132324e-01 -3.085414469242095947e-01 -5.085564851760864258e-01
-4.153274595737457275e-01 -2.819936573505401611e-01 -5.328222513198852539e-01
-5.158029794692993164e-01 -3.938639760017395020e-01 -5.604392290115356445e-01
-4.430026412010192871e-01 -2.487741112709045410e-01 -5.727500319480895996e-01
-4.625902771949768066e-01 -2.430106550455093384e-01 -6.046224236488342285e-01
-5.260911583900451660e-01 -2.480092793703079224e-01 -5.666644573211669922e-01
-4.722382724285125732e-01 -2.524227499961853027e-01 -6.036429405212402344e-01
-4.861139357089996338e-01 -3.455736041069030762e-01 -6.009258627891540527e-01
-4.319085776805877686e-01 -3.738644123077392578e-01 -6.426411271095275879e-01
-4.612006545066833496e-01 -3.016795814037322998e-01 -6.196985840797424316e-01
