-5.836421251296997070e-02 -1.049007922410964966e-01 1.253558993339538574e-01
1.061111921444535255e-03 -6.731420755386352539e-02 6.316627562046051025e-02
1.558799594640731812e-01 6.104224547743797302e-02 -8.269225060939788818e-02
2.974823713302612305e-01 1.694822460412979126e-01 -2.412871867418289185e-01
2.960068881511688232e-01 1.109042763710021973e-01 -2.670426070690155029e-01
2.395498603582382202e-01 -5.773911252617835999e-02 -1.819012612104415894e-01
1.604788750410079956e-02 -1.874981969594955444e-01 -6.900820881128311157e-02
-1.777245998382568359e-01 -1.759044826030731201e-01 3.361386060714721680e-02
-2.140815258026123047e-01 -1.307439524680376053e-02 9.314426034688949585e-02
-1.231886893510818481e-01 1.551973521709442139e-01 1.354821175336837769e-01
1.213090717792510986e-01 2.262732833623886108e-01 8.917917311191558838e-02
1.497530788183212280e-01 1.560548841953277588e-01 7.588415592908859253e-02
-3.729989379644393921e-02 -7.005847990512847900e-02 8.240158110857009888e-02
-2.424700260162353516e-01 -1.765799373388290405e-01 6.141054630279541016e-02
-2.684699892997741699e-01 -1.264642626047134399e-01 -6.336502730846405029e-02
-1.120385751128196716e-01 1.539533771574497223e-02 -2.328865677118301392e-01
-8.204460889101028442e-02 1.695740669965744019e-01 -2.749472558498382568e-01
-1.163814216852188110e-01 1.455690562725067139e-01 -1.286464035511016846e-01
-5.823793634772300720e-02 5.301964282989501953e-02 1.315209120512008667e-01
8.798336982727050781e-02 -1.709502376616001129e-02 2.892868518829345703e-01
2.663956284523010254e-01 -9.243132174015045166e-02 2.703292965888977051e-01
2.556366920471191406e-01 -4.588648676872253418e-02 1.562419384717941284e-01
1.325640678405761719e-01 6.841523200273513794e-02 1.452405191957950592e-02
3.791782632470130920e-02 9.964010864496231079e-02 -3.785537928342819214e-02
-2.778341248631477356e-02 1.272459328174591064e-01 -1.563843898475170135e-02
-6.134501099586486816e-02 5.416674539446830750e-02 -1.876021362841129303e-02
-4.707457125186920166e-02 -4.432372003793716431e-02 -2.607071958482265472e-02
6.845381110906600952e-03 -7.594392448663711548e-02 -7.931567728519439697e-02
3.943436220288276672e-02 -1.370619386434555054e-01 -1.137584373354911804e-01
5.900752544403076172e-02 -1.274912804365158081e-01 -1.550227254629135132e-01
1.052246522158384323e-02 -3.408164903521537781e-02 -1.755283027887344360e-01
9.977004490792751312e-03 1.261081397533416748e-01 -1.173295155167579651e-01
6.303782761096954346e-02 2.568815052509307861e-01 -1.185874640941619873e-02
6.646057218313217163e-02 1.794236153364181519e-01 1.746329218149185181e-01
1.103674843907356262e-01 -1.203672736883163452e-01 2.729857265949249268e-01
1.845513284206390381e-02 -3.555277585983276367e-01 2.557609677314758301e-01
-9.681522101163864136e-02 -4.434885382652282715e-01 8.043958246707916260e-02
-1.749792695045471191e-01 -3.518384397029876709e-01 -8.452791720628738403e-02
-2.083539962768554688e-01 -7.390106469392776489e-02 -6.012272462248802185e-02
-4.807344079017639160e-02 1.598485559225082397e-01 2.410029992461204529e-02
1.689152233302593231e-02 3.302890956401824951e-01 6.709097325801849365e-02
-2.114814892411231995e-02 1.884962469339370728e-01 -1.155654340982437134e-01
-9.618015587329864502e-02 -9.642989188432693481e-02 -2.439465522766113281e-01
6.623373925685882568e-02 -2.386258989572525024e-01 -2.554077506065368652e-01
4.316901266574859619e-01 6.861822307109832764e-02 -1.933564990758895874e-01
5.763288140296936035e-01 4.263106584548950195e-01 -1.428877413272857666e-01
5.052809119224548340e-01 5.212000012397766113e-01 -1.213943213224411011e-01
3.833338990807533264e-02 4.311331510543823242e-01 1.324973553419113159e-01
-4.320909082889556885e-01 -2.051510512828826904e-01 2.736588716506958008e-01
-5.742784142494201660e-01 -4.252167344093322754e-01 2.488327175378799438e-01
-5.664314627647399902e-01 -3.544823825359344482e-01 1.649969220161437988e-01
-4.369112849235534668e-01 -1.272530108690261841e-01 7.338608056306838989e-02
-2.211991101503372192e-01 9.849644452333450317e-02 2.216806262731552124e-01
7.918635755777359009e-02 9.882072359323501587e-02 3.066438734531402588e-01
3.488765060901641846e-01 -4.122500866651535034e-02 8.736963570117950439e-02
3.741256892681121826e-01 -4.163910448551177979e-02 -1.969323605298995972e-01
2.434340268373489380e-01 -3.548224270343780518e-02 -3.522273600101470947e-01
7.196754962205886841e-02 -5.950391665101051331e-02 -2.960961163043975830e-01
-1.138233244419097900e-01 5.141804460436105728e-03 -8.906086534261703491e-02
-1.554334908723831177e-01 6.607526540756225586e-02 4.438279569149017334e-02
-1.923092603683471680e-01 1.839980036020278931e-01 7.142131030559539795e-02
-1.541221290826797485e-01 1.722204834222793579e-01 3.812861442565917969e-02
-5.438471212983131409e-02 2.345273084938526154e-02 -3.359338268637657166e-02
3.704891772940754890e-03 -1.565235704183578491e-01 -9.924481064081192017e-02
3.128149360418319702e-02 -2.351279407739639282e-01 -1.485445648431777954e-01
6.717655062675476074e-02 -1.497832238674163818e-01 -1.299285888671875000e-01
1.237711533904075623e-01 2.306748926639556885e-02 -2.632511220872402191e-02
2.383485138416290283e-01 1.303199827671051025e-01 6.047939881682395935e-02
2.852508127689361572e-01 8.930638432502746582e-02 1.141267940402030945e-01
2.010459452867507935e-01 -7.431251462548971176e-03 6.846875697374343872e-02
7.920033298432826996e-03 -5.602980032563209534e-02 -1.737826317548751831e-02
-2.306418865919113159e-01 2.858758904039859772e-02 -7.190184295177459717e-02
-3.308745622634887695e-01 8.958229422569274902e-02 -1.020090505480766296e-01
-3.071918785572052002e-01 4.568183422088623047e-02 -3.236745297908782959e-02
-1.322690546512603760e-01 5.436054989695549011e-02 5.108632519841194153e-02
1.170831769704818726e-01 8.458668738603591919e-02 1.251839995384216309e-01
3.650699257850646973e-01 1.738653630018234253e-01 1.300394088029861450e-01
3.808881044387817383e-01 1.771271079778671265e-01 7.661725580692291260e-02
2.095876038074493408e-01 2.753610350191593170e-02 -6.151417735964059830e-03
-4.307730123400688171e-02 -5.274446308612823486e-02 -6.979449093341827393e-02
-1.558418124914169312e-01 -9.076160192489624023e-02 -1.211195960640907288e-01
1.639323122799396515e-02 -7.941626012325286865e-02 -1.253491342067718506e-01
1.130915656685829163e-01 -7.191512733697891235e-02 -5.330677703022956848e-02
9.958545118570327759e-02 -6.395780295133590698e-02 -5.775839090347290039e-02
-1.534216850996017456e-01 -4.232035949826240540e-02 -2.764827944338321686e-02
-3.911941051483154297e-01 2.859299443662166595e-02 -2.316011115908622742e-02
-1.713683456182479858e-01 3.947579860687255859e-02 -2.518910467624664307e-01
2.754147648811340332e-01 1.279961783438920975e-02 -1.893919855356216431e-01
5.335576534271240234e-01 -6.061278283596038818e-02 -7.499526441097259521e-02
5.302693843841552734e-01 -1.690482497215270996e-01 1.131919622421264648e-01
-1.202593743801116943e-01 -1.606357246637344360e-01 4.382686018943786621e-01
-5.459389090538024902e-01 1.027379706501960754e-01 1.378319710493087769e-01
-5.931090712547302246e-01 3.185269236564636230e-01 -8.120495826005935669e-02
-4.707435369491577148e-01 2.713417410850524902e-01 -1.784702539443969727e-01
-2.049707807600498199e-03 4.125377163290977478e-02 -1.932382136583328247e-01
2.699037790298461914e-01 -2.492896169424057007e-01 6.781657785177230835e-02
3.445952236652374268e-01 -2.255975753068923950e-01 1.230728402733802795e-01
2.815526723861694336e-01 3.996014595031738281e-03 1.396182626485824585e-01
1.065338551998138428e-01 1.142973452806472778e-01 2.336958646774291992e-01
2.357849851250648499e-02 1.002611145377159119e-01 2.154317945241928101e-01
-5.657260119915008545e-02 -1.626664958894252777e-02 7.356833666563034058e-02
-1.132013052701950073e-01 -1.096579711884260178e-02 -1.100396364927291870e-01
-1.309407949447631836e-01 8.086047321557998657e-02 -2.082388401031494141e-01
-1.238871440291404724e-01 6.012983247637748718e-02 -1.922377794981002808e-01
-1.738283783197402954e-02 -8.696969598531723022e-03 -8.050244301557540894e-02
9.946832805871963501e-02 -1.178162992000579834e-01 1.055660750716924667e-02
1.751569211483001709e-01 -1.140504255890846252e-01 6.368537992238998413e-02
9.740798175334930420e-02 2.261663973331451416e-02 1.640416085720062256e-01
-3.950783237814903259e-02 3.694222867488861084e-02 2.795034050941467285e-01
-1.136820986866950989e-01 -6.350504606962203979e-02 3.179141581058502197e-01
-1.128031462430953979e-01 -2.670913636684417725e-01 1.900734007358551025e-01
1.888831175165250897e-04 -3.385799527168273926e-01 -1.104144379496574402e-01
3.517225384712219238e-02 -1.470127105712890625e-01 -2.870123684406280518e-01
3.971720114350318909e-02 7.168711721897125244e-02 -2.381998598575592041e-01
9.645456820726394653e-02 1.428207755088806152e-01 -6.853384524583816528e-02
1.353759914636611938e-01 9.474115073680877686e-02 7.694441080093383789e-02
1.083583533763885498e-01 1.894161291420459747e-02 9.294304996728897095e-02
1.440874330000951886e-04 2.737811766564846039e-02 2.911336161196231842e-02
-1.321885883808135986e-01 9.271640330553054810e-02 -8.552434295415878296e-02
-1.230857521295547485e-01 7.028285413980484009e-02 -1.773471236228942871e-01
-4.962725564837455750e-02 4.601569473743438721e-02 -1.841963529586791992e-01
3.161338344216346741e-02 3.062370046973228455e-02 -8.234550058841705322e-02
5.041331425309181213e-02 3.443183377385139465e-03 8.764548599720001221e-02
6.852391362190246582e-02 6.126052234321832657e-03 1.944598257541656494e-01
1.451705098152160645e-01 -4.293680191040039062e-02 1.914900243282318115e-01
8.220963180065155029e-02 -8.312107622623443604e-02 6.190270185470581055e-02
2.363890409469604492e-02 2.140793483704328537e-03 -8.065412938594818115e-02
-1.192698627710342407e-01 7.338839769363403320e-02 -4.857135191559791565e-02
-1.105518043041229248e-01 5.699652805924415588e-02 1.727715134620666504e-01
1.223025172948837280e-01 -5.196727346628904343e-03 3.704126775264739990e-01
3.148461878299713135e-01 7.834615558385848999e-02 3.637831807136535645e-01
4.422782957553863525e-01 2.788812220096588135e-01 1.253151595592498779e-01
3.532595634460449219e-01 3.440162241458892822e-01 -2.124260812997817993e-01
5.180445685982704163e-02 1.463691145181655884e-01 -3.269147574901580811e-01
-2.552959322929382324e-01 -1.937497407197952271e-01 -3.206081986427307129e-01
-3.563415408134460449e-01 -3.709801733493804932e-01 -1.926640123128890991e-01
-2.642429172992706299e-01 -2.362729012966156006e-01 -4.870745167136192322e-02
-6.462644785642623901e-02 -8.819507434964179993e-03 -3.750900551676750183e-02
-1.513865310698747635e-02 1.027568578720092773e-01 -8.332269266247749329e-03
-1.432961821556091309e-01 4.663408920168876648e-02 -1.556312385946512222e-02
-1.360065788030624390e-01 -6.742372363805770874e-02 -1.583258435130119324e-02
-4.995232447981834412e-02 -3.529534116387367249e-02 2.854825742542743683e-02
8.849405497312545776e-02 8.611208200454711914e-02 -1.850896142423152924e-02
2.371631264686584473e-01 1.635093390941619873e-01 -4.598471149802207947e-02
1.739998459815979004e-01 1.355362236499786377e-01 -2.951733209192752838e-02
-3.590071573853492737e-02 3.299615159630775452e-02 -8.171930676326155663e-04
-3.598360121250152588e-01 -8.616828173398971558e-02 5.957901105284690857e-02
-5.117664337158203125e-01 -5.288096889853477478e-02 6.062597036361694336e-02
-4.207888245582580566e-01 4.272029921412467957e-02 2.227139286696910858e-02
-1.694944649934768677e-01 1.445634067058563232e-01 3.360935300588607788e-02
1.310881227254867554e-01 2.244864106178283691e-01 5.491796880960464478e-02
1.682829558849334717e-01 -6.348482519388198853e-02 -1.982768252491950989e-02
1.702781319618225098e-01 -3.125817179679870605e-01 -7.521203905344009399e-02
1.829484403133392334e-01 -3.353792428970336914e-01 -1.418927609920501709e-01
2.140417844057083130e-01 -1.969746500253677368e-01 -7.647587358951568604e-02
2.659314274787902832e-01 1.642967164516448975e-01 1.282477229833602905e-01
2.141710221767425537e-01 1.275985389947891235e-01 1.530932337045669556e-01
1.334238648414611816e-01 -2.478993684053421021e-02 7.829304086044430733e-04
3.554459288716316223e-02 2.263406990095973015e-03 -1.856203824281692505e-01
-3.181688487529754639e-02 3.299267217516899109e-02 -1.871702373027801514e-01
-1.383106708526611328e-01 2.468275874853134155e-01 -8.162151090800762177e-03
-1.032016649842262268e-01 1.488199532032012939e-01 1.755250096321105957e-01
-9.595417976379394531e-02 -1.720263510942459106e-01 9.732925146818161011e-02
-5.941490456461906433e-02 -2.902306914329528809e-01 -2.337773703038692474e-02
5.331911891698837280e-02 -2.879653573036193848e-01 -1.115573663264513016e-02
2.664958010427653790e-04 5.703143775463104248e-02 9.288877248764038086e-02
6.323525309562683105e-02 2.971687018871307373e-01 1.798180341720581055e-01
1.567240618169307709e-02 2.123019248247146606e-01 -1.114158034324645996e-01
-7.206602394580841064e-02 1.169809773564338684e-01 -2.703323960304260254e-01
-2.916845865547657013e-02 -8.118065446615219116e-02 -2.550218999385833740e-01
2.469455823302268982e-02 -1.744253933429718018e-01 -3.474776446819305420e-02
1.669977307319641113e-01 -1.494156718254089355e-01 2.962220311164855957e-01
1.775235384702682495e-01 -1.716526150703430176e-01 2.020209431648254395e-01
6.806579977273941040e-02 -1.302584353834390640e-02 4.808195680379867554e-02
-3.230815753340721130e-02 8.952446281909942627e-02 -1.015862450003623962e-01
-6.524495780467987061e-02 1.016897484660148621e-01 -1.515121459960937500e-01
