-3.400192260742187500e-01 -1.862874478101730347e-01 -6.441134214401245117e-01
-2.761501073837280273e-01 -2.230454385280609131e-01 -6.069771051406860352e-01
-2.254153341054916382e-01 -1.718375235795974731e-01 -6.108826398849487305e-01
-2.188543081283569336e-01 -2.322018891572952271e-01 -6.097635030746459961e-01
-1.620881557464599609e-01 -2.728047370910644531e-01 -6.311140060424804688e-01
-2.821230292320251465e-01 -1.897753924131393433e-01 -6.011426448822021484e-01
-2.585109472274780273e-01 -2.532363831996917725e-01 -5.845159888267517090e-01
-1.600403934717178345e-01 -3.141439557075500488e-01 -5.851321816444396973e-01
-1.235005483031272888e-01 -3.426151573657989502e-01 -5.017309784889221191e-01
-1.010509803891181946e-01 -2.638918459415435791e-01 -5.005999803543090820e-01
1.011312752962112427e-01 -4.191446900367736816e-01 -2.510356605052947998e-01
3.159205913543701172e-01 -4.915507137775421143e-01 -2.208860665559768677e-01
3.386063575744628906e-01 -4.765872061252593994e-01 -9.822072833776473999e-02
3.902617990970611572e-01 -4.468294680118560791e-01 -5.704310536384582520e-02
4.700600206851959229e-01 -4.974256455898284912e-01 -2.493734844028949738e-02
4.775594472885131836e-01 -5.201300978660583496e-01 -3.758597373962402344e-02
4.772915840148925781e-01 -5.027607679367065430e-01 -7.151632010936737061e-02
5.285591483116149902e-01 -4.452125132083892822e-01 -2.718729525804519653e-02
5.504681468009948730e-01 -4.778279960155487061e-01 -7.718344032764434814e-02
5.374756455421447754e-01 -4.705907106399536133e-01 -6.273856759071350098e-02
5.095798373222351074e-01 -4.996476471424102783e-01 -5.702252313494682312e-02
5.122099518775939941e-01 -4.628824293613433838e-01 -6.842146394774317741e-04
5.121717453002929688e-01 -4.803307354450225830e-01 -1.268168725073337555e-02
5.680761337280273438e-01 -4.502535164356231689e-01 -4.734235256910324097e-02
5.443980693817138672e-01 -4.491090178489685059e-01 -3.518990799784660339e-02
5.540487766265869141e-01 -4.449158012866973877e-01 -6.858646124601364136e-02
5.804352164268493652e-01 -4.076552689075469971e-01 -5.512793362140655518e-02
5.764977335929870605e-01 -3.636004626750946045e-01 -1.866532489657402039e-02
5.923535823822021484e-01 -2.926835715770721436e-01 2.442219853401184082e-02
6.071491837501525879e-01 -2.852552235126495361e-01 4.922192916274070740e-02
5.970421433448791504e-01 -2.964870035648345947e-01 4.209499061107635498e-02
6.333763599395751953e-01 -2.142537385225296021e-01 1.036129668354988098e-01
6.300002932548522949e-01 -2.476700693368911743e-01 9.503480046987533569e-02
5.432759523391723633e-01 -3.419142961502075195e-01 1.089326664805412292e-01
5.024176239967346191e-01 -4.185573756694793701e-01 9.500730782747268677e-02
4.467943906784057617e-01 -4.460374116897583008e-01 8.455026894807815552e-02
4.247938394546508789e-01 -4.566219151020050049e-01 6.791079789400100708e-02
4.218555688858032227e-01 -4.361938536167144775e-01 7.807932049036026001e-02
3.733828663825988770e-01 -4.178028404712677002e-01 1.078207418322563171e-01
3.099497258663177490e-01 -4.965546429157257080e-01 6.242962554097175598e-02
3.337231278419494629e-01 -4.997485876083374023e-01 1.262130681425333023e-02
2.998884022235870361e-01 -5.544623732566833496e-01 -1.087203919887542725e-01
1.328169107437133789e-01 -4.487048983573913574e-01 -3.080025911331176758e-01
3.644502535462379456e-02 -3.040706217288970947e-01 -4.521014094352722168e-01
2.510751411318778992e-02 -3.389765620231628418e-01 -3.530639708042144775e-01
-1.832346022129058838e-01 -1.684012562036514282e-01 -3.488298952579498291e-01
-2.825366854667663574e-01 -1.562200337648391724e-01 -3.924265503883361816e-01
-4.237893521785736084e-01 -1.042433083057403564e-01 -4.151543676853179932e-01
-3.430370092391967773e-01 -1.989963650703430176e-01 -4.013866782188415527e-01
-3.973418176174163818e-01 8.729305863380432129e-02 -3.950448036193847656e-01
-3.966099321842193604e-01 -9.669282287359237671e-02 -4.564815759658813477e-01
-4.173563420772552490e-01 -6.888032704591751099e-02 -4.629030525684356689e-01
-4.757777750492095947e-01 -1.610361784696578979e-01 -5.053262114524841309e-01
-5.255414843559265137e-01 -1.877650916576385498e-01 -4.960506260395050049e-01
-3.777152895927429199e-01 -2.084673941135406494e-01 -3.597158789634704590e-01
-2.419111877679824829e-01 -1.522815674543380737e-01 -1.722854971885681152e-01
-4.205695390701293945e-01 1.196229979395866394e-01 3.998315036296844482e-01
-4.061338007450103760e-01 1.385754346847534180e-01 3.335200846195220947e-01
-4.667875170707702637e-01 1.741770952939987183e-01 3.155845701694488525e-01
-4.366550147533416748e-01 2.789391279220581055e-01 3.468150198459625244e-01
-4.388452172279357910e-01 3.007556796073913574e-01 3.651844561100006104e-01
-4.105673730373382568e-01 3.118015229701995850e-01 3.554356992244720459e-01
-3.630211651325225830e-01 3.337780833244323730e-01 3.595299422740936279e-01
-3.535609245300292969e-01 2.898203730583190918e-01 3.419343531131744385e-01
-3.447518646717071533e-01 2.223466038703918457e-01 3.258182704448699951e-01
-2.182592749595642090e-01 1.290398687124252319e-01 2.881747186183929443e-01
-4.164690896868705750e-02 -6.326161324977874756e-02 2.507236897945404053e-01
1.541617661714553833e-01 -2.377161085605621338e-01 1.896870136260986328e-01
2.693987488746643066e-01 -3.681178390979766846e-01 9.972398728132247925e-02
3.561110198497772217e-01 -4.012673795223236084e-01 4.394826665520668030e-02
4.077450931072235107e-01 -4.177581667900085449e-01 2.260302752256393433e-02
4.854318201541900635e-01 -4.086527228355407715e-01 1.018029823899269104e-02
5.705244541168212891e-01 -3.598032295703887939e-01 -4.336766432970762253e-03
6.013802289962768555e-01 -2.754503190517425537e-01 -3.797119855880737305e-02
5.320750474929809570e-01 -3.282835483551025391e-01 -7.420857250690460205e-02
5.266588330268859863e-01 -3.427585065364837646e-01 -8.081651479005813599e-02
4.929843544960021973e-01 -3.071554899215698242e-01 -7.027764618396759033e-02
5.113506913185119629e-01 -2.907484173774719238e-01 -4.119736701250076294e-02
4.783096313476562500e-01 -2.855037748813629150e-01 -1.525139715522527695e-02
4.298372566699981689e-01 -2.930149435997009277e-01 4.389528930187225342e-02
4.376681745052337646e-01 -2.802415788173675537e-01 8.569187670946121216e-02
4.765033423900604248e-01 -2.186506092548370361e-01 1.238598227500915527e-01
4.660650193691253662e-01 -2.461048662662506104e-01 1.359953731298446655e-01
5.088188052177429199e-01 -2.413955032825469971e-01 7.522638142108917236e-02
5.234142541885375977e-01 -3.338477611541748047e-01 2.345487102866172791e-02
4.945863187313079834e-01 -4.164753258228302002e-01 -2.156327664852142334e-02
5.013983249664306641e-01 -4.244490265846252441e-01 -3.457014635205268860e-02
4.789564609527587891e-01 -4.442850351333618164e-01 -2.613998390734195709e-02
4.123597741127014160e-01 -4.957024157047271729e-01 4.748596996068954468e-02
3.460545837879180908e-01 -4.910183250904083252e-01 6.245505437254905701e-02
1.254778504371643066e-01 -2.716418206691741943e-01 1.250092685222625732e-01
4.631863906979560852e-02 -7.552391290664672852e-02 5.853289365768432617e-02
3.779654800891876221e-01 -3.675757646560668945e-01 1.132291480898857117e-01
3.902897238731384277e-01 -4.461489915847778320e-01 2.051151245832443237e-01
4.293397068977355957e-01 -3.822802007198333740e-01 2.657483220100402832e-01
3.755428493022918701e-01 -3.877705931663513184e-01 2.474120855331420898e-01
3.965735733509063721e-01 -3.575448989868164062e-01 2.866140305995941162e-01
4.234261512756347656e-01 -3.492340743541717529e-01 2.519999146461486816e-01
4.904520809650421143e-01 -3.332984745502471924e-01 2.396147400140762329e-01
4.274162948131561279e-01 -3.810474574565887451e-01 2.394885271787643433e-01
4.452024400234222412e-01 -3.396452963352203369e-01 2.356200963258743286e-01
4.838085770606994629e-01 -3.025410175323486328e-01 2.348816096782684326e-01
4.907968044281005859e-01 -3.030272722244262695e-01 2.161222100257873535e-01
4.833349585533142090e-01 -3.462710976600646973e-01 2.100412249565124512e-01
4.800285100936889648e-01 -3.741954267024993896e-01 1.648070067167282104e-01
4.927232861518859863e-01 -3.890335559844970703e-01 1.485961824655532837e-01
5.038661360740661621e-01 -3.526872098445892334e-01 2.132954448461532593e-01
5.381634235382080078e-01 -3.541072607040405273e-01 1.977588683366775513e-01
5.670770406723022461e-01 -3.452918529510498047e-01 1.923580169677734375e-01
5.377145409584045410e-01 -4.188839495182037354e-01 1.648223996162414551e-01
5.203362107276916504e-01 -4.356918632984161377e-01 1.284121572971343994e-01
4.405025243759155273e-01 -4.475140571594238281e-01 1.253341436386108398e-01
2.320559471845626831e-01 -4.843917787075042725e-01 -5.334939435124397278e-02
5.044227838516235352e-02 -5.988675355911254883e-01 -2.819668352603912354e-01
-1.036808788776397705e-01 -4.992133378982543945e-01 -2.314698398113250732e-01
-1.718683242797851562e-01 -2.648882269859313965e-01 -2.084694951772689819e-01
-3.093115687370300293e-01 -3.455285131931304932e-01 -3.731417059898376465e-01
-3.639111220836639404e-01 -2.356669455766677856e-01 -3.930957317352294922e-01
-2.866721451282501221e-01 -2.279698997735977173e-01 -4.405001997947692871e-01
-4.750197827816009521e-01 -1.223726794123649597e-01 -4.593893587589263916e-01
-3.974087834358215332e-01 -2.103707790374755859e-01 -5.622266530990600586e-01
-4.365524053573608398e-01 -2.882351577281951904e-01 -5.497197508811950684e-01
-4.117962718009948730e-01 -2.673173546791076660e-01 -4.826297461986541748e-01
-4.798681437969207764e-01 -3.550525009632110596e-01 -5.278553366661071777e-01
-4.745771884918212891e-01 -2.878301143646240234e-01 -5.211396813392639160e-01
-3.993603289127349854e-01 -4.242179989814758301e-01 -5.050604343414306641e-01
-4.871913194656372070e-01 -3.021204173564910889e-01 -5.917497873306274414e-01
-5.372424125671386719e-01 -3.660829663276672363e-01 -6.163936853408813477e-01
-5.257079601287841797e-01 -3.583548069000244141e-01 -5.098998546600341797e-01
-5.520816445350646973e-01 -3.936699926853179932e-01 -5.873584747314453125e-01
-5.687553882598876953e-01 -4.070305824279785156e-01 -5.898423790931701660e-01
-4.916518032550811768e-01 -4.397896528244018555e-01 -6.048491001129150391e-01
-4.921679198741912842e-01 -4.555134177207946777e-01 -6.252271533012390137e-01
-5.451455712318420410e-01 -3.273988366127014160e-01 -5.216728448867797852e-01
-5.437644720077514648e-01 -3.260843455791473389e-01 -5.516946315765380859e-01
-5.370846986770629883e-01 -3.223673403263092041e-01 -5.916839241981506348e-01
-5.119791626930236816e-01 -4.858369827270507812e-01 -5.975152850151062012e-01
-4.901065528392791748e-01 -4.396637678146362305e-01 -5.697709918022155762e-01
-4.918154478073120117e-01 -4.141788184642791748e-01 -6.790804266929626465e-01
-3.976306021213531494e-01 -4.463394582271575928e-01 -6.484388709068298340e-01
-4.142936468124389648e-01 -4.425718188285827637e-01 -5.954552888870239258e-01
-4.373930692672729492e-01 -3.941825628280639648e-01 -6.237722039222717285e-01
-4.615870416164398193e-01 -3.689101040363311768e-01 -5.653575062751770020e-01
