1.476519703865051270e-01 1.724129915237426758e-02 -1.399010885506868362e-02
1.674790531396865845e-01 -1.685773022472858429e-02 -6.102415174245834351e-02
2.036732388660311699e-03 -7.164143025875091553e-02 -4.721343982964754105e-03
-1.324157863855361938e-01 -1.755329407751560211e-02 1.126141697168350220e-01
-2.740316987037658691e-01 -1.993072219192981720e-02 1.811124384403228760e-01
-2.235135585069656372e-01 -7.501006126403808594e-02 1.940132975578308105e-01
-1.478427201509475708e-01 -1.501030772924423218e-01 -8.656515856273472309e-04
-1.646728515625000000e-01 -2.571977376937866211e-01 -4.410194605588912964e-02
3.785592690110206604e-02 -1.178196892142295837e-01 9.993881685659289360e-04
1.661120355129241943e-01 1.330638024955987930e-02 5.049795284867286682e-02
2.636356055736541748e-01 4.982519149780273438e-02 5.350527167320251465e-02
2.021644711494445801e-01 6.685931980609893799e-02 -9.180076420307159424e-02
7.255771756172180176e-02 6.591189187020063400e-03 -6.971863657236099243e-02
4.327427968382835388e-02 3.192240744829177856e-02 -3.866086155176162720e-02
-2.300919964909553528e-02 1.050217524170875549e-01 -1.118702930398285389e-03
-6.126887351274490356e-02 5.954683572053909302e-02 -2.685433998703956604e-02
-1.498443931341171265e-01 -3.354540094733238220e-02 -1.468113809823989868e-01
-1.499136239290237427e-01 -1.052358746528625488e-01 -1.722651720046997070e-01
-1.169798597693443298e-01 -1.243236586451530457e-01 -1.914826333522796631e-01
-2.577949129045009613e-02 -3.031192719936370850e-02 -9.643571078777313232e-02
8.287588506937026978e-02 7.938630878925323486e-02 3.349859267473220825e-02
1.610246449708938599e-01 9.971156716346740723e-02 1.204443946480751038e-01
1.565414220094680786e-01 7.422900944948196411e-02 1.136659979820251465e-01
-7.822395302355289459e-03 2.970423549413681030e-02 2.049570530652999878e-02
-1.416200846433639526e-01 2.364719472825527191e-02 -5.357391014695167542e-02
-2.275621145963668823e-01 6.235858798027038574e-02 -8.472226560115814209e-02
-1.542171239852905273e-01 4.618469253182411194e-02 -4.138845950365066528e-02
2.427704399451613426e-03 -7.439506240189075470e-03 1.972453203052282333e-03
1.785498857498168945e-01 -1.021296828985214233e-01 4.263707622885704041e-02
2.232489436864852905e-01 -1.414035707712173462e-01 5.480896681547164917e-02
1.146226376295089722e-01 -8.218055963516235352e-02 3.622321039438247681e-02
-6.150794774293899536e-02 5.957099143415689468e-03 7.729573175311088562e-03
-1.913451552391052246e-01 1.048801541328430176e-01 -2.760470472276210785e-02
-9.763817489147186279e-02 1.440299749374389648e-01 -6.053371354937553406e-02
4.507496580481529236e-02 1.230678856372833252e-01 -9.776993095874786377e-02
1.503224968910217285e-01 1.179892346262931824e-01 -6.332042068243026733e-02
2.046200782060623169e-01 1.221956461668014526e-01 -1.152569241821765900e-02
1.976613700389862061e-01 9.013484418392181396e-02 7.945890724658966064e-02
1.575822979211807251e-01 3.499963134527206421e-02 1.371186971664428711e-01
3.296149149537086487e-02 -7.698868960142135620e-02 1.356840580701828003e-01
-2.329010218381881714e-01 -1.985771656036376953e-01 4.061363264918327332e-02
-4.197796881198883057e-01 -2.016597986221313477e-01 -1.517335027456283569e-01
-3.630630970001220703e-01 -1.539562493562698364e-01 -3.135661482810974121e-01
-1.626388579607009888e-01 -2.433404698967933655e-02 -4.475432634353637695e-01
1.726680099964141846e-01 9.250111132860183716e-02 -2.977105379104614258e-01
3.011414110660552979e-01 1.578406542539596558e-01 1.133591383695602417e-01
1.996683329343795776e-01 1.031989157199859619e-01 4.803483188152313232e-01
1.358271986246109009e-01 -3.453519567847251892e-02 5.719854235649108887e-01
6.732979416847229004e-02 -1.461782902479171753e-01 3.261184692382812500e-01
2.253570556640625000e-01 -2.104344069957733154e-01 -2.048513293266296387e-01
2.941658496856689453e-01 -6.593713769689202309e-04 -4.842205941677093506e-01
1.907438188791275024e-01 1.435347050428390503e-01 -5.114707946777343750e-01
-1.638259738683700562e-01 2.454916089773178101e-01 -3.344526588916778564e-01
-4.763623476028442383e-01 1.846898794174194336e-01 -4.916873574256896973e-02
-5.108578801155090332e-01 1.328976079821586609e-02 1.051331683993339539e-01
-2.247867584228515625e-01 -6.518705282360315323e-03 1.905960738658905029e-01
1.831326931715011597e-01 -5.119109526276588440e-02 2.813774645328521729e-01
2.038698941469192505e-01 -1.182522252202033997e-02 3.109936714172363281e-01
1.008938252925872803e-01 -7.726901210844516754e-03 3.176160454750061035e-01
3.145999461412429810e-02 -8.674685657024383545e-02 2.382257580757141113e-01
6.485703587532043457e-02 -1.787297278642654419e-01 9.766690433025360107e-02
1.458929628133773804e-01 -2.882798612117767334e-01 4.965012893080711365e-02
1.343440264463424683e-01 -2.989147603511810303e-01 1.073653697967529297e-01
2.133052945137023926e-01 -2.123221606016159058e-01 1.841024160385131836e-01
3.592237830162048340e-01 -8.056156337261199951e-02 2.164806276559829712e-01
3.490452468395233154e-01 7.692312449216842651e-02 1.557546108961105347e-01
1.229766234755516052e-01 2.515798211097717285e-01 1.564037799835205078e-02
-2.132429182529449463e-01 3.610732257366180420e-01 -8.265231549739837646e-02
-4.002707004547119141e-01 3.663714528083801270e-01 -1.154027432203292847e-01
-4.227755367755889893e-01 3.084253668785095215e-01 -8.694217354059219360e-02
-4.001502990722656250e-01 1.792431473731994629e-01 -5.280646681785583496e-02
-3.501071631908416748e-01 2.472370117902755737e-02 -4.438076540827751160e-02
-2.989605665206909180e-01 -1.075489893555641174e-01 -7.079198211431503296e-02
-1.221692040562629700e-01 -2.180392742156982422e-01 -1.493578702211380005e-01
1.274763047695159912e-01 -2.030126899480819702e-01 -1.819408088922500610e-01
2.463567405939102173e-01 -1.710000634193420410e-01 -2.036760300397872925e-01
2.742106020450592041e-01 -1.384987980127334595e-01 -2.052858620882034302e-01
1.542850136756896973e-01 -1.544923782348632812e-01 -1.547454893589019775e-01
6.360051035881042480e-02 -1.694167405366897583e-01 -9.533420950174331665e-02
4.795170947909355164e-02 -8.531394600868225098e-02 3.827549144625663757e-02
1.040261834859848022e-01 -3.842279314994812012e-02 1.261241734027862549e-01
2.300432026386260986e-01 7.178317010402679443e-02 1.064476966857910156e-01
2.697996199131011963e-01 8.994799852371215820e-02 7.728800177574157715e-02
1.597174406051635742e-01 1.038987413048744202e-01 2.026045508682727814e-02
-9.714512526988983154e-02 1.310331970453262329e-01 -1.136092562228441238e-02
-2.464323937892913818e-01 4.996160790324211121e-02 -4.956810548901557922e-02
-2.347016781568527222e-01 8.266749233007431030e-02 -1.510773748159408569e-01
-2.242768928408622742e-02 1.501424610614776611e-01 -2.388073503971099854e-01
1.880073100328445435e-01 2.252524942159652710e-01 -1.576866358518600464e-01
2.473509311676025391e-01 1.660186052322387695e-01 2.878954820334911346e-02
1.732392609119415283e-01 -6.252525001764297485e-02 1.729155480861663818e-01
-6.360825896263122559e-02 -2.154995650053024292e-01 1.681215167045593262e-01
-2.181356847286224365e-01 -2.625579237937927246e-01 8.470607921481132507e-03
-1.729775220155715942e-01 -1.068526208400726318e-01 -1.005962193012237549e-01
-4.509541671723127365e-03 2.795231528580188751e-02 -3.514700755476951599e-02
1.144233047962188721e-01 5.058195069432258606e-02 6.149702519178390503e-02
1.790980249643325806e-02 7.384699583053588867e-02 1.555788666009902954e-01
-1.320326179265975952e-01 6.901627779006958008e-02 1.369889378547668457e-01
-1.551318019628524780e-01 9.715490043163299561e-02 7.712264358997344971e-02
-4.295752849429845810e-03 7.628932595252990723e-02 5.828412622213363647e-02
1.378485560417175293e-01 5.906439851969480515e-03 2.858765237033367157e-02
2.371859401464462280e-01 -1.694046333432197571e-02 7.276942953467369080e-03
2.319193482398986816e-01 -5.190335959196090698e-02 -1.937633939087390900e-02
1.966129392385482788e-01 -6.692925840616226196e-02 -4.315237700939178467e-02
1.167904064059257507e-01 -7.201074063777923584e-02 -4.192221909761428833e-02
-3.491126745939254761e-02 -6.124106422066688538e-02 -1.190374046564102173e-02
-1.244535446166992188e-01 -8.655128069221973419e-03 3.668436035513877869e-02
-2.925235629081726074e-01 3.914937376976013184e-02 1.828141883015632629e-02
-3.499036133289337158e-01 8.838476985692977905e-02 -2.184571698307991028e-02
-3.432622849941253662e-01 4.952399060130119324e-03 -7.963069714605808258e-03
-3.486963808536529541e-01 4.452143039088696241e-04 -3.123464435338973999e-02
-2.820693254470825195e-01 9.468141943216323853e-02 -7.572398334741592407e-02
-1.860287934541702271e-01 1.786917597055435181e-01 -1.694848388433456421e-01
-4.398345947265625000e-02 3.268744945526123047e-01 -2.234937548637390137e-01
1.743766963481903076e-01 -1.623639464378356934e-02 1.912323199212551117e-02
2.334178686141967773e-01 -3.301664888858795166e-01 1.718098372220993042e-01
2.972438335418701172e-01 -3.987413644790649414e-01 1.452707797288894653e-01
4.281650185585021973e-01 -3.294174969196319580e-01 -1.310995873063802719e-02
4.426019787788391113e-01 9.072044491767883301e-02 -2.143720984458923340e-01
3.599283695220947266e-01 1.090914607048034668e-01 -1.334459930658340454e-01
-2.534892223775386810e-02 1.071268841624259949e-01 4.620568081736564636e-02
-2.395781427621841431e-01 7.467688620090484619e-02 1.659525185823440552e-01
-1.866327077150344849e-01 3.375042602419853210e-02 2.144498527050018311e-01
-1.450896635651588440e-02 1.517370641231536865e-01 1.170854493975639343e-01
7.779040932655334473e-02 5.237574875354766846e-02 -1.918702013790607452e-02
-5.822566337883472443e-03 7.820399850606918335e-02 -1.282355934381484985e-01
-1.917050778865814209e-02 8.397122472524642944e-02 -1.358299553394317627e-01
-1.600731775397434831e-04 -1.602302305400371552e-02 -2.317143417894840240e-02
1.517306119203567505e-01 -1.290921121835708618e-01 1.080542728304862976e-01
-9.793309867382049561e-02 -2.412377744913101196e-01 1.150465533137321472e-01
-2.952272891998291016e-01 -1.349340081214904785e-01 -2.721798233687877655e-02
-3.859360814094543457e-01 6.643305718898773193e-02 -1.169080510735511780e-01
-2.141061276197433472e-01 1.209036707878112793e-01 -1.931324303150177002e-01
2.363008856773376465e-01 1.710723340511322021e-02 -5.743825435638427734e-02
3.265556395053863525e-01 -9.101133793592453003e-02 1.967385262250900269e-01
2.645601630210876465e-01 -1.163677573204040527e-01 3.134218752384185791e-01
-8.734639734029769897e-02 -8.247499912977218628e-02 2.269395440816879272e-01
-2.019702494144439697e-01 -6.518206559121608734e-03 -1.441227495670318604e-01
-2.616383433341979980e-01 9.538911283016204834e-02 -3.629727363586425781e-01
-1.817155182361602783e-01 1.663893312215805054e-01 -2.806028723716735840e-01
-1.659412123262882233e-02 1.934120059013366699e-01 4.026532918214797974e-02
1.242789998650550842e-02 1.096730008721351624e-01 2.373110949993133545e-01
1.018183976411819458e-01 2.516335248947143555e-02 2.258944809436798096e-01
