-3.434763476252555847e-02 1.123259514570236206e-01 -6.555382907390594482e-02
-7.531812041997909546e-02 1.028709039092063904e-01 -1.583057641983032227e-01
-1.377238035202026367e-01 1.506870985031127930e-01 -2.629123032093048096e-01
-3.062438033521175385e-02 1.298309564590454102e-01 -2.432783693075180054e-01
-2.436031028628349304e-02 -2.608522586524486542e-02 4.204783588647842407e-03
2.403883449733257294e-02 1.921393424272537231e-01 1.053143069148063660e-01
-5.972939357161521912e-02 5.580183863639831543e-02 2.232558131217956543e-01
-1.972941011190414429e-01 -9.914299100637435913e-02 2.437345236539840698e-01
-1.368092894554138184e-01 -2.233684360980987549e-01 1.774736344814300537e-01
-1.923748105764389038e-01 -3.436233699321746826e-01 1.884994655847549438e-01
-2.088679224252700806e-01 -1.349259614944458008e-01 3.040679730474948883e-02
-2.091394066810607910e-01 -5.416393280029296875e-03 -1.710963808000087738e-02
-2.766120135784149170e-01 1.560167223215103149e-02 -2.499988675117492676e-02
-2.259629368782043457e-01 4.236444830894470215e-02 3.990968689322471619e-03
-2.136674970388412476e-01 1.093703359365463257e-01 4.703738912940025330e-02
-1.510104835033416748e-01 7.656241208314895630e-02 -1.046479792421450838e-05
-3.756161779165267944e-02 1.347874552011489868e-01 7.242433726787567139e-02
-2.002099156379699707e-02 1.565911769866943359e-01 1.091798469424247742e-01
-2.230282872915267944e-02 1.270694136619567871e-01 1.578124463558197021e-01
2.518214285373687744e-03 4.640999808907508850e-02 1.359865516424179077e-01
2.202092483639717102e-02 -2.171830087900161743e-02 1.093740686774253845e-01
-2.267911098897457123e-02 -5.726029723882675171e-02 3.117120359092950821e-03
-3.828739374876022339e-02 -3.334049880504608154e-02 -3.536712005734443665e-02
-3.413401171565055847e-02 -1.439574547111988068e-02 -6.138418987393379211e-02
1.956874318420886993e-02 -1.353424414992332458e-02 -4.979903995990753174e-02
8.393728733062744141e-02 -4.145766049623489380e-02 3.008320555090904236e-02
1.390412598848342896e-01 -6.952586770057678223e-02 2.187004312872886658e-02
1.542736142873764038e-01 -7.349671423435211182e-02 3.899348154664039612e-02
1.071925833821296692e-01 -9.637966006994247437e-02 3.231773152947425842e-02
4.195548593997955322e-02 -9.736554697155952454e-03 2.761701494455337524e-02
-5.380399897694587708e-02 -1.891670562326908112e-02 -4.913564771413803101e-02
-6.393301486968994141e-02 -3.683016821742057800e-02 4.859959241002798080e-03
-5.470712855458259583e-02 -3.340924531221389771e-02 5.868657305836677551e-02
-4.996719871996901929e-05 -4.365838691592216492e-02 1.172946766018867493e-01
5.751420557498931885e-02 -1.039435714483261108e-02 1.104332134127616882e-01
6.983475387096405029e-02 -1.809631474316120148e-02 -5.326980352401733398e-02
1.027578487992286682e-01 -3.999654576182365417e-02 -1.573468148708343506e-01
7.679072767496109009e-02 1.716640591621398926e-02 -1.466366797685623169e-01
4.714356735348701477e-02 2.727006748318672180e-02 -2.222799807786941528e-01
-3.723387420177459717e-02 7.975074648857116699e-02 -1.771586239337921143e-01
2.801602147519588470e-02 -1.303379330784082413e-02 -7.406128942966461182e-02
1.589278578758239746e-01 1.960012875497341156e-02 1.029467508196830750e-01
2.849672734737396240e-01 -7.503753900527954102e-02 2.462483644485473633e-01
4.108368754386901855e-01 -2.199198007583618164e-01 2.078859508037567139e-01
4.111231863498687744e-01 -1.727923005819320679e-01 1.772759109735488892e-02
3.744909465312957764e-01 -1.221213936805725098e-01 -1.291778087615966797e-01
2.052640318870544434e-01 4.309233278036117554e-02 -1.390411406755447388e-01
1.790846586227416992e-01 7.627290487289428711e-02 3.635914530605077744e-03
2.147809229791164398e-02 -9.259546548128128052e-02 1.350797712802886963e-01
-5.233100056648254395e-02 -1.232436671853065491e-01 9.189537167549133301e-02
-1.018631979823112488e-01 -4.369499906897544861e-02 -2.231329679489135742e-02
-1.907676309347152710e-01 9.731937199831008911e-02 -3.470095694065093994e-01
-8.599473536014556885e-02 1.845531612634658813e-01 -5.165275335311889648e-01
-1.014054790139198303e-01 1.001961678266525269e-01 -5.031010508537292480e-01
1.468113809823989868e-01 -9.680601209402084351e-02 -3.096103370189666748e-01
2.375511378049850464e-01 -2.237529307603836060e-01 -1.348800808191299438e-01
3.438098132610321045e-01 -1.848911792039871216e-01 -8.300256729125976562e-02
3.092235922813415527e-01 -4.363175015896558762e-03 -1.616096943616867065e-01
1.169544383883476257e-01 1.685770899057388306e-01 1.471525873057544231e-03
1.267466545104980469e-01 1.668098419904708862e-01 1.690929234027862549e-01
4.317965731024742126e-02 8.287019282579421997e-02 1.102851107716560364e-01
-5.502753704786300659e-02 -5.784227699041366577e-02 2.098811790347099304e-02
-1.441604048013687134e-01 -1.128704696893692017e-01 5.695593357086181641e-02
-2.532235085964202881e-01 -8.285061269998550415e-02 1.139088347554206848e-01
-4.028340578079223633e-01 4.103601723909378052e-02 1.428851038217544556e-01
-5.128085613250732422e-01 1.271814405918121338e-01 4.470828920602798462e-02
-5.480973124504089355e-01 1.695380508899688721e-01 -6.473013758659362793e-02
-5.174782276153564453e-01 2.083687186241149902e-01 -4.167736321687698364e-02
-3.924129009246826172e-01 2.413116991519927979e-01 4.734846204519271851e-02
-2.007158398628234863e-01 2.491552680730819702e-01 1.588037610054016113e-01
-3.543484210968017578e-02 2.368358522653579712e-01 2.152042835950851440e-01
9.903661161661148071e-02 2.489469647407531738e-01 2.741249203681945801e-01
1.739954799413681030e-01 2.007598876953125000e-01 3.506087660789489746e-01
1.666667312383651733e-01 1.289596855640411377e-01 3.893159925937652588e-01
1.552970707416534424e-01 3.785607218742370605e-02 4.040345847606658936e-01
9.349635243415832520e-02 -4.488182067871093750e-02 2.806173264980316162e-01
7.813711464405059814e-02 -3.188404813408851624e-02 1.435125768184661865e-01
6.575784087181091309e-02 -1.884772628545761108e-01 4.438688233494758606e-02
2.969395369291305542e-02 -2.815056741237640381e-01 -7.597308605909347534e-02
-8.898217231035232544e-03 -3.902058601379394531e-01 -6.683521717786788940e-02
-3.046693466603755951e-02 -3.961760401725769043e-01 -9.953278303146362305e-02
-5.042253434658050537e-02 -2.327598780393600464e-01 -9.998361580073833466e-03
-1.368263959884643555e-01 -1.204684823751449585e-01 -1.355997286736965179e-02
-1.644432693719863892e-01 1.270824670791625977e-01 -9.106577932834625244e-02
-1.921152770519256592e-01 1.313100904226303101e-01 -1.126823350787162781e-01
-1.334890425205230713e-01 1.980765163898468018e-02 -7.139063626527786255e-02
-5.427261069416999817e-02 -5.488972365856170654e-02 6.670939270406961441e-03
-1.235797163099050522e-02 -1.005788445472717285e-01 -9.871602058410644531e-03
2.189353555440902710e-01 -6.107975915074348450e-02 -8.740435540676116943e-02
3.919913470745086670e-01 -1.224405318498611450e-02 -3.124315142631530762e-01
2.334871292114257812e-01 1.502323597669601440e-01 -3.804552853107452393e-01
-9.133628010749816895e-02 2.307444810867309570e-01 -2.696489393711090088e-01
-3.324213027954101562e-01 2.160170078277587891e-01 -1.384166330099105835e-01
-2.601753771305084229e-01 1.273530870676040649e-01 5.191141366958618164e-02
-5.674928426742553711e-03 7.981478236615657806e-03 -3.249024972319602966e-03
3.002910688519477844e-02 3.117863088846206665e-02 -1.264782696962356567e-01
-6.514102965593338013e-02 1.334793400019407272e-02 -1.486874222755432129e-01
-9.442498534917831421e-02 -8.341966196894645691e-03 -7.017452269792556763e-02
-2.047597616910934448e-02 -4.393028095364570618e-02 3.948417957872152328e-03
1.267395541071891785e-02 -4.142346605658531189e-02 4.858695343136787415e-02
5.780006945133209229e-02 4.826452350243926048e-04 4.459674656391143799e-02
1.685492508113384247e-02 5.468372628092765808e-02 -1.791691593825817108e-02
-3.111599944531917572e-02 1.397988647222518921e-01 -2.937586791813373566e-02
-8.859820663928985596e-02 1.935067027807235718e-01 -1.198951750993728638e-01
-9.664185345172882080e-02 1.528920531272888184e-01 -1.383816897869110107e-01
-8.887026458978652954e-02 -2.798604592680931091e-02 -2.590931951999664307e-01
-6.641443818807601929e-02 -1.232901662588119507e-01 -2.499272376298904419e-01
-4.962492361664772034e-02 -1.341951191425323486e-01 -1.688563227653503418e-01
-3.085908479988574982e-02 -6.935340911149978638e-02 -9.042553603649139404e-02
1.027534008026123047e-01 -2.132662758231163025e-02 1.076383516192436218e-01
2.281938493251800537e-01 -1.602121889591217041e-01 1.592883169651031494e-01
1.591938138008117676e-01 -2.297305166721343994e-01 2.943877875804901123e-01
3.544618785381317139e-01 -1.465229988098144531e-01 3.762880861759185791e-01
4.786759018898010254e-01 -7.929094880819320679e-02 3.228543698787689209e-01
4.641207754611968994e-01 -1.110122422687709332e-03 2.166476696729660034e-01
4.649645388126373291e-01 2.620462886989116669e-02 1.071789935231208801e-01
9.248100221157073975e-02 -2.118060588836669922e-01 2.422435283660888672e-01
2.827934361994266510e-02 -2.326105386018753052e-01 2.637210786342620850e-01
-6.688593421131372452e-03 -1.572981476783752441e-01 -1.806840766221284866e-03
-1.036764457821846008e-01 1.950275711715221405e-02 -2.518114149570465088e-01
-6.144028156995773315e-02 1.860983520746231079e-01 -3.632357120513916016e-01
-2.187203466892242432e-01 1.438689045608043671e-02 -2.704219818115234375e-01
-1.068330183625221252e-01 -9.103968739509582520e-02 -7.482649385929107666e-02
-1.871567666530609131e-01 1.194377150386571884e-02 -9.965769946575164795e-02
-1.105459779500961304e-01 1.679431945085525513e-01 -2.103061974048614502e-02
2.610103413462638855e-02 3.459171056747436523e-01 9.124062955379486084e-03
5.151939764618873596e-02 1.456008106470108032e-01 2.165224403142929077e-02
1.615020930767059326e-01 1.443066596984863281e-01 -8.947892487049102783e-02
1.741449162364006042e-02 2.179045975208282471e-01 -1.229005753993988037e-01
-1.561759114265441895e-01 7.652410864830017090e-02 -8.454174548387527466e-02
-2.342448830604553223e-01 1.406211853027343750e-01 -7.694390416145324707e-02
-1.529965363442897797e-02 -1.987032592296600342e-01 1.297916471958160400e-01
1.554227024316787720e-01 -2.633503675460815430e-01 -5.659842863678932190e-03
2.440669238567352295e-01 -1.993753761053085327e-01 9.504848718643188477e-02
4.664120450615882874e-02 -6.055904552340507507e-02 -8.990972489118576050e-02
-2.152473330497741699e-01 5.739787966012954712e-02 -5.170548707246780396e-02
-1.917560696601867676e-01 4.918935149908065796e-02 9.672043472528457642e-02
-1.755065768957138062e-01 -7.121599745005369186e-03 1.219464614987373352e-01
-7.432195544242858887e-02 -2.457174360752105713e-01 1.336804628372192383e-01
9.299492463469505310e-03 -9.239290654659271240e-02 -2.930462360382080078e-02
1.052616536617279053e-01 -1.398973315954208374e-01 2.649210765957832336e-02
1.361680775880813599e-01 -1.197768226265907288e-01 4.218399152159690857e-02
8.580892533063888550e-02 -6.218800693750381470e-02 1.109179332852363586e-01
