1.290514373437936374e-02
8.603429156252909160e-03
0.000000000000000000e+00
0.000000000000000000e+00
0.000000000000000000e+00
0.000000000000000000e+00
0.000000000000000000e+00
1.890062166982811043e-01
3.706679068928483978e-01
4.105749345637049186e-01
2.162721792799413012e-01
0.000000000000000000e+00
0.000000000000000000e+00
0.000000000000000000e+00
0.000000000000000000e+00
2.144840166025860709e-02
2.428938036202575243e-02
2.657299243829388397e-02
1.776305000070397752e-02
1.090017558748752197e-02
1.652746230510686786e-03
5.633158122175822499e-03
1.300502653274262892e-02
1.611099954312004631e-02
1.436171153707365040e-02
3.916555033948304620e-03
0.000000000000000000e+00
0.000000000000000000e+00
0.000000000000000000e+00
0.000000000000000000e+00
0.000000000000000000e+00
0.000000000000000000e+00
0.000000000000000000e+00
0.000000000000000000e+00
0.000000000000000000e+00
0.000000000000000000e+00
0.000000000000000000e+00
0.000000000000000000e+00
0.000000000000000000e+00
0.000000000000000000e+00
3.012902550995642456e-02
0.000000000000000000e+00
0.000000000000000000e+00
0.000000000000000000e+00
0.000000000000000000e+00
2.633305120616339368e-01
5.078849746884701588e-01
4.685048440400370051e-01
2.411204490912303156e-01
0.000000000000000000e+00
0.000000000000000000e+00
0.000000000000000000e+00
0.000000000000000000e+00
0.000000000000000000e+00
2.311454545794674464e-01
4.642188565556135127e-01
5.239331675971591329e-01
2.913417524701826244e-01
0.000000000000000000e+00
0.000000000000000000e+00
0.000000000000000000e+00
0.000000000000000000e+00
7.270630167775467279e-03
1.936112882724749231e-03
0.000000000000000000e+00
0.000000000000000000e+00
0.000000000000000000e+00
0.000000000000000000e+00
0.000000000000000000e+00
0.000000000000000000e+00
0.000000000000000000e+00
0.000000000000000000e+00
0.000000000000000000e+00
0.000000000000000000e+00
0.000000000000000000e+00
0.000000000000000000e+00
6.577197269773901039e-03
1.514212261481573743e-02
2.181660666226863110e-02
2.512438992283189121e-02
1.574705122736478474e-02
1.858238169702364218e-02
1.180143782788093711e-02
1.298108472377699357e-02
2.085132018482223001e-02
1.457014475785477388e-02
0.000000000000000000e+00
0.000000000000000000e+00
0.000000000000000000e+00
7.139305325212963460e-02
2.183095369693529297e-01
2.119891619582476294e-01
5.132232137022894880e-02
0.000000000000000000e+00
0.000000000000000000e+00
0.000000000000000000e+00
1.843325655435324546e-03
0.000000000000000000e+00
0.000000000000000000e+00
1.391654157796245236e-03
0.000000000000000000e+00
0.000000000000000000e+00
0.000000000000000000e+00
0.000000000000000000e+00
0.000000000000000000e+00
0.000000000000000000e+00
0.000000000000000000e+00
0.000000000000000000e+00
0.000000000000000000e+00
0.000000000000000000e+00
0.000000000000000000e+00
0.000000000000000000e+00
0.000000000000000000e+00
0.000000000000000000e+00
2.459515155887103399e-01
4.063996865608603959e-01
3.492316156198528310e-01
1.675699254252854542e-01
0.000000000000000000e+00
0.000000000000000000e+00
0.000000000000000000e+00
0.000000000000000000e+00
0.000000000000000000e+00
0.000000000000000000e+00
0.000000000000000000e+00
0.000000000000000000e+00
0.000000000000000000e+00
0.000000000000000000e+00
0.000000000000000000e+00
0.000000000000000000e+00
0.000000000000000000e+00
0.000000000000000000e+00
0.000000000000000000e+00
0.000000000000000000e+00
0.000000000000000000e+00
0.000000000000000000e+00
0.000000000000000000e+00
0.000000000000000000e+00
1.720685831250581832e-03
1.720685831250581832e-03
4.301714578126454580e-04
0.000000000000000000e+00
0.000000000000000000e+00
