1.290514373437936374e-02
8.603429156252909160e-03
0.000000000000000000e+00
0.000000000000000000e+00
1.770772029967727645e-01
3.552784862317860393e-01
4.006718672192197683e-01
2.238756842820071313e-01
0.000000000000000000e+00
0.000000000000000000e+00
0.000000000000000000e+00
0.000000000000000000e+00
7.468938579693124719e-03
1.189668979794393164e-02
0.000000000000000000e+00
0.000000000000000000e+00
0.000000000000000000e+00
0.000000000000000000e+00
8.438230346195275955e-02
1.601553637971820376e-01
1.473249073481530669e-01
7.230600579047172238e-02
0.000000000000000000e+00
1.332806372859919944e-02
5.690046748392198900e-02
1.796802798687522629e-01
2.330822336975890419e-01
1.577436425307742196e-01
2.968593958767772913e-03
0.000000000000000000e+00
0.000000000000000000e+00
0.000000000000000000e+00
0.000000000000000000e+00
3.452228345716832226e-03
0.000000000000000000e+00
0.000000000000000000e+00
0.000000000000000000e+00
0.000000000000000000e+00
0.000000000000000000e+00
0.000000000000000000e+00
0.000000000000000000e+00
0.000000000000000000e+00
0.000000000000000000e+00
0.000000000000000000e+00
0.000000000000000000e+00
0.000000000000000000e+00
0.000000000000000000e+00
0.000000000000000000e+00
0.000000000000000000e+00
0.000000000000000000e+00
0.000000000000000000e+00
0.000000000000000000e+00
0.000000000000000000e+00
0.000000000000000000e+00
6.525693663454824010e-03
1.913497637046835537e-02
2.670073569125745727e-02
3.500073236664436732e-02
3.777159553630160538e-02
3.123879317398185404e-02
2.310331397629599576e-02
1.012026664775389495e-02
8.716738402933982971e-03
0.000000000000000000e+00
0.000000000000000000e+00
0.000000000000000000e+00
4.759569101262561830e-02
1.903471188157971061e-01
2.038150050061189877e-01
7.826291985506524107e-02
0.000000000000000000e+00
0.000000000000000000e+00
0.000000000000000000e+00
3.909679353374898893e-03
0.000000000000000000e+00
0.000000000000000000e+00
0.000000000000000000e+00
0.000000000000000000e+00
0.000000000000000000e+00
0.000000000000000000e+00
0.000000000000000000e+00
0.000000000000000000e+00
0.000000000000000000e+00
0.000000000000000000e+00
0.000000000000000000e+00
0.000000000000000000e+00
0.000000000000000000e+00
2.567735315901092941e-01
4.200300980865882550e-01
3.579810258128146017e-01
1.727205223574322934e-01
0.000000000000000000e+00
0.000000000000000000e+00
0.000000000000000000e+00
0.000000000000000000e+00
0.000000000000000000e+00
0.000000000000000000e+00
0.000000000000000000e+00
0.000000000000000000e+00
0.000000000000000000e+00
0.000000000000000000e+00
0.000000000000000000e+00
0.000000000000000000e+00
0.000000000000000000e+00
0.000000000000000000e+00
0.000000000000000000e+00
0.000000000000000000e+00
0.000000000000000000e+00
0.000000000000000000e+00
0.000000000000000000e+00
0.000000000000000000e+00
0.000000000000000000e+00
1.720685831250581832e-03
1.720685831250581832e-03
4.301714578126454580e-04
0.000000000000000000e+00
0.000000000000000000e+00
