3.156049549579620361e-02 -2.723261155188083649e-02 1.516158971935510635e-02
-5.470578745007514954e-02 -2.247963473200798035e-02 2.743286453187465668e-02
-2.491840124130249023e-01 1.865621283650398254e-02 1.124891489744186401e-01
-2.211694270372390747e-01 -2.405855953693389893e-01 1.711778044700622559e-01
6.218202784657478333e-02 -3.775131702423095703e-01 6.281908601522445679e-02
1.537251025438308716e-01 -4.619868695735931396e-01 -7.976324856281280518e-02
1.886914819478988647e-01 -3.334938585758209229e-01 -1.138216778635978699e-01
6.820879131555557251e-02 2.649858966469764709e-02 -1.050542965531349182e-01
2.128389663994312286e-02 1.630837768316268921e-01 -3.507312759757041931e-02
1.206130813807249069e-02 6.134524196386337280e-02 -8.680197596549987793e-02
-1.403388008475303650e-02 -8.470755815505981445e-02 -2.209955155849456787e-01
-5.312910676002502441e-02 -2.097648978233337402e-01 -2.602862715721130371e-01
1.340434700250625610e-02 -2.684738337993621826e-01 -2.565113306045532227e-01
5.864891782402992249e-02 -2.331683635711669922e-01 -2.167375832796096802e-01
2.374773845076560974e-02 -1.464093327522277832e-01 -1.981285214424133301e-01
-5.014688521623611450e-02 -1.066823769360780716e-02 -1.274570375680923462e-01
-1.367889195680618286e-01 -2.643159031867980957e-01 1.528203785419464111e-01
-1.565206795930862427e-01 -3.966871201992034912e-01 2.997512817382812500e-01
-1.840197592973709106e-01 -4.472276866436004639e-01 4.178242981433868408e-01
-1.663955003023147583e-01 -4.662211835384368896e-01 3.540091216564178467e-01
-7.090088725090026855e-02 -9.314440935850143433e-02 3.093146383762359619e-01
-3.740108758211135864e-02 1.133706197142601013e-01 4.138709306716918945e-01
-5.795179307460784912e-02 1.922501921653747559e-01 3.837015032768249512e-01
-2.263939529657363892e-01 2.911327481269836426e-01 2.999410033226013184e-01
-3.166433870792388916e-01 3.295480608940124512e-01 -3.244662582874298096e-01
-1.636205315589904785e-01 3.542303740978240967e-01 -5.120242834091186523e-01
1.891985237598419189e-01 3.036791384220123291e-01 -6.248203516006469727e-01
3.060560524463653564e-01 9.962397813796997070e-02 -5.800881385803222656e-01
3.015172183513641357e-01 -1.114127263426780701e-01 -2.695598602294921875e-01
1.881225258111953735e-01 -8.065312355756759644e-02 -2.054772675037384033e-01
4.640197008848190308e-02 7.565347105264663696e-02 1.329825725406408310e-02
1.728712022304534912e-01 8.717216551303863525e-02 7.263571023941040039e-02
1.484415233135223389e-01 1.161053031682968140e-01 1.001450121402740479e-01
9.194122999906539917e-02 9.189192950725555420e-02 1.000370457768440247e-01
9.769814461469650269e-02 1.098402217030525208e-01 1.290618926286697388e-01
9.417109936475753784e-02 5.710034817457199097e-02 5.287764593958854675e-02
8.069333434104919434e-02 5.069981794804334641e-03 4.340831935405731201e-02
1.054521417245268822e-03 -3.652311116456985474e-02 -5.938092712312936783e-03
-1.146482676267623901e-01 -1.066036969423294067e-01 -8.391623198986053467e-02
-1.927915364503860474e-01 -1.095406562089920044e-01 -1.000166311860084534e-01
-2.695350944995880127e-01 -1.428323090076446533e-01 -2.424319088459014893e-01
-3.557381629943847656e-01 -9.088462591171264648e-02 -2.122998386621475220e-01
-4.180464446544647217e-01 5.758017674088478088e-02 -1.354798525571823120e-01
-4.505859017372131348e-01 2.591261267662048340e-01 3.861096501350402832e-02
-4.472784399986267090e-01 3.467702865600585938e-01 1.590640097856521606e-01
-3.806253373622894287e-01 3.432082235813140869e-01 1.767666488885879517e-01
-2.632948756217956543e-01 3.463338017463684082e-01 2.790477275848388672e-01
-8.359037339687347412e-02 3.263353705406188965e-01 3.503088355064392090e-01
6.080681830644607544e-02 3.638539612293243408e-01 3.936889469623565674e-01
1.000845804810523987e-01 2.539727389812469482e-01 3.913875818252563477e-01
8.461818844079971313e-02 -1.014472357928752899e-02 3.347442150115966797e-01
-9.670046158134937286e-03 -2.112434655427932739e-01 3.329953849315643311e-01
-8.886479772627353668e-03 -3.285855054855346680e-01 3.058917820453643799e-01
3.603328391909599304e-02 -3.494451642036437988e-01 2.143708765506744385e-01
5.695396661758422852e-02 -3.208587169647216797e-01 1.774916648864746094e-01
6.729968637228012085e-02 -3.430039882659912109e-01 7.111553102731704712e-02
1.898439787328243256e-02 -3.044812977313995361e-01 1.211070716381072998e-01
8.127948269248008728e-03 -2.388090044260025024e-01 1.263446062803268433e-01
1.381096523255109787e-02 -2.592627145349979401e-02 9.642072767019271851e-02
-1.119928713887929916e-02 1.788315027952194214e-01 1.226903777569532394e-02
-4.552607890218496323e-03 1.214536428451538086e-01 -1.933578401803970337e-01
5.440706014633178711e-02 2.947914414107799530e-03 -2.258399724960327148e-01
-3.566442057490348816e-02 -1.503273844718933105e-01 -2.098238617181777954e-01
-6.152385100722312927e-02 -7.554053515195846558e-02 -1.041074022650718689e-01
-5.379847809672355652e-02 2.864447189494967461e-03 -7.574962824583053589e-02
-9.599576890468597412e-02 2.991562485694885254e-01 -2.301301956176757812e-01
7.160507142543792725e-02 4.467224180698394775e-01 -2.197011411190032959e-01
7.905666716396808624e-03 4.546339511871337891e-01 -2.890569269657135010e-01
-7.611118257045745850e-02 3.709316253662109375e-01 -3.212856948375701904e-01
-2.670713514089584351e-02 -6.522989273071289062e-02 -2.403590679168701172e-01
-2.843692526221275330e-02 -2.952261865139007568e-01 -2.949093580245971680e-01
5.479029938578605652e-02 -2.617968618869781494e-01 -9.929154813289642334e-02
4.899063333868980408e-02 -8.972807228565216064e-02 -1.178234163671731949e-02
3.877444192767143250e-02 2.246502973139286041e-02 1.034893468022346497e-01
2.287909388542175293e-02 1.026795431971549988e-02 2.505385279655456543e-01
-3.798492625355720520e-02 -6.007038429379463196e-02 1.208590567111968994e-01
-1.313492208719253540e-01 -4.174019768834114075e-02 -2.150987647473812103e-02
-2.096356898546218872e-01 8.308593928813934326e-02 -2.002484053373336792e-01
-1.731740534305572510e-01 1.590783596038818359e-01 -2.784051299095153809e-01
-5.780059471726417542e-02 1.109981760382652283e-01 -2.147304415702819824e-01
4.557243734598159790e-02 -1.517796982079744339e-02 -1.542475223541259766e-01
1.124613806605339050e-01 -9.208292514085769653e-02 -3.135669976472854614e-02
1.103725656867027283e-01 -1.406579315662384033e-01 7.213545590639114380e-02
1.626511663198471069e-01 -1.546377688646316528e-01 1.579563915729522705e-01
2.510643005371093750e-01 -2.219690978527069092e-01 2.109504342079162598e-01
4.215506613254547119e-01 -2.242661863565444946e-01 1.703434288501739502e-01
3.866351246833801270e-01 -1.911358982324600220e-01 3.069212436676025391e-01
1.995162218809127808e-01 -2.093641459941864014e-01 3.103986084461212158e-01
8.375163376331329346e-02 1.267056725919246674e-02 2.349870055913925171e-01
1.418619751930236816e-01 1.576817408204078674e-02 1.207994855940341949e-02
3.384904265403747559e-01 3.440952301025390625e-02 -1.847686916589736938e-01
2.463741600513458252e-01 1.777825355529785156e-01 -1.121093854308128357e-01
1.494279801845550537e-01 1.710962057113647461e-01 -2.014595568180084229e-01
-2.190232090651988983e-02 2.675004303455352783e-01 -2.348979264497756958e-01
4.502292349934577942e-02 2.063236683607101440e-01 -2.470670193433761597e-01
1.648818552494049072e-01 5.721095949411392212e-02 -6.838253140449523926e-02
-2.991246059536933899e-03 -1.216401997953653336e-02 2.171396315097808838e-01
-1.489183902740478516e-01 -4.864450916647911072e-02 2.954774498939514160e-01
-2.992036044597625732e-01 -1.881690919399261475e-01 1.588728278875350952e-01
-4.162205457687377930e-01 -1.781450510025024414e-01 -6.290245335549116135e-03
-2.701843380928039551e-01 -8.562365174293518066e-02 -4.976872727274894714e-02
-1.361283659934997559e-01 1.403909921646118164e-01 -3.063272126019001007e-02
-9.649161994457244873e-02 1.975453943014144897e-01 1.418660487979650497e-02
6.418891251087188721e-02 1.136120110750198364e-01 -8.212345838546752930e-02
8.177499473094940186e-02 8.197971619665622711e-03 -1.143300011754035950e-01
1.201041117310523987e-01 -4.575766250491142273e-02 -8.572649210691452026e-02
4.026875644922256470e-02 -9.106688201427459717e-03 -2.722551859915256500e-02
3.402560576796531677e-02 5.145344417542219162e-03 1.362425237894058228e-01
-2.585661970078945160e-02 -4.810975119471549988e-02 5.253814160823822021e-02
-3.136745095252990723e-02 -1.416873186826705933e-02 6.733404099941253662e-02
-3.381193801760673523e-02 -1.058070734143257141e-01 1.069274023175239563e-01
-8.905792981386184692e-02 -1.579994708299636841e-01 -9.057174623012542725e-02
-4.787814989686012268e-02 -1.337945759296417236e-01 2.075402624905109406e-02
-9.159417450428009033e-02 -5.365815758705139160e-02 4.248279333114624023e-02
-1.538456678390502930e-01 1.146502196788787842e-01 1.007649749517440796e-01
-1.469502896070480347e-01 7.682777941226959229e-02 2.048271894454956055e-01
-5.911902710795402527e-02 6.391585618257522583e-02 1.076001748442649841e-01
