5.323631316423416138e-02 -8.668933808803558350e-02 1.664436012506484985e-01
-3.254400193691253662e-02 -1.513681858777999878e-01 2.093807756900787354e-01
-1.779410243034362793e-01 -1.069263741374015808e-01 1.877216249704360962e-02
-2.427823096513748169e-01 -4.353754222393035889e-02 -2.652664482593536377e-01
-1.910427659749984741e-01 4.316030070185661316e-02 -4.414267241954803467e-01
5.636280775070190430e-02 1.921522617340087891e-01 -2.688901126384735107e-01
2.589487135410308838e-01 2.187523841857910156e-01 1.323333531618118286e-01
3.003964126110076904e-01 1.926767230033874512e-01 3.009854555130004883e-01
3.018497526645660400e-01 6.671169400215148926e-02 2.678590714931488037e-01
1.948433518409729004e-01 -7.778682559728622437e-02 8.151066303253173828e-02
5.759942159056663513e-02 -1.131223589181900024e-01 -7.345058768987655640e-02
-8.722772449254989624e-02 -5.610951036214828491e-02 -1.238908022642135620e-01
-1.536042392253875732e-01 -5.457885563373565674e-03 -1.233880221843719482e-01
-7.699105143547058105e-02 -1.856851158663630486e-03 -6.346052885055541992e-02
-1.268864721059799194e-01 -6.873038411140441895e-02 1.551176905632019043e-01
-2.675227820873260498e-01 -1.436245590448379517e-01 2.718469202518463135e-01
-4.069149196147918701e-01 -2.018681466579437256e-01 2.805037200450897217e-01
-3.624761104583740234e-01 -2.245668768882751465e-01 1.678287386894226074e-01
-1.664559543132781982e-02 -8.531007915735244751e-02 -5.654069781303405762e-02
2.338913083076477051e-01 1.305898874998092651e-01 2.314563840627670288e-02
3.289081156253814697e-01 2.639006674289703369e-01 1.627720892429351807e-01
3.430615067481994629e-01 2.206405699253082275e-01 3.593056499958038330e-01
5.387035608291625977e-01 6.748550385236740112e-02 2.230603992938995361e-01
5.971958637237548828e-01 8.104579150676727295e-02 -1.611558645963668823e-01
4.076903760433197021e-01 2.227471917867660522e-01 -5.047777295112609863e-01
5.451061762869358063e-03 3.148265182971954346e-01 -6.602671742439270020e-01
-4.513963460922241211e-01 1.434475034475326538e-01 -4.547632336616516113e-01
-5.201283097267150879e-01 -1.313357651233673096e-01 -1.138086915016174316e-01
-3.605429530143737793e-01 -2.851931452751159668e-01 3.005203902721405029e-01
-1.484637707471847534e-01 -1.956014633178710938e-01 4.289391338825225830e-01
-4.206118360161781311e-02 -1.086757984012365341e-02 3.178863525390625000e-01
-6.613912433385848999e-02 4.780251532793045044e-02 1.749864220619201660e-01
-7.233337312936782837e-02 4.120957478880882263e-02 7.387814112007617950e-03
-3.591814264655113220e-02 -2.079969085752964020e-02 -3.704671561717987061e-02
-2.835790812969207764e-02 -4.572565481066703796e-02 -5.967672914266586304e-02
2.768347784876823425e-02 -9.029370546340942383e-02 -5.900802835822105408e-02
1.444351375102996826e-01 -1.874256581068038940e-01 -2.740724198520183563e-02
1.904593110084533691e-01 -2.047275453805923462e-01 4.541970789432525635e-02
2.673096954822540283e-01 -1.697659045457839966e-01 8.016865700483322144e-02
2.562031149864196777e-01 -1.112808957695960999e-01 1.183491051197052002e-01
2.097154557704925537e-01 -6.153950933367013931e-03 2.033306956291198730e-01
1.495600789785385132e-01 8.308361470699310303e-02 3.061163723468780518e-01
2.885854616761207581e-02 1.544160395860671997e-01 3.414644896984100342e-01
-5.041142180562019348e-02 2.126947939395904541e-01 2.558157742023468018e-01
-1.712064296007156372e-01 2.515669167041778564e-01 1.151366978883743286e-01
-2.880501151084899902e-01 2.842619419097900391e-01 -2.213959209620952606e-02
-3.460626304149627686e-01 2.895074188709259033e-01 -6.482867896556854248e-02
-3.373404145240783691e-01 1.518437266349792480e-01 -1.303854733705520630e-01
-2.436781674623489380e-01 -1.256847977638244629e-01 -2.578764259815216064e-01
-1.440342515707015991e-01 -3.632495701313018799e-01 -2.825729548931121826e-01
-1.217573136091232300e-01 -4.216089546680450439e-01 -2.688620388507843018e-01
-8.433486521244049072e-02 -2.929623723030090332e-01 -1.744008809328079224e-01
-7.774330675601959229e-03 -7.426954805850982666e-02 -7.175774872303009033e-02
1.118379980325698853e-01 5.350433662533760071e-02 -9.069343656301498413e-02
1.463275253772735596e-01 5.348066985607147217e-02 -7.300468534231185913e-02
6.305929273366928101e-02 4.157683625817298889e-02 -5.773971229791641235e-02
4.936379566788673401e-02 9.380698949098587036e-02 -8.146864362061023712e-03
1.349074691534042358e-01 1.914317160844802856e-01 7.038298994302749634e-02
3.165449798107147217e-01 1.795742362737655640e-01 -5.993739236146211624e-03
3.205350637435913086e-01 1.013905182480812073e-01 -1.129185706377029419e-01
1.900046914815902710e-01 -5.355357006192207336e-02 -1.492891609668731689e-01
7.362004369497299194e-03 -1.339731961488723755e-01 -7.695506513118743896e-02
-9.968552738428115845e-02 -7.458893954753875732e-02 8.758012950420379639e-02
4.978162050247192383e-02 6.351556628942489624e-02 1.157075837254524231e-01
8.064046502113342285e-02 2.908276617527008057e-01 4.792748019099235535e-02
1.551114320755004883e-01 3.200702667236328125e-01 -6.106023676693439484e-03
2.007474452257156372e-01 1.874655336141586304e-01 -2.039990201592445374e-02
2.683714032173156738e-02 -1.272566169500350952e-01 1.651090197265148163e-02
-2.874864265322685242e-02 -3.439645767211914062e-01 -5.341748148202896118e-02
-2.380754947662353516e-01 -3.202037215232849121e-01 -7.487934082746505737e-02
-3.177290856838226318e-01 -1.749621778726577759e-01 -3.177366405725479126e-02
-2.460030019283294678e-01 8.804044686257839203e-03 4.326260834932327271e-02
-2.444843947887420654e-01 1.057602614164352417e-01 1.748369038105010986e-01
-8.384052664041519165e-02 8.449558168649673462e-02 1.926191300153732300e-01
1.095167025923728943e-01 -1.453979313373565674e-02 1.474266052246093750e-01
3.725912272930145264e-01 -7.361058145761489868e-02 6.649329513311386108e-02
4.827556014060974121e-01 -4.313913732767105103e-02 -1.058578956872224808e-02
3.313584029674530029e-01 3.289858251810073853e-02 -6.112839654088020325e-02
1.013924740254878998e-02 9.844916313886642456e-02 -1.081051528453826904e-01
-3.167307078838348389e-01 1.069488301873207092e-01 -9.720744937658309937e-02
-3.983561992645263672e-01 3.387822583317756653e-02 -3.374797850847244263e-02
-3.627347052097320557e-01 2.364772744476795197e-02 1.821682788431644440e-02
-3.175733387470245361e-01 5.189150199294090271e-02 2.111573889851570129e-02
-2.931624650955200195e-01 1.277545988559722900e-01 -1.452338993549346924e-01
-2.606905698776245117e-01 1.913549154996871948e-01 -7.231092453002929688e-02
-9.153538197278976440e-02 4.446604102849960327e-02 1.476146280765533447e-01
1.660200208425521851e-01 -1.076415255665779114e-01 3.005593717098236084e-01
3.747384250164031982e-01 -2.051378637552261353e-01 2.411376088857650757e-01
3.872210085391998291e-01 -1.371888667345046997e-01 -2.244994640350341797e-01
2.984537184238433838e-01 3.277106955647468567e-02 -3.536610901355743408e-01
1.717472970485687256e-01 9.407095611095428467e-02 -3.248794972896575928e-01
1.653542071580886841e-01 1.054564267396926880e-01 -5.342244729399681091e-02
1.141639500856399536e-01 6.807229667901992798e-02 5.822651833295822144e-02
-1.352368295192718506e-01 4.973332583904266357e-02 -7.915650308132171631e-02
-3.257167041301727295e-01 -6.082504242658615112e-02 9.166059643030166626e-02
-3.861401975154876709e-01 -1.378906220197677612e-01 2.469723075628280640e-01
-1.432075202465057373e-01 -2.354539781808853149e-01 4.050756990909576416e-01
2.266957908868789673e-01 -3.301051259040832520e-01 2.633550167083740234e-01
3.699039518833160400e-01 -2.068231850862503052e-01 -3.446012036874890327e-03
3.191002309322357178e-01 2.766433544456958771e-02 -1.130670756101608276e-01
1.057179495692253113e-01 2.075863629579544067e-01 -1.200824081897735596e-01
-6.283862143754959106e-02 2.773934006690979004e-01 -1.597467809915542603e-01
-1.208055093884468079e-01 1.007926911115646362e-01 -2.842092812061309814e-01
-1.674288511276245117e-01 2.084121480584144592e-02 -3.174812793731689453e-01
-1.282830536365509033e-01 3.113300539553165436e-02 -1.495535671710968018e-01
-1.117052808403968811e-01 -1.546786725521087646e-02 1.383061707019805908e-01
-2.441820129752159119e-02 -6.450990587472915649e-02 2.552321851253509521e-01
-5.039477720856666565e-03 -1.215771213173866272e-01 1.729194074869155884e-01
-7.971344143152236938e-02 -5.749828368425369263e-02 2.709354646503925323e-02
5.392452236264944077e-03 4.442599415779113770e-02 -5.599618703126907349e-02
8.847857243381440639e-04 1.197153478860855103e-01 2.676067687571048737e-02
1.184688657522201538e-01 1.769413053989410400e-02 1.119958534836769104e-01
1.977394223213195801e-01 -1.186218783259391785e-01 1.414083838462829590e-01
9.461332857608795166e-02 -1.855260580778121948e-01 1.567071676254272461e-01
2.929673902690410614e-02 -8.984409272670745850e-02 2.644470706582069397e-02
-8.325798064470291138e-02 6.410135328769683838e-02 -4.565096646547317505e-02
-1.006905958056449890e-01 1.155413240194320679e-01 -7.926678657531738281e-02
