-3.403076827526092529e-01 1.500053852796554565e-01 -2.903360128402709961e-01
-4.481612741947174072e-01 2.339276224374771118e-01 -4.726054668426513672e-01
-3.892830014228820801e-01 2.327015101909637451e-01 -4.249051213264465332e-01
-3.400505483150482178e-01 2.801268100738525391e-01 -3.659446537494659424e-01
-2.567731440067291260e-01 1.954441070556640625e-01 -3.599748313426971436e-01
-3.840171992778778076e-01 3.230829834938049316e-01 -1.166258081793785095e-01
-4.927189648151397705e-01 3.202482163906097412e-01 2.965950965881347656e-01
-4.766349792480468750e-01 3.737286627292633057e-01 2.764053344726562500e-01
-4.907429218292236328e-01 3.159124553203582764e-01 3.559321463108062744e-01
-4.783362746238708496e-01 3.908360004425048828e-01 3.528960347175598145e-01
-5.006174445152282715e-01 3.783232271671295166e-01 3.158196508884429932e-01
-5.083132386207580566e-01 3.686761558055877686e-01 2.709970772266387939e-01
-4.814313948154449463e-01 3.748568594455718994e-01 3.034211993217468262e-01
-4.513891935348510742e-01 4.207669198513031006e-01 3.109819293022155762e-01
-4.773840010166168213e-01 4.157960712909698486e-01 3.497219085693359375e-01
-4.880685210227966309e-01 3.857173621654510498e-01 3.693218529224395752e-01
-4.723148643970489502e-01 3.035184442996978760e-01 3.827668130397796631e-01
-5.094761252403259277e-01 2.227057218551635742e-01 2.686772048473358154e-01
-4.393400549888610840e-01 2.266486287117004395e-01 3.962320685386657715e-01
-4.667723178863525391e-01 1.473188549280166626e-01 5.030611753463745117e-01
-4.874183833599090576e-01 7.519377022981643677e-02 4.934752583503723145e-01
-6.013913154602050781e-01 3.400134295225143433e-02 4.048935472965240479e-01
-5.065000653266906738e-01 9.072802960872650146e-03 3.881954252719879150e-01
-4.055548310279846191e-01 2.894723787903785706e-02 2.777435183525085449e-01
-3.581805229187011719e-01 9.160717576742172241e-02 1.634298264980316162e-01
-3.236399590969085693e-01 -3.078274801373481750e-02 -7.723622769117355347e-02
-5.660618469119071960e-02 -3.268506377935409546e-02 -5.751432478427886963e-02
-1.126950755715370178e-01 -7.662817090749740601e-02 -2.567214146256446838e-02
-3.979081213474273682e-01 1.665675640106201172e-01 2.673045396804809570e-01
-3.979623615741729736e-01 1.304110139608383179e-01 3.236163854598999023e-01
-4.055299162864685059e-01 1.678712517023086548e-01 3.214735686779022217e-01
-3.939029872417449951e-01 2.444948554039001465e-01 3.249706625938415527e-01
-4.227692782878875732e-01 2.716673612594604492e-01 3.171772062778472900e-01
-4.467764794826507568e-01 3.212970495223999023e-01 2.904941141605377197e-01
-4.616020619869232178e-01 3.043545484542846680e-01 3.272769749164581299e-01
-4.663929641246795654e-01 3.151243627071380615e-01 3.430836498737335205e-01
-4.959450662136077881e-01 3.242665827274322510e-01 3.370275199413299561e-01
-4.875124394893646240e-01 3.558051288127899170e-01 3.344923853874206543e-01
-4.884004592895507812e-01 2.904008626937866211e-01 3.097918927669525146e-01
-4.286154806613922119e-01 3.039264678955078125e-01 2.666555643081665039e-01
-3.715969026088714600e-01 2.716473639011383057e-01 2.552121877670288086e-01
-2.818915545940399170e-01 2.336986511945724487e-01 2.604146003723144531e-01
-1.036466658115386963e-01 2.035152614116668701e-01 2.366126775741577148e-01
1.671672612428665161e-02 8.955802768468856812e-02 1.981981545686721802e-01
1.710668504238128662e-01 1.587876933626830578e-03 1.555932462215423584e-01
3.196331858634948730e-01 -1.167982146143913269e-01 8.959337323904037476e-02
4.164124131202697754e-01 -1.930928230285644531e-01 8.777549862861633301e-02
4.860925078392028809e-01 -2.190738320350646973e-01 6.564249098300933838e-02
5.296128392219543457e-01 -2.805348336696624756e-01 -1.273599360138177872e-02
5.680753588676452637e-01 -2.702223360538482666e-01 -4.819215461611747742e-02
6.249604821205139160e-01 -2.382103651762008667e-01 -9.301379323005676270e-02
5.593727827072143555e-01 -3.372692465782165527e-01 -1.322632133960723877e-01
5.260949134826660156e-01 -3.819884061813354492e-01 -1.361949592828750610e-01
5.707632303237915039e-01 -3.863072097301483154e-01 -1.250887811183929443e-01
5.048619508743286133e-01 -3.757870793342590332e-01 -4.776107519865036011e-02
4.669526219367980957e-01 -3.353635072708129883e-01 -3.378500789403915405e-02
4.356540441513061523e-01 -3.077261745929718018e-01 3.689425066113471985e-02
4.289485514163970947e-01 -2.542038857936859131e-01 1.109688878059387207e-01
4.267632365226745605e-01 -2.914939224720001221e-01 1.441282182931900024e-01
4.257363080978393555e-01 -2.969170212745666504e-01 1.168554648756980896e-01
4.012033045291900635e-01 -3.404111862182617188e-01 6.792089343070983887e-02
3.660716712474822998e-01 -4.108423590660095215e-01 4.947413504123687744e-02
3.551253974437713623e-01 -4.026140570640563965e-01 8.737812936305999756e-02
4.052032530307769775e-01 -2.918000221252441406e-01 1.359581649303436279e-01
4.189070165157318115e-01 -4.134402871131896973e-01 4.432777315378189087e-02
3.476241230964660645e-01 -4.448691308498382568e-01 6.729942280799150467e-03
3.409227132797241211e-01 -3.795995712280273438e-01 9.427178651094436646e-02
2.592055201530456543e-01 -5.097134113311767578e-01 1.884003281593322754e-01
3.307307064533233643e-01 -4.495598375797271729e-01 1.600323170423507690e-01
3.906894028186798096e-01 -4.552036225795745850e-01 1.857993155717849731e-01
3.179100155830383301e-01 -4.417157173156738281e-01 2.073868364095687866e-01
2.454851120710372925e-01 -4.407923817634582520e-01 2.293658405542373657e-01
3.041791915893554688e-01 -3.665584921836853027e-01 2.510222494602203369e-01
4.021084010601043701e-01 -3.179311156272888184e-01 2.309764921665191650e-01
4.708428978919982910e-01 -2.791112363338470459e-01 2.112933993339538574e-01
4.397778511047363281e-01 -2.775465250015258789e-01 2.126506567001342773e-01
4.116585850715637207e-01 -3.251538276672363281e-01 2.490512132644653320e-01
5.105584263801574707e-01 -2.830622494220733643e-01 2.363046109676361084e-01
5.163407921791076660e-01 -3.166596293449401855e-01 1.898256689310073853e-01
5.269916057586669922e-01 -3.364846706390380859e-01 1.678929924964904785e-01
6.082434058189392090e-01 -2.760853469371795654e-01 1.581883579492568970e-01
5.861338973045349121e-01 -2.675564587116241455e-01 1.648027449846267700e-01
5.315575599670410156e-01 -2.885559201240539551e-01 1.773107498884201050e-01
4.714439213275909424e-01 -3.467246592044830322e-01 1.268348097801208496e-01
4.349467158317565918e-01 -3.487333059310913086e-01 1.171762719750404358e-01
3.264781534671783447e-01 -3.828269839286804199e-01 6.475036591291427612e-02
6.533855199813842773e-02 -3.493925034999847412e-01 -2.071043103933334351e-01
-1.511554270982742310e-01 -2.321071326732635498e-01 -2.313502579927444458e-01
-3.042765334248542786e-02 -2.614645063877105713e-01 -3.456030786037445068e-01
-1.197169199585914612e-01 -2.968030571937561035e-01 -3.583548665046691895e-01
-2.427546828985214233e-01 -2.222880423069000244e-01 -4.758732616901397705e-01
-3.893467485904693604e-01 -3.007223270833492279e-02 -4.542289376258850098e-01
-3.086781203746795654e-01 8.008960634469985962e-03 -4.832878112792968750e-01
-2.983169853687286377e-01 -1.060319840908050537e-01 -5.616992115974426270e-01
-4.052489995956420898e-01 -4.252324625849723816e-02 -5.218484401702880859e-01
-5.225533843040466309e-01 -1.330552101135253906e-01 -5.215846896171569824e-01
-5.306215286254882812e-01 -1.911867260932922363e-01 -4.670386910438537598e-01
-5.382941365242004395e-01 -1.418636590242385864e-01 -4.269186854362487793e-01
-4.399175047874450684e-01 -1.649172902107238770e-01 -3.911623060703277588e-01
-3.864864110946655273e-01 -2.073242366313934326e-01 -4.328443109989166260e-01
-4.230272173881530762e-01 -3.228033483028411865e-01 -4.934041500091552734e-01
-3.779540657997131348e-01 -3.991152346134185791e-01 -5.662908554077148438e-01
-3.934941589832305908e-01 -3.054102957248687744e-01 -4.621494114398956299e-01
-4.385311901569366455e-01 -3.620335161685943604e-01 -5.454913973808288574e-01
-4.591274857521057129e-01 -3.956045806407928467e-01 -5.638243556022644043e-01
-4.836777448654174805e-01 -3.328122794628143311e-01 -6.214013099670410156e-01
-5.302176475524902344e-01 -3.835518062114715576e-01 -5.645247101783752441e-01
-5.334346890449523926e-01 -3.645283281803131104e-01 -6.196882724761962891e-01
-4.695119261741638184e-01 -3.964945971965789795e-01 -6.384989619255065918e-01
-4.952696561813354492e-01 -2.794797718524932861e-01 -6.126496195793151855e-01
-4.766340851783752441e-01 -3.823229670524597168e-01 -6.249611973762512207e-01
-4.154377877712249756e-01 -4.386327862739562988e-01 -6.314953565597534180e-01
-4.439547955989837646e-01 -3.825176060199737549e-01 -5.938892364501953125e-01
-4.781966507434844971e-01 -3.792501986026763916e-01 -6.116931438446044922e-01
-4.312885403633117676e-01 -4.212753176689147949e-01 -6.330078244209289551e-01
-4.095650017261505127e-01 -3.964091837406158447e-01 -7.022257447242736816e-01
-3.825559020042419434e-01 -4.329552054405212402e-01 -6.791868805885314941e-01
