9.639279544353485107e-02 -2.405483126640319824e-01 4.314877688884735107e-01
-2.975316531956195831e-02 -1.928142905235290527e-01 4.318655431270599365e-01
8.799892663955688477e-02 -8.514281362295150757e-02 4.097433090209960938e-01
1.390624195337295532e-01 -8.201142400503158569e-02 4.095014035701751709e-01
1.525503545999526978e-01 -5.325450748205184937e-02 3.410119414329528809e-01
-5.415347963571548462e-02 -9.139116853475570679e-02 3.727200627326965332e-01
-2.408851832151412964e-01 -4.055336862802505493e-02 3.955996930599212646e-01
-3.569189906120300293e-01 1.055515855550765991e-01 3.100849390029907227e-01
-3.280814290046691895e-01 2.820900380611419678e-01 2.632941901683807373e-01
-4.026905298233032227e-01 2.937160730361938477e-01 2.900198698043823242e-01
-4.369106590747833252e-01 3.311408758163452148e-01 2.663013637065887451e-01
-4.064206480979919434e-01 3.755545616149902344e-01 2.845076918601989746e-01
-4.334554970264434814e-01 4.143370985984802246e-01 2.886236608028411865e-01
-4.373181760311126709e-01 4.392689764499664307e-01 2.874735295772552490e-01
-4.397201538085937500e-01 4.347124695777893066e-01 2.590494453907012939e-01
-4.727456271648406982e-01 4.604963660240173340e-01 2.757789790630340576e-01
-4.723007977008819580e-01 4.663087725639343262e-01 2.866133451461791992e-01
-4.198628664016723633e-01 4.943438470363616943e-01 3.080790340900421143e-01
-3.729059994220733643e-01 5.000985264778137207e-01 3.262708187103271484e-01
-3.915719389915466309e-01 4.404189288616180420e-01 3.509295284748077393e-01
-3.973606824874877930e-01 4.560801982879638672e-01 3.460995554924011230e-01
-4.079361855983734131e-01 4.535853862762451172e-01 3.171347081661224365e-01
-4.273212254047393799e-01 4.586186408996582031e-01 2.907715439796447754e-01
-4.311690628528594971e-01 4.065038561820983887e-01 2.713188529014587402e-01
-4.463898241519927979e-01 3.511194586753845215e-01 2.881796658039093018e-01
-4.461918473243713379e-01 3.819094598293304443e-01 3.191723823547363281e-01
-4.640034139156341553e-01 3.560273647308349609e-01 3.077313899993896484e-01
-4.637202024459838867e-01 3.449656963348388672e-01 3.210072219371795654e-01
-4.770404398441314697e-01 3.023441731929779053e-01 3.321183621883392334e-01
-4.885556995868682861e-01 2.983725965023040771e-01 2.955133914947509766e-01
-5.223138928413391113e-01 2.508609592914581299e-01 3.205201923847198486e-01
-5.212614536285400391e-01 2.677803933620452881e-01 3.114719390869140625e-01
-5.098625421524047852e-01 2.905320227146148682e-01 2.919235229492187500e-01
-4.525072872638702393e-01 3.428645431995391846e-01 2.971717715263366699e-01
-4.604431390762329102e-01 3.394882678985595703e-01 3.038911223411560059e-01
-5.194835662841796875e-01 2.919303774833679199e-01 2.751926481723785400e-01
-5.226015448570251465e-01 3.087297677993774414e-01 2.906773984432220459e-01
-5.142379403114318848e-01 3.456087708473205566e-01 3.058689236640930176e-01
-5.739484429359436035e-01 2.699858248233795166e-01 3.209059536457061768e-01
-5.005067586898803711e-01 2.943603992462158203e-01 3.194971680641174316e-01
-4.412754774093627930e-01 2.600706219673156738e-01 2.800758183002471924e-01
-1.657962203025817871e-01 2.877727448940277100e-01 4.614279866218566895e-01
-6.733334064483642578e-02 2.164089530706405640e-01 4.841557145118713379e-01
-2.861113473773002625e-02 1.283996254205703735e-01 4.957468807697296143e-01
-6.529282778501510620e-02 1.000496223568916321e-01 5.184315443038940430e-01
3.611065819859504700e-02 8.765072375535964966e-02 5.388782620429992676e-01
3.564337268471717834e-02 1.005160808563232422e-01 5.278235077857971191e-01
9.625308215618133545e-02 1.205842569470405579e-01 5.079385638236999512e-01
1.829777210950851440e-01 1.859594732522964478e-01 5.229809880256652832e-01
1.993135064840316772e-01 1.584370285272598267e-01 4.934943616390228271e-01
3.359587788581848145e-01 6.435443460941314697e-02 3.317807614803314209e-01
4.667674005031585693e-01 -6.130617484450340271e-02 2.110205888748168945e-01
3.997760117053985596e-01 -4.242666810750961304e-02 2.246321737766265869e-01
3.609286546707153320e-01 -8.833773434162139893e-02 2.326004356145858765e-01
3.331596255302429199e-01 -5.924336984753608704e-02 2.661729156970977783e-01
3.469201028347015381e-01 2.796719968318939209e-02 3.022490143775939941e-01
3.537940382957458496e-01 9.755735844373703003e-02 3.419409394264221191e-01
2.911957204341888428e-01 3.200588747859001160e-02 4.005543887615203857e-01
2.556618452072143555e-01 6.006678193807601929e-02 4.480116963386535645e-01
1.763556003570556641e-01 2.824510680511593819e-03 4.305201768875122070e-01
1.334771960973739624e-01 4.095346480607986450e-02 4.655525386333465576e-01
1.320386677980422974e-01 1.333307176828384399e-01 4.666604101657867432e-01
2.051782459020614624e-01 2.141328752040863037e-01 4.248301684856414795e-01
2.317800670862197876e-01 1.945309638977050781e-01 4.110374152660369873e-01
2.296824306249618530e-01 1.881596297025680542e-01 3.797563314437866211e-01
1.572932600975036621e-01 1.018246412277221680e-01 3.823719620704650879e-01
6.121106818318367004e-02 5.012651905417442322e-03 2.985497415065765381e-01
1.027493178844451904e-01 2.179165929555892944e-02 2.985131740570068359e-01
2.004464343190193176e-02 1.236844286322593689e-01 2.796988487243652344e-01
-1.783785820007324219e-01 1.278713047504425049e-01 4.501037895679473877e-01
-1.766950488090515137e-01 2.026555687189102173e-01 4.536382555961608887e-01
-1.832380145788192749e-01 2.874599993228912354e-01 3.826482295989990234e-01
-1.403041183948516846e-01 3.297909200191497803e-01 3.377144634723663330e-01
-1.589567363262176514e-01 3.269890844821929932e-01 3.489107787609100342e-01
-1.906373798847198486e-01 2.212673574686050415e-01 4.066939949989318848e-01
-2.183307111263275146e-01 1.829863488674163818e-01 3.867285549640655518e-01
-2.573958337306976318e-01 2.255528867244720459e-01 3.426138758659362793e-01
-2.962984144687652588e-01 1.876487582921981812e-01 3.848357200622558594e-01
-3.429587483406066895e-01 1.002676635980606079e-01 3.777799308300018311e-01
-3.214040100574493408e-01 1.500975489616394043e-01 3.949867784976959229e-01
-3.758206069469451904e-01 1.375475376844406128e-01 3.866230547428131104e-01
-3.566945493221282959e-01 7.698277384042739868e-02 3.981714844703674316e-01
-3.788427412509918213e-01 -1.225563138723373413e-01 4.209637939929962158e-01
-3.963698148727416992e-01 -9.098209440708160400e-02 4.743314087390899658e-01
-3.897552192211151123e-01 -2.999000996351242065e-02 4.391204416751861572e-01
-3.595040142536163330e-01 -7.679789513349533081e-02 5.032451748847961426e-01
-2.802683413028717041e-01 -3.112317807972431183e-02 5.137566924095153809e-01
-2.326720356941223145e-01 -5.510772764682769775e-02 4.699457585811614990e-01
-2.720715999603271484e-01 -1.104819700121879578e-01 3.286524116992950439e-01
-4.391210079193115234e-01 -2.377601340413093567e-02 2.133164405822753906e-01
-4.492389559745788574e-01 7.777179777622222900e-02 1.944287121295928955e-01
-4.668086171150207520e-01 1.485828310251235962e-01 1.820833683013916016e-01
-5.267156958580017090e-01 1.826596260070800781e-01 1.648362427949905396e-01
-5.313038825988769531e-01 2.972328960895538330e-01 1.366805285215377808e-01
-5.878391265869140625e-01 2.849313914775848389e-01 1.275568008422851562e-01
-5.658108592033386230e-01 2.374812513589859009e-01 1.750450879335403442e-01
-5.274569392204284668e-01 2.304323762655258179e-01 1.656213104724884033e-01
-5.390375256538391113e-01 3.522642552852630615e-01 1.404311954975128174e-01
-5.538458824157714844e-01 3.544834256172180176e-01 9.049973636865615845e-02
-5.394052863121032715e-01 2.988414466381072998e-01 1.153927892446517944e-01
-5.358778834342956543e-01 2.296809405088424683e-01 1.645728647708892822e-01
-5.666088461875915527e-01 2.482163459062576294e-01 1.290703713893890381e-01
-5.922900438308715820e-01 1.733865141868591309e-01 1.129728481173515320e-01
-5.599771738052368164e-01 1.610300987958908081e-01 1.894828528165817261e-01
-6.340914368629455566e-01 1.692435741424560547e-01 1.952552348375320435e-01
-5.819658637046813965e-01 4.482642188668251038e-02 2.836720645427703857e-01
-5.306671857833862305e-01 8.379556983709335327e-02 2.890740931034088135e-01
-4.789959490299224854e-01 4.000235348939895630e-03 3.524211347103118896e-01
-6.131510734558105469e-01 -1.179146543145179749e-01 1.132210120558738708e-01
-5.459936261177062988e-01 -2.717044353485107422e-01 1.636849641799926758e-01
-3.285574316978454590e-01 -4.345140755176544189e-01 1.936524808406829834e-01
-3.086918890476226807e-01 -6.268447637557983398e-01 2.369770258665084839e-01
-3.512960076332092285e-01 -6.338282227516174316e-01 1.801359206438064575e-01
-2.686265707015991211e-01 -6.016889810562133789e-01 2.692264914512634277e-01
-3.174173831939697266e-01 -5.435349941253662109e-01 3.706152737140655518e-01
-2.281607985496520996e-01 -5.811467766761779785e-01 3.375155925750732422e-01
-2.222532480955123901e-01 -5.770533680915832520e-01 3.099024295806884766e-01
-2.712876200675964355e-01 -4.993621408939361572e-01 3.620575666427612305e-01
-2.712635099887847900e-01 -5.282747149467468262e-01 3.426526784896850586e-01
-4.341286718845367432e-01 -4.567529857158660889e-01 4.005239903926849365e-01
-4.025475680828094482e-01 -4.507098197937011719e-01 3.697901666164398193e-01
-4.665780961513519287e-01 -3.620032668113708496e-01 3.691030144691467285e-01
-5.006380677223205566e-01 -3.131093680858612061e-01 3.680472671985626221e-01
-5.304993391036987305e-01 -2.497890293598175049e-01 3.485910594463348389e-01
-5.897085070610046387e-01 -9.951429069042205811e-02 3.451048433780670166e-01
-5.395060181617736816e-01 4.428400844335556030e-02 4.821366369724273682e-01
-3.524638116359710693e-01 -2.568883597850799561e-01 4.443334937095642090e-01
-6.921463459730148315e-02 -4.517658948898315430e-01 3.741254508495330811e-01
3.380645215511322021e-01 -3.459803164005279541e-01 2.853844761848449707e-01
3.564906716346740723e-01 -3.407066464424133301e-01 2.570552825927734375e-01
4.319733083248138428e-01 -3.859339952468872070e-01 1.698976010084152222e-01
4.456127583980560303e-01 -4.520607888698577881e-01 5.335518345236778259e-02
4.298389256000518799e-01 -4.446301758289337158e-01 1.042531710118055344e-02
4.513309299945831299e-01 -4.580761194229125977e-01 -3.644581302069127560e-04
4.448837637901306152e-01 -4.320242702960968018e-01 -2.839621528983116150e-02
4.591031074523925781e-01 -4.419697821140289307e-01 -2.662364952266216278e-02
4.528604149818420410e-01 -4.469394683837890625e-01 4.293923079967498779e-02
4.122658669948577881e-01 -4.837145209312438965e-01 -8.973838761448860168e-03
4.039164185523986816e-01 -4.613078236579895020e-01 -1.089399307966232300e-01
3.718741238117218018e-01 -4.998272955417633057e-01 -1.875061690807342529e-01
2.972465157508850098e-01 -5.035032033920288086e-01 -2.070972770452499390e-01
2.935263514518737793e-01 -4.967402517795562744e-01 -2.284084111452102661e-01
1.674744337797164917e-01 -4.747288823127746582e-01 -2.906095385551452637e-01
1.441096365451812744e-01 -4.271187484264373779e-01 -3.696107566356658936e-01
7.902367413043975830e-02 -4.113252758979797363e-01 -4.127170443534851074e-01
1.364403814077377319e-01 -2.598395645618438721e-01 -5.117382407188415527e-01
-2.301135659217834473e-02 -4.442270845174789429e-02 -5.529923439025878906e-01
-1.146435141563415527e-01 -1.215187758207321167e-01 -6.005841493606567383e-01
-1.095866560935974121e-01 -8.719970285892486572e-02 -6.093215942382812500e-01
-1.797102987766265869e-01 -7.640768308192491531e-03 -6.234018206596374512e-01
-2.639900445938110352e-01 -1.948654092848300934e-02 -5.985488295555114746e-01
-2.591109275817871094e-01 -7.693842798471450806e-02 -6.571307778358459473e-01
-1.377285718917846680e-01 -1.547124981880187988e-01 -6.670755147933959961e-01
-2.718784809112548828e-01 -2.224351614713668823e-01 -6.424593925476074219e-01
-1.870485842227935791e-01 -9.319105744361877441e-02 -6.483994722366333008e-01
-2.726088166236877441e-01 -1.524031311273574829e-01 -5.724794864654541016e-01
-2.145186215639114380e-01 -1.351019442081451416e-01 -5.843489766120910645e-01
-6.718038022518157959e-02 -1.840307861566543579e-01 -6.748723983764648438e-01
-2.673355042934417725e-01 -1.748840212821960449e-01 -6.525936126708984375e-01
-2.696031630039215088e-01 -1.959800720214843750e-01 -6.305366754531860352e-01
-2.256489098072052002e-01 -2.109334170818328857e-01 -6.701086163520812988e-01
-1.796249449253082275e-01 -1.839203387498855591e-01 -6.269527077674865723e-01
-9.025697410106658936e-02 -2.063623517751693726e-01 -6.731579899787902832e-01
-1.165823414921760559e-01 -5.643199756741523743e-02 -5.273010134696960449e-01
3.583355545997619629e-01 -3.920416533946990967e-01 -2.374580502510070801e-01
4.571442008018493652e-01 -3.711360096931457520e-01 -1.119043752551078796e-01
5.272572636604309082e-01 -3.042871654033660889e-01 -3.790496289730072021e-02
5.330455899238586426e-01 -2.309952974319458008e-01 -5.121659860014915466e-02
4.987091720104217529e-01 -2.274964153766632080e-01 1.813332177698612213e-02
5.074802041053771973e-01 -2.348700165748596191e-01 2.611869946122169495e-02
5.130130052566528320e-01 -2.060091197490692139e-01 -1.547154691070318222e-02
5.054181814193725586e-01 -2.137057483196258545e-01 3.602281585335731506e-02
5.400426983833312988e-01 -1.950269639492034912e-01 1.056722085922956467e-02
5.250024795532226562e-01 -2.112878561019897461e-01 6.620661355555057526e-03
5.052522420883178711e-01 -1.931184530258178711e-01 4.073045775294303894e-02
4.886708855628967285e-01 -2.088838666677474976e-01 7.936210185289382935e-02
5.297290682792663574e-01 -1.998128741979598999e-01 1.040368452668190002e-01
5.293477773666381836e-01 -2.745868861675262451e-01 3.355661407113075256e-02
5.758972167968750000e-01 -2.714678645133972168e-01 -7.563451305031776428e-03
5.741887688636779785e-01 -2.808815538883209229e-01 5.471865460276603699e-02
5.605669021606445312e-01 -2.569029033184051514e-01 8.067169785499572754e-02
5.689534544944763184e-01 -2.633348703384399414e-01 9.114474058151245117e-02
5.812116265296936035e-01 -1.828570663928985596e-01 8.502787351608276367e-02
5.580278635025024414e-01 -1.753171235322952271e-01 6.437631696462631226e-02
5.546220541000366211e-01 -1.865296512842178345e-01 8.570017665624618530e-02
5.315703153610229492e-01 -2.211457639932632446e-01 8.793959021568298340e-02
5.486369132995605469e-01 -2.854454517364501953e-01 4.667557030916213989e-02
5.518867969512939453e-01 -3.051690161228179932e-01 2.313887700438499451e-02
5.400810241699218750e-01 -3.059014976024627686e-01 -1.844899170100688934e-02
5.260714888572692871e-01 -3.835669755935668945e-01 -9.282608330249786377e-02
5.139405131340026855e-01 -4.647577106952667236e-01 -1.409197598695755005e-01
5.089515447616577148e-01 -4.225195050239562988e-01 -1.005449295043945312e-01
4.698933362960815430e-01 -4.410457313060760498e-01 -1.223587766289710999e-01
5.225580334663391113e-01 -3.754463195800781250e-01 -1.494636535644531250e-01
4.600219726562500000e-01 -4.211245477199554443e-01 -1.092532053589820862e-01
4.142998158931732178e-01 -4.387093782424926758e-01 -1.444251090288162231e-01
4.241919815540313721e-01 -3.775049149990081787e-01 -1.162824630737304688e-01
4.611479640007019043e-01 -4.567340612411499023e-01 -8.184619992971420288e-02
3.551244735717773438e-01 -4.516480863094329834e-01 -8.402495086193084717e-02
3.505938351154327393e-01 -5.333994626998901367e-01 -1.948245987296104431e-02
1.270842403173446655e-01 -2.704218327999114990e-01 -8.458439260721206665e-03
4.996651411056518555e-01 -3.319860994815826416e-01 1.594612724147737026e-03
5.311332941055297852e-01 -3.719641864299774170e-01 1.971723884344100952e-01
4.458289742469787598e-01 -4.912853240966796875e-01 1.833607703447341919e-01
4.441908895969390869e-01 -5.015784502029418945e-01 1.739261597394943237e-01
4.764124453067779541e-01 -4.693383276462554932e-01 2.001999616622924805e-01
4.718811511993408203e-01 -4.111868143081665039e-01 1.724130660295486450e-01
4.279942512512207031e-01 -3.641826212406158447e-01 1.420089304447174072e-01
4.385776817798614502e-01 -3.266670107841491699e-01 1.529313474893569946e-01
5.195354223251342773e-01 -3.198127746582031250e-01 1.861741989850997925e-01
5.059636235237121582e-01 -2.651520073413848877e-01 2.095977514982223511e-01
5.120755434036254883e-01 -3.817175924777984619e-01 2.155586779117584229e-01
5.415346622467041016e-01 -3.680762350559234619e-01 1.859226971864700317e-01
5.551856160163879395e-01 -3.502033352851867676e-01 1.956167966127395630e-01
5.973672270774841309e-01 -2.920958995819091797e-01 1.694338321685791016e-01
5.097894072532653809e-01 -3.201975822448730469e-01 1.556052863597869873e-01
3.200645446777343750e-01 -4.054441452026367188e-01 1.234258934855461121e-01
1.616366207599639893e-01 -4.646352827548980713e-01 -4.526975750923156738e-02
-1.164963021874427795e-01 -3.538740277290344238e-01 -9.876894950866699219e-02
-3.254995048046112061e-01 -2.923762500286102295e-01 -2.655397951602935791e-01
-2.175886332988739014e-01 -2.722273468971252441e-01 -2.939396798610687256e-01
-2.704638242721557617e-01 -1.443584859371185303e-01 -3.383982181549072266e-01
-2.362568676471710205e-01 -2.743413746356964111e-01 -3.726607561111450195e-01
-2.344653606414794922e-01 -2.328688055276870728e-01 -3.482992053031921387e-01
-3.603551089763641357e-01 -2.778060436248779297e-01 -4.820694923400878906e-01
-4.181104004383087158e-01 -3.438044786453247070e-01 -4.760574698448181152e-01
-4.405772387981414795e-01 -3.349933624267578125e-01 -5.066336393356323242e-01
-4.059959948062896729e-01 -2.702174782752990723e-01 -4.724642336368560791e-01
-4.555986523628234863e-01 -4.196170866489410400e-01 -4.878837764263153076e-01
-4.690293073654174805e-01 -3.987717032432556152e-01 -4.776851236820220947e-01
-3.542006611824035645e-01 -3.910326957702636719e-01 -4.228733181953430176e-01
-4.182262122631072998e-01 -3.227900862693786621e-01 -5.189536809921264648e-01
-4.966326653957366943e-01 -2.176370471715927124e-01 -4.985821545124053955e-01
-4.887560606002807617e-01 -3.051553964614868164e-01 -4.584576785564422607e-01
-4.053291082382202148e-01 -3.216983973979949951e-01 -4.897149801254272461e-01
-4.482680857181549072e-01 -4.430294632911682129e-01 -4.815236628055572510e-01
-4.995746314525604248e-01 -3.620829880237579346e-01 -4.987315833568572998e-01
-4.302594959735870361e-01 -3.448211550712585449e-01 -4.976142346858978271e-01
-4.430504143238067627e-01 -4.469491243362426758e-01 -5.091550350189208984e-01
-4.271791577339172363e-01 -3.338846862316131592e-01 -5.349797606468200684e-01
-4.577981233596801758e-01 -3.853878378868103027e-01 -4.984567761421203613e-01
-3.594177365303039551e-01 -4.377254843711853027e-01 -4.353193342685699463e-01
-4.942639768123626709e-01 -4.189053475856781006e-01 -4.702042043209075928e-01
-4.821588099002838135e-01 -4.109479188919067383e-01 -5.947899222373962402e-01
-4.670772254467010498e-01 -3.634832799434661865e-01 -6.053137183189392090e-01
-4.761422276496887207e-01 -2.410199791193008423e-01 -5.518460869789123535e-01
-4.185224473476409912e-01 -4.017499387264251709e-01 -5.171704292297363281e-01
-4.775090217590332031e-01 -3.310951888561248779e-01 -5.338819026947021484e-01
-4.379308819770812988e-01 -4.617079496383666992e-01 -6.477646827697753906e-01
-4.533751606941223145e-01 -4.619693458080291748e-01 -6.024730801582336426e-01
