-1.643806882202625275e-02 7.305871695280075073e-02 -1.372377127408981323e-01
-4.449619352817535400e-02 1.044989675283432007e-01 1.869242079555988312e-02
-2.700770460069179535e-02 2.031447142362594604e-01 2.613925635814666748e-01
-1.856840564869344234e-03 3.121234476566314697e-01 2.248168885707855225e-01
-1.041298080235719681e-02 2.508471310138702393e-01 -6.262777000665664673e-02
1.223844513297080994e-01 -1.681927405297756195e-02 -3.833178281784057617e-01
2.139017432928085327e-01 -2.810278832912445068e-01 -4.941963553428649902e-01
2.685932815074920654e-01 -3.244408667087554932e-01 -3.698104619979858398e-01
3.016185164451599121e-01 -1.281170696020126343e-01 -2.238302677869796753e-01
1.678538918495178223e-01 7.781380414962768555e-02 -1.446921378374099731e-01
1.321849375963211060e-01 2.095014899969100952e-01 -3.874965012073516846e-02
1.433507502079010010e-01 2.086742371320724487e-01 -2.411851473152637482e-02
1.095386072993278503e-01 1.897818446159362793e-01 5.398952588438987732e-02
1.237516924738883972e-01 1.314387768507003784e-01 1.025042310357093811e-01
6.714244186878204346e-02 3.833347558975219727e-02 4.564763233065605164e-02
2.682783827185630798e-02 7.370656239800155163e-04 5.798526480793952942e-02
1.165117602795362473e-02 2.657353505492210388e-02 3.181951865553855896e-02
-4.874781891703605652e-02 7.495507597923278809e-02 8.033961802721023560e-02
-4.311588127166032791e-03 1.127974092960357666e-01 1.711902767419815063e-01
4.239893704652786255e-02 9.692097455263137817e-02 2.058064639568328857e-01
9.443915635347366333e-02 5.438530817627906799e-02 2.484023272991180420e-01
8.987772464752197266e-02 3.336144238710403442e-02 2.330211251974105835e-01
6.202675867825746536e-03 4.116221517324447632e-02 2.259997129440307617e-01
-1.562275225296616554e-03 3.704216331243515015e-02 1.572527587413787842e-01
-2.659393846988677979e-02 1.995834708213806152e-02 7.035179436206817627e-02
-3.884353488683700562e-02 -2.956641279160976410e-02 -6.129821762442588806e-02
-6.750752776861190796e-02 -5.806781724095344543e-02 -7.887880504131317139e-02
-9.352145344018936157e-02 -3.942121565341949463e-02 -1.470567472279071808e-02
-5.294559895992279053e-02 -4.819937050342559814e-02 3.203213959932327271e-02
2.774637425318360329e-03 -2.554470859467983246e-02 5.620113387703895569e-02
1.599114760756492615e-02 -3.799311071634292603e-02 2.260209061205387115e-02
1.054659113287925720e-02 -2.162761241197586060e-02 -1.837591640651226044e-03
1.396846305578947067e-02 4.106599837541580200e-02 -2.926026657223701477e-02
1.898503862321376801e-02 5.037146434187889099e-02 2.503592707216739655e-02
4.921618103981018066e-02 5.414200574159622192e-02 -7.523539941757917404e-03
7.245302945375442505e-02 4.601724445819854736e-02 -9.065635502338409424e-02
5.284238234162330627e-02 1.769958063960075378e-02 -1.114579290151596069e-01
-8.476953022181987762e-03 8.929400146007537842e-02 -1.244933903217315674e-01
-9.324840456247329712e-02 2.186183929443359375e-01 1.626649871468544006e-02
-1.439286023378372192e-01 1.738280355930328369e-01 1.807206720113754272e-01
-1.457177698612213135e-01 2.070207893848419189e-01 2.307125926017761230e-01
-1.424955725669860840e-01 8.701179176568984985e-02 2.712460160255432129e-01
-1.041301861405372620e-01 -5.952879413962364197e-02 1.472635418176651001e-01
-1.024281531572341919e-01 -7.709490507841110229e-02 5.281066149473190308e-02
-6.526412069797515869e-02 -1.762489825487136841e-01 -6.340024620294570923e-02
-3.504775837063789368e-02 -9.785030782222747803e-02 -1.275882571935653687e-01
-5.138985812664031982e-02 -5.231240019202232361e-02 -1.015528962016105652e-01
-7.055288553237915039e-02 -3.691229596734046936e-02 -7.240439951419830322e-02
-2.264694273471832275e-01 -9.719532728195190430e-02 -5.269126594066619873e-02
-3.873347640037536621e-01 -6.510263681411743164e-02 -4.216727241873741150e-02
-4.248794317245483398e-01 -3.309816867113113403e-02 -8.665158599615097046e-02
-3.942947387695312500e-01 -5.397944524884223938e-02 -2.144937068223953247e-01
-1.751893609762191772e-01 -1.105433981865644455e-02 -1.176333799958229065e-01
3.919276967644691467e-02 -1.274422407150268555e-01 -1.269016712903976440e-01
8.433016389608383179e-02 -1.290689706802368164e-01 -7.928850501775741577e-02
1.065341383218765259e-01 -1.040552854537963867e-01 -2.495754510164260864e-02
8.424253016710281372e-02 -8.880002051591873169e-02 -1.315952371805906296e-02
1.205886602401733398e-01 7.457432802766561508e-03 1.830172538757324219e-01
1.488150656223297119e-01 -4.837043210864067078e-02 1.946521699428558350e-01
2.296505570411682129e-01 -9.189410507678985596e-02 6.930557638406753540e-02
2.233042567968368530e-01 -1.305175125598907471e-01 -6.288234889507293701e-02
1.213545873761177063e-01 -1.552382856607437134e-01 -1.098857596516609192e-01
1.464361045509576797e-02 -1.303215175867080688e-01 1.419464359059929848e-03
-9.843596071004867554e-02 -8.002296835184097290e-02 1.160365566611289978e-01
-7.926460355520248413e-02 7.997198402881622314e-02 2.413146346807479858e-01
-6.581880897283554077e-02 1.312832236289978027e-01 7.586081326007843018e-02
6.585284322500228882e-02 1.935224980115890503e-02 -1.347393244504928589e-01
2.338267266750335693e-01 -1.989652365446090698e-01 -2.709390521049499512e-01
3.015440404415130615e-01 -2.533021271228790283e-01 -2.825931608676910400e-01
3.522624075412750244e-01 -9.683452546596527100e-02 -5.851411446928977966e-02
2.369196861982345581e-01 1.595901697874069214e-01 1.117916628718376160e-01
1.591104865074157715e-01 2.912876605987548828e-01 2.148212045431137085e-01
3.522728756070137024e-02 1.871584206819534302e-01 2.356669008731842041e-01
-9.604388475418090820e-02 4.832584410905838013e-02 1.554194688796997070e-01
-1.273703873157501221e-01 -9.698592126369476318e-02 -3.334105387330055237e-02
-1.257517486810684204e-01 -1.551868319511413574e-01 -1.129831820726394653e-01
-6.770835071802139282e-02 -1.304230540990829468e-01 -4.499303922057151794e-02
-6.092756986618041992e-02 -1.402879655361175537e-01 -3.647828102111816406e-02
-3.465475514531135559e-02 -1.000300273299217224e-01 -1.922832988202571869e-02
-4.836898297071456909e-02 -4.248227179050445557e-02 -7.689306885004043579e-02
-1.504033207893371582e-01 7.639177143573760986e-02 5.244608595967292786e-02
-2.189884483814239502e-01 1.105323582887649536e-01 1.615736931562423706e-01
-1.999066621065139771e-01 4.756742343306541443e-02 4.298530984669923782e-03
-7.657214999198913574e-02 6.083785742521286011e-02 -7.196930050849914551e-02
3.382544219493865967e-02 1.295028328895568848e-01 -1.199971884489059448e-01
-3.713639825582504272e-02 2.581571638584136963e-01 7.426875829696655273e-02
-8.397175371646881104e-02 3.721663653850555420e-01 3.086906969547271729e-01
6.565900146961212158e-02 3.828714489936828613e-01 3.065076172351837158e-01
2.529300153255462646e-01 3.808879554271697998e-01 2.258823662996292114e-01
3.933669626712799072e-01 3.658507168292999268e-01 1.497370600700378418e-01
3.723846077919006348e-01 2.055770456790924072e-01 -9.956057183444499969e-03
2.364901155233383179e-01 -3.732936456799507141e-02 -1.320202350616455078e-01
2.080692946910858154e-01 -1.664952933788299561e-01 -8.872313052415847778e-02
9.545332193374633789e-02 -2.039126604795455933e-01 -1.504151374101638794e-01
-8.586089126765727997e-03 -1.098193004727363586e-01 -7.574643194675445557e-02
1.415220176568254828e-04 -7.030388712882995605e-02 -1.008644774556159973e-01
5.999428778886795044e-02 -3.353469073772430420e-02 -7.511472702026367188e-02
9.858245402574539185e-02 3.422384336590766907e-02 2.493380941450595856e-02
1.089776121079921722e-02 3.920673578977584839e-02 3.953392058610916138e-02
-9.644332528114318848e-02 8.107557892799377441e-02 7.421096414327621460e-02
-1.306998878717422485e-01 -5.561569705605506897e-03 1.213052719831466675e-01
-9.384305775165557861e-02 -5.561805516481399536e-02 1.007482931017875671e-01
-1.713693328201770782e-02 -7.810052484273910522e-02 -1.062417589128017426e-02
-1.232325881719589233e-01 -9.753106534481048584e-02 3.062738664448261261e-02
-1.774957180023193359e-01 -4.491862654685974121e-02 -3.316947445273399353e-02
-1.973095834255218506e-01 7.696046680212020874e-02 1.756291985511779785e-01
-2.829521000385284424e-01 2.404260262846946716e-02 1.211155205965042114e-01
-3.080124258995056152e-01 3.284554556012153625e-02 1.118413507938385010e-01
-4.133943617343902588e-01 8.509889245033264160e-03 -1.108116377145051956e-02
-4.499707221984863281e-01 -6.253795325756072998e-02 -1.788577139377593994e-01
-3.697495162487030029e-01 -1.607975661754608154e-01 -2.653409540653228760e-01
-1.659484058618545532e-01 -1.789235621690750122e-01 -2.944587469100952148e-01
6.404803693294525146e-02 -8.815076202154159546e-02 -1.573416292667388916e-01
-1.591833861311897635e-04 4.867079854011535645e-02 -1.398575156927108765e-01
-6.907191127538681030e-02 1.241681873798370361e-01 -7.758014649152755737e-02
-2.850570343434810638e-02 -2.857150323688983917e-02 -1.969598233699798584e-01
3.174979612231254578e-02 -8.648096583783626556e-03 -6.984162330627441406e-02
2.746490836143493652e-01 -1.058129072189331055e-01 -5.286749824881553650e-02
2.245190143585205078e-01 -4.365025088191032410e-02 8.358754962682723999e-02
2.287618070840835571e-01 4.292600229382514954e-02 7.627238333225250244e-02
3.216550350189208984e-01 3.102672696113586426e-01 1.114416569471359253e-01
3.510970771312713623e-01 5.778440237045288086e-01 2.765901386737823486e-01
4.754013121128082275e-01 5.074559450149536133e-01 1.133215948939323425e-01
4.967527091503143311e-01 3.376547992229461670e-01 -3.746120631694793701e-02
1.846505403518676758e-01 -8.549290150403976440e-02 -1.095506995916366577e-01
-3.179808557033538818e-01 -2.840166687965393066e-01 3.422415256500244141e-02
-5.303921103477478027e-01 -1.403998285531997681e-01 3.384961783885955811e-01
-5.924092531204223633e-01 -9.306197613477706909e-02 4.302617013454437256e-01
-4.976221621036529541e-01 -9.282763116061687469e-03 3.168338537216186523e-01
-3.356644511222839355e-01 3.784223645925521851e-02 1.602508276700973511e-01
-2.202218770980834961e-01 -5.808198824524879456e-02 9.763150662183761597e-02
-1.990311294794082642e-01 -1.884304285049438477e-01 6.155972182750701904e-02
-1.099210456013679504e-01 -3.070759475231170654e-01 3.704328835010528564e-02
-7.298656553030014038e-02 -2.564409971237182617e-01 1.912806369364261627e-02
-7.682709395885467529e-02 -2.090686261653900146e-01 -1.063162237405776978e-01
-5.627658590674400330e-02 -1.601925194263458252e-01 -1.380083709955215454e-01
-3.153674677014350891e-02 -1.132416948676109314e-01 -1.677508503198623657e-01
1.436211541295051575e-02 -1.481400057673454285e-02 -1.485863924026489258e-01
6.730283051729202271e-02 5.171495676040649414e-02 -1.730229258537292480e-01
9.585334360599517822e-02 -3.136358782649040222e-02 -1.599351614713668823e-01
1.566691100597381592e-01 -1.326062977313995361e-01 -1.296020299196243286e-01
2.582421898841857910e-01 -1.385995149612426758e-01 -8.383551985025405884e-02
2.799437642097473145e-01 -5.066493526101112366e-02 -4.553756117820739746e-02
2.875181138515472412e-01 9.215131402015686035e-03 -5.354665964841842651e-02
3.327233493328094482e-01 1.918274722993373871e-02 -1.800362765789031982e-01
2.319219559431076050e-01 1.633877493441104889e-02 -2.180991768836975098e-01
1.792529076337814331e-01 -4.858550801873207092e-02 -1.498481929302215576e-01
1.271651685237884521e-01 -9.365974366664886475e-02 -1.186648979783058167e-01
7.572034001350402832e-02 1.121643930673599243e-01 6.362432241439819336e-02
1.357284337282180786e-01 2.618068754673004150e-01 -8.439265075139701366e-04
-5.095525458455085754e-02 2.788384258747100830e-01 -5.473623797297477722e-02
-1.570970863103866577e-01 1.680555939674377441e-01 -4.932836443185806274e-02
-1.097547337412834167e-01 9.229394048452377319e-02 -8.888171613216400146e-02
3.352937987074255943e-03 -6.497958302497863770e-02 -3.695889934897422791e-02
1.313134282827377319e-01 -1.002319380640983582e-01 2.927237749099731445e-02
5.980765447020530701e-02 -8.744750171899795532e-03 6.633847206830978394e-02
-3.998685255646705627e-02 -6.616745889186859131e-02 5.427484586834907532e-02
-4.912650212645530701e-02 6.338340044021606445e-02 -4.594324529170989990e-02
-1.218673065304756165e-01 5.122262611985206604e-02 -9.065990149974822998e-02
-3.384433314204216003e-02 8.733350783586502075e-02 -7.364593446254730225e-02
-1.128936707973480225e-01 3.910796344280242920e-01 -1.383919082581996918e-02
1.718131825327873230e-02 -4.403223097324371338e-02 1.128719002008438110e-01
-1.701293289661407471e-01 -3.830110430717468262e-01 1.306626498699188232e-01
-3.122914731502532959e-01 -3.860859870910644531e-01 1.013480052351951599e-01
-3.034904599189758301e-01 -2.809832096099853516e-01 3.145612776279449463e-02
-2.404132187366485596e-01 2.135607153177261353e-01 6.176340579986572266e-02
8.953500539064407349e-02 2.092884331941604614e-01 1.570228934288024902e-01
8.133569359779357910e-02 1.082720160484313965e-01 2.615425288677215576e-01
6.511437892913818359e-02 9.985468536615371704e-02 2.603697180747985840e-01
1.845803111791610718e-02 1.672177389264106750e-02 1.621437370777130127e-01
1.345667708665132523e-02 8.079926483333110809e-03 5.471282824873924255e-02
6.025443319231271744e-03 -4.922879487276077271e-02 -3.383557125926017761e-02
-7.854401133954524994e-03 -1.054612025618553162e-01 -8.821464143693447113e-03
-4.953671246767044067e-03 -5.416177958250045776e-02 6.388779729604721069e-02
-5.247912928462028503e-02 1.671131327748298645e-02 9.845158457756042480e-02
-9.500760585069656372e-02 1.074768975377082825e-01 -2.344564720988273621e-02
-1.494605243206024170e-01 1.402740180492401123e-01 -1.502125710248947144e-01
-1.326029598712921143e-01 6.385010480880737305e-02 -1.213242635130882263e-01
-3.412875905632972717e-02 1.862291246652603149e-02 5.014691129326820374e-02
1.504129730165004730e-02 -7.872238010168075562e-02 1.347647309303283691e-01
7.759875804185867310e-02 -1.510675102472305298e-01 1.784253269433975220e-01
9.978149831295013428e-02 -1.832524240016937256e-01 1.571469008922576904e-01
5.614021793007850647e-02 -2.263962924480438232e-01 1.351934075355529785e-01
5.195347592234611511e-02 -1.875070780515670776e-01 8.360458165407180786e-02
-4.535492137074470520e-02 -2.191253006458282471e-02 -9.299042867496609688e-04
-1.415483951568603516e-01 1.172353774309158325e-01 -1.203483119606971741e-01
-1.127718314528465271e-01 2.028271108865737915e-01 -9.380160272121429443e-02
-1.353084892034530640e-01 2.177677899599075317e-01 -6.821726262569427490e-02
-1.714460700750350952e-01 1.869799792766571045e-01 -7.101208716630935669e-02
-1.013246104121208191e-01 2.709679007530212402e-01 7.678943872451782227e-02
-8.159642666578292847e-02 2.604996860027313232e-01 1.489534676074981689e-01
4.858915135264396667e-02 1.055553108453750610e-01 1.511190086603164673e-01
1.364504396915435791e-01 -6.771919876337051392e-02 1.219668015837669373e-01
1.081299781799316406e-01 -2.435688823461532593e-01 -7.773707807064056396e-02
1.486722528934478760e-01 -2.403546273708343506e-01 -1.291509866714477539e-01
-2.475960412994027138e-03 -6.669693440198898315e-02 -9.978318214416503906e-02
-3.834036737680435181e-02 -6.748495995998382568e-02 -6.035708263516426086e-02
-1.868772357702255249e-01 -5.735553801059722900e-02 -1.431355029344558716e-01
5.355632677674293518e-02 -1.568882614374160767e-01 -2.579198479652404785e-01
1.230674386024475098e-01 1.006248146295547485e-01 -3.204652369022369385e-01
-2.365986292716115713e-04 3.669438660144805908e-01 -3.158542215824127197e-01
-5.880748108029365540e-02 3.953429162502288818e-01 -1.616826206445693970e-01
-2.853779792785644531e-01 3.111077547073364258e-01 -2.104608714580535889e-01
-1.718677878379821777e-01 3.143284097313880920e-02 -2.319312542676925659e-01
-6.878955662250518799e-02 -1.117685362696647644e-01 -1.754684001207351685e-01
6.255710124969482422e-02 -2.004059404134750366e-01 -9.903947263956069946e-02
1.718198359012603760e-01 -1.691621392965316772e-01 -8.204210549592971802e-02
1.296643316745758057e-01 -1.146456003189086914e-01 -1.004209220409393311e-01
9.953375905752182007e-02 -5.976526066660881042e-02 -1.860106736421585083e-01
-8.674517273902893066e-02 4.276723787188529968e-02 -4.154113680124282837e-02
-1.935384720563888550e-01 6.472240388393402100e-02 -4.005476832389831543e-02
-1.602401435375213623e-01 1.258420944213867188e-01 -1.568170487880706787e-01
-1.023972183465957642e-01 1.990734189748764038e-01 -1.497016251087188721e-01
1.239030510187149048e-01 7.817377895116806030e-02 -1.984216123819351196e-01
2.329191863536834717e-01 -6.290347129106521606e-02 6.737918406724929810e-02
2.637700140476226807e-01 -2.405870556831359863e-01 2.944482862949371338e-01
4.148576259613037109e-01 -2.526047825813293457e-01 3.475714921951293945e-01
4.929627180099487305e-01 -1.230579987168312073e-01 3.029356598854064941e-01
3.646251857280731201e-01 -2.210945934057235718e-01 3.322407603263854980e-01
2.527076900005340576e-01 -2.423711866140365601e-01 3.050854206085205078e-01
-1.220262497663497925e-01 -2.783764004707336426e-01 2.732807695865631104e-01
-1.506797224283218384e-01 -2.096037864685058594e-01 2.094025015830993652e-01
-8.946438319981098175e-03 2.329300343990325928e-01 -7.326477766036987305e-02
-9.565094858407974243e-02 2.838606536388397217e-01 -1.815762966871261597e-01
-3.215326741337776184e-02 1.897849440574645996e-01 -2.177545577287673950e-01
-1.311289612203836441e-02 2.116139382123947144e-01 -2.189549058675765991e-01
-7.287184894084930420e-02 1.589902341365814209e-01 -2.411559969186782837e-01
-7.269331067800521851e-02 1.351816654205322266e-01 -2.152334749698638916e-01
-9.536094218492507935e-02 2.058416306972503662e-01 -1.747262328863143921e-01
-8.221526443958282471e-02 1.301811039447784424e-01 -1.384336780756711960e-02
1.694827377796173096e-01 -3.562289057299494743e-03 1.148773804306983948e-01
2.834964990615844727e-01 2.234945818781852722e-02 7.508299499750137329e-02
1.892335563898086548e-01 1.446791179478168488e-02 6.036954000592231750e-02
-5.049260333180427551e-02 -1.717040687799453735e-01 5.193089321255683899e-02
-1.413723081350326538e-01 -1.541753709316253662e-01 1.606069505214691162e-02
-1.216681227087974548e-01 -2.055599838495254517e-01 4.174286499619483948e-02
-2.043928951025009155e-02 -7.006932049989700317e-02 -1.422590762376785278e-02
7.914438098669052124e-02 2.087021321058273315e-01 9.615070186555385590e-03
3.766306862235069275e-02 8.960968255996704102e-02 4.083053022623062134e-02
-1.428197696805000305e-02 -1.348266899585723877e-01 -5.856472253799438477e-02
2.101777307689189911e-02 -1.789979934692382812e-01 -1.666355282068252563e-01
-6.792774051427841187e-02 -1.605667173862457275e-02 -6.597486883401870728e-02
-4.128653183579444885e-02 -2.216617017984390259e-02 6.318081915378570557e-02
1.346244513988494873e-01 -9.768609702587127686e-02 1.907254457473754883e-01
8.276443928480148315e-02 -1.614090651273727417e-01 1.653339713811874390e-01
1.229145750403404236e-01 -2.528720200061798096e-01 2.678899280726909637e-02
-1.271467059850692749e-01 -7.598701864480972290e-03 1.491912603378295898e-01
-2.456505447626113892e-01 5.569807440042495728e-02 7.693367451429367065e-02
-1.587304323911666870e-01 1.292222645133733749e-03 6.287719309329986572e-02
-9.177858382463455200e-02 1.177380457520484924e-01 -9.361271560192108154e-02
