-1.237144023180007935e-01 8.508857339620590210e-02 2.826491892337799072e-01
-1.785989403724670410e-01 1.439516395330429077e-01 2.681846022605895996e-01
-1.019900441169738770e-01 2.785953693091869354e-02 -6.076887249946594238e-02
6.472487002611160278e-02 -9.253066033124923706e-02 -5.046415328979492188e-01
1.442445963621139526e-01 -1.097553968429565430e-01 -6.017025113105773926e-01
1.211203932762145996e-01 6.246318574994802475e-03 -3.482688069343566895e-01
-1.762504875659942627e-02 2.762761116027832031e-01 1.689336448907852173e-01
-8.010130375623703003e-02 2.752688527107238770e-01 4.453472197055816650e-01
-6.488456577062606812e-02 1.256575584411621094e-01 3.816984295845031738e-01
-2.075805515050888062e-02 -1.029377430677413940e-02 1.552958637475967407e-01
-5.932150036096572876e-02 -8.044861257076263428e-02 7.944573462009429932e-02
-1.226847395300865173e-01 -5.518639087677001953e-02 8.990107476711273193e-02
-5.801584571599960327e-02 -1.249588504433631897e-01 7.566111534833908081e-02
-1.167715154588222504e-02 -2.179534882307052612e-01 7.692361250519752502e-03
-1.409552060067653656e-03 -1.743018925189971924e-01 -5.281715840101242065e-02
-2.350778877735137939e-02 -5.519872531294822693e-02 -3.318683244287967682e-03
-1.242880523204803467e-01 4.948308691382408142e-02 3.035565838217735291e-02
-1.579003781080245972e-01 6.027282401919364929e-02 1.157614961266517639e-02
-1.821809113025665283e-01 1.505187805742025375e-02 -1.866598054766654968e-02
-1.383866369724273682e-01 2.030514366924762726e-02 -1.744788885116577148e-02
-7.433959748595952988e-03 1.091396622359752655e-02 4.511246085166931152e-02
8.066428452730178833e-02 1.616368070244789124e-02 5.556549504399299622e-02
1.670295000076293945e-01 -1.724588684737682343e-02 4.548288416117429733e-03
2.062691003084182739e-01 -5.810485035181045532e-02 -8.566017448902130127e-02
2.002106904983520508e-01 -6.170237436890602112e-02 -9.181532263755798340e-02
1.595067530870437622e-01 -7.305910438299179077e-02 -1.056713610887527466e-02
3.494980186223983765e-02 -5.000133067369461060e-02 2.204836346209049225e-02
-9.296197444200515747e-02 -1.417316962033510208e-03 8.104583248496055603e-03
-1.206858828663825989e-01 3.072116151452064514e-02 -5.032022297382354736e-02
-7.375065237283706665e-02 5.180978029966354370e-02 -5.628998950123786926e-02
4.022724553942680359e-02 5.638344585895538330e-02 1.825293339788913727e-02
8.783929795026779175e-02 1.195176690816879272e-02 6.593067198991775513e-02
7.277620583772659302e-02 9.364991448819637299e-03 3.301682323217391968e-02
5.658822134137153625e-02 9.051703847944736481e-03 -7.142830640077590942e-02
1.856882683932781219e-02 -1.719922386109828949e-02 -1.758750379085540771e-01
5.956548824906349182e-02 -1.707381568849086761e-02 -1.680701822042465210e-01
5.690044909715652466e-02 1.719592325389385223e-02 3.986381366848945618e-02
-5.702193453907966614e-02 4.634398967027664185e-02 2.350103706121444702e-01
-1.586962789297103882e-01 7.156690210103988647e-02 2.793886065483093262e-01
-3.081336915493011475e-01 -2.521634101867675781e-02 1.132952645421028137e-01
-2.813950181007385254e-01 -1.575801074504852295e-01 -1.935716122388839722e-01
-9.298308193683624268e-02 -1.554029583930969238e-01 -2.851111888885498047e-01
5.199320614337921143e-02 -8.920908719301223755e-02 -2.507447302341461182e-01
2.025827765464782715e-01 4.855806380510330200e-02 -8.477446436882019043e-02
2.255280762910842896e-01 9.539130330085754395e-02 1.038446947932243347e-01
2.186750471591949463e-01 5.020323023200035095e-02 1.893709897994995117e-01
2.784847617149353027e-01 -7.940600812435150146e-02 3.585747182369232178e-01
3.080135881900787354e-01 -2.013429552316665649e-01 4.508480429649353027e-01
2.912964820861816406e-01 -1.929163634777069092e-01 3.648036718368530273e-01
1.921343207359313965e-01 -7.663377374410629272e-02 5.052572861313819885e-02
-1.409548074007034302e-01 1.740631759166717529e-01 -3.535936474800109863e-01
-3.003102242946624756e-01 2.695196270942687988e-01 -4.814405143260955811e-01
-3.430700302124023438e-01 2.265133708715438843e-01 -3.793386518955230713e-01
-3.135257363319396973e-01 1.414820849895477295e-01 -1.807222366333007812e-01
-1.281530857086181641e-01 1.308373268693685532e-02 -1.530491467565298080e-02
-1.354975104331970215e-01 -1.885782368481159210e-02 6.033027172088623047e-02
-1.590056866407394409e-01 -4.280097037553787231e-02 4.629230126738548279e-02
-1.310064643621444702e-01 -4.592767916619777679e-03 1.503879483789205551e-02
-2.187783829867839813e-02 3.092746809124946594e-02 -1.725125499069690704e-02
1.860226243734359741e-01 -1.827915944159030914e-02 -1.071930397301912308e-02
2.609165310859680176e-01 -1.010028347373008728e-01 1.047367677092552185e-01
2.213565409183502197e-01 -1.837241053581237793e-01 2.291389405727386475e-01
5.579294264316558838e-02 -9.102749079465866089e-02 2.585282027721405029e-01
-3.095030598342418671e-02 7.388468831777572632e-02 1.020971536636352539e-01
-3.930081054568290710e-02 1.675788462162017822e-01 -1.950935870409011841e-01
-4.572615399956703186e-02 9.121078997850418091e-02 -4.584850072860717773e-01
-6.654349714517593384e-02 -4.967211931943893433e-02 -5.372622013092041016e-01
-1.918494701385498047e-01 -8.830100297927856445e-03 -3.880086243152618408e-01
-1.632499396800994873e-01 1.356206834316253662e-01 7.380824536085128784e-02
-2.108797058463096619e-02 2.354204654693603516e-01 4.550496041774749756e-01
6.447831541299819946e-02 1.807293593883514404e-01 5.530418753623962402e-01
1.439453959465026855e-01 -1.480002887547016144e-02 4.546637535095214844e-01
1.717368662357330322e-01 -1.289771944284439087e-01 1.800751239061355591e-01
2.041385471820831299e-01 -1.830724477767944336e-01 -5.423867329955101013e-02
1.455761343240737915e-01 -1.917710304260253906e-01 -1.968187987804412842e-01
-4.870259726885706186e-04 -1.242631897330284119e-01 -2.383679896593093872e-01
-1.302462667226791382e-01 -2.185857109725475311e-02 -1.841494590044021606e-01
-1.188821718096733093e-01 9.289919584989547729e-02 -1.138646453619003296e-01
-2.466760762035846710e-02 1.066040918231010437e-01 1.516489312052726746e-02
6.966715212911367416e-03 -8.825161494314670563e-03 7.729560881853103638e-02
5.230653285980224609e-02 -1.411218494176864624e-01 -8.075916208326816559e-03
3.064078278839588165e-02 -1.451015025377273560e-01 -1.502436548471450806e-01
3.869648650288581848e-02 -1.114051695913076401e-02 -2.685369551181793213e-01
7.382477074861526489e-02 9.079801291227340698e-02 -7.498255372047424316e-02
6.106268242001533508e-02 7.867246866226196289e-02 3.239909112453460693e-01
6.045688688755035400e-02 7.861944288015365601e-02 4.909677207469940186e-01
-3.373140352778136730e-04 1.895597279071807861e-01 4.111863076686859131e-01
-1.413752734661102295e-01 3.571161031723022461e-01 4.673380032181739807e-02
-1.743504852056503296e-01 3.241646289825439453e-01 -3.130154013633728027e-01
-8.679272234439849854e-02 7.359675318002700806e-02 -3.819572031497955322e-01
-2.297471836209297180e-02 -2.097646445035934448e-01 -2.935977876186370850e-01
7.631526887416839600e-02 -3.488526046276092529e-01 -1.492300927639007568e-01
4.403844475746154785e-02 -3.132956624031066895e-01 -1.235155388712882996e-02
4.384450614452362061e-02 -1.491237580776214600e-01 4.258544370532035828e-02
1.136349514126777649e-01 7.137543056160211563e-03 1.213106438517570496e-01
3.668195754289627075e-02 1.320932358503341675e-01 1.529919207096099854e-01
-3.412506356835365295e-02 1.166920810937881470e-01 7.399678230285644531e-02
-7.916706055402755737e-02 1.517313718795776367e-02 3.513109683990478516e-02
-7.729073613882064819e-02 -1.204560026526451111e-01 -1.549767889082431793e-02
-3.624486178159713745e-02 -1.722923666238784790e-01 -5.566300824284553528e-02
1.773333735764026642e-02 -8.809472620487213135e-02 -6.426233798265457153e-02
2.333879098296165466e-02 -7.569498568773269653e-02 -5.462310463190078735e-02
1.222586259245872498e-01 -7.072221487760543823e-02 8.179117925465106964e-03
7.110173255205154419e-02 -3.894362598657608032e-02 1.673498898744583130e-01
3.713224083185195923e-02 -3.747589513659477234e-02 2.143234312534332275e-01
8.495586365461349487e-02 2.294613793492317200e-02 1.959995925426483154e-01
1.533956676721572876e-01 -5.891475826501846313e-02 1.285771578550338745e-01
2.709142267704010010e-01 -1.076039671897888184e-01 -4.489350691437721252e-02
1.733897477388381958e-01 5.253823008388280869e-03 -1.606024801731109619e-01
-3.029060177505016327e-02 2.005197256803512573e-01 -3.008514046669006348e-01
-2.637684047222137451e-01 3.669844865798950195e-01 -3.332606256008148193e-01
-2.985173463821411133e-01 3.192534446716308594e-01 -2.296388298273086548e-01
-1.707945615053176880e-01 1.105014905333518982e-01 -6.123053655028343201e-02
4.578976333141326904e-02 -1.368579864501953125e-01 5.049983784556388855e-02
1.698419898748397827e-01 -2.427213490009307861e-01 1.769392192363739014e-01
1.902248151600360870e-02 -1.226827800273895264e-01 7.769145816564559937e-02
-1.275649815797805786e-01 5.008476227521896362e-02 8.755901455879211426e-02
-1.798952966928482056e-01 1.739515811204910278e-01 1.110384240746498108e-01
-1.209035292267799377e-01 2.575888335704803467e-01 4.156663641333580017e-02
-1.427054684609174728e-02 2.858955264091491699e-01 1.673038005828857422e-01
1.103705959394574165e-03 2.604151666164398193e-01 -2.528300695121288300e-02
-4.803548753261566162e-02 8.471471071243286133e-02 -2.897764146327972412e-01
-2.643173001706600189e-02 -3.504229784011840820e-01 -3.563657104969024658e-01
4.763096570968627930e-02 -6.160609722137451172e-01 -1.289928108453750610e-01
3.287215530872344971e-02 -6.308124065399169922e-01 3.895517289638519287e-01
1.846223138272762299e-02 -4.800969362258911133e-01 6.074903607368469238e-01
-4.877465311437845230e-03 -1.362303039059042931e-03 5.027026534080505371e-01
8.113737404346466064e-02 4.470993578433990479e-01 1.436934322118759155e-01
1.507774293422698975e-01 4.706795811653137207e-01 -2.749992311000823975e-01
1.164452061057090759e-01 2.379994392395019531e-01 -3.721040785312652588e-01
5.791930016130208969e-03 -1.302437335252761841e-01 -3.257869780063629150e-01
-1.110509932041168213e-01 -2.553873360157012939e-01 -2.828467190265655518e-01
-4.976465180516242981e-02 -1.494570672512054443e-01 -2.275317609310150146e-01
4.574739560484886169e-02 4.291773214936256409e-02 -1.481799185276031494e-01
1.268054097890853882e-01 2.027726620435714722e-01 -2.185396477580070496e-02
1.224116012454032898e-01 2.932922840118408203e-01 7.660378515720367432e-02
8.355321735143661499e-02 3.212649822235107422e-01 1.225462704896926880e-01
3.675376623868942261e-02 2.278281152248382568e-01 6.280562281608581543e-02
-9.144176542758941650e-02 1.014031395316123962e-01 -5.754397809505462646e-02
-2.199819236993789673e-01 1.832170039415359497e-02 -1.723882704973220825e-01
-2.482702434062957764e-01 2.644854038953781128e-02 -1.579944789409637451e-01
-1.486203819513320923e-01 8.014056831598281860e-02 -7.473686337471008301e-02
-2.171858400106430054e-02 9.857875108718872070e-02 -8.913373202085494995e-02
1.152222454547882080e-01 4.417503252625465393e-02 -5.665254965424537659e-02
1.337832659482955933e-01 -5.383265018463134766e-02 -4.628411028534173965e-03
1.218672767281532288e-01 -1.603954583406448364e-01 7.078278809785842896e-02
5.707796663045883179e-02 -2.196354568004608154e-01 1.997635215520858765e-01
-2.207004278898239136e-02 -1.042070090770721436e-01 1.376916915178298950e-01
5.886911973357200623e-02 -2.507623843848705292e-02 1.148903965950012207e-01
1.129221841692924500e-01 -3.490959107875823975e-02 9.011249244213104248e-02
1.375724524259567261e-01 -3.353813663125038147e-02 4.699828475713729858e-02
-3.636040538549423218e-02 -3.965107351541519165e-02 -2.072543464601039886e-02
-2.562975585460662842e-01 5.040547251701354980e-02 -1.287411600351333618e-01
-2.600958645343780518e-01 1.192931532859802246e-01 -5.189761891961097717e-02
-1.252553910017013550e-01 -3.544287383556365967e-02 9.711600840091705322e-03
1.370859593152999878e-01 -5.100733041763305664e-02 1.004666015505790710e-01
2.591762244701385498e-01 -3.616878390312194824e-02 1.065874323248863220e-01
1.569606512784957886e-01 7.066041231155395508e-02 1.593936607241630554e-02
1.283077150583267212e-01 2.672238051891326904e-01 1.344722807407379150e-01
-1.171832978725433350e-01 1.090673357248306274e-01 4.986147582530975342e-02
-3.061175346374511719e-01 -1.541626900434494019e-01 -2.220343612134456635e-02
-3.062045276165008545e-01 -4.017052352428436279e-01 -4.204144701361656189e-02
-2.585836052894592285e-01 -4.227767884731292725e-01 -9.464333206415176392e-02
1.002467945218086243e-01 -6.742956489324569702e-02 5.644421279430389404e-02
1.506989151239395142e-01 2.264154851436614990e-01 -4.353702813386917114e-02
1.002621836960315704e-02 2.783437669277191162e-01 -8.277132362127304077e-02
-9.433252364397048950e-02 1.851386725902557373e-01 -5.586384981870651245e-02
-1.032106131315231323e-01 -1.129221729934215546e-02 -6.571473926305770874e-02
1.113995537161827087e-01 -1.264702714979648590e-02 4.904325306415557861e-02
2.007820606231689453e-01 2.566334418952465057e-02 -2.423135004937648773e-02
1.613791882991790771e-01 -3.773861750960350037e-02 -8.443593978881835938e-02
5.911172181367874146e-02 -4.133407771587371826e-02 -4.847847297787666321e-02
-5.902554374188184738e-03 -7.467029243707656860e-02 -1.851497334428131580e-03
7.837887853384017944e-02 -2.969800308346748352e-02 6.247522681951522827e-02
2.275664955377578735e-01 7.075099647045135498e-02 9.416906535625457764e-02
2.504364252090454102e-01 4.786207526922225952e-02 5.355470627546310425e-02
4.271205514669418335e-02 3.684658929705619812e-02 1.417038124054670334e-02
-2.557788789272308350e-01 -1.286873407661914825e-02 -2.776815928518772125e-02
-4.049862623214721680e-01 -2.413291856646537781e-02 -5.368039384484291077e-02
-3.544363677501678467e-01 2.868132479488849640e-02 -4.215142875909805298e-02
-1.660359501838684082e-01 -3.741310676559805870e-03 -3.211055696010589600e-02
2.979652956128120422e-02 -1.110833510756492615e-02 -1.648562215268611908e-02
2.206945568323135376e-01 -1.968614570796489716e-02 -1.099405530840158463e-02
3.650190830230712891e-01 -1.913278177380561829e-02 7.945057004690170288e-03
3.819867670536041260e-01 4.178539291024208069e-02 4.416758194565773010e-02
3.123738169670104980e-01 2.786132320761680603e-02 8.386778086423873901e-02
1.641565710306167603e-01 -1.842968910932540894e-02 7.116571813821792603e-02
-9.329783916473388672e-02 9.210340067511424422e-05 2.776933088898658752e-02
-2.041198760271072388e-01 3.474740311503410339e-03 -4.886750597506761551e-03
-3.005923628807067871e-01 8.341272175312042236e-02 -3.506775572896003723e-02
-3.118584156036376953e-01 1.360717266798019409e-01 -2.868206240236759186e-02
-9.772519767284393311e-02 4.196309298276901245e-02 -6.928382813930511475e-02
2.727054059505462646e-02 -5.485742804012261331e-05 -1.140037551522254944e-01
1.755612641572952271e-01 -8.032844960689544678e-02 -8.700624853372573853e-02
1.729399263858795166e-01 -7.526912540197372437e-02 -2.973961085081100464e-02
1.386636793613433838e-01 -7.323326170444488525e-02 2.540694735944271088e-02
1.853924691677093506e-01 -1.196237429976463318e-01 -2.808627858757972717e-02
2.017436474561691284e-01 -2.658394351601600647e-02 -6.801214814186096191e-02
2.101489901542663574e-01 1.055770739912986755e-01 -5.464968085289001465e-02
4.248404875397682190e-02 2.617160975933074951e-01 6.287487596273422241e-02
-9.536478668451309204e-03 2.224101126194000244e-01 1.284342557191848755e-01
-8.737958967685699463e-02 1.963142538443207741e-03 7.448625750839710236e-03
-9.139295667409896851e-02 -2.406998425722122192e-01 -7.256731390953063965e-02
-1.290814429521560669e-01 -3.019542694091796875e-01 -1.254332661628723145e-01
-2.306937277317047119e-01 -1.430059373378753662e-01 -5.630856007337570190e-02
-1.917625516653060913e-01 8.350588381290435791e-02 4.031055420637130737e-02
-1.153527572751045227e-01 2.493501305580139160e-01 4.914632532745599747e-03
1.531608775258064270e-02 1.622858941555023193e-01 4.706476256251335144e-02
1.225345358252525330e-01 -4.439388215541839600e-02 9.581699222326278687e-02
2.294998914003372192e-01 -1.404269784688949585e-01 1.075010597705841064e-01
2.538723647594451904e-01 -1.031870469450950623e-01 1.277093142271041870e-01
1.450033038854598999e-01 9.822306036949157715e-02 6.341514177620410919e-03
-1.662510633468627930e-01 1.746929734945297241e-01 -3.348867967724800110e-02
-4.493437111377716064e-01 6.856456398963928223e-02 1.339361420832574368e-03
-5.498980879783630371e-01 1.966737955808639526e-02 -6.205574423074722290e-02
-4.864204823970794678e-01 7.753598690032958984e-02 -9.996701776981353760e-02
-2.716149985790252686e-01 5.560200288891792297e-02 -4.426158592104911804e-02
3.619666025042533875e-02 -6.536535918712615967e-02 9.276589751243591309e-02
2.769137024879455566e-01 -3.131393790245056152e-01 2.849804162979125977e-01
3.091132044792175293e-01 -3.520760238170623779e-01 2.497026175260543823e-01
4.255549609661102295e-01 -6.901916861534118652e-02 -1.468856632709503174e-02
4.410597980022430420e-01 1.171434298157691956e-01 -2.169666737318038940e-01
3.625904619693756104e-01 1.981894969940185547e-01 -3.274281620979309082e-01
2.760301828384399414e-01 1.123028695583343506e-01 -2.528263330459594727e-01
2.629445865750312805e-02 -1.190868113189935684e-02 -1.085847690701484680e-01
-1.077481806278228760e-01 5.802831426262855530e-02 4.838865716010332108e-04
-1.321173012256622314e-01 1.056766808032989502e-01 6.588959693908691406e-02
-1.345876157283782959e-01 1.041364744305610657e-01 2.072400003671646118e-01
-2.221746593713760376e-01 1.256548464298248291e-01 2.566668689250946045e-01
-2.621752917766571045e-01 7.477841526269912720e-02 1.045351251959800720e-01
-1.926357299089431763e-01 -1.224350091069936752e-02 -3.161025419831275940e-02
-9.029739350080490112e-02 -2.055983543395996094e-01 -1.891247183084487915e-01
9.254773706197738647e-02 -3.026652038097381592e-01 -1.096447706222534180e-01
9.832222759723663330e-02 -2.593830823898315430e-01 6.710098683834075928e-02
7.305330038070678711e-02 -1.237945780158042908e-01 -2.375767566263675690e-02
1.000893563032150269e-01 2.242122739553451538e-01 3.758240491151809692e-02
3.082346171140670776e-02 2.900868654251098633e-01 7.167456299066543579e-02
-1.187507715076208115e-02 1.609166115522384644e-01 6.698703859001398087e-03
-3.889995440840721130e-02 4.578652232885360718e-02 -3.706056624650955200e-02
2.646082267165184021e-02 -1.524964869022369385e-01 -1.262963414192199707e-01
7.754594087600708008e-02 -2.153387814760208130e-01 -1.136042550206184387e-01
-5.304662883281707764e-02 -1.654995232820510864e-01 -2.275877445936203003e-02
-2.362270355224609375e-01 -1.622598320245742798e-01 -1.105143316090106964e-02
-3.251896798610687256e-01 6.363823264837265015e-02 -9.577272087335586548e-02
-6.590600311756134033e-02 1.618581712245941162e-01 1.099064052104949951e-01
3.027265071868896484e-01 -8.793264627456665039e-03 2.000885456800460815e-01
3.927208781242370605e-01 -1.347728669643402100e-01 1.737541109323501587e-01
3.400624394416809082e-01 -1.364253759384155273e-01 5.013411864638328552e-02
1.276198625564575195e-01 3.163175424560904503e-03 -1.797030270099639893e-01
1.091850642114877701e-02 1.235324665904045105e-01 -1.439199149608612061e-01
