-4.522922635078430176e-01 -7.232044637203216553e-02 -2.773780524730682373e-01
-4.459029436111450195e-01 -4.276297986507415771e-03 -4.157612025737762451e-01
-4.308749437332153320e-01 2.442282587289810181e-01 -1.979266703128814697e-01
-4.299818575382232666e-01 3.521624207496643066e-01 6.663437932729721069e-02
-3.594326972961425781e-01 4.388644099235534668e-01 1.679536700248718262e-01
-3.504594266414642334e-01 4.953797161579132080e-01 1.662878692150115967e-01
-3.631126284599304199e-01 5.004038214683532715e-01 1.611234545707702637e-01
-3.817305564880371094e-01 5.103945136070251465e-01 1.667589694261550903e-01
-3.927634358406066895e-01 5.115973353385925293e-01 1.603296399116516113e-01
-3.979009389877319336e-01 4.809235334396362305e-01 1.668695509433746338e-01
-3.711992502212524414e-01 4.268756210803985596e-01 1.816008388996124268e-01
-3.305966258049011230e-01 3.379411399364471436e-01 2.588014602661132812e-01
-3.990202844142913818e-01 1.896843314170837402e-01 2.832675278186798096e-01
-4.211464226245880127e-01 2.479826360940933228e-01 2.889757752418518066e-01
-3.382974565029144287e-01 1.677658259868621826e-01 3.366166949272155762e-01
-3.153954446315765381e-01 -1.480745896697044373e-02 9.732604771852493286e-02
-4.448605775833129883e-01 8.404587209224700928e-02 1.765403747558593750e-01
-4.592927992343902588e-01 -4.411531146615743637e-03 1.141554638743400574e-01
-4.760310947895050049e-01 -5.275735259056091309e-02 6.830661743879318237e-02
-5.957662463188171387e-01 -4.576771706342697144e-02 4.051372781395912170e-02
-5.589463710784912109e-01 -7.472965866327285767e-02 8.558494597673416138e-02
-4.021138548851013184e-01 -3.564347028732299805e-01 -3.444513678550720215e-01
-3.854750394821166992e-01 -3.101590275764465332e-01 -3.508663177490234375e-01
-3.554581999778747559e-01 -2.880627512931823730e-01 -3.611390590667724609e-01
-4.482587277889251709e-01 -2.936471998691558838e-01 -3.531059920787811279e-01
-2.914704084396362305e-01 -3.555193245410919189e-01 -4.158494770526885986e-01
-3.508120179176330566e-01 -3.579139411449432373e-01 -3.926862478256225586e-01
-5.104360580444335938e-01 -1.880589276552200317e-01 -1.550158858299255371e-01
-4.650380909442901611e-01 -8.548047393560409546e-03 1.003277823328971863e-01
-5.145039558410644531e-01 -3.513629734516143799e-02 9.177722781896591187e-02
-5.342051386833190918e-01 -7.648982107639312744e-02 7.277889549732208252e-02
-5.965420007705688477e-01 -2.352965809404850006e-02 8.277799934148788452e-02
-4.623166322708129883e-01 -2.418413013219833374e-01 -2.068390846252441406e-01
-3.857554197311401367e-01 -3.281433582305908203e-01 -3.690133094787597656e-01
-3.400556147098541260e-01 -2.903999090194702148e-01 -3.239764273166656494e-01
-4.513079226016998291e-01 -2.588936388492584229e-01 -3.227383792400360107e-01
-3.313983976840972900e-01 -3.478866517543792725e-01 -4.080801010131835938e-01
-3.652252852916717529e-01 -3.335432410240173340e-01 -4.221037328243255615e-01
-3.420675396919250488e-01 -4.816392064094543457e-01 -3.894225955009460449e-01
-3.026072084903717041e-01 -4.070009887218475342e-01 -3.917675912380218506e-01
-3.027785122394561768e-01 -3.829065859317779541e-01 -3.159591853618621826e-01
-3.280058205127716064e-01 -4.149104952812194824e-01 -4.508633911609649658e-01
-3.011018633842468262e-01 -2.804806530475616455e-01 -4.424220323562622070e-01
-3.112028539180755615e-01 -2.736800909042358398e-01 -3.952888846397399902e-01
-3.138265907764434814e-01 -3.031054139137268066e-01 -2.175351679325103760e-01
-3.591408729553222656e-01 -3.480266034603118896e-01 -4.301238656044006348e-01
-3.612868487834930420e-01 -2.371158748865127563e-01 -3.746798932552337646e-01
-3.320421576499938965e-01 -2.588178217411041260e-01 -2.156960368156433105e-01
-1.350938081741333008e-01 -2.677065730094909668e-01 -1.369967311620712280e-01
-3.388285934925079346e-01 1.641301810741424561e-01 -6.787568330764770508e-02
-2.358317971229553223e-01 1.177648231387138367e-01 1.723576337099075317e-01
-1.866813600063323975e-01 1.060310974717140198e-01 3.265025913715362549e-01
-1.300453245639801025e-01 1.046361401677131653e-01 3.805859386920928955e-01
-9.397493302822113037e-02 4.478513076901435852e-02 3.760841190814971924e-01
-1.132558807730674744e-01 1.013212092220783234e-02 3.798538744449615479e-01
-8.540410548448562622e-02 1.530240103602409363e-02 3.985949158668518066e-01
-1.009052991867065430e-01 -3.242770209908485413e-02 4.171280562877655029e-01
-1.468728184700012207e-01 -1.051129773259162903e-01 3.872208893299102783e-01
-9.828157722949981689e-02 -1.172807812690734863e-01 3.837956786155700684e-01
-5.292917415499687195e-02 -1.321054250001907349e-01 4.281565248966217041e-01
5.017076153308153152e-03 -1.489974558353424072e-01 4.138981103897094727e-01
5.223740637302398682e-02 -2.143891453742980957e-01 3.844510912895202637e-01
1.508130133152008057e-01 -2.048231959342956543e-01 3.292225003242492676e-01
1.658136397600173950e-01 -1.129069030284881592e-01 3.321699500083923340e-01
2.456989586353302002e-01 2.049478143453598022e-02 1.761434525251388550e-01
5.530725121498107910e-01 -3.460496962070465088e-01 9.645393490791320801e-02
4.875288903713226318e-01 -3.736931681632995605e-01 2.201692312955856323e-01
3.471491932868957520e-01 -4.044493734836578369e-01 2.492473870515823364e-01
3.741398155689239502e-01 -4.570690989494323730e-01 1.860239803791046143e-01
3.690993487834930420e-01 -4.535400569438934326e-01 2.195972055196762085e-01
3.338223099708557129e-01 -3.926928043365478516e-01 2.510844469070434570e-01
2.700908482074737549e-01 -3.062608242034912109e-01 2.912534475326538086e-01
2.729797065258026123e-01 -3.785999119281768799e-01 2.467485517263412476e-01
4.410344064235687256e-01 -3.222039043903350830e-01 2.495638281106948853e-01
4.434420466423034668e-01 -3.114085495471954346e-01 1.950761526823043823e-01
3.845089673995971680e-01 -3.716580569744110107e-01 1.359546929597854614e-01
3.684974610805511475e-01 -3.857030272483825684e-01 1.495880484580993652e-01
3.669379651546478271e-01 -3.497821688652038574e-01 1.686915606260299683e-01
2.214734703302383423e-01 -3.577468991279602051e-01 1.237893551588058472e-01
1.008550897240638733e-01 -3.358390927314758301e-01 -1.536633223295211792e-01
-8.899129927158355713e-03 -4.086061716079711914e-01 -2.321724295616149902e-01
-9.485800564289093018e-02 -2.199810594320297241e-01 -2.007962018251419067e-01
-2.581122219562530518e-01 -1.867920011281967163e-01 -1.869836300611495972e-01
-2.800517678260803223e-01 -2.857756316661834717e-01 -3.469642698764801025e-01
-4.540911912918090820e-01 -1.197452321648597717e-01 -3.507902622222900391e-01
-4.446609616279602051e-01 -8.867216110229492188e-02 -3.448193073272705078e-01
-4.393357932567596436e-01 -1.629680395126342773e-01 -4.055446088314056396e-01
-5.043086409568786621e-01 -9.192790091037750244e-02 -4.160235822200775146e-01
-4.867061674594879150e-01 -2.216588407754898071e-01 -4.169125258922576904e-01
-4.726969897747039795e-01 -2.702856659889221191e-01 -4.540612697601318359e-01
-5.355843305587768555e-01 -2.365960180759429932e-01 -4.382479190826416016e-01
-5.078219175338745117e-01 -3.667586743831634521e-01 -4.980888664722442627e-01
-5.059915781021118164e-01 -3.234663009643554688e-01 -4.706598520278930664e-01
-5.064902305603027344e-01 -2.814604341983795166e-01 -4.589008092880249023e-01
-5.105830430984497070e-01 -4.302882552146911621e-01 -5.320666432380676270e-01
-4.779431223869323730e-01 -4.086946547031402588e-01 -4.695653021335601807e-01
-5.167814493179321289e-01 -4.048309624195098877e-01 -4.492954313755035400e-01
-5.548292994499206543e-01 -3.259735107421875000e-01 -4.368102550506591797e-01
-4.820118546485900879e-01 -4.475727677345275879e-01 -5.553071498870849609e-01
-5.159654021263122559e-01 -4.165288805961608887e-01 -6.059471368789672852e-01
-5.125988721847534180e-01 -2.967046499252319336e-01 -6.071481704711914062e-01
-5.264906287193298340e-01 -3.312072157859802246e-01 -6.098513007164001465e-01
-4.668730199337005615e-01 -3.949486315250396729e-01 -5.680625438690185547e-01
-4.323157966136932373e-01 -4.787570834159851074e-01 -6.223196387290954590e-01
-4.999363422393798828e-01 -3.720859587192535400e-01 -5.834428668022155762e-01
-5.603113174438476562e-01 -3.974028229713439941e-01 -5.727201104164123535e-01
-5.053359866142272949e-01 -4.483264982700347900e-01 -6.208191514015197754e-01
-4.061208069324493408e-01 -4.083044528961181641e-01 -5.985751748085021973e-01
-3.944807648658752441e-01 -3.814438879489898682e-01 -5.697593092918395996e-01
-4.201500415802001953e-01 -3.301934301853179932e-01 -6.057603955268859863e-01
-4.262365996837615967e-01 -3.284752368927001953e-01 -6.099975705146789551e-01
-4.420004189014434814e-01 -4.013381004333496094e-01 -6.385506391525268555e-01
-3.868865966796875000e-01 -2.937860786914825439e-01 -5.512039661407470703e-01
-3.235733211040496826e-01 -2.648690640926361084e-01 -5.057384967803955078e-01
