1.637629419565200806e-01 7.903866469860076904e-02 -2.204091995954513550e-01
3.857640624046325684e-01 1.345138400793075562e-01 -2.894550859928131104e-01
5.329795479774475098e-01 1.467166543006896973e-01 -1.888713389635086060e-01
4.125799834728240967e-01 9.497878700494766235e-02 -9.148191660642623901e-03
5.892794206738471985e-02 3.304985165596008301e-02 1.588393002748489380e-01
-2.079735547304153442e-01 -7.880399376153945923e-02 1.836462616920471191e-01
-2.209128737449645996e-01 -1.332244277000427246e-01 8.218455314636230469e-02
-2.491656923666596413e-03 -1.165745630860328674e-01 9.987998008728027344e-02
8.689484000205993652e-02 -1.027458459138870239e-01 1.407550871372222900e-01
-1.915813074447214603e-03 -1.810474097728729248e-01 1.229441016912460327e-01
-1.259348988533020020e-01 -3.474420309066772461e-01 3.933911025524139404e-02
-1.037222221493721008e-01 -4.575419127941131592e-01 -5.938461516052484512e-03
-3.043720871210098267e-02 -3.494323492050170898e-01 9.199244901537895203e-03
6.207022443413734436e-02 8.720639348030090332e-02 1.017664596438407898e-01
2.898087725043296814e-02 4.215776920318603516e-01 8.931944519281387329e-02
-8.581413328647613525e-02 4.916479587554931641e-01 -4.553144425153732300e-02
-1.110978201031684875e-01 2.548751235008239746e-01 -1.209505274891853333e-01
3.984492272138595581e-02 -1.326218545436859131e-01 -8.602587133646011353e-02
1.981398463249206543e-01 -2.983674407005310059e-01 7.179123163223266602e-02
2.854603528976440430e-01 -2.859006524085998535e-01 1.631083488464355469e-01
2.833808362483978271e-01 -5.764957144856452942e-02 -1.704972935840487480e-03
5.524374172091484070e-02 2.819953560829162598e-01 -1.319436281919479370e-01
1.611352339386940002e-02 3.692051470279693604e-01 -1.815836727619171143e-01
-4.466608911752700806e-02 3.443801105022430420e-01 -2.059635818004608154e-01
-2.064495682716369629e-01 2.121340930461883545e-01 -1.586264818906784058e-01
-3.013320863246917725e-01 4.767340049147605896e-02 -2.388289719820022583e-01
-3.756944239139556885e-01 1.000421568751335144e-01 -1.122412979602813721e-01
-2.733938992023468018e-01 -4.525114316493272781e-03 6.916264444589614868e-02
7.087671756744384766e-02 -2.098069041967391968e-01 2.319441735744476318e-01
2.571489512920379639e-01 -3.395992219448089600e-01 3.353537917137145996e-01
3.199365437030792236e-01 -4.054628908634185791e-01 2.373737841844558716e-01
3.478821516036987305e-01 -2.351721376180648804e-01 9.273393452167510986e-02
1.583035141229629517e-01 1.105813756585121155e-01 -9.998582303524017334e-02
5.987958610057830811e-02 3.294156491756439209e-01 -1.899562031030654907e-01
9.004236757755279541e-02 3.511226475238800049e-01 -1.398608535528182983e-01
2.002354711294174194e-02 1.661118566989898682e-01 -1.429090835154056549e-02
-1.261190026998519897e-01 -5.971600860357284546e-02 -5.786167830228805542e-02
-2.447360306978225708e-01 -1.014844030141830444e-01 -2.513484470546245575e-02
-2.958811521530151367e-01 -8.239751309156417847e-02 -9.957482106983661652e-03
-1.612336784601211548e-01 -2.189474925398826599e-02 2.378244698047637939e-02
-1.182677075266838074e-01 4.305246472358703613e-02 7.455545663833618164e-02
-9.127126634120941162e-02 1.268928945064544678e-01 -7.257965393364429474e-03
1.316969934850931168e-02 1.662803888320922852e-01 -4.810026288032531738e-02
2.157562077045440674e-01 2.328615933656692505e-01 -7.178130000829696655e-02
3.124217092990875244e-01 2.699548602104187012e-01 1.195592153817415237e-02
2.725156210362911224e-02 2.962915599346160889e-01 -1.419534981250762939e-01
-2.308997958898544312e-01 1.962614357471466064e-01 -3.133409619331359863e-01
-4.895439743995666504e-01 -8.880716562271118164e-02 -3.557999134063720703e-01
-4.797900915145874023e-01 -1.659159511327743530e-01 -2.697906196117401123e-01
-1.803633123636245728e-01 -1.696063429117202759e-01 1.516640782356262207e-01
9.506645053625106812e-02 -9.155847877264022827e-02 3.594303429126739502e-01
4.455336630344390869e-01 -1.341070234775543213e-01 3.485876023769378662e-01
5.298458337783813477e-01 -2.356600314378738403e-01 2.404722124338150024e-01
4.329341948032379150e-01 -2.528498768806457520e-01 5.728505551815032959e-02
3.635375201702117920e-01 -1.428622454404830933e-01 1.262190844863653183e-02
1.063534319400787354e-01 -1.813404820859432220e-02 -2.793216519057750702e-02
-1.296959966421127319e-01 3.370153158903121948e-02 -1.044709701091051102e-02
-1.532606333494186401e-01 -6.090935692191123962e-02 6.212505698204040527e-02
-1.332293748855590820e-01 -8.447556197643280029e-02 1.042548492550849915e-01
-9.399024397134780884e-02 -2.850716933608055115e-03 1.272343546152114868e-01
-5.502116307616233826e-02 6.379443407058715820e-02 1.543044000864028931e-01
-4.901902750134468079e-03 1.195618510246276855e-01 2.637909948825836182e-01
7.675538957118988037e-02 5.395197868347167969e-02 2.508048713207244873e-01
1.696407794952392578e-01 -6.329235434532165527e-02 5.101725086569786072e-02
1.144287735223770142e-01 -6.811601668596267700e-02 -2.742967903614044189e-01
-4.929121956229209900e-02 -1.346052438020706177e-02 -4.989515841007232666e-01
-9.004341810941696167e-02 -4.861228540539741516e-02 -4.139302074909210205e-01
-1.985592991113662720e-01 4.773406311869621277e-03 -1.709318906068801880e-01
-2.384776771068572998e-01 2.867853268980979919e-02 3.217471018433570862e-02
-1.630324125289916992e-01 8.451873064041137695e-02 1.487570106983184814e-01
-9.544985741376876831e-02 1.665125936269760132e-01 1.832180768251419067e-01
1.435933113098144531e-01 1.060006991028785706e-01 2.109110802412033081e-01
1.480914503335952759e-01 1.028716638684272766e-01 2.021259814500808716e-01
3.426613658666610718e-02 7.497391104698181152e-02 3.912014514207839966e-02
-9.258703887462615967e-02 2.604822255671024323e-02 -1.457907855510711670e-01
-2.085072547197341919e-01 4.117292538285255432e-02 -1.449319571256637573e-01
-1.111806631088256836e-01 -1.775712706148624420e-03 -4.935471713542938232e-02
-7.858741283416748047e-02 2.473223488777875900e-03 1.182348951697349548e-01
-1.573840379714965820e-01 3.624565526843070984e-02 1.207266151905059814e-01
-1.856401711702346802e-01 -5.819685757160186768e-02 -3.677923977375030518e-02
-1.373474448919296265e-01 -8.420148491859436035e-02 -1.617365032434463501e-01
1.281130760908126831e-01 -1.121890321373939514e-01 -1.643239557743072510e-01
4.346195161342620850e-01 3.478145971894264221e-02 -4.656323697417974472e-03
3.910776376724243164e-01 2.215522974729537964e-01 6.099318712949752808e-02
2.722124159336090088e-01 1.368818283081054688e-01 8.149234950542449951e-02
6.706479191780090332e-02 -6.762074679136276245e-02 2.267397567629814148e-02
-7.924186438322067261e-02 -2.622258365154266357e-01 -5.491587147116661072e-02
1.014475524425506592e-01 -1.470365226268768311e-01 4.072730243206024170e-02
1.125934422016143799e-01 7.946078479290008545e-02 6.173364818096160889e-02
5.764153227210044861e-02 1.391382366418838501e-01 -1.329120621085166931e-02
-2.719130553305149078e-02 2.488459087908267975e-02 -4.686069488525390625e-02
-2.218207120895385742e-01 -9.945127367973327637e-02 -8.150310814380645752e-02
-2.239206880331039429e-01 -1.376689821481704712e-01 -1.626446098089218140e-02
-2.204837352037429810e-01 -1.231816262006759644e-01 9.221555292606353760e-02
-7.664087414741516113e-02 1.286854408681392670e-02 6.210073828697204590e-02
2.065982967615127563e-01 2.042229101061820984e-02 5.205743014812469482e-02
3.180178105831146240e-01 9.979482740163803101e-02 5.274679139256477356e-02
2.809844613075256348e-01 1.628920435905456543e-01 5.350169539451599121e-02
-7.019601762294769287e-02 8.154777437448501587e-02 -5.949379131197929382e-02
-1.986613124608993530e-01 4.771021008491516113e-02 -1.496381610631942749e-01
-1.499124914407730103e-01 -5.475953966379165649e-02 -1.046239659190177917e-01
-9.784004092216491699e-02 -1.629727929830551147e-01 -6.219032034277915955e-02
2.633381821215152740e-02 -1.559516489505767822e-01 -3.835610672831535339e-02
-1.174155548214912415e-01 -2.285423725843429565e-01 -1.199946403503417969e-01
-1.722662299871444702e-01 -2.905359864234924316e-01 -8.931263536214828491e-02
-1.923817247152328491e-01 -1.068295985460281372e-01 2.060242891311645508e-01
-1.934102028608322144e-01 6.506168097257614136e-02 3.091531097888946533e-01
1.292595267295837402e-01 2.390387654304504395e-01 1.801022887229919434e-01
3.328897655010223389e-01 2.674193382263183594e-01 -3.144798427820205688e-02
3.351905643939971924e-01 9.903707355260848999e-02 -1.496034264564514160e-01
1.414232999086380005e-01 4.393805190920829773e-02 -4.485685750842094421e-02
-1.983825862407684326e-01 -3.666222468018531799e-02 1.316630654036998749e-02
-2.451179325580596924e-01 -6.931398808956146240e-02 -1.739452034235000610e-02
-1.564638763666152954e-01 -3.087843209505081177e-02 -3.913021832704544067e-02
