-5.410775169730186462e-02 -1.030079796910285950e-01 -1.021927781403064728e-02
4.101498052477836609e-02 1.143450010567903519e-02 2.033003605902194977e-02
1.703375279903411865e-01 2.910238802433013916e-01 3.499487414956092834e-02
2.401255220174789429e-01 4.239116609096527100e-01 5.368187651038169861e-02
2.893916070461273193e-01 3.589083254337310791e-01 3.616658225655555725e-02
1.461695432662963867e-01 4.429743438959121704e-02 -1.969183981418609619e-01
6.456123292446136475e-02 -2.905558943748474121e-01 -3.664631843566894531e-01
2.385006286203861237e-02 -2.645637392997741699e-01 -4.686807096004486084e-01
-1.031569093465805054e-01 -1.635136604309082031e-01 -3.617649972438812256e-01
-8.044882118701934814e-02 1.412424631416797638e-02 3.149741142988204956e-02
-1.127765104174613953e-01 1.330433636903762817e-01 2.547298669815063477e-01
-4.646969214081764221e-02 1.340243220329284668e-01 2.886943519115447998e-01
1.950615458190441132e-02 2.154703289270401001e-01 1.718948036432266235e-01
-2.547668665647506714e-02 2.221031934022903442e-01 5.476444587111473083e-02
-2.602256648242473602e-02 1.689609736204147339e-01 5.721589550375938416e-02
-6.327984482049942017e-02 7.891982793807983398e-02 1.015678718686103821e-01
2.230879291892051697e-02 -5.797161534428596497e-02 1.272988170385360718e-01
3.282465413212776184e-02 -1.216609254479408264e-01 1.605426073074340820e-01
-4.664590954780578613e-02 -1.612375378608703613e-01 1.349859684705734253e-01
-9.195763617753982544e-02 -1.946541368961334229e-01 7.490000128746032715e-02
-6.189941614866256714e-02 -2.101628333330154419e-01 -3.891626000404357910e-02
1.226863116025924683e-01 -1.896784156560897827e-01 -1.504006087779998779e-01
2.035547494888305664e-01 -9.270124882459640503e-02 -1.598928272724151611e-01
1.939127147197723389e-01 7.723427843302488327e-03 -1.235925555229187012e-01
1.301645934581756592e-01 6.551149487495422363e-02 -1.450385339558124542e-02
7.216192036867141724e-02 5.214152485132217407e-02 7.520423084497451782e-02
5.250413715839385986e-02 3.524236008524894714e-02 8.191792666912078857e-02
-5.702873319387435913e-02 2.211973629891872406e-02 1.960903033614158630e-02
-1.210124567151069641e-01 -9.503240697085857391e-03 -7.039018720388412476e-02
-1.316123157739639282e-01 -2.293960005044937134e-02 -8.970859646797180176e-02
-3.099479340016841888e-02 -3.621320798993110657e-02 -1.687422953546047211e-02
3.095351345837116241e-02 -2.555037848651409149e-02 7.363779842853546143e-02
-4.264891892671585083e-02 3.278198093175888062e-02 1.100522056221961975e-01
-1.161328703165054321e-01 8.216949552297592163e-02 1.052184700965881348e-01
-1.304466724395751953e-01 7.123883068561553955e-02 8.087891340255737305e-02
-1.240955851972103119e-02 2.173567935824394226e-02 5.548408254981040955e-02
8.343192934989929199e-02 -7.842027395963668823e-02 -1.124960929155349731e-02
4.169990122318267822e-02 -8.472137898206710815e-02 -8.469671010971069336e-02
-1.346853375434875488e-02 -1.817419938743114471e-02 -1.111713573336601257e-01
9.139100438915193081e-04 -2.291415818035602570e-03 -3.975737094879150391e-02
8.967066556215286255e-02 -3.219226002693176270e-02 6.438151746988296509e-02
1.331103295087814331e-01 -1.120550259947776794e-01 7.548844814300537109e-02
5.661719013005495071e-03 -9.737024456262588501e-02 3.763469681143760681e-02
-1.457100659608840942e-01 1.267159590497612953e-03 -3.792943432927131653e-02
-2.736090123653411865e-01 1.355835795402526855e-01 -3.156098537147045135e-03
-2.790755331516265869e-01 2.532810866832733154e-01 3.904064372181892395e-02
-2.515259683132171631e-01 2.581132650375366211e-01 -2.980811893939971924e-02
-1.368426531553268433e-01 1.968073099851608276e-01 -1.442737281322479248e-01
6.800442188978195190e-02 2.040966600179672241e-02 -2.496128976345062256e-01
1.547814309597015381e-01 -1.183907911181449890e-01 -1.226651892066001892e-01
2.871087789535522461e-01 -2.093883752822875977e-01 1.840683221817016602e-01
3.509142398834228516e-01 -2.881008982658386230e-01 4.099795520305633545e-01
4.109643399715423584e-01 -2.877994179725646973e-01 5.142214298248291016e-01
4.368726611137390137e-01 -2.718723714351654053e-01 4.269146323204040527e-01
2.202070206403732300e-01 -8.433877676725387573e-02 8.118426799774169922e-02
-2.069402486085891724e-01 2.020993679761886597e-01 -3.186155557632446289e-01
-3.959282934665679932e-01 2.957969903945922852e-01 -5.191994309425354004e-01
-4.269610643386840820e-01 3.343121111392974854e-01 -4.766349494457244873e-01
-2.894603013992309570e-01 2.988398969173431396e-01 -2.770951986312866211e-01
-3.110707923769950867e-02 2.136802673339843750e-01 -9.708150476217269897e-02
8.141776919364929199e-02 9.617989510297775269e-02 4.025234654545783997e-02
2.315440624952316284e-01 -1.314835250377655029e-01 5.989925563335418701e-02
2.721327543258666992e-01 -2.946923077106475830e-01 8.258937299251556396e-02
2.178104370832443237e-01 -3.227011263370513916e-01 1.260364353656768799e-01
5.290157720446586609e-02 -2.431409657001495361e-01 1.365291178226470947e-01
-1.832042634487152100e-01 -5.579681694507598877e-02 7.525458931922912598e-02
-2.355251908302307129e-01 7.004055660218000412e-03 2.980354242026805878e-02
-6.641735881567001343e-02 -1.101410686969757080e-01 -3.960897773504257202e-02
-2.512135729193687439e-02 -1.668840497732162476e-01 -2.138182669878005981e-01
-1.862373054027557373e-01 -1.141412109136581421e-01 -3.283062875270843506e-01
-3.669406175613403320e-01 5.471043288707733154e-02 -3.177075684070587158e-01
-4.418733119964599609e-01 2.010897248983383179e-01 -1.444942802190780640e-01
-1.878790408372879028e-01 2.310838550329208374e-01 1.243218854069709778e-01
1.799880117177963257e-01 2.102776318788528442e-01 2.694442868232727051e-01
3.609806001186370850e-01 7.599627226591110229e-02 2.120790034532546997e-01
3.463091850280761719e-01 -1.460490655153989792e-02 5.542443692684173584e-02
2.369461506605148315e-01 -1.050933264195919037e-02 -9.524588286876678467e-02
2.002085596323013306e-01 2.616565115749835968e-02 5.717253778129816055e-03
1.408990174531936646e-01 2.985626459121704102e-02 1.931092441082000732e-01
2.569528482854366302e-02 -3.580479184165596962e-03 2.752007544040679932e-01
-1.070389077067375183e-01 -4.894014075398445129e-02 1.290318816900253296e-01
-6.841633468866348267e-02 -3.286070004105567932e-02 -1.108887046575546265e-01
7.643399387598037720e-02 7.845060899853706360e-04 -1.413570046424865723e-01
1.741469353437423706e-01 5.693274736404418945e-02 -1.458015199750661850e-02
9.128732979297637939e-02 1.156219393014907837e-01 6.810434162616729736e-02
-9.292849898338317871e-02 1.277572512626647949e-01 -3.947617113590240479e-02
-1.372054368257522583e-01 4.524805396795272827e-02 -1.252011954784393311e-01
-4.002387821674346924e-02 -9.075239300727844238e-02 -7.052069902420043945e-02
1.352700144052505493e-01 -1.545268446207046509e-01 3.177494406700134277e-01
2.650841772556304932e-01 -1.244484558701515198e-01 5.351610779762268066e-01
3.920198976993560791e-01 -2.204284258186817169e-02 4.656476676464080811e-01
4.822280406951904297e-01 -1.267897337675094604e-02 1.455868482589721680e-01
2.859885394573211670e-01 -6.328094005584716797e-02 -3.813398480415344238e-01
-2.086377590894699097e-01 -3.362118825316429138e-02 -4.786284565925598145e-01
-5.695639252662658691e-01 5.892968177795410156e-02 -2.936316430568695068e-01
-6.337962150573730469e-01 1.332304626703262329e-01 -1.138473823666572571e-01
-4.506111145019531250e-01 1.040945276618003845e-01 9.929554536938667297e-03
-1.736814528703689575e-02 -2.017333172261714935e-02 -5.799797922372817993e-02
2.737841904163360596e-01 -1.120506972074508667e-01 -6.546213477849960327e-02
3.607304394245147705e-01 -1.231013089418411255e-01 -2.150510437786579132e-02
2.547199130058288574e-01 -8.471871167421340942e-02 3.295977134257555008e-03
1.096960455179214478e-01 -2.941787242889404297e-02 -1.901000179350376129e-02
-6.469782441854476929e-02 3.549355268478393555e-02 -4.635995626449584961e-02
-2.055774033069610596e-01 9.188777208328247070e-02 -8.900474756956100464e-02
-1.817706078290939331e-01 7.793144881725311279e-02 -1.227720007300376892e-01
-2.439271658658981323e-01 5.277444794774055481e-02 -8.526007831096649170e-02
-3.145038187503814697e-01 4.772988706827163696e-02 4.426072165369987488e-02
-3.196052312850952148e-01 7.229521125555038452e-02 2.664363384246826172e-01
-2.375909537076950073e-01 1.450591981410980225e-01 3.667768239974975586e-01
-9.169227629899978638e-02 1.296707093715667725e-01 2.755238413810729980e-01
1.199095249176025391e-01 3.026015870273113251e-02 -1.780543848872184753e-02
2.113209068775177002e-01 -1.190428435802459717e-01 -2.348320335149765015e-01
1.970632672309875488e-01 -1.953566372394561768e-01 -2.859384715557098389e-01
3.151597380638122559e-01 -1.833276301622390747e-01 -1.271172165870666504e-01
3.004535436630249023e-01 -1.171757280826568604e-01 -1.452896464616060257e-02
2.498852163553237915e-01 1.336114853620529175e-02 -9.144917130470275879e-02
1.271225064992904663e-01 2.396218664944171906e-02 -4.348452389240264893e-02
-5.942169576883316040e-02 1.276882439851760864e-01 -3.692681342363357544e-02
-4.339720681309700012e-02 1.461493223905563354e-01 1.296028792858123779e-01
2.334338985383510590e-02 1.375206280499696732e-02 3.114620447158813477e-01
2.656094431877136230e-01 -7.576599717140197754e-02 1.561092436313629150e-01
3.263658881187438965e-01 -1.945618391036987305e-01 -8.878987282514572144e-02
9.392600506544113159e-02 -6.534069776535034180e-02 -2.886217534542083740e-01
-2.213074713945388794e-01 1.312978416681289673e-01 -1.990101188421249390e-01
-4.667174518108367920e-01 1.482139378786087036e-01 9.770053625106811523e-02
-3.494044840335845947e-01 1.366306692361831665e-01 2.519206702709197998e-01
-8.495446294546127319e-02 4.863705486059188843e-02 1.649830937385559082e-01
3.010570071637630463e-02 -1.508529763668775558e-02 -1.540914028882980347e-01
1.188507378101348877e-01 -6.523516029119491577e-02 -2.415312677621841431e-01
1.031423639506101608e-02 -1.050159633159637451e-01 -1.360371708869934082e-01
-5.838112905621528625e-02 -1.490235328674316406e-01 -2.454311028122901917e-02
-1.108017042279243469e-01 -1.472261846065521240e-01 3.091886080801486969e-02
-4.239367693662643433e-02 -1.346108317375183105e-01 -1.121094226837158203e-01
2.042748779058456421e-01 -6.310497224330902100e-02 -6.414508074522018433e-02
3.459577858448028564e-01 4.900417476892471313e-02 8.034978061914443970e-02
3.256730437278747559e-01 1.020279675722122192e-01 1.973726451396942139e-01
1.161773595958948135e-02 1.638105213642120361e-01 2.855265736579895020e-01
-2.706383168697357178e-01 1.497515141963958740e-01 9.193508327007293701e-02
-3.288635909557342529e-01 1.882886141538619995e-01 -1.116130873560905457e-02
-2.376515865325927734e-01 1.774425357580184937e-01 -5.410478636622428894e-02
-7.540968060493469238e-02 1.160115450620651245e-01 -5.200538784265518188e-02
