8.601281777828478914e-02
0.000000000000000000e+00
0.000000000000000000e+00
0.000000000000000000e+00
1.501052963712061483e-02
3.826846273665017450e-02
5.801226339166787316e-02
5.681564882581261605e-02
2.891918141264943412e-02
0.000000000000000000e+00
0.000000000000000000e+00
0.000000000000000000e+00
0.000000000000000000e+00
1.340939203525757205e-02
1.288805135040499775e-02
6.459526314509510606e-03
0.000000000000000000e+00
0.000000000000000000e+00
0.000000000000000000e+00
0.000000000000000000e+00
0.000000000000000000e+00
9.739311278666220586e-04
3.759865001673323845e-04
0.000000000000000000e+00
0.000000000000000000e+00
0.000000000000000000e+00
0.000000000000000000e+00
0.000000000000000000e+00
0.000000000000000000e+00
2.428096544794928167e-03
2.425917331477150073e-03
2.927057627819311999e-03
2.342975947490936583e-03
0.000000000000000000e+00
6.593301787470183441e-04
0.000000000000000000e+00
0.000000000000000000e+00
0.000000000000000000e+00
0.000000000000000000e+00
0.000000000000000000e+00
0.000000000000000000e+00
0.000000000000000000e+00
0.000000000000000000e+00
0.000000000000000000e+00
0.000000000000000000e+00
0.000000000000000000e+00
0.000000000000000000e+00
0.000000000000000000e+00
4.657326746551686616e-03
0.000000000000000000e+00
0.000000000000000000e+00
6.742958605678962348e-04
1.490918637200070243e-02
2.565089639347087683e-02
1.023990020778339609e-02
0.000000000000000000e+00
0.000000000000000000e+00
0.000000000000000000e+00
7.191715733700265040e-03
1.285355479741832722e-02
1.011731617671070456e-02
7.834422847003702159e-03
6.168378164138148788e-03
8.622743418866034293e-03
1.431746759921680677e-02
1.540169186376595493e-02
6.953994411039870344e-03
0.000000000000000000e+00
0.000000000000000000e+00
0.000000000000000000e+00
0.000000000000000000e+00
1.121111060095056518e-02
1.586411502229213843e-02
1.461066696694300962e-02
1.212078447347269064e-02
5.606925513668309727e-03
0.000000000000000000e+00
0.000000000000000000e+00
0.000000000000000000e+00
0.000000000000000000e+00
0.000000000000000000e+00
6.152785630293636752e-03
4.743500849089116178e-03
0.000000000000000000e+00
0.000000000000000000e+00
0.000000000000000000e+00
3.867873902709480054e-03
1.596162169047156409e-02
1.845016514925264597e-02
0.000000000000000000e+00
0.000000000000000000e+00
2.096049581828984126e-02
6.813049851375353738e-02
1.074124595405581556e-01
3.602368266636989114e-02
0.000000000000000000e+00
0.000000000000000000e+00
0.000000000000000000e+00
0.000000000000000000e+00
0.000000000000000000e+00
0.000000000000000000e+00
0.000000000000000000e+00
0.000000000000000000e+00
0.000000000000000000e+00
0.000000000000000000e+00
0.000000000000000000e+00
0.000000000000000000e+00
0.000000000000000000e+00
0.000000000000000000e+00
0.000000000000000000e+00
0.000000000000000000e+00
0.000000000000000000e+00
0.000000000000000000e+00
2.253092784503272772e-01
3.696490655917281098e-01
3.189852112479832913e-01
1.599446742373106245e-01
0.000000000000000000e+00
0.000000000000000000e+00
0.000000000000000000e+00
0.000000000000000000e+00
0.000000000000000000e+00
0.000000000000000000e+00
0.000000000000000000e+00
0.000000000000000000e+00
0.000000000000000000e+00
0.000000000000000000e+00
0.000000000000000000e+00
0.000000000000000000e+00
0.000000000000000000e+00
0.000000000000000000e+00
0.000000000000000000e+00
0.000000000000000000e+00
0.000000000000000000e+00
0.000000000000000000e+00
0.000000000000000000e+00
1.720685831250581832e-03
1.720685831250581832e-03
4.301714578126454580e-04
0.000000000000000000e+00
0.000000000000000000e+00
