-6.485894322395324707e-02 -7.179341465234756470e-02 2.061014622449874878e-01
-1.264146119356155396e-01 -1.484438776969909668e-01 2.590222358703613281e-01
-7.966429740190505981e-02 -2.485994249582290649e-01 2.269056141376495361e-01
-2.879370935261249542e-02 -8.143472671508789062e-02 1.254398375749588013e-01
1.674838066101074219e-01 2.533715665340423584e-01 1.129261590540409088e-02
1.789027899503707886e-01 3.474104106426239014e-01 6.190815567970275879e-02
1.268290579319000244e-01 4.867787957191467285e-01 3.663035458885133266e-04
1.000828295946121216e-01 3.889764547348022461e-01 -1.243521794676780701e-01
-2.210198156535625458e-02 2.480776011943817139e-01 -2.968934178352355957e-01
7.457688450813293457e-02 1.799576282501220703e-01 -3.887812197208404541e-01
1.298964023590087891e-01 -1.325197517871856689e-01 -2.959005832672119141e-01
2.325010150671005249e-01 -1.868473887443542480e-01 -2.031954824924468994e-01
2.947191894054412842e-01 -1.219452470541000366e-01 -9.562722593545913696e-02
2.788798809051513672e-01 -1.122801229357719421e-01 -1.964900344610214233e-01
2.788507640361785889e-01 -1.020621731877326965e-01 -2.225838303565979004e-01
2.652959525585174561e-01 -6.218174472451210022e-02 -1.678172200918197632e-01
2.579533159732818604e-01 1.647175848484039307e-02 -1.068323627114295959e-01
2.259406447410583496e-01 1.114739030599594116e-01 -2.520378492772579193e-02
1.512964963912963867e-01 1.305556148290634155e-01 -2.005560323596000671e-02
1.130875647068023682e-01 1.851671785116195679e-01 1.372955441474914551e-01
5.731981620192527771e-02 1.299623101949691772e-01 2.034320384263992310e-01
-3.835322707891464233e-02 3.419338911771774292e-02 1.783315688371658325e-01
-9.369377046823501587e-02 -9.069555252790451050e-02 1.888012140989303589e-02
-1.195873320102691650e-01 -1.649840772151947021e-01 -1.912419050931930542e-01
-8.219093084335327148e-02 -9.578885138034820557e-02 -1.824676394462585449e-01
-4.917551949620246887e-02 -7.888630777597427368e-02 -2.106170356273651123e-01
-3.416039049625396729e-02 -5.801239982247352600e-02 -1.897832900285720825e-01
-5.594008043408393860e-02 -6.311750411987304688e-02 -1.846828609704971313e-01
-3.476972877979278564e-02 -6.502152979373931885e-02 -1.794534325599670410e-01
1.188758108764886856e-02 -2.891650609672069550e-02 -8.862467110157012939e-02
4.602891393005847931e-03 -6.009786203503608704e-02 -8.931691944599151611e-02
-1.701276935636997223e-02 -6.939134746789932251e-02 -7.991638779640197754e-02
-5.568982660770416260e-02 -5.373492836952209473e-02 -1.100043356418609619e-01
-5.939755588769912720e-02 1.324781961739063263e-02 -5.135393701493740082e-03
-1.431465847417712212e-03 1.047162637114524841e-01 9.633283317089080811e-02
3.049049153923988342e-02 1.495773643255233765e-01 1.369966119527816772e-01
-2.944762585684657097e-03 1.271077245473861694e-01 1.248673573136329651e-01
-3.813432157039642334e-02 4.433134943246841431e-02 4.002336412668228149e-02
-2.950277179479598999e-02 -2.783150598406791687e-02 6.883751600980758667e-03
3.099643439054489136e-02 -1.637950912117958069e-02 4.049818217754364014e-02
3.995674103498458862e-02 -4.726153984665870667e-02 -2.012344077229499817e-02
-4.703349247574806213e-02 -6.755337119102478027e-02 -4.355972260236740112e-02
-1.164613291621208191e-01 -1.177406981587409973e-01 -8.399607986211776733e-02
-1.149728000164031982e-01 -1.607226729393005371e-01 -7.097983360290527344e-02
-4.935608431696891785e-02 -6.028566882014274597e-02 6.293229758739471436e-02
1.780867949128150940e-02 9.499197453260421753e-02 1.814260631799697876e-01
5.663904175162315369e-02 2.460241019725799561e-01 3.567910790443420410e-01
7.260168343782424927e-02 2.656169831752777100e-01 3.135385811328887939e-01
6.424716114997863770e-02 1.706078797578811646e-01 2.435264885425567627e-01
4.630143567919731140e-02 7.177317142486572266e-02 8.281961083412170410e-02
-2.320190193131566048e-03 8.125948160886764526e-02 -1.489010266959667206e-02
-3.560901433229446411e-02 1.343076378107070923e-01 9.907019883394241333e-02
-1.601247191429138184e-01 1.190741658210754395e-01 1.285700500011444092e-01
-3.728104829788208008e-01 2.991078421473503113e-02 1.916873455047607422e-02
-4.817500710487365723e-01 -1.587359607219696045e-02 -7.850997895002365112e-02
-4.997649490833282471e-01 -6.748075783252716064e-02 -1.522000432014465332e-01
-3.924161791801452637e-01 -1.440154761075973511e-01 -2.085712999105453491e-01
-8.340887725353240967e-02 -1.454531997442245483e-01 -2.379969321191310883e-02
1.955243349075317383e-01 -2.049123942852020264e-01 -7.567694038152694702e-02
2.643983960151672363e-01 -1.353048831224441528e-01 -2.419494092464447021e-02
2.122775912284851074e-01 -1.430662870407104492e-01 -7.095447927713394165e-02
1.821362078189849854e-01 -7.347531616687774658e-02 -1.025093048810958862e-01
1.533193290233612061e-01 9.528826177120208740e-02 -5.735379830002784729e-02
-1.451437827199697495e-02 8.866496384143829346e-02 -1.321815252304077148e-01
-1.452124267816543579e-01 1.150389686226844788e-01 -1.168053820729255676e-01
-1.486087888479232788e-01 -2.760326489806175232e-02 -1.157928630709648132e-01
-1.059113368391990662e-01 -9.807341545820236206e-02 2.793027088046073914e-03
-1.311460975557565689e-02 -1.309851408004760742e-01 1.459375768899917603e-02
-1.581148989498615265e-02 -1.101747080683708191e-01 7.812836021184921265e-02
-5.098494887351989746e-02 -2.677494585514068604e-01 -8.514066785573959351e-02
9.621074795722961426e-02 -3.918689787387847900e-01 -9.116134792566299438e-02
1.661072224378585815e-01 -4.351394772529602051e-01 3.955943882465362549e-02
1.120221838355064392e-01 -3.021394014358520508e-01 2.148288637399673462e-01
7.069079577922821045e-02 5.432201549410820007e-02 3.064782321453094482e-01
-1.619079150259494781e-02 2.430884391069412231e-01 2.779515385627746582e-01
2.059490792453289032e-02 2.025255113840103149e-01 1.762902140617370605e-01
9.761519730091094971e-02 -6.699281278997659683e-03 2.193634212017059326e-02
1.274402141571044922e-01 -1.755450963973999023e-01 -1.515191942453384399e-01
8.281699568033218384e-02 -1.689815670251846313e-01 -2.925912439823150635e-01
5.022572353482246399e-03 8.608058840036392212e-02 -8.640841394662857056e-02
-3.025208972394466400e-02 2.322780787944793701e-01 1.183668822050094604e-01
-3.282079473137855530e-02 2.212916314601898193e-01 1.896630376577377319e-01
4.481890425086021423e-02 5.143160372972488403e-02 5.054135993123054504e-02
-7.294309791177511215e-03 1.517459843307733536e-02 -1.279194504022598267e-01
-7.395288348197937012e-02 1.195645183324813843e-01 -9.406124800443649292e-02
-5.700223520398139954e-02 1.929297298192977905e-01 -3.354400396347045898e-02
4.293459281325340271e-02 1.919388473033905029e-01 -4.706361796706914902e-03
1.358646601438522339e-01 1.054105088114738464e-01 -6.910303980112075806e-02
4.998071119189262390e-02 8.647241629660129547e-03 -8.492554724216461182e-02
-3.733373014256358147e-03 -1.161934211850166321e-01 -1.099199131131172180e-01
-1.529112756252288818e-01 -1.003862023353576660e-01 2.309541963040828705e-02
-3.062690198421478271e-01 1.257137358188629150e-01 -3.115059807896614075e-02
-3.720829188823699951e-01 2.636725604534149170e-01 -2.828092873096466064e-01
-4.189670979976654053e-01 3.258391022682189941e-01 -3.809191584587097168e-01
-3.514479994773864746e-01 2.885093390941619873e-01 -3.511016368865966797e-01
-1.430167257785797119e-01 2.559317648410797119e-01 -4.133802838623523712e-03
5.287851020693778992e-02 2.385949790477752686e-01 2.216028124094009399e-01
1.227859333157539368e-01 1.387305259704589844e-01 1.987589597702026367e-01
9.757471084594726562e-02 -1.642601191997528076e-02 4.715153947472572327e-02
3.534992039203643799e-02 -4.587974026799201965e-02 -1.628271304070949554e-02
-3.038426861166954041e-02 -5.963758751749992371e-02 -1.201495155692100525e-01
-7.761835306882858276e-02 -9.734302014112472534e-02 -2.428750693798065186e-01
-7.679206132888793945e-02 -2.064729481935501099e-02 -1.595898717641830444e-01
-3.740946948528289795e-02 -4.324867948889732361e-02 -1.592904031276702881e-01
4.803426563739776611e-02 -6.803275644779205322e-02 -1.145661175251007080e-01
1.474198400974273682e-01 -2.302370369434356689e-01 -1.192175373435020447e-01
1.548328548669815063e-01 -2.991591393947601318e-01 -1.499424725770950317e-01
1.873806565999984741e-01 -2.769736051559448242e-01 6.630947813391685486e-03
2.641828954219818115e-01 -1.282787621021270752e-01 2.919009923934936523e-01
2.934730052947998047e-01 5.762025713920593262e-02 5.004457235336303711e-01
2.827951610088348389e-01 1.817928999662399292e-01 4.929217696189880371e-01
2.813500165939331055e-01 1.618485525250434875e-02 3.725300729274749756e-01
2.706709504127502441e-01 -1.392262130975723267e-01 1.346105486154556274e-01
1.206859424710273743e-01 -2.697730958461761475e-01 6.309971958398818970e-02
1.603751778602600098e-01 -2.618970274925231934e-01 -2.709168568253517151e-02
4.585921019315719604e-02 -1.555195637047290802e-02 -2.365816943347454071e-02
4.070815071463584900e-02 4.383320361375808716e-02 -2.123878523707389832e-02
1.220872774720191956e-01 1.305145025253295898e-01 -1.023921146988868713e-01
-4.553956910967826843e-02 1.694715470075607300e-01 2.540222555398941040e-02
-3.626253828406333923e-02 2.026101201772689819e-01 -1.606726087629795074e-02
-1.111990213394165039e-01 2.214968353509902954e-01 3.785328194499015808e-02
-2.337398082017898560e-01 2.169657498598098755e-01 1.183469742536544800e-01
-2.549647986888885498e-01 3.648484945297241211e-01 -1.625811159610748291e-01
-1.504406630992889404e-01 2.747181355953216553e-01 -2.331830561161041260e-01
2.087962813675403595e-02 1.437460184097290039e-01 -1.162301003932952881e-01
-9.726724587380886078e-03 1.856492161750793457e-01 7.681535929441452026e-02
-1.334183569997549057e-02 4.845406487584114075e-02 2.510775923728942871e-01
1.354726683348417282e-02 1.493056397885084152e-02 1.380976140499114990e-01
8.898679167032241821e-02 -2.963762171566486359e-02 1.108851563185453415e-02
1.379055678844451904e-01 -2.192270904779434204e-01 -1.206812709569931030e-01
4.465731233358383179e-02 -1.129257827997207642e-01 -5.720421671867370605e-02
2.566375583410263062e-02 -1.665338128805160522e-01 1.216730847954750061e-02
-4.603901505470275879e-02 -3.036923706531524658e-01 -2.822363562881946564e-02
1.834667846560478210e-02 -2.508193254470825195e-01 8.202781528234481812e-02
-8.401208370923995972e-02 -2.417124807834625244e-02 -4.413684830069541931e-02
-1.124859154224395752e-01 2.830162942409515381e-01 -1.661989092826843262e-02
-1.269825249910354614e-01 2.738836109638214111e-01 -2.612035349011421204e-02
-8.730484545230865479e-02 1.590674966573715210e-01 1.925392774865031242e-03
-1.834698952734470367e-02 -1.897059194743633270e-02 9.171172231435775757e-02
2.428598515689373016e-02 -3.813117370009422302e-02 5.572701245546340942e-02
1.165457628667354584e-02 3.291624039411544800e-02 4.088544845581054688e-02
