8.149853348731994629e-02 -1.694405823945999146e-01 4.955991208553314209e-01
2.392752468585968018e-02 -2.682121098041534424e-01 4.987435638904571533e-01
5.795727670192718506e-02 -2.560397982597351074e-01 5.439538955688476562e-01
1.181659772992134094e-01 -2.497053593397140503e-01 5.332307815551757812e-01
9.723135083913803101e-02 -1.835767477750778198e-01 5.519465804100036621e-01
3.149233460426330566e-01 -1.539857238531112671e-01 2.818602919578552246e-01
3.610835969448089600e-01 2.181075140833854675e-02 1.196110099554061890e-01
3.259330689907073975e-01 -6.542421877384185791e-02 2.446390092372894287e-01
2.539886832237243652e-01 -1.017375215888023376e-01 2.345297932624816895e-01
-4.441818967461585999e-02 -1.890656799077987671e-01 3.840703964233398438e-01
-1.393411606550216675e-01 -1.638336628675460815e-01 3.852114081382751465e-01
-1.885304898023605347e-01 -3.612469881772994995e-02 3.998777568340301514e-01
-2.041076421737670898e-01 5.083634704351425171e-02 3.982336819171905518e-01
-3.016874194145202637e-01 1.339480280876159668e-01 3.925541937351226807e-01
-3.683958947658538818e-01 1.802455931901931763e-01 3.997579514980316162e-01
-4.151049852371215820e-01 3.089137673377990723e-01 3.991814851760864258e-01
-4.872978031635284424e-01 3.117005527019500732e-01 3.985694646835327148e-01
-5.077399015426635742e-01 3.507626950740814209e-01 4.084585905075073242e-01
-5.049977302551269531e-01 4.141511023044586182e-01 3.619036078453063965e-01
-5.271139144897460938e-01 4.355489909648895264e-01 3.092794716358184814e-01
-5.506729483604431152e-01 4.049579799175262451e-01 3.119035661220550537e-01
-5.710120797157287598e-01 3.590949475765228271e-01 3.176301121711730957e-01
-5.735799670219421387e-01 3.542264103889465332e-01 3.184523880481719971e-01
-5.762489438056945801e-01 3.255838155746459961e-01 3.264561593532562256e-01
-5.580984354019165039e-01 3.487876653671264648e-01 3.628012835979461670e-01
-5.494868755340576172e-01 3.841971158981323242e-01 3.821204602718353271e-01
-5.572964549064636230e-01 3.604194223880767822e-01 3.836110234260559082e-01
-5.396285653114318848e-01 3.707749545574188232e-01 3.876864314079284668e-01
-5.255618095397949219e-01 3.959215581417083740e-01 3.686848580837249756e-01
-5.048469305038452148e-01 4.096225202083587646e-01 3.513319194316864014e-01
-5.306493043899536133e-01 3.911753892898559570e-01 3.752999901771545410e-01
-5.312677025794982910e-01 4.100039303302764893e-01 3.801887035369873047e-01
-5.138257741928100586e-01 4.232806861400604248e-01 3.790873587131500244e-01
-5.085403919219970703e-01 4.006641805171966553e-01 3.968227803707122803e-01
-5.026091933250427246e-01 3.964262306690216064e-01 3.832899332046508789e-01
-5.173045396804809570e-01 3.611868023872375488e-01 3.958128690719604492e-01
-5.143882036209106445e-01 3.682870268821716309e-01 3.920208513736724854e-01
-5.247705578804016113e-01 3.363617658615112305e-01 3.712332546710968018e-01
-5.020956993103027344e-01 3.266762793064117432e-01 3.939849734306335449e-01
-5.226966738700866699e-01 3.109819591045379639e-01 3.951090574264526367e-01
-5.302057266235351562e-01 3.290706276893615723e-01 3.892036378383636475e-01
-5.407211184501647949e-01 3.085198402404785156e-01 3.749313056468963623e-01
-5.086179971694946289e-01 3.350747525691986084e-01 3.688188493251800537e-01
-4.518708586692810059e-01 2.947436273097991943e-01 3.405225574970245361e-01
-4.256643950939178467e-01 2.878026962280273438e-01 3.233627378940582275e-01
-4.612859189510345459e-01 2.546574175357818604e-01 3.367983102798461914e-01
-4.241881966590881348e-01 2.675803005695343018e-01 3.427712917327880859e-01
-3.801655769348144531e-01 1.991410553455352783e-01 3.913923799991607666e-01
-2.284912765026092529e-01 2.014837861061096191e-01 4.813157916069030762e-01
-2.199243009090423584e-01 1.947602629661560059e-01 5.520601868629455566e-01
-2.876763641834259033e-01 8.839209377765655518e-02 5.599024295806884766e-01
-2.051416039466857910e-01 1.351192146539688110e-01 5.467284321784973145e-01
-1.587171852588653564e-01 5.670848488807678223e-02 5.299276709556579590e-01
-1.312652826309204102e-01 4.081113263964653015e-02 5.148162245750427246e-01
5.005630850791931152e-02 -9.701215662062168121e-03 4.507691264152526855e-01
2.944081425666809082e-01 -9.978348016738891602e-02 3.164280652999877930e-01
4.342984855175018311e-01 -1.808303594589233398e-01 2.085561454296112061e-01
4.999497532844543457e-01 -2.055447250604629517e-01 1.511917859315872192e-01
4.570412933826446533e-01 -1.477297693490982056e-01 1.943116784095764160e-01
3.926075994968414307e-01 -1.517649888992309570e-01 2.567203938961029053e-01
3.833425939083099365e-01 -3.664730116724967957e-02 2.410001605749130249e-01
3.877615630626678467e-01 3.498408943414688110e-02 1.793635636568069458e-01
2.165177166461944580e-01 -3.842728212475776672e-02 2.158146798610687256e-01
1.206289231777191162e-01 -8.720152080059051514e-02 2.736031413078308105e-01
2.541837990283966064e-01 7.460624724626541138e-02 1.071939095854759216e-01
2.668704390525817871e-01 -3.915604576468467712e-02 6.701037287712097168e-02
2.322638034820556641e-01 -1.115054190158843994e-01 1.309870183467864990e-01
2.208144962787628174e-01 -6.655523926019668579e-02 2.334123253822326660e-01
3.404943048954010010e-01 -2.141777239739894867e-02 2.515268027782440186e-01
3.748904466629028320e-01 -2.891567349433898926e-02 2.645960450172424316e-01
3.152815103530883789e-01 -5.177847295999526978e-02 2.392959445714950562e-01
2.623165547847747803e-01 1.667161099612712860e-02 2.302576750516891479e-01
1.028374284505844116e-01 -2.816867316141724586e-03 3.159481585025787354e-01
4.547717049717903137e-02 -9.450409561395645142e-02 4.453246891498565674e-01
8.638284355401992798e-02 -1.576511561870574951e-01 4.830294251441955566e-01
4.516013711690902710e-02 -1.523123830556869507e-01 4.719161391258239746e-01
1.847064122557640076e-02 -2.027197182178497314e-01 4.548063576221466064e-01
-3.110392577946186066e-02 -2.059911042451858521e-01 4.895607233047485352e-01
-9.230655431747436523e-02 -1.780673116445541382e-01 5.163176059722900391e-01
-1.576170027256011963e-01 -1.305792480707168579e-01 5.307714939117431641e-01
-9.117710590362548828e-02 -1.216008141636848450e-01 5.196919441223144531e-01
-8.098158240318298340e-02 -1.985099762678146362e-01 4.820507466793060303e-01
-1.017569378018379211e-01 -1.279439628124237061e-01 4.689642190933227539e-01
-1.369513124227523804e-01 -1.321608573198318481e-01 5.066401362419128418e-01
-1.572407335042953491e-01 -1.205637007951736450e-01 5.462967157363891602e-01
-7.260522246360778809e-02 -1.212254464626312256e-01 5.416615009307861328e-01
-1.166947185993194580e-01 -1.430681794881820679e-01 5.079939365386962891e-01
-1.691979765892028809e-01 -1.265202313661575317e-01 5.083531737327575684e-01
-2.091996222734451294e-01 -9.068722277879714966e-02 5.524559617042541504e-01
-2.571541965007781982e-01 -1.059741452336311340e-01 5.504299402236938477e-01
-2.537549436092376709e-01 -1.628274023532867432e-01 5.249297022819519043e-01
-2.311604171991348267e-01 -9.985111653804779053e-02 5.366500616073608398e-01
2.058923244476318359e-01 -8.171870559453964233e-02 2.717458307743072510e-01
4.426372647285461426e-01 -3.197468519210815430e-01 1.440804004669189453e-01
5.000150799751281738e-01 -2.562577426433563232e-01 2.786607742309570312e-01
5.490903854370117188e-01 -2.737413942813873291e-01 2.835411429405212402e-01
5.885162353515625000e-01 -2.776846289634704590e-01 2.582588791847229004e-01
5.857850313186645508e-01 -2.667571902275085449e-01 2.441604733467102051e-01
5.926737785339355469e-01 -2.170340865850448608e-01 2.646220922470092773e-01
6.066117882728576660e-01 -2.131349146366119385e-01 2.749946415424346924e-01
5.776500105857849121e-01 -2.118363827466964722e-01 2.906859815120697021e-01
5.792952775955200195e-01 -2.341132760047912598e-01 2.831357717514038086e-01
5.548311471939086914e-01 -2.430410236120223999e-01 2.651229500770568848e-01
5.515821576118469238e-01 -2.600644826889038086e-01 2.348542064428329468e-01
5.273224115371704102e-01 -2.919286489486694336e-01 2.242583036422729492e-01
5.103738307952880859e-01 -2.739742398262023926e-01 1.791099309921264648e-01
4.458411037921905518e-01 -2.376721203327178955e-01 1.719883829355239868e-01
2.485874742269515991e-01 -2.516344189643859863e-01 1.509125530719757080e-01
2.261236757040023804e-01 -2.547256648540496826e-01 1.209618151187896729e-01
2.859525680541992188e-01 -1.058460921049118042e-01 4.836938157677650452e-02
2.088937163352966309e-01 -8.379466086626052856e-02 -1.025486737489700317e-01
1.830544024705886841e-01 -1.275025457143783569e-01 -2.302140146493911743e-01
5.386980995535850525e-02 -1.746252030134201050e-01 -3.348508477210998535e-01
-1.699050664901733398e-01 -8.720525354146957397e-02 -2.090857326984405518e-01
-1.834394186735153198e-01 -1.887507177889347076e-02 -3.456523716449737549e-01
-9.359680116176605225e-02 -1.485518813133239746e-01 -3.392038643360137939e-01
-4.064999222755432129e-01 2.607793547213077545e-02 -3.073933720588684082e-01
-4.213721156120300293e-01 -7.619618624448776245e-02 -4.471348822116851807e-01
-3.582856357097625732e-01 -6.605733931064605713e-02 -4.400483071804046631e-01
-4.972097873687744141e-01 -1.353795975446701050e-01 -3.968742489814758301e-01
-4.919188022613525391e-01 -2.397260367870330811e-01 -4.151958227157592773e-01
-4.815294742584228516e-01 -2.995711863040924072e-01 -4.420759081840515137e-01
-4.553421437740325928e-01 -3.366410434246063232e-01 -4.313645362854003906e-01
-4.585027694702148438e-01 -4.306904375553131104e-01 -5.144877433776855469e-01
-4.697552025318145752e-01 -4.694471955299377441e-01 -6.066093444824218750e-01
-4.879148900508880615e-01 -4.262081980705261230e-01 -5.581914186477661133e-01
-5.210151672363281250e-01 -3.566694855690002441e-01 -5.265070796012878418e-01
-4.550580084323883057e-01 -4.650075435638427734e-01 -5.793028473854064941e-01
-4.825203716754913330e-01 -4.154846072196960449e-01 -5.790610313415527344e-01
-5.113209486007690430e-01 -3.514236211776733398e-01 -5.644322633743286133e-01
-5.067315697669982910e-01 -3.588917553424835205e-01 -5.773769021034240723e-01
-4.701949059963226318e-01 -3.666011989116668701e-01 -5.680273771286010742e-01
-5.314226746559143066e-01 -3.008510768413543701e-01 -5.923853516578674316e-01
-5.481948852539062500e-01 -2.852543890476226807e-01 -5.244712829589843750e-01
-5.008608698844909668e-01 -4.262764453887939453e-01 -5.447589755058288574e-01
-5.144886374473571777e-01 -3.559981286525726318e-01 -5.388696789741516113e-01
-5.093358755111694336e-01 -4.402830600738525391e-01 -5.611439347267150879e-01
-4.935203790664672852e-01 -4.589869976043701172e-01 -6.250255703926086426e-01
-5.271521806716918945e-01 -4.754304289817810059e-01 -6.799842119216918945e-01
-5.305140614509582520e-01 -3.737242221832275391e-01 -6.341971158981323242e-01
-4.346049726009368896e-01 -4.209014177322387695e-01 -5.947811007499694824e-01
