1.290514373437936374e-02
8.603429156252909160e-03
0.000000000000000000e+00
0.000000000000000000e+00
2.370281490362675381e-01
4.845611039763389472e-01
5.587922510981478963e-01
3.334944529011121817e-01
0.000000000000000000e+00
0.000000000000000000e+00
0.000000000000000000e+00
0.000000000000000000e+00
0.000000000000000000e+00
0.000000000000000000e+00
0.000000000000000000e+00
0.000000000000000000e+00
0.000000000000000000e+00
3.272036876227674140e-01
6.118924396755847095e-01
5.486091810979105698e-01
2.743045905489552849e-01
0.000000000000000000e+00
0.000000000000000000e+00
0.000000000000000000e+00
0.000000000000000000e+00
0.000000000000000000e+00
0.000000000000000000e+00
0.000000000000000000e+00
0.000000000000000000e+00
0.000000000000000000e+00
0.000000000000000000e+00
0.000000000000000000e+00
0.000000000000000000e+00
0.000000000000000000e+00
0.000000000000000000e+00
0.000000000000000000e+00
0.000000000000000000e+00
0.000000000000000000e+00
0.000000000000000000e+00
0.000000000000000000e+00
0.000000000000000000e+00
0.000000000000000000e+00
0.000000000000000000e+00
0.000000000000000000e+00
0.000000000000000000e+00
0.000000000000000000e+00
0.000000000000000000e+00
0.000000000000000000e+00
2.350340113170092393e-01
4.320098211630559737e-01
4.422266361502410481e-01
1.811955026419515280e-01
0.000000000000000000e+00
0.000000000000000000e+00
0.000000000000000000e+00
0.000000000000000000e+00
6.834304729703540027e-02
7.977505923833672075e-03
0.000000000000000000e+00
0.000000000000000000e+00
0.000000000000000000e+00
7.481452646531498024e-03
1.196477052243783562e-02
2.320763724998899449e-03
0.000000000000000000e+00
0.000000000000000000e+00
4.432359072916707693e-03
1.038428949982492244e-02
6.732019873769068928e-03
2.844792325073250503e-04
0.000000000000000000e+00
5.192651810842576626e-03
1.161897465978591060e-02
1.280435183648443408e-02
7.321844962690981715e-03
0.000000000000000000e+00
0.000000000000000000e+00
0.000000000000000000e+00
9.788638953615279303e-04
2.149698761501216485e-03
0.000000000000000000e+00
0.000000000000000000e+00
0.000000000000000000e+00
0.000000000000000000e+00
8.181088425814081466e-03
5.746852997719604367e-02
1.036525912569370989e-01
1.301176469970456995e-01
4.305444183569708677e-02
0.000000000000000000e+00
0.000000000000000000e+00
0.000000000000000000e+00
0.000000000000000000e+00
0.000000000000000000e+00
0.000000000000000000e+00
0.000000000000000000e+00
0.000000000000000000e+00
0.000000000000000000e+00
0.000000000000000000e+00
0.000000000000000000e+00
0.000000000000000000e+00
7.587751652780691698e-03
8.799131701642984998e-03
3.325781462121514542e-03
0.000000000000000000e+00
0.000000000000000000e+00
2.860217479581655890e-05
3.878596026066673339e-03
5.809736757923314194e-04
0.000000000000000000e+00
0.000000000000000000e+00
0.000000000000000000e+00
0.000000000000000000e+00
1.044870428866227080e-03
0.000000000000000000e+00
0.000000000000000000e+00
0.000000000000000000e+00
0.000000000000000000e+00
0.000000000000000000e+00
6.168069661047983696e-03
1.959942120881947442e-02
1.288026985224769577e-02
5.694816074888270178e-03
1.101401979165474295e-03
0.000000000000000000e+00
7.856041036949775944e-03
5.747179551522496772e-03
1.365149147624013020e-03
0.000000000000000000e+00
0.000000000000000000e+00
6.628139663024702755e-03
1.568839297491203544e-02
1.143797195844752090e-02
1.734781796913007932e-03
0.000000000000000000e+00
0.000000000000000000e+00
0.000000000000000000e+00
8.309596372607539264e-03
1.378928405326850654e-02
1.560326909566027605e-02
1.113663992415287601e-02
1.711443866336638704e-03
0.000000000000000000e+00
0.000000000000000000e+00
4.860515414799962755e-03
1.060231257198337128e-02
3.314051780799627360e-03
0.000000000000000000e+00
0.000000000000000000e+00
0.000000000000000000e+00
0.000000000000000000e+00
0.000000000000000000e+00
0.000000000000000000e+00
0.000000000000000000e+00
0.000000000000000000e+00
0.000000000000000000e+00
0.000000000000000000e+00
2.875967546918971156e-03
1.847609581856552233e-02
1.769336440375164979e-02
1.055551856071099658e-02
0.000000000000000000e+00
0.000000000000000000e+00
0.000000000000000000e+00
0.000000000000000000e+00
0.000000000000000000e+00
5.559496117308102697e-02
1.485247890930110892e-01
2.040784830548605933e-01
1.194146278578093606e-01
0.000000000000000000e+00
0.000000000000000000e+00
0.000000000000000000e+00
0.000000000000000000e+00
3.405014245130188327e-02
0.000000000000000000e+00
0.000000000000000000e+00
0.000000000000000000e+00
0.000000000000000000e+00
0.000000000000000000e+00
0.000000000000000000e+00
0.000000000000000000e+00
2.413372283051847533e-01
4.259182963697948354e-01
3.754985401732231498e-01
1.864923234749420455e-01
0.000000000000000000e+00
0.000000000000000000e+00
0.000000000000000000e+00
0.000000000000000000e+00
0.000000000000000000e+00
0.000000000000000000e+00
0.000000000000000000e+00
0.000000000000000000e+00
0.000000000000000000e+00
0.000000000000000000e+00
0.000000000000000000e+00
0.000000000000000000e+00
0.000000000000000000e+00
0.000000000000000000e+00
0.000000000000000000e+00
0.000000000000000000e+00
0.000000000000000000e+00
0.000000000000000000e+00
1.720685831250581832e-03
1.720685831250581832e-03
4.301714578126454580e-04
0.000000000000000000e+00
0.000000000000000000e+00
