-3.845437616109848022e-02 -1.513059586286544800e-01 3.047273755073547363e-01
-1.839119642972946167e-01 -2.594318091869354248e-01 4.872858524322509766e-01
-3.129670023918151855e-01 -3.107373416423797607e-01 4.233954250812530518e-01
-3.678117096424102783e-01 -2.300664186477661133e-01 8.949424326419830322e-02
-2.139120846986770630e-01 -1.999891996383666992e-01 -2.981636226177215576e-01
3.101784177124500275e-02 -4.217579215764999390e-02 -5.476409196853637695e-01
2.127066701650619507e-01 1.067677363753318787e-01 -3.343096971511840820e-01
2.222046256065368652e-01 1.061216518282890320e-01 6.958153098821640015e-02
1.345595866441726685e-01 7.321459054946899414e-02 2.984155416488647461e-01
1.216878816485404968e-01 -5.369458720088005066e-02 4.171668291091918945e-01
1.276879161596298218e-01 -7.896184921264648438e-02 3.314202129840850830e-01
1.746618151664733887e-01 1.567882136441767216e-03 1.935637891292572021e-01
1.919679194688796997e-01 -7.628220599144697189e-03 5.469782277941703796e-02
4.693178460001945496e-03 -2.124451100826263428e-01 -8.332516252994537354e-02
-2.270039170980453491e-01 -3.904006183147430420e-01 -1.139753460884094238e-01
-3.255897462368011475e-01 -4.008619785308837891e-01 -9.820600599050521851e-02
-2.834733724594116211e-01 -2.397417426109313965e-01 1.747082546353340149e-02
6.877516210079193115e-02 2.505422532558441162e-01 7.534647732973098755e-02
1.764709204435348511e-01 4.887355566024780273e-01 9.290524572134017944e-02
7.534164190292358398e-02 5.021619200706481934e-01 7.295189052820205688e-02
-4.647787287831306458e-02 2.888894379138946533e-01 -6.427338719367980957e-02
-3.166883066296577454e-02 -1.754899024963378906e-01 -8.553221076726913452e-02
2.066205888986587524e-01 -4.638347625732421875e-01 -1.231323555111885071e-01
4.331855177879333496e-01 -3.817435204982757568e-01 -6.053179502487182617e-02
4.739949405193328857e-01 -4.611329734325408936e-02 -1.103112623095512390e-01
1.356509178876876831e-01 4.287228882312774658e-01 -1.576872915029525757e-01
-3.012388646602630615e-01 5.954087376594543457e-01 -6.542048603296279907e-02
-5.897551178932189941e-01 3.862536847591400146e-01 -3.879575803875923157e-02
-6.250632405281066895e-01 -6.484010070562362671e-02 9.236434847116470337e-02
-2.076766341924667358e-01 -4.761629700660705566e-01 1.150037124752998352e-01
3.177701234817504883e-01 -5.790787935256958008e-01 5.418477579951286316e-02
5.848138332366943359e-01 -3.775125145912170410e-01 3.791053593158721924e-02
5.704751014709472656e-01 -6.557740271091461182e-02 -8.307678252458572388e-02
3.074988722801208496e-01 3.666768074035644531e-01 -7.130759954452514648e-02
3.615821525454521179e-02 5.449096560478210449e-01 3.434213250875473022e-02
-1.212329417467117310e-01 3.750481009483337402e-01 4.192021861672401428e-02
-1.683580577373504639e-01 -2.528502373024821281e-03 9.579233080148696899e-02
-3.494532704353332520e-01 -2.728869616985321045e-01 -7.024819031357765198e-03
-3.882619738578796387e-01 -1.934866607189178467e-01 3.130873665213584900e-02
-2.214135080575942993e-01 4.337756708264350891e-02 1.127773374319076538e-01
8.255787193775177002e-02 5.820833519101142883e-02 1.277689356356859207e-02
3.740971684455871582e-01 -1.826630346477031708e-02 -3.064569085836410522e-02
2.735992074012756348e-01 -5.908071622252464294e-02 -2.259505391120910645e-01
-1.412664502859115601e-01 -1.075987704098224640e-02 -2.846897542476654053e-01
-4.017485678195953369e-01 2.833437919616699219e-01 -1.108481213450431824e-01
-3.926644623279571533e-01 4.382621049880981445e-01 -2.243249490857124329e-02
-2.024904340505599976e-01 4.287654161453247070e-01 8.755117654800415039e-03
1.013551279902458191e-01 2.123614847660064697e-01 -1.504963785409927368e-01
5.878374725580215454e-02 -3.285449743270874023e-01 -3.168428540229797363e-01
-3.770850598812103271e-02 -3.930589556694030762e-01 -2.733553946018218994e-01
-2.163191139698028564e-02 -2.895929217338562012e-01 -3.476423025131225586e-02
1.511465907096862793e-01 -1.743420362472534180e-01 2.835300564765930176e-01
3.514019250869750977e-01 -9.408280253410339355e-02 4.301906824111938477e-01
3.586780130863189697e-01 -2.059053778648376465e-01 3.604614436626434326e-01
2.441628575325012207e-01 -2.004921734333038330e-01 1.868984550237655640e-01
6.192542612552642822e-02 -8.086270093917846680e-02 -6.408281624317169189e-03
-1.079466119408607483e-01 9.219241142272949219e-02 -1.335989832878112793e-01
-2.828050851821899414e-01 2.030238807201385498e-01 -1.551385521888732910e-01
-4.256465733051300049e-01 1.669508516788482666e-01 -1.793344318866729736e-01
-4.031491875648498535e-01 1.291123330593109131e-01 -1.526333242654800415e-01
-2.714640200138092041e-01 6.466802954673767090e-02 -5.782913789153099060e-02
1.501417905092239380e-02 3.035175986588001251e-02 7.554967701435089111e-02
2.416236549615859985e-01 5.193508788943290710e-02 1.852171272039413452e-01
1.965776383876800537e-01 -5.170634016394615173e-03 1.786641776561737061e-01
2.149197161197662354e-01 -9.636480361223220825e-03 1.255920231342315674e-01
1.925558447837829590e-01 9.614435024559497833e-03 9.013253450393676758e-02
1.598486006259918213e-01 -5.072236992418766022e-03 4.582393914461135864e-02
1.664769500494003296e-01 -6.411572545766830444e-02 2.568687684834003448e-02
5.459575355052947998e-02 -2.457764595746994019e-01 1.639827736653387547e-03
-2.277114614844322205e-02 -3.140115141868591309e-01 4.546776041388511658e-02
-1.250371187925338745e-01 -1.948234587907791138e-01 2.065276950597763062e-01
-2.388315945863723755e-01 2.678882330656051636e-02 2.304059714078903198e-01
-2.001730948686599731e-01 2.170168459415435791e-01 1.346556991338729858e-01
-6.502477824687957764e-02 1.695790141820907593e-01 -7.068086415529251099e-02
8.843274414539337158e-02 6.661832332611083984e-02 -2.470289021730422974e-01
1.562254726886749268e-01 7.882736623287200928e-02 -2.489694058895111084e-01
1.151936128735542297e-01 2.276796102523803711e-01 -2.272822558879852295e-01
1.010697409510612488e-01 3.048241138458251953e-01 -2.712820470333099365e-01
8.976183831691741943e-02 1.484458893537521362e-01 -3.459699153900146484e-01
9.865086525678634644e-02 -1.830674856901168823e-01 -3.344055116176605225e-01
7.464186847209930420e-02 -4.212510883808135986e-01 -1.645038127899169922e-01
-2.968668006360530853e-02 -4.089103937149047852e-01 1.406385153532028198e-01
-7.578951865434646606e-02 -2.636735141277313232e-01 3.643915057182312012e-01
-2.343173772096633911e-01 -3.859713673591613770e-02 3.413920402526855469e-01
-2.733859717845916748e-01 1.354786902666091919e-01 1.319656074047088623e-01
-1.532801836729049683e-01 1.964427232742309570e-01 -5.334380269050598145e-02
1.153860241174697876e-02 2.533034384250640869e-01 -1.103985905647277832e-01
3.545048534870147705e-01 2.383137196302413940e-01 9.419952519237995148e-03
3.735094368457794189e-01 2.025511264801025391e-01 1.196309775114059448e-01
2.584990262985229492e-01 1.401565819978713989e-01 1.314119249582290649e-01
8.969601243734359741e-02 2.184801362454891205e-02 6.820714473724365234e-02
-1.544561237096786499e-01 -9.615399688482284546e-02 -2.646868117153644562e-02
-1.498066782951354980e-01 -1.406030803918838501e-01 -3.173628821969032288e-02
-1.715587526559829712e-01 -1.050118133425712585e-01 -4.997522570192813873e-03
-1.566647887229919434e-01 -1.621162705123424530e-02 2.975766919553279877e-02
-1.112967580556869507e-01 5.837134644389152527e-02 -6.341675762087106705e-03
-1.038793399930000305e-01 4.707254096865653992e-02 -5.932208150625228882e-02
-8.511557430028915405e-02 3.830324858427047729e-02 -7.653312385082244873e-02
-3.955112025141716003e-02 1.091006118804216385e-02 -5.019492655992507935e-02
3.976408019661903381e-02 -3.557899221777915955e-02 -1.679012639215216041e-04
1.195214837789535522e-01 -4.535631462931632996e-02 2.885840833187103271e-02
1.604108065366744995e-01 -7.434795051813125610e-02 3.333741426467895508e-02
1.677214354276657104e-01 -7.867905497550964355e-02 2.697527408599853516e-02
7.838406413793563843e-02 -3.081707656383514404e-02 4.196401312947273254e-02
-5.517365783452987671e-02 -1.261907513253390789e-03 1.558435428887605667e-02
-1.366416066884994507e-01 2.797237597405910492e-02 -9.443470276892185211e-03
-1.532656848430633545e-01 3.186111897230148315e-02 -2.645792439579963684e-02
-8.034799247980117798e-02 8.444659411907196045e-03 -4.077036306262016296e-02
3.915904834866523743e-02 2.998898038640618324e-03 -3.128109499812126160e-02
5.276170000433921814e-02 3.247880563139915466e-02 -4.672941938042640686e-02
2.094312943518161774e-02 6.440293788909912109e-02 -4.873737320303916931e-02
-3.104523755609989166e-03 4.271572083234786987e-02 -2.011486142873764038e-02
-5.096431821584701538e-02 4.038244660478085279e-04 4.258001595735549927e-02
4.310764372348785400e-02 -8.690110594034194946e-02 6.496743857860565186e-02
6.449203193187713623e-02 -1.267956048250198364e-01 1.191862765699625015e-02
2.714460715651512146e-02 -4.017928615212440491e-02 -1.649806834757328033e-02
-7.623992115259170532e-02 4.508651793003082275e-02 3.118668496608734131e-02
-1.663279533386230469e-01 3.989962115883827209e-02 8.134996145963668823e-02
-1.051763370633125305e-01 -6.031345948576927185e-02 5.372735857963562012e-02
-5.869964882731437683e-02 -1.955349594354629517e-01 -1.579252034425735474e-01
4.111511260271072388e-02 -1.406292468309402466e-01 -3.394944071769714355e-01
4.116491973400115967e-02 2.093814499676227570e-02 -2.612720429897308350e-01
4.337971564382314682e-03 1.340990960597991943e-01 -2.962982282042503357e-02
3.520944342017173767e-02 1.142324730753898621e-01 2.963496446609497070e-01
1.172249466180801392e-01 -7.556769996881484985e-02 5.611244440078735352e-01
2.284254580736160278e-01 -1.763221174478530884e-01 6.092085838317871094e-01
3.397224545478820801e-01 -1.428555101156234741e-01 5.000834465026855469e-01
4.118399024009704590e-01 5.123313516378402710e-02 7.462458312511444092e-02
8.742511272430419922e-02 3.276672661304473877e-01 -5.729967951774597168e-01
-8.317977190017700195e-02 3.575579822063446045e-01 -6.606746315956115723e-01
-1.968598961830139160e-01 1.924447119235992432e-01 -4.728356003761291504e-01
-2.333813756704330444e-01 -5.043176934123039246e-02 -4.720495641231536865e-02
1.470532268285751343e-02 -1.572559326887130737e-01 3.142225444316864014e-01
-5.568650737404823303e-02 -7.501336932182312012e-02 1.926584839820861816e-01
-1.516960263252258301e-01 -2.722357399761676788e-02 -1.737493835389614105e-02
-1.563118845224380493e-01 -1.922248676419258118e-02 -1.359795033931732178e-01
-7.200465351343154907e-02 -5.279968678951263428e-02 -1.538535207509994507e-01
1.019901484251022339e-01 -7.912755943834781647e-03 -7.298850268125534058e-02
-2.391272783279418945e-02 3.274765238165855408e-02 -6.494619883596897125e-04
-6.311068683862686157e-02 -4.764706641435623169e-02 1.167332381010055542e-01
-1.023844480514526367e-01 -1.316753327846527100e-01 1.123482808470726013e-01
-2.113275378942489624e-01 -1.604642271995544434e-01 -9.874168783426284790e-02
-2.569262087345123291e-01 -5.089754704385995865e-03 -3.197970986366271973e-01
-3.310356736183166504e-01 1.615466028451919556e-01 -3.364668786525726318e-01
-1.136186271905899048e-01 2.065854519605636597e-01 -1.066324040293693542e-01
2.270773649215698242e-01 1.193436160683631897e-01 2.673839628696441650e-01
3.319521248340606689e-01 -6.347402930259704590e-02 3.191182911396026611e-01
3.108120858669281006e-01 -1.066975668072700500e-01 1.898462027311325073e-01
1.656484007835388184e-01 -6.014908477663993835e-02 3.498307988047599792e-02
3.551206365227699280e-02 4.013447463512420654e-02 -1.705501810647547245e-03
-3.365176543593406677e-02 5.023925006389617920e-02 3.629021719098091125e-02
-6.338614225387573242e-02 -1.185177639126777649e-02 -1.760092750191688538e-02
-6.754712015390396118e-02 1.430201955372467637e-04 -9.707079827785491943e-02
5.196221917867660522e-02 5.571513995528221130e-02 -5.310526117682456970e-02
2.713871560990810394e-02 1.045022755861282349e-01 6.876472383737564087e-02
-4.705003276467323303e-02 1.120419651269912720e-01 9.695379436016082764e-02
-1.055042445659637451e-01 1.110033094882965088e-01 6.125350296497344971e-02
-1.558859497308731079e-01 1.154709160327911377e-01 -3.233593702316284180e-02
-2.330659329891204834e-02 9.203183650970458984e-02 -1.660891063511371613e-02
7.247482985258102417e-02 1.307072490453720093e-02 1.617244444787502289e-02
1.121416911482810974e-01 -1.164395809173583984e-01 4.392750561237335205e-02
1.146668195724487305e-01 -1.912155449390411377e-01 1.113916039466857910e-01
6.831689924001693726e-02 -2.532332241535186768e-01 1.370188891887664795e-01
2.742544189095497131e-02 -2.605283260345458984e-01 1.325827687978744507e-01
8.372651785612106323e-02 -1.452816873788833618e-01 4.337747767567634583e-02
2.569020688533782959e-01 6.104470789432525635e-02 1.856560818850994110e-02
4.260644316673278809e-01 2.348476350307464600e-01 5.675470083951950073e-02
4.381314516067504883e-01 2.411212176084518433e-01 3.421040624380111694e-02
2.090383023023605347e-01 1.145978942513465881e-01 -6.411120295524597168e-02
-2.040571719408035278e-01 -8.171188831329345703e-02 -2.057390809059143066e-01
-4.150949120521545410e-01 -1.562391817569732666e-01 -2.043180614709854126e-01
-3.751349747180938721e-01 -1.151009202003479004e-01 -8.288879692554473877e-02
-1.836790591478347778e-01 9.462394751608371735e-03 1.439485326409339905e-02
1.662146858870983124e-02 1.189793646335601807e-01 4.784666374325752258e-02
4.308104142546653748e-02 9.130287915468215942e-02 -9.465423412621021271e-03
-2.407009899616241455e-02 5.348314065486192703e-03 -1.212102845311164856e-01
-1.532333195209503174e-01 -7.273560762405395508e-02 -1.478544920682907104e-01
-3.249856531620025635e-01 -7.127033174037933350e-02 -6.750601530075073242e-02
-4.315606355667114258e-01 -1.139213982969522476e-02 1.163659244775772095e-01
-4.436574578285217285e-01 6.944472342729568481e-02 1.910805851221084595e-01
-2.878400683403015137e-01 9.601883590221405029e-02 2.148649841547012329e-01
1.090568155050277710e-01 1.413704752922058105e-01 4.305729269981384277e-02
3.835745155811309814e-01 8.398207277059555054e-02 -1.451287269592285156e-01
4.165644347667694092e-01 -1.080494150519371033e-01 -1.604604274034500122e-01
3.297074437141418457e-01 -1.637109965085983276e-01 -2.355758845806121826e-01
2.237730324268341064e-01 -2.498497068881988525e-01 -1.266655027866363525e-01
2.617428898811340332e-01 -2.120050936937332153e-01 5.594354867935180664e-02
3.042106330394744873e-01 -3.960611671209335327e-02 1.873956173658370972e-01
1.316832099109888077e-02 4.139328375458717346e-02 2.831003963947296143e-01
-2.647280693054199219e-01 2.551167607307434082e-01 3.450712189078330994e-02
-3.579435050487518311e-01 2.710151374340057373e-01 -1.495505273342132568e-01
-2.830521464347839355e-01 7.246923446655273438e-02 -2.136065512895584106e-01
6.776854395866394043e-02 -1.053038388490676880e-01 -1.307817995548248291e-01
2.276052236557006836e-01 -2.378221452236175537e-01 1.212297752499580383e-01
2.230542004108428955e-01 -1.260880827903747559e-01 3.656091913580894470e-02
7.666049897670745850e-02 4.311735928058624268e-02 4.568890109658241272e-02
-1.608540266752243042e-01 5.823880434036254883e-02 -7.900521904230117798e-02
-1.798534989356994629e-01 1.413397192955017090e-01 -1.477615535259246826e-01
-1.674581617116928101e-01 7.883197814226150513e-02 1.551539264619350433e-02
-1.464415043592453003e-01 2.212453447282314301e-02 5.527747422456741333e-02
-9.975998103618621826e-02 1.119219325482845306e-02 3.056999742984771729e-01
6.828442215919494629e-02 -2.642511762678623199e-02 2.910779714584350586e-01
3.447900116443634033e-01 1.052373424172401428e-01 3.938765078783035278e-02
3.795934319496154785e-01 4.228747636079788208e-02 -2.078597098588943481e-01
1.194649040699005127e-01 -1.575288176536560059e-01 -4.056684970855712891e-01
-2.582619190216064453e-01 -2.557257413864135742e-01 -2.568615674972534180e-01
-4.490662813186645508e-01 -2.229365557432174683e-01 -6.618534028530120850e-02
-3.972550332546234131e-01 -6.272731721401214600e-02 4.172911867499351501e-02
-1.914993226528167725e-01 7.683254033327102661e-02 8.051581680774688721e-02
