-9.215548634529113770e-02 -1.815040260553359985e-01 -5.829462409019470215e-01
4.704499617218971252e-02 5.491729080677032471e-02 -6.095879673957824707e-01
2.493481785058975220e-01 1.152221709489822388e-01 -5.692178010940551758e-01
3.521417677402496338e-01 1.672377809882164001e-02 -5.746040344238281250e-01
3.524918854236602783e-01 3.657464310526847839e-02 -5.619238615036010742e-01
4.016045331954956055e-01 6.354682147502899170e-02 -5.494905710220336914e-01
3.925075232982635498e-01 -1.377896871417760849e-02 -5.538441538810729980e-01
4.125504791736602783e-01 3.277639159932732582e-03 -5.541049838066101074e-01
4.245627224445343018e-01 2.954207919538021088e-02 -5.751942396163940430e-01
4.476556181907653809e-01 7.946778833866119385e-02 -5.675112009048461914e-01
4.282065331935882568e-01 1.787124872207641602e-01 -5.775728225708007812e-01
4.080024361610412598e-01 1.379220038652420044e-01 -5.734544396400451660e-01
3.972152769565582275e-01 1.727388203144073486e-01 -5.664994716644287109e-01
3.978771269321441650e-01 1.815282851457595825e-01 -5.484467744827270508e-01
3.958235979080200195e-01 1.722697764635086060e-01 -5.688000917434692383e-01
4.357752799987792969e-01 1.859913766384124756e-01 -5.180926322937011719e-01
4.653254151344299316e-01 1.742011010646820068e-01 -5.490747690200805664e-01
4.448447823524475098e-01 1.706483513116836548e-01 -5.812584757804870605e-01
3.869979083538055420e-01 2.046521008014678955e-01 -5.609424114227294922e-01
3.603399097919464111e-01 2.086997330188751221e-01 -5.683844685554504395e-01
4.107987880706787109e-01 1.955254077911376953e-01 -5.697034597396850586e-01
4.569877982139587402e-01 1.695714890956878662e-01 -6.008871197700500488e-01
3.960444629192352295e-01 1.330285221338272095e-01 -5.836557745933532715e-01
4.164275527000427246e-01 1.704527288675308228e-01 -6.175196766853332520e-01
3.514179885387420654e-01 1.473198980093002319e-01 -5.866609215736389160e-01
2.320977300405502319e-01 1.114689037203788757e-01 -6.149441599845886230e-01
-4.562059044837951660e-02 1.531474143266677856e-01 -6.058303117752075195e-01
-2.293034195899963379e-01 1.343082189559936523e-01 -6.199465990066528320e-01
-2.986321449279785156e-01 9.717997908592224121e-02 -6.132345199584960938e-01
-1.709189862012863159e-01 -2.258965522050857544e-01 -1.781097613275051117e-02
-2.671386897563934326e-01 -4.573275446891784668e-01 -1.225991174578666687e-02
-2.972559332847595215e-01 -5.694124102592468262e-01 1.464951932430267334e-01
-3.883559405803680420e-01 -5.895620584487915039e-01 2.258248627185821533e-01
-3.310790061950683594e-01 -5.669127106666564941e-01 2.627857327461242676e-01
1.855750977993011475e-01 -4.849488139152526855e-01 6.468728184700012207e-02
3.084862530231475830e-01 -2.268433123826980591e-01 2.559094727039337158e-01
3.513513803482055664e-01 -1.704106926918029785e-01 3.194945156574249268e-01
3.335874676704406738e-01 -1.441832631826400757e-01 3.003520965576171875e-01
3.501706421375274658e-01 -2.031941115856170654e-01 2.492597401142120361e-01
3.850863575935363770e-01 -2.467097043991088867e-01 1.985912472009658813e-01
3.144533038139343262e-01 -2.611309885978698730e-01 1.494238227605819702e-01
2.900204956531524658e-01 -3.274559378623962402e-01 6.403822451829910278e-02
3.161524534225463867e-01 -3.446629345417022705e-01 -1.803565956652164459e-02
2.914876043796539307e-01 -3.369023799896240234e-01 -7.259878329932689667e-03
3.311811387538909912e-01 -3.682099282741546631e-01 4.426173865795135498e-02
3.774424195289611816e-01 -3.041185140609741211e-01 6.147264689207077026e-02
3.181709945201873779e-01 -3.061082661151885986e-01 9.508490562438964844e-02
3.068358898162841797e-01 -2.749506235122680664e-01 2.164874225854873657e-01
3.879663646221160889e-01 -3.201016187667846680e-01 2.070289701223373413e-01
4.324478209018707275e-01 -3.631469011306762695e-01 9.743539988994598389e-02
4.390776753425598145e-01 -3.723649680614471436e-01 1.294240355491638184e-01
4.602578878402709961e-01 -4.120060503482818604e-01 1.151454523205757141e-01
4.291869997978210449e-01 -3.878265023231506348e-01 -4.122420679777860641e-03
4.218767881393432617e-01 -3.802245259284973145e-01 -1.090331748127937317e-01
4.298441708087921143e-01 -2.967625558376312256e-01 -1.050500497221946716e-01
3.438374698162078857e-01 9.872359223663806915e-03 -1.272464245557785034e-01
3.566483855247497559e-01 1.529071033000946045e-01 -6.470923870801925659e-02
2.931358516216278076e-01 1.944779306650161743e-01 2.771440893411636353e-02
3.132169544696807861e-01 1.543435901403427124e-01 5.196641385555267334e-02
3.180438280105590820e-01 1.493738442659378052e-01 8.729147911071777344e-02
2.873353362083435059e-01 -4.000893607735633850e-02 1.110021695494651794e-01
2.212954759597778320e-01 -8.321972936391830444e-02 3.002823591232299805e-01
2.427603155374526978e-01 -4.453058168292045593e-02 4.359596371650695801e-01
2.787165343761444092e-01 -1.353402156382799149e-02 4.500807225704193115e-01
2.431027591228485107e-01 -5.221027135848999023e-02 4.534757137298583984e-01
2.253568470478057861e-01 -9.127253293991088867e-02 4.280577600002288818e-01
3.029696047306060791e-01 -1.040320619940757751e-01 3.815959095954895020e-01
2.998399436473846436e-01 -6.661868840456008911e-02 4.076027274131774902e-01
3.543539345264434814e-01 -1.057333592325448990e-02 4.192416369915008545e-01
4.070458412170410156e-01 -7.510154694318771362e-02 4.008248746395111084e-01
4.069279730319976807e-01 -1.261602491140365601e-01 2.993080019950866699e-01
4.548811018466949463e-01 -1.496984064579010010e-01 1.563545018434524536e-01
4.403946697711944580e-01 -1.764651089906692505e-01 1.198837310075759888e-01
4.620737135410308838e-01 -1.990762054920196533e-01 1.984887421131134033e-01
4.647020101547241211e-01 -1.961436420679092407e-01 7.760426402091979980e-02
4.991768002510070801e-01 -1.147534921765327454e-01 8.943167328834533691e-02
5.051656961441040039e-01 -1.859473139047622681e-01 9.603796899318695068e-02
5.079012513160705566e-01 -1.920653581619262695e-01 1.104338392615318298e-01
4.943553507328033447e-01 -1.743693947792053223e-01 1.340613663196563721e-01
4.964405000209808350e-01 -1.292665004730224609e-01 2.126085013151168823e-01
4.639903604984283447e-01 -1.834541559219360352e-01 2.680401206016540527e-01
4.658435583114624023e-01 -1.523269861936569214e-01 2.899902164936065674e-01
4.265824258327484131e-01 -1.511361151933670044e-01 2.700537145137786865e-01
4.163872897624969482e-01 -9.894451498985290527e-02 1.877639889717102051e-01
3.673405051231384277e-01 -7.686114311218261719e-02 1.649280190467834473e-01
2.454115003347396851e-01 -1.149325668811798096e-01 2.756222188472747803e-01
1.951322853565216064e-01 -1.479918658733367920e-01 3.743083775043487549e-01
2.638386748731136322e-02 -6.275126338005065918e-02 4.378641247749328613e-01
9.636566787958145142e-02 -1.210412103682756424e-02 4.672698676586151123e-01
1.989119797945022583e-01 4.308445006608963013e-02 4.769051969051361084e-01
2.548166215419769287e-01 5.809939280152320862e-02 4.656009376049041748e-01
2.675186395645141602e-01 3.384583070874214172e-02 4.585771560668945312e-01
2.672439217567443848e-01 8.360983431339263916e-02 4.751303493976593018e-01
3.718524873256683350e-01 5.429580062627792358e-02 4.605604708194732666e-01
3.633939325809478760e-01 2.036837860941886902e-02 4.386955499649047852e-01
3.743383288383483887e-01 3.707205876708030701e-02 4.129425287246704102e-01
4.154666066169738770e-01 1.372496932744979858e-01 3.133138716220855713e-01
4.212902486324310303e-01 6.274767965078353882e-02 3.260798454284667969e-01
3.981515169143676758e-01 9.456820785999298096e-02 4.055131971836090088e-01
4.089366793632507324e-01 1.106878072023391724e-01 3.980223834514617920e-01
4.182451665401458740e-01 1.093770563602447510e-01 3.996198475360870361e-01
4.411691129207611084e-01 1.123576834797859192e-01 3.659680187702178955e-01
4.063515365123748779e-01 4.321717470884323120e-02 4.152155220508575439e-01
4.003338813781738281e-01 3.205977752804756165e-02 3.842230737209320068e-01
3.419496119022369385e-01 -4.313382878899574280e-02 3.981629312038421631e-01
3.294304609298706055e-01 5.361526273190975189e-03 3.783610761165618896e-01
3.662025928497314453e-01 1.341931987553834915e-02 3.678551018238067627e-01
3.524772524833679199e-01 1.187768392264842987e-02 3.613989055156707764e-01
3.373908102512359619e-01 -1.549794687889516354e-03 3.783743083477020264e-01
3.144623935222625732e-01 2.167706750333309174e-02 3.626632392406463623e-01
2.793779671192169189e-01 1.737762093544006348e-01 2.839331030845642090e-01
3.475540876388549805e-01 2.668153345584869385e-01 1.014447659254074097e-01
3.376740813255310059e-01 2.903994321823120117e-01 6.243617460131645203e-02
3.364658951759338379e-01 2.925608754158020020e-01 9.567134827375411987e-02
3.359984159469604492e-01 3.361173570156097412e-01 1.148554980754852295e-01
3.237350583076477051e-01 3.438607752323150635e-01 1.194808483123779297e-01
3.418774604797363281e-01 3.018853664398193359e-01 8.945772051811218262e-02
5.331537723541259766e-01 4.475747048854827881e-02 1.428211107850074768e-02
5.319219827651977539e-01 -2.426608055830001831e-01 -8.244951814413070679e-02
4.840825200080871582e-01 -2.871260046958923340e-01 -5.246679857373237610e-02
4.455090463161468506e-01 -3.507618904113769531e-01 -4.375885426998138428e-02
4.494383633136749268e-01 -3.441083729267120361e-01 2.483787387609481812e-02
4.647523164749145508e-01 -3.178342580795288086e-01 -9.679544717073440552e-02
4.638805985450744629e-01 -3.290266990661621094e-01 -1.189838349819183350e-01
4.580706655979156494e-01 -3.023500740528106689e-01 -1.433802843093872070e-01
4.620347321033477783e-01 -4.988844990730285645e-01 -1.057297438383102417e-01
5.031569600105285645e-01 -4.221614301204681396e-01 -2.157609909772872925e-01
5.498148798942565918e-01 -3.227320611476898193e-01 -1.808006465435028076e-01
5.591270327568054199e-01 -3.340535163879394531e-01 -1.738478690385818481e-01
5.666545629501342773e-01 -2.951780855655670166e-01 -7.267558574676513672e-02
5.170706510543823242e-01 -2.991243898868560791e-01 -1.522336304187774658e-01
4.088145494461059570e-01 -1.550998389720916748e-01 -1.098246276378631592e-01
