-1.750685870647430420e-01 -3.768798336386680603e-02 -9.972582757472991943e-02
-2.656751573085784912e-01 -9.338507801294326782e-02 -2.049102485179901123e-01
-2.187062650918960571e-01 -1.125977933406829834e-01 -2.621491849422454834e-01
-3.613242181017994881e-03 -6.860262155532836914e-02 -2.017703503370285034e-01
1.660328209400177002e-01 3.647621348500251770e-02 -1.280531883239746094e-01
2.520481944084167480e-01 8.769513666629791260e-02 -2.020753920078277588e-02
1.543615013360977173e-01 9.896827489137649536e-02 2.385247871279716492e-02
4.467842634767293930e-03 3.634247556328773499e-02 -1.689693517982959747e-02
-5.317736417055130005e-02 -1.373275090008974075e-02 -2.961930818855762482e-03
-7.860235869884490967e-02 -5.526519566774368286e-02 -6.494610756635665894e-02
-3.090891242027282715e-02 -1.320571452379226685e-01 -1.142140179872512817e-01
1.774120144546031952e-02 -5.440914630889892578e-02 -7.700399309396743774e-02
8.238693117164075375e-04 2.773445844650268555e-02 -1.958498731255531311e-02
-2.461068332195281982e-02 1.186688691377639771e-01 -9.638752788305282593e-03
-6.150978803634643555e-02 1.734495162963867188e-01 -2.563120052218437195e-02
-1.189576014876365662e-01 6.114758178591728210e-02 -1.226691678166389465e-01
-7.572343200445175171e-02 3.410379216074943542e-02 -9.782632440328598022e-02
-4.319883137941360474e-02 -1.137540955096483231e-02 2.552240900695323944e-02
-1.496589859016239643e-03 -7.601608335971832275e-02 7.049913704395294189e-02
2.811220847070217133e-02 -1.271552294492721558e-01 1.190496012568473816e-01
7.104824483394622803e-02 -1.667524278163909912e-01 6.095686554908752441e-02
1.720587611198425293e-01 -7.291664183139801025e-02 -2.468701265752315521e-02
2.459851950407028198e-01 7.891160249710083008e-02 -8.539729565382003784e-02
3.416081368923187256e-01 1.623593270778656006e-01 -1.621765792369842529e-01
3.725759983062744141e-01 -1.499080359935760498e-01 -5.586476996541023254e-02
1.258659809827804565e-01 -1.727993637323379517e-01 2.410151511430740356e-01
-3.275385797023773193e-01 2.724268473684787750e-02 3.682736456394195557e-01
-5.578241348266601562e-01 4.109512865543365479e-01 2.593057751655578613e-01
-5.249522924423217773e-01 6.304327249526977539e-01 -3.269586712121963501e-03
-1.648554578423500061e-02 3.455765247344970703e-01 -2.427454590797424316e-01
2.266407907009124756e-01 -2.266012430191040039e-01 -1.036186218261718750e-01
5.266470089554786682e-02 -4.722218215465545654e-01 1.320061683654785156e-01
-2.949748635292053223e-01 -4.056195914745330811e-01 2.187332361936569214e-01
-4.136821329593658447e-01 -8.568678796291351318e-02 1.139880940318107605e-01
-1.344731748104095459e-01 7.009076327085494995e-02 -1.087140068411827087e-01
1.913014352321624756e-01 -3.305435553193092346e-02 -2.497784644365310669e-01
3.402002453804016113e-01 -1.242961063981056213e-01 -2.862836122512817383e-01
3.620863556861877441e-01 -1.523854434490203857e-01 -2.617096006870269775e-01
2.640581130981445312e-01 -1.009519547224044800e-01 -2.214870750904083252e-01
1.796254366636276245e-01 2.728520706295967102e-02 -1.198248788714408875e-01
-3.569710301235318184e-03 4.575841501355171204e-02 2.258517965674400330e-02
-1.492682546377182007e-01 8.888794481754302979e-02 1.671068370342254639e-01
-2.014276534318923950e-01 1.031766757369041443e-01 2.232424020767211914e-01
-2.355882972478866577e-01 5.841612815856933594e-02 1.952744573354721069e-01
-1.250136643648147583e-01 -1.400855649262666702e-02 1.395774483680725098e-01
1.319984067231416702e-02 -1.127181872725486755e-01 7.542479038238525391e-02
1.071175336837768555e-01 -1.350573897361755371e-01 5.530476197600364685e-02
1.278478801250457764e-01 -1.344469636678695679e-01 -5.246621090918779373e-03
5.284345149993896484e-02 -1.230013146996498108e-01 -9.908897429704666138e-02
4.554672911763191223e-02 -7.012513279914855957e-02 -1.553908586502075195e-01
9.616338461637496948e-02 -6.603693962097167969e-02 -1.844883561134338379e-01
1.904090344905853271e-01 -5.692440271377563477e-02 -5.310794711112976074e-02
2.459743171930313110e-01 -2.304904162883758545e-03 2.076847702264785767e-01
2.485143393278121948e-01 9.483589977025985718e-02 3.859345316886901855e-01
1.482893377542495728e-01 1.882358938455581665e-01 3.919238448143005371e-01
-1.451050341129302979e-01 2.388322204351425171e-01 1.056128367781639099e-01
-3.291156589984893799e-01 1.893066465854644775e-01 -3.188323974609375000e-01
-3.833676278591156006e-01 1.854365468025207520e-01 -4.927175045013427734e-01
-3.557798862457275391e-01 2.803528606891632080e-01 -4.664494097232818604e-01
-2.200609892606735229e-01 2.985542118549346924e-01 -2.346397787332534790e-01
-7.875343412160873413e-02 1.444813162088394165e-01 1.196450144052505493e-01
2.511837892234325409e-02 -1.361912935972213745e-01 1.967585980892181396e-01
1.526554077863693237e-01 -3.286852240562438965e-01 6.233398616313934326e-02
1.459224820137023926e-01 -3.539063334465026855e-01 -9.067237377166748047e-02
5.723959207534790039e-02 -2.571622431278228760e-01 -6.329979002475738525e-02
-4.453816264867782593e-02 -1.166493520140647888e-01 1.111480221152305603e-01
-1.286442279815673828e-01 -4.638459905982017517e-02 1.383876651525497437e-01
-1.411173492670059204e-01 -1.357156783342361450e-01 2.358311600983142853e-02
-6.046201661229133606e-02 -2.318225204944610596e-01 -1.831768304109573364e-01
9.059806168079376221e-02 -1.647565960884094238e-01 -1.940162926912307739e-01
2.077853083610534668e-01 2.626056782901287079e-02 -5.723284929990768433e-02
2.147839516401290894e-01 2.564566135406494141e-01 6.627410650253295898e-02
1.053292602300643921e-01 2.788405418395996094e-01 1.752780079841613770e-01
1.130718388594686985e-03 1.310176551342010498e-01 1.274413913488388062e-01
-2.637900598347187042e-02 5.355183407664299011e-02 1.034630313515663147e-01
-1.578146824613213539e-03 1.386991608887910843e-02 7.169944047927856445e-02
-1.610799506306648254e-02 6.682358682155609131e-02 1.110402960330247879e-02
-2.087603136897087097e-02 7.203235477209091187e-02 2.876978181302547455e-02
3.614580258727073669e-02 -1.895562000572681427e-02 3.457794710993766785e-02
2.151067703962326050e-01 -6.702821701765060425e-02 6.414373964071273804e-02
3.978816270828247070e-01 -5.335697904229164124e-02 1.013823822140693665e-01
4.274853169918060303e-01 6.450346857309341431e-02 3.812280669808387756e-02
2.797587811946868896e-01 2.331091910600662231e-01 -6.717552989721298218e-02
-5.969956889748573303e-02 3.097540736198425293e-01 -2.045200914144515991e-01
-3.793985545635223389e-01 2.048700153827667236e-01 -2.502944469451904297e-01
-4.605464935302734375e-01 -7.608171552419662476e-02 -1.347795426845550537e-01
-3.976521492004394531e-01 -3.174670636653900146e-01 5.329441651701927185e-02
-3.025020658969879150e-01 -3.827778697013854980e-01 1.666025817394256592e-01
-2.186569273471832275e-01 -1.774150431156158447e-01 7.004211843013763428e-02
-1.463857740163803101e-01 1.002122685313224792e-01 -5.161640420556068420e-02
-6.409927457571029663e-02 1.530081033706665039e-01 -9.401982277631759644e-02
2.294269390404224396e-02 2.570260316133499146e-02 -9.751449339091777802e-03
9.595012664794921875e-02 -2.555412352085113525e-01 9.970200061798095703e-02
1.869296282529830933e-01 -3.096133470535278320e-01 1.007089689373970032e-01
2.255794852972030640e-01 -1.720662713050842285e-01 1.205836161971092224e-01
1.550020724534988403e-01 2.935892529785633087e-02 2.013508416712284088e-02
-1.848963787779211998e-03 2.762119770050048828e-01 -1.228103563189506531e-01
-1.492089033126831055e-01 2.916322648525238037e-01 -1.714014112949371338e-01
-1.426584720611572266e-01 2.352075278759002686e-01 -2.087617069482803345e-01
3.740276396274566650e-02 1.125203818082809448e-01 -7.807492464780807495e-02
1.957526654005050659e-01 -7.190243154764175415e-02 -1.082211080938577652e-02
2.071609497070312500e-01 -1.570906639099121094e-01 -6.483459472656250000e-02
1.004201769828796387e-01 -1.653278917074203491e-01 -7.843660190701484680e-03
-7.623147219419479370e-02 -5.204508826136589050e-02 2.285534143447875977e-02
-1.354449689388275146e-01 7.188341021537780762e-02 1.218145191669464111e-01
-8.030290901660919189e-02 1.083790808916091919e-01 1.434995234012603760e-01
5.194172263145446777e-02 4.423430562019348145e-02 9.656983613967895508e-02
1.986975818872451782e-01 -1.602340787649154663e-01 1.144474595785140991e-01
2.107431441545486450e-01 -3.522030711174011230e-01 1.030409634113311768e-01
1.198678165674209595e-01 -4.055055379867553711e-01 8.963692188262939453e-02
-4.308763146400451660e-02 -2.849472165107727051e-01 3.134075552225112915e-03
-1.915447413921356201e-01 8.787477016448974609e-02 -6.479039788246154785e-02
-2.178165614604949951e-01 3.595141768455505371e-01 -1.090186610817909241e-01
-2.813155055046081543e-01 3.430376946926116943e-01 -2.117937803268432617e-01
-2.404379099607467651e-01 2.194791883230209351e-01 -3.281063437461853027e-01
-1.253841668367385864e-01 1.038525849580764771e-01 -4.002298116683959961e-01
1.065755337476730347e-01 1.301861256361007690e-01 -3.212711513042449951e-01
3.801103234291076660e-01 1.726911067962646484e-01 6.696798955090343952e-04
3.126046657562255859e-01 4.256782680749893188e-02 2.618869543075561523e-01
7.784517854452133179e-02 -8.348744362592697144e-02 2.840860784053802490e-01
-1.396455913782119751e-01 -1.702874153852462769e-01 1.647920608520507812e-01
-1.526399999856948853e-01 -1.658802032470703125e-01 9.968122467398643494e-04
2.135278843343257904e-02 -8.391466736793518066e-02 -9.160544723272323608e-03
1.280814260244369507e-01 -4.661724343895912170e-02 1.324999928474426270e-01
1.232735365629196167e-01 -2.771131321787834167e-02 2.152736634016036987e-01
-2.721743471920490265e-02 -5.653201043605804443e-02 2.773636579513549805e-01
-1.507752686738967896e-01 -9.210014343261718750e-02 2.597338259220123291e-01
-1.506888121366500854e-01 -8.886723965406417847e-02 9.240349382162094116e-02
-2.294199541211128235e-02 -3.008284047245979309e-02 -4.386058449745178223e-02
1.551776975393295288e-01 8.242912590503692627e-02 -2.030535638332366943e-01
1.911909878253936768e-01 1.194765195250511169e-01 -2.317516356706619263e-01
1.223919168114662170e-01 1.007648184895515442e-01 -1.535682529211044312e-01
