-1.455015838146209717e-01 3.773895204067230225e-01 2.514299377799034119e-02
-4.026558995246887207e-02 3.139282464981079102e-01 1.189486086368560791e-01
1.322287470102310181e-01 2.136193364858627319e-01 1.851398050785064697e-01
2.285281866788864136e-01 4.620480537414550781e-02 2.009414732456207275e-01
1.598441004753112793e-01 -1.008009165525436401e-02 1.428637951612472534e-01
-3.463342040777206421e-02 1.220470219850540161e-01 8.257674425840377808e-02
-1.616491526365280151e-01 2.531993761658668518e-02 2.641266956925392151e-02
-2.175388187170028687e-01 4.002035781741142273e-02 -5.379132926464080811e-02
-2.529251575469970703e-01 8.537813276052474976e-02 -7.933700829744338989e-02
-1.692248731851577759e-01 5.875508487224578857e-02 -1.036885753273963928e-01
-8.226829767227172852e-02 3.368321806192398071e-02 -1.113766729831695557e-01
5.034003406763076782e-02 -2.299422398209571838e-02 -1.070552468299865723e-01
1.593101471662521362e-01 -6.746026128530502319e-02 -1.243915334343910217e-01
2.543416991829872131e-02 -3.210057690739631653e-02 -5.383344739675521851e-02
-7.849756628274917603e-02 -6.480999756604433060e-03 3.083884902298450470e-02
-1.299425065517425537e-01 -8.978716284036636353e-02 5.804101750254631042e-02
-1.392947286367416382e-01 -1.065191775560379028e-01 1.127715483307838440e-01
2.825569920241832733e-02 -2.083343267440795898e-01 6.907659769058227539e-02
-8.589214086532592773e-02 -1.259257942438125610e-01 1.104392632842063904e-01
-1.266556233167648315e-01 4.754744470119476318e-03 1.547099649906158447e-01
-7.047643512487411499e-02 -4.024765267968177795e-02 1.045234426856040955e-01
-1.566658262163400650e-03 1.456970628350973129e-02 3.300343081355094910e-02
-7.229268550872802734e-02 -9.995461441576480865e-04 -9.277505427598953247e-02
-2.090218961238861084e-01 -7.708823680877685547e-02 -1.560467034578323364e-01
-2.728426754474639893e-01 -1.709697395563125610e-01 -1.900196969509124756e-01
-3.196857571601867676e-01 -2.217726260423660278e-01 -3.102940320968627930e-01
1.533751189708709717e-01 1.459403708577156067e-02 -5.240257382392883301e-01
5.260203406214714050e-02 2.598652243614196777e-01 4.041415080428123474e-02
-2.102192938327789307e-01 1.747020930051803589e-01 4.892941117286682129e-01
-4.082162082195281982e-01 4.224614240229129791e-03 6.785827279090881348e-01
-5.653559565544128418e-01 -7.722705602645874023e-02 6.293705105781555176e-01
-3.566153347492218018e-01 -2.945231460034847260e-02 2.168527841567993164e-01
4.137793928384780884e-02 2.699540853500366211e-01 1.677433103322982788e-01
2.193229347467422485e-01 3.466198444366455078e-01 8.613058179616928101e-02
2.370172142982482910e-01 3.039455115795135498e-01 1.258629858493804932e-01
1.235523000359535217e-01 1.894033104181289673e-01 1.507743299007415771e-01
-2.887429855763912201e-02 7.273776084184646606e-02 8.799138665199279785e-02
1.373409032821655273e-01 1.684851711615920067e-03 5.852715671062469482e-02
3.953306004405021667e-02 -7.281902432441711426e-02 -4.062801599502563477e-02
-2.048560976982116699e-02 -1.502206176519393921e-01 -1.207285672426223755e-01
1.095569971948862076e-02 -1.965272575616836548e-01 -1.378757208585739136e-01
-2.685597166419029236e-02 -1.547324210405349731e-01 -1.361809074878692627e-01
-6.765506230294704437e-03 -4.326165094971656799e-02 -2.672175469342619181e-04
-1.542669534683227539e-02 5.385566502809524536e-02 7.219725847244262695e-02
-4.057588800787925720e-02 7.335176318883895874e-02 6.388717144727706909e-02
1.331855822354555130e-02 1.053830012679100037e-01 7.525320351123809814e-02
3.702998533844947815e-02 1.832900494337081909e-01 6.171631067991256714e-02
9.487722814083099365e-02 1.888331621885299683e-01 5.082692205905914307e-02
1.253973543643951416e-01 1.995418220758438110e-01 7.265985757112503052e-02
1.635882705450057983e-01 1.551859676837921143e-01 7.003803551197052002e-02
2.577016949653625488e-01 7.096624374389648438e-02 -2.347725071012973785e-02
2.260689586400985718e-01 5.434598308056592941e-03 -1.336669921875000000e-01
2.238412499427795410e-01 -4.473703354597091675e-02 -2.807230949401855469e-01
5.311334133148193359e-02 1.119476780295372009e-01 -4.940744340419769287e-01
-1.124358773231506348e-01 3.338977694511413574e-01 -5.028103590011596680e-01
-2.580704987049102783e-01 4.540418982505798340e-01 -4.338940083980560303e-01
-2.224553823471069336e-01 4.490980505943298340e-01 -2.774089276790618896e-01
3.358469903469085693e-02 2.123326063156127930e-01 4.375968500971794128e-02
9.278068691492080688e-02 -1.584404855966567993e-01 2.311221063137054443e-01
8.308590389788150787e-03 -3.518694639205932617e-01 4.092767536640167236e-01
-1.129494532942771912e-01 -3.585272431373596191e-01 4.952003359794616699e-01
-2.027798891067504883e-01 -2.188130766153335571e-01 4.622010588645935059e-01
-2.117557972669601440e-01 -5.181250348687171936e-02 2.961884438991546631e-01
-8.798091858625411987e-02 -1.123454049229621887e-01 1.131635010242462158e-01
3.438397124409675598e-02 -1.927524358034133911e-01 1.971130259335041046e-02
1.558087766170501709e-01 -1.836330592632293701e-01 -1.329828612506389618e-02
1.649212092161178589e-01 -2.115845493972301483e-02 5.279129371047019958e-03
1.462185531854629517e-01 7.871515303850173950e-02 5.622936412692070007e-02
2.044537961483001709e-01 -2.402493357658386230e-02 1.372743863612413406e-02
3.849177658557891846e-01 -5.395067110657691956e-02 -3.167526423931121826e-02
4.338264763355255127e-01 -1.886427402496337891e-01 -1.087960004806518555e-01
2.568986713886260986e-01 -1.213942095637321472e-01 -7.985898107290267944e-02
1.182313039898872375e-01 -8.557990938425064087e-02 4.917170736007392406e-04
-1.540206000208854675e-02 -6.062913686037063599e-02 6.350269913673400879e-02
-7.494365423917770386e-02 5.893072858452796936e-02 5.773271620273590088e-02
-1.576687954366207123e-02 4.445209354162216187e-02 1.526140421628952026e-02
-9.715397655963897705e-02 7.543110847473144531e-02 6.722588837146759033e-02
-8.892834186553955078e-02 6.207812204957008362e-02 5.632921308279037476e-02
1.794791966676712036e-02 -3.711404511705040932e-03 5.637400597333908081e-02
-7.621725555509328842e-03 3.943287208676338196e-02 -4.533900879323482513e-03
-3.303988277912139893e-02 8.635847270488739014e-02 -9.757474809885025024e-02
-1.745750606060028076e-01 1.599436253309249878e-01 -2.728340029716491699e-01
-3.629837036132812500e-01 2.614453732967376709e-01 -3.353213071823120117e-01
-4.429269731044769287e-01 1.710347980260848999e-01 -2.562997639179229736e-01
-4.622372984886169434e-01 2.179096452891826630e-02 -9.349655359983444214e-02
-3.631036281585693359e-01 -1.725670993328094482e-01 7.974749803543090820e-02
-1.660763323307037354e-01 -1.969894468784332275e-01 1.181914508342742920e-01
1.029557138681411743e-01 -6.529922783374786377e-02 1.872058585286140442e-02
2.627241313457489014e-01 6.474041193723678589e-02 2.593533881008625031e-02
2.957825958728790283e-01 5.255703255534172058e-02 9.812312573194503784e-02
9.938754141330718994e-02 -5.985776335000991821e-02 2.334501892328262329e-01
-4.631574824452400208e-02 -2.773879468441009521e-02 3.026928007602691650e-01
1.785747823305428028e-03 -2.007687278091907501e-02 2.023036628961563110e-01
-1.295494101941585541e-02 7.471051067113876343e-02 1.055138930678367615e-01
1.741285473108291626e-01 1.519388109445571899e-01 -1.414494365453720093e-01
1.806220561265945435e-01 1.353480964899063110e-01 -1.953326016664505005e-01
1.085016280412673950e-01 2.022414356470108032e-01 -1.279365122318267822e-01
1.642695516347885132e-01 3.576936572790145874e-02 -4.809939488768577576e-02
1.214972287416458130e-01 -1.366793662309646606e-01 1.542159467935562134e-01
6.955018732696771622e-03 -7.965838164091110229e-02 2.065748721361160278e-01
-6.325312703847885132e-02 -1.116885021328926086e-01 2.297575324773788452e-01
-1.645576655864715576e-01 -3.479122743010520935e-02 1.231972649693489075e-01
-1.148192808032035828e-01 -1.125185862183570862e-01 -2.749008499085903168e-02
7.260117679834365845e-02 -2.126796841621398926e-01 -1.255202740430831909e-01
-1.612502965144813061e-03 -7.728243619203567505e-02 -1.115371659398078918e-01
-7.243306189775466919e-02 -2.978575974702835083e-02 -1.067949575372040272e-03
-1.518763154745101929e-01 6.828995048999786377e-02 4.176466166973114014e-02
-1.179167255759239197e-01 7.101042568683624268e-02 3.529594093561172485e-02
-9.002022445201873779e-02 1.430528312921524048e-01 -1.080820858478546143e-01
1.136050522327423096e-01 2.427266538143157959e-01 -3.401661813259124756e-01
2.749561667442321777e-01 2.569829225540161133e-01 -4.751255810260772705e-01
3.081758618354797363e-01 2.258780747652053833e-01 -4.514486789703369141e-01
2.645145952701568604e-01 1.359481811523437500e-01 -3.337937295436859131e-01
7.400377094745635986e-02 1.091448590159416199e-01 -1.315672397613525391e-01
-2.507706731557846069e-02 4.119637981057167053e-02 1.161711663007736206e-02
1.774505078792572021e-01 -1.843358129262924194e-01 2.445531785488128662e-01
1.535727530717849731e-01 -3.518613576889038086e-01 4.066816568374633789e-01
5.728343501687049866e-02 -3.978269398212432861e-01 4.028583467006683350e-01
-7.941789925098419189e-02 -3.555075824260711670e-01 2.779329419136047363e-01
-2.332514226436614990e-01 -1.759019047021865845e-01 9.773863106966018677e-02
-6.643887609243392944e-02 -7.387000322341918945e-02 -5.895395763218402863e-03
-2.963545545935630798e-02 -1.024145111441612244e-01 -3.007942438125610352e-02
-1.692279241979122162e-02 -1.109903007745742798e-01 -7.547942548990249634e-02
-7.090416550636291504e-02 -1.251244992017745972e-01 -1.394819561392068863e-02
-6.968936324119567871e-02 -5.901034548878669739e-02 -1.374911889433860779e-02
-1.208279579877853394e-01 1.477803438901901245e-01 -4.619614779949188232e-02
-1.810406297445297241e-01 1.944227069616317749e-01 -5.969939753413200378e-02
-2.173884399235248566e-02 3.008054494857788086e-01 -1.285805106163024902e-01
-3.513355180621147156e-02 3.526218831539154053e-01 -1.012692749500274658e-01
9.291580319404602051e-02 2.668589055538177490e-01 -1.909663528203964233e-01
1.050621271133422852e-01 2.194572985172271729e-01 -2.108750641345977783e-01
1.564748957753181458e-02 6.291187554597854614e-02 -1.666312813758850098e-01
