2.393003106117248535e-01 -4.108081758022308350e-01 2.701023779809474945e-02
3.422522842884063721e-01 -2.339124083518981934e-01 9.349694848060607910e-02
2.409069538116455078e-01 -1.142417266964912415e-01 2.219588309526443481e-01
1.478430628776550293e-01 -1.419755816459655762e-01 4.111151695251464844e-01
-1.656196415424346924e-01 9.892890602350234985e-02 2.922027111053466797e-01
-9.671824425458908081e-02 1.512222588062286377e-01 2.448577880859375000e-01
-1.246923580765724182e-01 9.898345917463302612e-02 1.431528329849243164e-01
-2.505562305450439453e-01 2.208228111267089844e-01 1.813102513551712036e-01
-4.232987463474273682e-01 2.482449859380722046e-01 2.439244650304317474e-02
-3.922068774700164795e-01 2.304251492023468018e-01 -2.006187438964843750e-01
-4.284830689430236816e-01 2.368609905242919922e-01 -3.081289231777191162e-01
-4.217587709426879883e-01 3.276546895503997803e-01 -3.988838195800781250e-01
-4.083578586578369141e-01 2.748701572418212891e-01 -4.485057890415191650e-01
-3.252376317977905273e-01 2.401192933320999146e-01 -4.805989265441894531e-01
-2.542000114917755127e-01 1.912374496459960938e-01 -5.047992467880249023e-01
-2.081147730350494385e-01 1.775448620319366455e-01 -6.142600774765014648e-01
-2.200235277414321899e-01 2.098614275455474854e-01 -5.589309334754943848e-01
-2.938073873519897461e-01 2.634466290473937988e-01 -5.656428933143615723e-01
-3.937009871006011963e-01 2.990799248218536377e-01 -5.151520967483520508e-01
-4.201305806636810303e-01 3.228996396064758301e-01 -5.251904726028442383e-01
-4.170491993427276611e-01 2.351172417402267456e-01 -5.312304496765136719e-01
-4.819778501987457275e-01 2.853120565414428711e-01 -4.404835999011993408e-01
-4.908457398414611816e-01 2.617090046405792236e-01 -3.855008780956268311e-01
-5.242137312889099121e-01 2.800996601581573486e-01 -2.821435630321502686e-01
-5.311203002929687500e-01 3.218548595905303955e-01 -1.350783705711364746e-01
-5.480619072914123535e-01 2.821751534938812256e-01 -4.622587934136390686e-02
-4.919220507144927979e-01 3.010114431381225586e-01 6.144612561911344528e-03
-4.632976353168487549e-01 3.071254789829254150e-01 9.181498736143112183e-02
-3.974446654319763184e-01 3.059188127517700195e-01 4.932780191302299500e-02
-3.860301971435546875e-01 3.041012287139892578e-01 1.192483305931091309e-01
-2.169990241527557373e-01 3.961760997772216797e-01 1.458498686552047729e-01
-5.400471761822700500e-02 2.122510969638824463e-01 -1.039196401834487915e-01
-3.224596753716468811e-02 3.153369128704071045e-01 2.418952807784080505e-02
-3.356686234474182129e-01 4.137868583202362061e-01 1.287565976381301880e-01
-4.576820731163024902e-01 3.927455544471740723e-01 1.339460015296936035e-01
-4.902282357215881348e-01 4.009536504745483398e-01 1.191518157720565796e-01
-4.775116443634033203e-01 3.960293829441070557e-01 1.052980348467826843e-01
-5.087990164756774902e-01 3.653806746006011963e-01 1.197505369782447815e-01
-5.403342843055725098e-01 3.613439202308654785e-01 1.141994222998619080e-01
-5.354476571083068848e-01 3.793167769908905029e-01 1.702079027891159058e-01
-5.268983244895935059e-01 3.796876668930053711e-01 1.159140467643737793e-01
-4.517308473587036133e-01 3.700410723686218262e-01 1.383014768362045288e-01
-3.706683218479156494e-01 2.847565114498138428e-01 1.966734379529953003e-01
-2.847664356231689453e-01 2.967061102390289307e-01 2.827845215797424316e-01
-2.112208306789398193e-01 2.723180353641510010e-01 2.968886494636535645e-01
-3.785963654518127441e-01 2.256700694561004639e-01 1.734998375177383423e-01
-2.515313923358917236e-01 2.391850054264068604e-01 -5.024970974773168564e-03
-2.423628568649291992e-01 1.376526057720184326e-01 -3.141328319907188416e-02
-2.013106197118759155e-01 2.279926836490631104e-01 -8.324586600065231323e-02
-2.578574419021606445e-01 1.751775890588760376e-01 -2.048549801111221313e-01
-2.321072220802307129e-01 1.467264443635940552e-01 -2.595504820346832275e-01
-2.600688040256500244e-01 6.888312846422195435e-02 -3.056762516498565674e-01
-5.730217099189758301e-01 -2.337327226996421814e-02 2.625398933887481689e-01
-4.590806961059570312e-01 2.210203930735588074e-02 3.481979072093963623e-01
-1.919019967317581177e-01 1.704122424125671387e-01 3.910569548606872559e-01
-2.956708669662475586e-01 2.506583333015441895e-01 2.916485667228698730e-01
-3.742114603519439697e-01 2.947232425212860107e-01 1.884003579616546631e-01
-3.228337764739990234e-01 2.205097228288650513e-01 4.947499930858612061e-02
-3.479168117046356201e-01 2.579741775989532471e-01 -1.951462775468826294e-02
-4.277061820030212402e-01 2.661239504814147949e-01 1.354487389326095581e-01
-4.371383786201477051e-01 3.351356983184814453e-01 2.060689330101013184e-01
-3.436840772628784180e-01 2.471539527177810669e-01 3.275018632411956787e-01
-1.829132735729217529e-01 2.026666849851608276e-01 4.029492735862731934e-01
-6.507495045661926270e-02 1.538125723600387573e-01 3.480431139469146729e-01
-2.565750293433666229e-02 2.807230688631534576e-02 2.736736238002777100e-01
7.286036759614944458e-02 -9.827363491058349609e-02 3.626695275306701660e-01
1.914610564708709717e-01 -2.124996930360794067e-01 3.962212502956390381e-01
2.810473144054412842e-01 -3.511016964912414551e-01 2.508843839168548584e-01
2.901077270507812500e-01 -4.170711040496826172e-01 8.373153954744338989e-02
3.625524342060089111e-01 -4.404719173908233643e-01 -2.791447006165981293e-02
3.436256051063537598e-01 -4.713380336761474609e-01 -7.091157883405685425e-02
2.850486934185028076e-01 -4.671534299850463867e-01 -7.794200628995895386e-02
3.002082705497741699e-01 -5.394262671470642090e-01 -1.061640381813049316e-01
3.020943105220794678e-01 -5.114262104034423828e-01 -1.442520916461944580e-01
2.702129781246185303e-01 -4.517172574996948242e-01 -8.988003432750701904e-02
2.337205708026885986e-01 -4.360999166965484619e-01 4.421722516417503357e-02
2.331932932138442993e-01 -4.526886641979217529e-01 1.039237156510353088e-02
1.236242875456809998e-01 -4.430924654006958008e-01 -3.266729786992073059e-02
6.769150495529174805e-02 -4.208030998706817627e-01 -4.056796431541442871e-03
1.524900346994400024e-01 -4.007194042205810547e-01 -2.320906892418861389e-02
2.488587796688079834e-01 -4.415784180164337158e-01 -1.894228458404541016e-01
2.612310349941253662e-01 -4.389167129993438721e-01 -1.766498684883117676e-01
3.238977789878845215e-01 -4.382284283638000488e-01 -5.436217039823532104e-02
4.034100472927093506e-01 -4.484015405178070068e-01 8.593405800638720393e-05
4.920351207256317139e-01 -4.627150893211364746e-01 -4.159682244062423706e-02
4.748193025588989258e-01 -4.294722676277160645e-01 -1.836815178394317627e-01
4.565294981002807617e-01 -2.962478101253509521e-01 2.414702437818050385e-02
4.397635459899902344e-01 -2.103342860937118530e-01 5.315030366182327271e-02
3.723253607749938965e-01 -9.195514768362045288e-02 1.569647043943405151e-01
1.629642248153686523e-01 8.512158691883087158e-02 1.950481384992599487e-01
-3.860870376229286194e-02 2.867821156978607178e-01 2.757518291473388672e-01
-8.579476177692413330e-02 3.141148984432220459e-01 1.038081347942352295e-01
-1.424417793750762939e-01 2.844298481941223145e-01 -1.301208585500717163e-01
-1.735863834619522095e-01 2.387702912092208862e-01 -3.096483349800109863e-01
-1.154411211609840393e-01 2.526104450225830078e-01 -4.160751998424530029e-01
-6.921368837356567383e-02 1.726987659931182861e-01 -5.131468772888183594e-01
1.446854043751955032e-02 1.965449601411819458e-01 -4.825786650180816650e-01
7.237119972705841064e-02 1.138535514473915100e-01 -5.263493061065673828e-01
1.224488168954849243e-01 7.326570898294448853e-02 -5.276485085487365723e-01
1.584679335355758667e-01 8.154551684856414795e-02 -5.919881463050842285e-01
2.264900803565979004e-01 7.431325316429138184e-02 -6.055259704589843750e-01
1.500144898891448975e-01 2.119609266519546509e-01 -6.521859765052795410e-01
7.478563487529754639e-02 2.557987272739410400e-01 -5.266745090484619141e-01
