1.291706413030624390e-01 4.989657551050186157e-02 4.352288693189620972e-02
2.928512692451477051e-01 -1.624690294265747070e-01 6.398307532072067261e-02
3.502182662487030029e-01 -4.022917449474334717e-01 2.360813505947589874e-02
2.547229826450347900e-01 -5.074208378791809082e-01 -8.511643856763839722e-02
4.039609432220458984e-02 -2.940292656421661377e-01 -1.638398319482803345e-01
-1.051315814256668091e-01 -6.321357190608978271e-02 -2.675718367099761963e-01
-1.230275928974151611e-01 6.420287489891052246e-02 -3.027680814266204834e-01
-8.279573172330856323e-02 3.157678246498107910e-02 -2.492201030254364014e-01
-6.398317217826843262e-02 -2.383504994213581085e-03 -8.530699461698532104e-02
1.963102025911211967e-03 1.351153701543807983e-01 1.447783112525939941e-01
-4.321236629039049149e-03 1.785967350006103516e-01 2.881907522678375244e-01
-1.129993870854377747e-01 9.751696139574050903e-02 2.667160630226135254e-01
-2.239090055227279663e-01 -4.304466396570205688e-02 1.624497324228286743e-01
-1.931614130735397339e-01 -6.093661114573478699e-02 -2.375274430960416794e-03
5.656082183122634888e-02 1.241786479949951172e-01 -7.562760263681411743e-02
2.775725722312927246e-01 2.866078019142150879e-01 -1.051209983415901661e-03
2.383034527301788330e-01 1.989780515432357788e-01 -3.757945820689201355e-02
1.214419119060039520e-02 7.981172949075698853e-02 -5.693285912275314331e-02
-1.631339639425277710e-01 1.444078888744115829e-02 -5.260282754898071289e-02
-1.157305538654327393e-01 1.073650345206260681e-01 6.085285544395446777e-02
-4.960086196660995483e-02 2.022573649883270264e-01 2.595208585262298584e-01
-4.026626423001289368e-02 8.366255462169647217e-02 3.050406873226165771e-01
-1.092513501644134521e-01 -4.099687561392784119e-02 2.672051489353179932e-01
-1.452207565307617188e-01 -1.508153080940246582e-01 1.720914393663406372e-01
-5.161336436867713928e-02 -2.222932279109954834e-01 7.636610418558120728e-02
-1.782412081956863403e-02 -2.180738449096679688e-01 9.544439613819122314e-03
3.311674296855926514e-02 -1.847910135984420776e-01 -2.731845341622829437e-02
2.631419710814952850e-02 -2.901628315448760986e-01 -8.218228816986083984e-03
5.678163468837738037e-02 -2.568866312503814697e-01 3.173005953431129456e-02
1.156446263194084167e-01 -1.500918269157409668e-01 -6.205171719193458557e-02
1.133255884051322937e-01 1.829694062471389771e-01 -3.335618972778320312e-01
1.100935861468315125e-01 4.714267849922180176e-01 -4.281351268291473389e-01
1.490648929029703140e-02 3.043962419033050537e-01 -3.929425776004791260e-01
-4.018940404057502747e-02 -2.092275582253932953e-02 -1.552933901548385620e-01
3.754803165793418884e-02 -2.444630712270736694e-01 2.044293433427810669e-01
4.609092697501182556e-02 -1.783374845981597900e-01 2.453011125326156616e-01
1.266205962747335434e-02 1.378416270017623901e-01 1.634102761745452881e-01
-1.202484741806983948e-01 2.175935059785842896e-01 6.185585260391235352e-02
-2.865816950798034668e-01 8.738841116428375244e-02 6.898538768291473389e-02
-2.662174701690673828e-01 -8.008136413991451263e-03 1.192780435085296631e-01
-1.708953529596328735e-01 -1.944878324866294861e-02 1.496983468532562256e-01
1.159585416316986084e-01 -8.158568292856216431e-02 1.274476647377014160e-01
3.637687861919403076e-01 -2.314331233501434326e-01 1.223187446594238281e-01
3.859682083129882812e-01 -4.243072569370269775e-01 9.853965789079666138e-02
2.307186573743820190e-01 -4.500140845775604248e-01 3.389786556363105774e-02
-1.160192340612411499e-01 -2.312206476926803589e-01 -1.058846935629844666e-01
-1.690036803483963013e-01 1.135893836617469788e-01 -2.426319271326065063e-01
-8.299351483583450317e-02 2.668727636337280273e-01 -2.767846286296844482e-01
-1.264849305152893066e-01 3.581913411617279053e-01 -2.941137552261352539e-01
-2.178612947463989258e-01 4.678715169429779053e-01 -2.443334460258483887e-01
-3.430372178554534912e-01 5.069835782051086426e-01 -1.013444587588310242e-01
-2.447977215051651001e-01 4.294525682926177979e-01 1.185919344425201416e-01
3.272540494799613953e-02 -2.950892783701419830e-02 2.244549989700317383e-01
1.394523382186889648e-01 -4.250030517578125000e-01 4.163540154695510864e-02
1.669393032789230347e-01 -4.812976121902465820e-01 -2.575547695159912109e-01
1.450986862182617188e-01 -2.821979522705078125e-01 -2.815157473087310791e-01
1.568634808063507080e-01 7.673552632331848145e-02 -4.280182346701622009e-02
1.725822389125823975e-01 3.251505196094512939e-01 2.762954831123352051e-01
-3.064139001071453094e-02 3.744058907032012939e-01 3.845572471618652344e-01
-2.479811310768127441e-01 1.723686158657073975e-01 2.985705733299255371e-01
-3.828245997428894043e-01 -9.576754271984100342e-02 5.155162140727043152e-02
-3.093030154705047607e-01 -2.898629009723663330e-01 -1.291089951992034912e-01
-6.363831460475921631e-02 -2.573302686214447021e-01 -1.732370257377624512e-01
1.362231522798538208e-01 -9.509835392236709595e-02 -8.312499523162841797e-02
2.853836715221405029e-01 -6.009551510214805603e-02 3.307925164699554443e-02
3.202004134654998779e-01 -1.811348795890808105e-01 7.557355333119630814e-03
3.095833361148834229e-01 -3.278994560241699219e-01 -4.634919762611389160e-02
2.476444989442825317e-01 -2.479780763387680054e-01 -7.785178720951080322e-02
1.134074851870536804e-01 2.248049341142177582e-02 -3.418875113129615784e-02
6.044244766235351562e-02 2.757727205753326416e-01 -3.114923648536205292e-02
6.231945753097534180e-02 3.409364521503448486e-01 -4.650450777262449265e-03
3.708525374531745911e-02 2.459259629249572754e-01 8.014810085296630859e-02
-2.801506407558917999e-02 1.365287303924560547e-01 1.293601393699645996e-01
-1.316857039928436279e-01 4.076333343982696533e-02 1.144196093082427979e-01
-1.149057373404502869e-01 -6.202834099531173706e-02 -7.629663683474063873e-03
-4.628458991646766663e-02 -1.225480064749717712e-01 -1.141164079308509827e-01
-7.213630527257919312e-02 -1.768973767757415771e-01 -1.525733768939971924e-01
-1.596674472093582153e-01 -1.610656082630157471e-01 -1.113737002015113831e-01
-3.160381317138671875e-01 -1.057144477963447571e-01 -4.708674177527427673e-02
-3.642883896827697754e-01 4.264525137841701508e-03 3.856721147894859314e-02
-3.464497029781341553e-01 1.331925690174102783e-01 1.249492093920707703e-01
-2.663101851940155029e-01 3.915309533476829529e-02 2.912631444633007050e-02
-6.440541893243789673e-02 -7.848580181598663330e-02 -6.890619546175003052e-02
1.554389894008636475e-01 -1.549803167581558228e-01 -1.095036193728446960e-01
2.990391850471496582e-01 -2.896334044635295868e-02 -6.473752856254577637e-02
3.718272745609283447e-01 2.248944044113159180e-01 8.807498216629028320e-02
4.434421360492706299e-01 3.044452369213104248e-01 8.960822969675064087e-02
4.880024790763854980e-01 2.189982980489730835e-01 2.617548033595085144e-02
4.215333163738250732e-01 -4.859705641865730286e-02 -7.975923269987106323e-02
1.120890900492668152e-01 -2.882952392101287842e-01 -2.262259125709533691e-01
-2.440004348754882812e-01 -3.792367577552795410e-01 -3.230253458023071289e-01
-4.218892753124237061e-01 -2.264483571052551270e-01 -3.272415399551391602e-01
-4.993515610694885254e-01 3.338973969221115112e-02 -1.630737036466598511e-01
-4.196585416793823242e-01 2.062844634056091309e-01 7.729969918727874756e-02
-2.417819648981094360e-01 2.860075235366821289e-01 2.351984977722167969e-01
-8.569777011871337891e-02 9.626202285289764404e-02 2.672994732856750488e-01
6.383315473794937134e-02 -9.355285018682479858e-02 1.969953924417495728e-01
1.567362695932388306e-01 -1.970172524452209473e-01 1.660914570093154907e-01
2.953204810619354248e-01 -1.076519563794136047e-01 2.179049253463745117e-01
3.416754603385925293e-01 1.150908991694450378e-01 2.618533074855804443e-01
3.016589283943176270e-01 2.488117963075637817e-01 2.309923171997070312e-01
1.824879646301269531e-01 2.674603760242462158e-01 1.174278184771537781e-01
2.031608857214450836e-02 1.433262825012207031e-01 -1.592000015079975128e-03
