2.420788058634494502e-03
0.000000000000000000e+00
0.000000000000000000e+00
0.000000000000000000e+00
9.837719260908887875e-02
4.497849617525266977e-03
0.000000000000000000e+00
0.000000000000000000e+00
2.181053172924765290e-02
3.425930041466977022e-02
5.728061721424269719e-03
1.750319903525618002e-03
0.000000000000000000e+00
1.059854870697479051e-02
2.675828202177540222e-02
3.255647236888537660e-02
2.361290224367875237e-02
0.000000000000000000e+00
0.000000000000000000e+00
0.000000000000000000e+00
0.000000000000000000e+00
1.285751556511840208e-03
6.082240209449590526e-03
4.338671214627679885e-03
0.000000000000000000e+00
0.000000000000000000e+00
0.000000000000000000e+00
0.000000000000000000e+00
0.000000000000000000e+00
0.000000000000000000e+00
0.000000000000000000e+00
1.785510686880364614e-02
4.516453284456056760e-02
3.401058961145747572e-02
6.991970221480047105e-03
0.000000000000000000e+00
0.000000000000000000e+00
0.000000000000000000e+00
0.000000000000000000e+00
3.887441872408314587e-03
1.542992577698598352e-03
0.000000000000000000e+00
0.000000000000000000e+00
0.000000000000000000e+00
9.863269502415814710e-03
0.000000000000000000e+00
0.000000000000000000e+00
0.000000000000000000e+00
0.000000000000000000e+00
2.565963297571310364e-01
4.728937467210703183e-01
4.217476529166299115e-01
4.159733873015279970e-01
4.165793060703147921e-01
4.716372985275320562e-01
2.688746045630514558e-01
0.000000000000000000e+00
0.000000000000000000e+00
0.000000000000000000e+00
0.000000000000000000e+00
0.000000000000000000e+00
0.000000000000000000e+00
0.000000000000000000e+00
0.000000000000000000e+00
0.000000000000000000e+00
0.000000000000000000e+00
0.000000000000000000e+00
0.000000000000000000e+00
0.000000000000000000e+00
0.000000000000000000e+00
0.000000000000000000e+00
0.000000000000000000e+00
0.000000000000000000e+00
2.742066769359563505e-03
1.537046719218856938e-02
3.820564556457042849e-02
5.778691792281250017e-02
5.751470395596506441e-02
3.980924513746176424e-02
2.470004276389575412e-02
9.811067708369676857e-03
9.841850921700810370e-03
7.220349799642798196e-03
0.000000000000000000e+00
0.000000000000000000e+00
0.000000000000000000e+00
0.000000000000000000e+00
8.399941717736331484e-03
1.151588730129534527e-02
3.677457212147532475e-03
0.000000000000000000e+00
0.000000000000000000e+00
0.000000000000000000e+00
8.447253318656011353e-03
2.410346536878034060e-02
5.588431880086557058e-02
1.255264109736445588e-01
0.000000000000000000e+00
0.000000000000000000e+00
0.000000000000000000e+00
0.000000000000000000e+00
9.313291984511777588e-02
3.659118987923304922e-01
