1.076334342360496521e-01 4.099084809422492981e-02 -5.190244317054748535e-01
8.998408168554306030e-02 9.438160061836242676e-02 -5.167908072471618652e-01
-2.829986251890659332e-02 9.072910994291305542e-02 -4.980377852916717529e-01
-1.516065001487731934e-02 4.715517535805702209e-02 -5.606390237808227539e-01
2.551653981208801270e-02 6.681182980537414551e-02 -4.952019453048706055e-01
6.459988653659820557e-02 5.740936100482940674e-02 -4.343995451927185059e-01
1.036068871617317200e-01 4.104837402701377869e-02 -3.576559126377105713e-01
1.329997032880783081e-01 9.500544518232345581e-02 -3.808750808238983154e-01
2.070020884275436401e-01 3.230732306838035583e-02 -3.696664869785308838e-01
1.930906176567077637e-01 -1.305164769291877747e-02 -3.655538856983184814e-01
1.589689552783966064e-01 -1.223871018737554550e-02 -3.440443277359008789e-01
1.716142147779464722e-01 1.581228822469711304e-01 -2.061259001493453979e-01
2.406176477670669556e-01 1.679898202419281006e-01 -1.936800479888916016e-01
2.185264229774475098e-01 1.602358669042587280e-01 -2.577045261859893799e-01
1.502977907657623291e-01 2.479703426361083984e-01 -2.624398469924926758e-01
9.320283681154251099e-02 2.780381143093109131e-01 -2.284979224205017090e-01
6.415364891290664673e-02 2.880198359489440918e-01 -2.044629603624343872e-01
3.907238319516181946e-02 2.705993652343750000e-01 -2.808724641799926758e-01
-1.161457672715187073e-01 3.109139800071716309e-01 -3.147615790367126465e-01
-1.202907860279083252e-01 2.771883904933929443e-01 -3.284030556678771973e-01
-2.122808545827865601e-01 3.290525078773498535e-01 -3.394070565700531006e-01
-2.651202082633972168e-01 3.780146837234497070e-01 -3.717814981937408447e-01
-2.874951958656311035e-01 3.700175285339355469e-01 -4.173043966293334961e-01
-2.978473603725433350e-01 3.794214129447937012e-01 -4.233898520469665527e-01
-1.909120380878448486e-01 2.709690332412719727e-01 -4.195868074893951416e-01
-1.287331879138946533e-01 2.249494493007659912e-01 -3.209508061408996582e-01
-5.448983982205390930e-02 3.831527382135391235e-02 -3.517808318138122559e-01
-3.685193136334419250e-02 1.973826140165328979e-01 -2.501837313175201416e-01
5.292320251464843750e-02 2.512322664260864258e-01 -2.805851101875305176e-01
1.683087795972824097e-01 1.592676043510437012e-01 -2.405443936586380005e-01
4.257086664438247681e-03 7.326956093311309814e-02 -7.181064039468765259e-02
-4.360216557979583740e-01 -2.221073061227798462e-01 1.329419761896133423e-01
-3.998560607433319092e-01 -1.859889477491378784e-01 9.605702757835388184e-02
-1.901844441890716553e-01 4.880097508430480957e-02 -1.011688932776451111e-01
-1.082852780818939209e-01 -1.202711239457130432e-01 -1.478788256645202637e-01
-3.594762086868286133e-01 -4.656897485256195068e-01 1.685738563537597656e-01
-4.028915464878082275e-01 -3.937101364135742188e-01 2.441150993108749390e-01
-4.642766118049621582e-01 -5.845265388488769531e-01 1.656568646430969238e-01
-3.472017049789428711e-01 -6.021884083747863770e-01 1.140870973467826843e-01
-3.375044167041778564e-01 -6.481342911720275879e-01 1.788762211799621582e-01
-1.016997694969177246e-01 -5.926732420921325684e-01 1.785777360200881958e-01
-3.168519139289855957e-01 -6.059071421623229980e-01 1.464224010705947876e-01
6.272833049297332764e-02 -4.528706371784210205e-01 2.958201766014099121e-01
7.899758964776992798e-02 2.413501590490341187e-01 3.157436251640319824e-01
-2.840622141957283020e-02 4.029610157012939453e-01 3.834122717380523682e-01
-1.515080332756042480e-01 4.185838103294372559e-01 4.053278267383575439e-01
-2.193244844675064087e-01 4.072921574115753174e-01 3.861752450466156006e-01
-2.891153991222381592e-01 3.475175797939300537e-01 3.460831642150878906e-01
-4.357481300830841064e-01 4.012844860553741455e-01 2.537193298339843750e-01
-4.755695462226867676e-01 4.239133298397064209e-01 2.859117686748504639e-01
-4.246275126934051514e-01 4.382864534854888916e-01 2.521519362926483154e-01
1.670361161231994629e-01 8.370535075664520264e-02 4.204013645648956299e-01
2.633011341094970703e-01 2.090504579246044159e-02 5.179861187934875488e-01
3.059290945529937744e-01 2.723475173115730286e-02 5.296563506126403809e-01
3.073589205741882324e-01 1.896209828555583954e-02 5.159355401992797852e-01
3.368042409420013428e-01 5.822851788252592087e-03 4.840009808540344238e-01
3.511706590652465820e-01 -2.168809063732624054e-02 4.626361131668090820e-01
3.199984729290008545e-01 5.874532833695411682e-02 4.293949007987976074e-01
1.510809659957885742e-01 -1.218970790505409241e-01 4.746302962303161621e-01
8.638989925384521484e-02 -2.705226242542266846e-01 5.076683163642883301e-01
-1.222705021500587463e-01 -3.290635943412780762e-01 4.755847752094268799e-01
-3.249595165252685547e-01 -4.343194067478179932e-01 4.140380769968032837e-02
-3.183850347995758057e-01 -4.563363194465637207e-01 2.240806668996810913e-01
-3.890911638736724854e-01 -4.646754264831542969e-01 3.524950146675109863e-01
-4.997014403343200684e-01 -4.687077999114990234e-01 1.972778439521789551e-01
-5.095460414886474609e-01 -4.403882324695587158e-01 2.638064026832580566e-01
-5.682914257049560547e-01 -5.132179260253906250e-01 2.756400406360626221e-01
-5.798427462577819824e-01 -5.181098580360412598e-01 1.865889132022857666e-01
-5.750401020050048828e-01 -5.469066500663757324e-01 1.584044396877288818e-01
-5.996838808059692383e-01 -4.763929843902587891e-01 2.753449976444244385e-01
-5.913650393486022949e-01 -5.019890666007995605e-01 9.180351346731185913e-02
-6.549584269523620605e-01 -5.571152567863464355e-01 9.345278888940811157e-02
-5.975072383880615234e-01 -5.539839267730712891e-01 1.851073503494262695e-01
-5.875197649002075195e-01 -5.022625923156738281e-01 1.495164483785629272e-01
-5.986517667770385742e-01 -4.760209023952484131e-01 1.549224555492401123e-01
-6.157417297363281250e-01 -5.666658878326416016e-01 1.588883697986602783e-01
-5.983500480651855469e-01 -5.752158164978027344e-01 1.445934921503067017e-01
-6.353060603141784668e-01 -5.583799481391906738e-01 1.807433068752288818e-01
-5.867245197296142578e-01 -5.316354036331176758e-01 8.245016634464263916e-02
-5.972288846969604492e-01 -5.119953155517578125e-01 2.003139257431030273e-01
-6.217136979103088379e-01 -5.401672124862670898e-01 1.655027866363525391e-01
-6.221674084663391113e-01 -6.021886467933654785e-01 9.802547842264175415e-02
-5.541294217109680176e-01 -5.723990797996520996e-01 9.222108870744705200e-02
-5.791000127792358398e-01 -5.189418196678161621e-01 4.263942688703536987e-02
