-4.769030585885047913e-02 -3.395326808094978333e-02 -1.265341788530349731e-01
1.702102273702621460e-02 -6.777578592300415039e-02 -2.144194841384887695e-01
-7.564616203308105469e-02 -3.037259913980960846e-02 -2.001101672649383545e-01
-1.123517155647277832e-01 5.940759927034378052e-02 -9.719148278236389160e-02
-1.218379586935043335e-01 2.128584831953048706e-01 9.013780951499938965e-02
-2.239973656833171844e-02 3.809711039066314697e-01 1.111474484205245972e-01
2.093085795640945435e-01 4.524203538894653320e-01 5.397671461105346680e-02
1.978247910737991333e-01 4.687885940074920654e-01 -3.081113658845424652e-02
1.404996514320373535e-01 3.759878575801849365e-01 -1.132625415921211243e-01
-1.012356355786323547e-01 2.372651100158691406e-01 -9.258484095335006714e-02
-6.443192064762115479e-02 1.172973886132240295e-01 5.059172213077545166e-02
6.871858239173889160e-02 -5.287304893136024475e-02 1.539200246334075928e-01
2.162239700555801392e-02 -2.024565637111663818e-01 1.248545423150062561e-01
-8.971045911312103271e-02 -3.569977283477783203e-01 5.338373407721519470e-02
-3.384684324264526367e-01 -4.116969406604766846e-01 -4.655047878623008728e-02
-3.833136856555938721e-01 -3.532751202583312988e-01 -5.181216821074485779e-02
-2.659973204135894775e-01 -3.411993384361267090e-01 -9.024270623922348022e-02
-1.305443197488784790e-01 -3.006758391857147217e-01 -1.078971102833747864e-01
-1.499218046665191650e-01 -2.364656925201416016e-01 -1.189257204532623291e-01
-1.612913608551025391e-01 -1.664758473634719849e-01 -1.030194684863090515e-01
-1.416112929582595825e-01 -7.854638248682022095e-02 -1.535229831933975220e-01
9.612143621779978275e-04 -8.009468764066696167e-02 -1.946663707494735718e-01
7.731061428785324097e-02 2.678183093667030334e-02 -2.301098778843879700e-02
1.227674111723899841e-01 1.224601715803146362e-01 2.269579321146011353e-01
3.159693181514739990e-01 1.586044728755950928e-01 3.475016355514526367e-01
2.484611123800277710e-01 1.899779140949249268e-01 2.800758779048919678e-01
1.826063990592956543e-01 3.238430023193359375e-01 -1.426605042070150375e-02
-1.201267167925834656e-02 4.572406113147735596e-01 -1.721855401992797852e-01
-2.056998461484909058e-01 4.296838939189910889e-01 3.872893005609512329e-02
-9.097425639629364014e-02 -2.294563874602317810e-02 3.431890606880187988e-01
-1.218131184577941895e-01 -3.562194705009460449e-01 4.578520357608795166e-01
-1.707875430583953857e-01 -3.373965919017791748e-01 2.453159987926483154e-01
-1.241130903363227844e-01 -2.600857801735401154e-02 -1.825090795755386353e-01
-2.225559800863265991e-01 1.616124361753463745e-01 -1.382319927215576172e-01
-2.828678190708160400e-01 -1.373864058405160904e-02 3.243226930499076843e-02
-2.038044482469558716e-01 -3.143632113933563232e-01 2.198280692100524902e-01
-1.665004491806030273e-01 -4.560383856296539307e-01 2.861250340938568115e-01
-3.923301398754119873e-02 -3.278053402900695801e-01 1.907227039337158203e-01
1.330305337905883789e-01 -1.744655668735504150e-01 3.582206070423126221e-01
1.825064569711685181e-01 -3.035043552517890930e-02 2.684732675552368164e-01
2.147137224674224854e-01 2.173774838447570801e-01 2.495323419570922852e-01
2.229688316583633423e-01 3.523691296577453613e-01 3.873369470238685608e-02
6.621814519166946411e-02 3.637778162956237793e-01 -3.208949789404869080e-02
3.665147721767425537e-02 2.683041691780090332e-01 5.034948512911796570e-02
-5.712338536977767944e-02 -1.661349087953567505e-02 -7.837141305208206177e-02
-4.456821829080581665e-02 -2.589271962642669678e-01 3.546221926808357239e-02
7.722368091344833374e-02 -2.094007134437561035e-01 -2.322476357221603394e-01
3.532434254884719849e-02 -1.360562294721603394e-01 -3.132432997226715088e-01
-9.622406959533691406e-02 1.698704290902242064e-04 -3.266809880733489990e-01
1.835532113909721375e-02 2.539056539535522461e-01 1.725701838731765747e-01
1.352042108774185181e-01 2.564485073089599609e-01 5.842616558074951172e-01
2.571132779121398926e-01 2.635787129402160645e-01 6.322380304336547852e-01
2.441330254077911377e-01 1.552790254354476929e-01 5.936496257781982422e-01
4.122206196188926697e-02 1.977822929620742798e-02 1.834741234779357910e-01
9.755253791809082031e-02 -6.831462029367685318e-03 -8.350952714681625366e-02
1.706438511610031128e-01 5.905523151159286499e-02 -1.884697824716567993e-01
-6.318798661231994629e-02 3.476830199360847473e-02 -2.485092133283615112e-01
-3.166499435901641846e-01 1.566243544220924377e-02 -2.241832464933395386e-01
-4.249294400215148926e-01 -1.369672715663909912e-01 -1.871415078639984131e-01
-1.232269182801246643e-01 -4.276777207851409912e-01 -3.289219439029693604e-01
2.227057665586471558e-01 -3.777027130126953125e-01 -2.930668890476226807e-01
1.937516480684280396e-01 -2.925296127796173096e-01 -1.545200645923614502e-01
5.953785032033920288e-02 -1.805027276277542114e-01 -1.132545322179794312e-01
-2.994096279144287109e-01 -2.321781218051910400e-02 6.849585473537445068e-02
-2.490844279527664185e-01 -5.395448952913284302e-02 -8.751282840967178345e-02
-1.696069836616516113e-01 -7.808515429496765137e-02 -1.570642590522766113e-01
-1.970635503530502319e-01 -2.940904721617698669e-02 -5.131509900093078613e-02
-1.514983028173446655e-01 -1.141937896609306335e-01 1.379796769469976425e-02
-1.761064678430557251e-02 -1.606636494398117065e-01 -1.868791505694389343e-02
6.224336847662925720e-02 -1.530729979276657104e-01 -7.285464555025100708e-02
1.033356487751007080e-01 -2.609860524535179138e-02 -6.555002648383378983e-03
1.648156344890594482e-01 3.865091502666473389e-02 1.352386432699859142e-03
9.861557744443416595e-03 -4.561990965157747269e-03 1.205852553248405457e-01
-4.228173568844795227e-02 1.848152652382850647e-02 9.113804996013641357e-02
-1.604070663452148438e-01 2.267781458795070648e-02 -4.338179901242256165e-02
-2.518337368965148926e-01 7.503928244113922119e-02 -4.393512755632400513e-02
-3.828473016619682312e-02 7.456364575773477554e-03 -6.596885621547698975e-02
3.118197061121463776e-02 -4.513398930430412292e-02 2.360653690993785858e-02
2.585022151470184326e-02 -9.530048817396163940e-03 1.379119418561458588e-02
4.376187175512313843e-02 1.015584394335746765e-01 -3.223054111003875732e-02
-9.261203557252883911e-02 2.109488397836685181e-01 -7.874745875597000122e-02
-9.782475978136062622e-02 1.688136607408523560e-01 -2.283600717782974243e-01
-1.641933321952819824e-01 1.513454318046569824e-01 -1.986161321401596069e-01
-1.844278275966644287e-01 1.094170659780502319e-01 -1.821012645959854126e-01
