2.630310534590098448e-01
0.000000000000000000e+00
0.000000000000000000e+00
0.000000000000000000e+00
0.000000000000000000e+00
1.787260050259788929e-02
3.562947612576316831e-03
1.364451684798874929e-02
1.527618124504759312e-02
2.273668546361543030e-02
2.143156211352355983e-02
1.294656243496217739e-02
9.366824771669267705e-03
1.440399116978815890e-02
2.054373330531096206e-02
2.626975114696834465e-02
2.630206654328261923e-02
1.820373228377810543e-02
1.078462026469981065e-02
0.000000000000000000e+00
0.000000000000000000e+00
0.000000000000000000e+00
0.000000000000000000e+00
0.000000000000000000e+00
0.000000000000000000e+00
0.000000000000000000e+00
0.000000000000000000e+00
0.000000000000000000e+00
3.212826531161915855e-01
5.097760775334132521e-01
4.264295156752728189e-01
1.976806319883244456e-01
0.000000000000000000e+00
0.000000000000000000e+00
0.000000000000000000e+00
0.000000000000000000e+00
0.000000000000000000e+00
0.000000000000000000e+00
0.000000000000000000e+00
0.000000000000000000e+00
2.167193342210807505e-01
3.631274251520181795e-01
3.376053909302955125e-01
8.589190156572704127e-02
0.000000000000000000e+00
0.000000000000000000e+00
0.000000000000000000e+00
0.000000000000000000e+00
1.887145152235840950e-01
1.046749502002734949e-01
4.344037634647194418e-02
0.000000000000000000e+00
0.000000000000000000e+00
0.000000000000000000e+00
2.028793433869657131e-02
3.348384138311455427e-02
1.065722230238805648e-02
0.000000000000000000e+00
0.000000000000000000e+00
0.000000000000000000e+00
0.000000000000000000e+00
0.000000000000000000e+00
1.881903109423194442e-01
3.328355395837933606e-01
2.954287777154748218e-01
1.484446092418207630e-01
0.000000000000000000e+00
0.000000000000000000e+00
0.000000000000000000e+00
0.000000000000000000e+00
0.000000000000000000e+00
0.000000000000000000e+00
0.000000000000000000e+00
0.000000000000000000e+00
0.000000000000000000e+00
0.000000000000000000e+00
0.000000000000000000e+00
0.000000000000000000e+00
1.524298200883412221e-03
3.048596401766824442e-03
1.905372751104265384e-03
0.000000000000000000e+00
0.000000000000000000e+00
0.000000000000000000e+00
