2.542634122073650360e-02 -7.779747247695922852e-02 1.264872774481773376e-02
5.771787092089653015e-02 -4.542711004614830017e-02 -8.894169703125953674e-03
1.201702430844306946e-01 -7.948160916566848755e-02 9.731598198413848877e-02
8.494389057159423828e-02 -1.052449420094490051e-01 1.212718188762664795e-01
-1.311261355876922607e-01 -2.034574002027511597e-01 2.211026549339294434e-01
-7.625359296798706055e-02 -2.921378016471862793e-01 1.368610262870788574e-01
5.430867150425910950e-02 -3.971214294433593750e-01 -1.103182807564735413e-01
2.477778345346450806e-01 -4.501205980777740479e-01 -2.498930543661117554e-01
2.900829911231994629e-01 -4.765405058860778809e-01 -3.849832117557525635e-01
2.374097891151905060e-02 -4.956948161125183105e-01 -3.178786933422088623e-01
-7.639370858669281006e-02 -3.607508838176727295e-01 -2.300616204738616943e-01
-1.870081126689910889e-01 -2.501775324344635010e-01 -1.347943246364593506e-01
-1.185495257377624512e-01 -4.983922839164733887e-02 -5.555664002895355225e-02
-3.792917728424072266e-02 -7.838920690119266510e-03 -6.659882608801126480e-03
-3.015883266925811768e-02 -2.742297016084194183e-02 5.891744792461395264e-02
2.005863934755325317e-02 4.985465109348297119e-02 1.234819740056991577e-01
1.060181632637977600e-01 1.803564429283142090e-01 1.824784129858016968e-01
2.389535605907440186e-01 5.038546919822692871e-01 1.681540012359619141e-01
3.255052864551544189e-01 5.962923765182495117e-01 8.544641733169555664e-02
2.604494392871856689e-01 5.890253186225891113e-01 5.219511687755584717e-02
5.179269611835479736e-02 4.574367105960845947e-01 3.466842323541641235e-02
-9.033720940351486206e-02 1.824701279401779175e-01 8.431105315685272217e-02
-3.029749095439910889e-01 -7.353439182043075562e-02 1.634919494390487671e-01
-1.547604203224182129e-01 -3.068390488624572754e-01 2.393952608108520508e-01
5.103064328432083130e-02 -4.931098222732543945e-01 3.293042480945587158e-01
1.536630690097808838e-01 -5.456280708312988281e-01 2.661401331424713135e-01
1.818924248218536377e-01 -4.240500032901763916e-01 1.977032124996185303e-01
-1.968474686145782471e-01 -2.154630720615386963e-01 -3.169852541759610176e-03
-2.969093322753906250e-01 -2.075713127851486206e-02 -9.861458092927932739e-02
-2.544915378093719482e-01 -9.667464345693588257e-02 -7.374516129493713379e-02
-2.868888974189758301e-01 -1.705817878246307373e-01 -1.123805195093154907e-01
-2.324084043502807617e-01 -1.364988088607788086e-01 2.173451008275151253e-03
-1.465727984905242920e-01 -2.261837758123874664e-02 5.374482646584510803e-02
5.877630412578582764e-02 4.277973994612693787e-02 1.026346087455749512e-01
1.195262521505355835e-01 1.086689904332160950e-01 1.025230884552001953e-01
8.182719349861145020e-02 3.398480713367462158e-01 -3.918546810746192932e-02
-4.762424621731042862e-03 4.705890715122222900e-01 -1.516554057598114014e-01
-1.297362241894006729e-02 4.621350765228271484e-01 -3.136913776397705078e-01
1.760487854480743408e-01 2.999012470245361328e-01 -3.611770570278167725e-01
3.247066140174865723e-01 2.694790950044989586e-03 -2.752369642257690430e-01
3.494485914707183838e-01 -1.324182599782943726e-01 -2.173962891101837158e-01
7.044924050569534302e-02 -3.480470776557922363e-01 -1.878705769777297974e-01
-3.027960360050201416e-01 -4.998205602169036865e-01 -1.925804167985916138e-01
-4.677833914756774902e-01 -5.065750479698181152e-01 -1.926074624061584473e-01
-4.487532079219818115e-01 -4.387540519237518311e-01 -1.510151177644729614e-01
-2.347603738307952881e-01 -1.958242207765579224e-01 -3.311084583401679993e-02
7.222240418195724487e-02 -7.370364665985107422e-02 -2.106145769357681274e-02
2.851671874523162842e-01 -9.151003509759902954e-02 -7.379411906003952026e-02
3.925342559814453125e-01 -9.189322590827941895e-02 6.352921575307846069e-02
2.207250893115997314e-01 -3.475259989500045776e-02 1.639705449342727661e-01
7.428760081529617310e-02 1.354736089706420898e-01 2.124349772930145264e-01
8.470654487609863281e-02 3.943493068218231201e-01 1.246096193790435791e-01
1.876036524772644043e-01 4.637179374694824219e-01 -7.466789335012435913e-02
2.403705269098281860e-01 4.206694960594177246e-01 -9.831626713275909424e-02
2.152519077062606812e-01 2.544161677360534668e-01 -1.026401445269584656e-01
-1.498466078191995621e-02 -5.514443293213844299e-02 1.189278345555067062e-02
-2.486369013786315918e-01 -1.900992691516876221e-01 1.273797154426574707e-01
-2.501702308654785156e-01 -3.258588910102844238e-01 7.377380132675170898e-02
-2.996754944324493408e-01 -3.629767298698425293e-01 4.828468430787324905e-03
-1.954506784677505493e-01 -3.483394980430603027e-01 -8.628703653812408447e-02
-1.266164034605026245e-01 -2.786960005760192871e-01 -5.344251170754432678e-02
-8.721604198217391968e-02 -1.368502527475357056e-01 3.601898625493049622e-02
7.587286084890365601e-02 -8.638983964920043945e-02 -2.355097793042659760e-02
1.561980396509170532e-01 -5.184676870703697205e-02 -8.602476119995117188e-02
1.867549419403076172e-01 2.701544761657714844e-02 -6.276527047157287598e-02
1.355454772710800171e-01 1.617610007524490356e-01 5.103636905550956726e-02
4.396864399313926697e-02 3.154399991035461426e-01 1.034023389220237732e-01
9.779788553714752197e-02 4.261685311794281006e-01 2.004002034664154053e-01
2.234189659357070923e-01 4.813337624073028564e-01 2.137531340122222900e-01
3.255821168422698975e-01 4.573372006416320801e-01 2.131410390138626099e-01
3.793597519397735596e-01 3.875007033348083496e-01 2.430564016103744507e-01
3.120472431182861328e-01 2.788836956024169922e-01 1.911707669496536255e-01
2.002913206815719604e-01 9.721061587333679199e-02 1.447912007570266724e-01
-1.928683817386627197e-01 -1.553429663181304932e-01 1.082410290837287903e-01
-3.878937959671020508e-01 -3.921718001365661621e-01 -2.538943104445934296e-02
-3.865191042423248291e-01 -4.273173511028289795e-01 -1.605404615402221680e-01
-2.912398874759674072e-01 -3.415590226650238037e-01 -2.250414341688156128e-01
-1.041660383343696594e-01 -1.849282830953598022e-01 -2.980182468891143799e-01
-1.296351552009582520e-01 -1.195856258273124695e-01 -2.103951275348663330e-01
-9.159853309392929077e-02 -1.499208360910415649e-01 -3.220135346055030823e-02
-3.445980325341224670e-02 -1.112122759222984314e-01 7.860527932643890381e-02
1.208222880959510803e-01 -7.800843566656112671e-02 1.418912857770919800e-01
2.189306467771530151e-01 -5.291548371315002441e-02 8.270868659019470215e-02
9.424828737974166870e-02 -9.157347492873668671e-03 8.287186175584793091e-02
-6.357082724571228027e-02 1.403842270374298096e-01 4.216276407241821289e-01
-1.177587956190109253e-01 1.731961071491241455e-01 5.741734504699707031e-01
-1.666776686906814575e-01 1.280458122491836548e-01 6.277791857719421387e-01
-1.408811062574386597e-01 1.292716618627309799e-02 4.731252193450927734e-01
-2.635504007339477539e-01 -8.004476875066757202e-02 4.483423009514808655e-02
-2.468124479055404663e-01 1.089413017034530640e-01 5.645988136529922485e-02
-1.163071244955062866e-01 1.706244647502899170e-01 4.959977045655250549e-02
9.170264750719070435e-02 1.703292727470397949e-01 6.082525476813316345e-02
1.475179791450500488e-01 1.326776593923568726e-01 1.748559437692165375e-02
3.120918013155460358e-02 6.485635787248611450e-02 -4.740125685930252075e-02
5.956162139773368835e-02 1.746189296245574951e-01 4.489961266517639160e-02
-5.981719121336936951e-02 2.382708936929702759e-01 8.045446872711181641e-02
-1.000937223434448242e-01 3.291989564895629883e-01 -7.686879485845565796e-02
-1.775964796543121338e-01 4.369194805622100830e-01 -3.544529974460601807e-01
-9.813602268695831299e-02 4.643006622791290283e-01 -4.353449940681457520e-01
9.137585759162902832e-02 4.229269325733184814e-01 -3.801716268062591553e-01
2.720212340354919434e-01 1.295714527368545532e-01 -2.598542869091033936e-01
2.855217456817626953e-01 -2.584876120090484619e-01 -2.491366267204284668e-01
1.180756911635398865e-01 -3.048580288887023926e-01 -2.582183182239532471e-01
5.519849061965942383e-02 -1.893575042486190796e-01 -2.164317965507507324e-01
-3.244775533676147461e-02 1.772158779203891754e-02 -4.896473139524459839e-02
-1.544483006000518799e-01 7.145696878433227539e-02 -3.630133345723152161e-02
-2.048974484205245972e-01 -1.399719417095184326e-01 -1.353586465120315552e-01
-1.106643676757812500e-01 -1.950388252735137939e-01 -1.381374895572662354e-01
-4.465897381305694580e-02 -1.668242812156677246e-01 -1.815499365329742432e-01
1.592787802219390869e-01 -8.002862334251403809e-02 -1.404167413711547852e-01
6.463693920522928238e-03 9.866659343242645264e-02 -2.199480980634689331e-01
-3.616464138031005859e-02 1.428793221712112427e-01 -1.411683559417724609e-01
-9.073717147111892700e-02 1.166139766573905945e-01 -9.819279424846172333e-03
-2.114692181348800659e-01 -2.365030581131577492e-03 1.475762017071247101e-02
-1.054378598928451538e-01 -2.290012091398239136e-01 1.723203808069229126e-01
-8.314415812492370605e-02 -2.184522151947021484e-01 9.979753196239471436e-02
1.150667741894721985e-01 -5.322241410613059998e-02 2.135280892252922058e-02
-6.989567726850509644e-02 -2.523563988506793976e-02 -4.451513662934303284e-02
-9.527675807476043701e-02 -2.749360799789428711e-01 2.600488662719726562e-01
-6.077963486313819885e-02 -4.190509617328643799e-01 4.028255343437194824e-01
-8.277948945760726929e-02 -4.904732406139373779e-01 4.211167395114898682e-01
3.795294463634490967e-01 -3.659418523311614990e-01 2.842296659946441650e-01
5.659415125846862793e-01 -8.807700127363204956e-02 -2.600781023502349854e-01
5.072818994522094727e-01 -9.013238549232482910e-02 -3.247985839843750000e-01
4.198221862316131592e-01 -2.146091163158416748e-01 -3.982913196086883545e-01
-4.334123060107231140e-02 -2.498048245906829834e-01 -3.638948202133178711e-01
-2.742661535739898682e-01 -1.820896863937377930e-01 -2.921838462352752686e-01
-1.577373594045639038e-01 -1.204958707094192505e-01 -1.748233288526535034e-01
-9.999473392963409424e-02 1.292970776557922363e-01 6.770446151494979858e-02
4.987207427620887756e-02 1.960226744413375854e-01 2.518652677536010742e-01
1.065361201763153076e-01 3.019226491451263428e-01 3.305813670158386230e-01
-1.166316866874694824e-01 4.157352149486541748e-01 9.155663102865219116e-02
-1.941422224044799805e-01 4.578437209129333496e-01 -1.413634270429611206e-01
-1.483040004968643188e-01 3.734914064407348633e-01 -1.648499220609664917e-01
1.031280830502510071e-01 -7.432602345943450928e-03 -4.901003465056419373e-02
3.228296339511871338e-01 -2.888497114181518555e-01 2.393352240324020386e-01
2.988268733024597168e-01 -3.670576810836791992e-01 2.918104827404022217e-01
2.707094550132751465e-01 -2.546647787094116211e-01 2.671386599540710449e-01
1.494116187095642090e-01 -1.370731294155120850e-01 2.224954664707183838e-01
1.256707161664962769e-01 -1.316613107919692993e-01 1.505264192819595337e-01
3.355565667152404785e-02 -9.815438091754913330e-02 9.385864250361919403e-03
-4.148822650313377380e-02 -1.433697938919067383e-01 -1.370582431554794312e-01
-1.891691833734512329e-01 -1.613682061433792114e-01 -1.628840863704681396e-01
-2.455742359161376953e-01 -8.888801932334899902e-02 -1.331726461648941040e-01
-2.754843235015869141e-01 3.190090507268905640e-02 -1.389519423246383667e-01
-1.733265966176986694e-01 2.836538851261138916e-01 -1.309054791927337646e-01
5.388338491320610046e-02 4.415166974067687988e-01 -1.549363136291503906e-01
-3.910006955265998840e-03 3.798611164093017578e-01 -7.682851701974868774e-02
-3.010175526142120361e-01 3.785286247730255127e-01 2.242666333913803101e-01
-5.384225845336914062e-01 1.856772452592849731e-01 3.359677791595458984e-01
-4.508194923400878906e-01 -2.270298153162002563e-01 4.321273267269134521e-01
-3.046047091484069824e-01 -3.937338590621948242e-01 3.084742724895477295e-01
4.104709625244140625e-01 -4.412142336368560791e-01 -2.415067888796329498e-02
5.862960815429687500e-01 -3.215494155883789062e-01 -2.047801166772842407e-01
5.780695080757141113e-01 -1.161868125200271606e-01 -2.160842865705490112e-01
5.477654933929443359e-01 -9.007116407155990601e-02 -1.427885890007019043e-01
1.949768215417861938e-01 -6.165175139904022217e-02 -9.850022196769714355e-02
1.902286149561405182e-02 4.226407781243324280e-02 -1.613126248121261597e-01
-1.785797774791717529e-01 4.140600189566612244e-02 -2.367965579032897949e-01
-2.061423212289810181e-01 7.562161982059478760e-02 -9.179817885160446167e-02
-2.174075096845626831e-01 1.785120666027069092e-01 4.866111278533935547e-02
-2.452410757541656494e-01 2.949047386646270752e-01 1.464534550905227661e-01
-1.378268748521804810e-01 4.728407859802246094e-01 1.890735030174255371e-01
-2.054919153451919556e-01 5.629631876945495605e-01 5.277334153652191162e-02
-3.221681416034698486e-01 5.828954577445983887e-01 -1.521586328744888306e-01
-4.255391657352447510e-01 5.625399351119995117e-01 -1.916191279888153076e-01
-3.477514386177062988e-01 3.482155799865722656e-01 -9.026270359754562378e-02
5.079540982842445374e-02 4.914013296365737915e-02 2.414927631616592407e-01
1.535050272941589355e-01 -1.776566356420516968e-01 4.838894009590148926e-01
6.838849931955337524e-02 -2.707160413265228271e-01 5.237647294998168945e-01
-1.123622059822082520e-01 -2.081982195377349854e-01 4.414597749710083008e-01
-1.715577393770217896e-01 -1.857830286026000977e-01 3.332101404666900635e-01
-1.168054267764091492e-01 -1.443773508071899414e-01 1.798201054334640503e-01
-1.409677714109420776e-01 -1.223226562142372131e-01 5.860844627022743225e-02
-2.088917195796966553e-01 -1.609033495187759399e-01 7.511650025844573975e-02
-1.436158716678619385e-01 -1.686734557151794434e-01 8.042518049478530884e-02
3.304452868178486824e-03 -1.409119814634323120e-01 1.691162586212158203e-01
2.060990929603576660e-01 -1.131465565413236618e-02 2.275459915399551392e-01
2.932814955711364746e-01 9.170891344547271729e-02 7.460240274667739868e-02
2.405647933483123779e-01 1.311629414558410645e-01 -9.729904681444168091e-02
1.648148745298385620e-01 8.486540615558624268e-02 -3.491860628128051758e-01
4.312078282237052917e-02 2.568542398512363434e-02 -4.019849300384521484e-01
-8.998321369290351868e-03 -1.194095984101295471e-02 -2.976417839527130127e-01
