2.298886179924011230e-01 1.737534552812576294e-01 1.250095367431640625e-01
2.203707545995712280e-01 1.845038533210754395e-01 1.055598855018615723e-01
1.915917843580245972e-01 1.571767777204513550e-01 7.662866264581680298e-02
2.357189804315567017e-01 1.737480610609054565e-01 1.274925470352172852e-01
2.579469382762908936e-01 8.008065074682235718e-02 1.554315984249114990e-01
2.437631040811538696e-01 9.493720531463623047e-02 1.151813417673110962e-01
1.027676239609718323e-01 -1.507579931057989597e-03 2.973201274871826172e-01
1.103022173047065735e-01 6.730497628450393677e-02 9.520338475704193115e-02
-4.339020326733589172e-02 1.134222447872161865e-01 -1.290813386440277100e-01
-5.978048592805862427e-02 1.448130756616592407e-01 -2.882848978042602539e-01
-1.735081374645233154e-01 1.675051301717758179e-01 -3.714641630649566650e-01
-2.393392473459243774e-01 1.801490485668182373e-01 -4.500131309032440186e-01
-1.832361221313476562e-01 1.735640913248062134e-01 -4.924599826335906982e-01
-1.900611817836761475e-01 2.106591612100601196e-01 -4.851629734039306641e-01
-1.659517884254455566e-01 2.365515679121017456e-01 -4.809945523738861084e-01
-1.875066757202148438e-01 2.388624846935272217e-01 -4.793819785118103027e-01
-2.315603196620941162e-01 2.857119441032409668e-01 -4.206067919731140137e-01
-1.611490100622177124e-01 3.602327704429626465e-01 -3.459911048412322998e-01
-3.305901959538459778e-02 3.687347471714019775e-01 -2.353411763906478882e-01
2.183110713958740234e-01 3.294891119003295898e-01 -1.196105033159255981e-01
2.464891076087951660e-01 3.831484317779541016e-01 -6.107613444328308105e-02
2.743230462074279785e-01 3.454795181751251221e-01 3.305286541581153870e-02
2.631426155567169189e-01 3.417968153953552246e-01 1.351301372051239014e-01
2.449088245630264282e-01 3.432544171810150146e-01 1.660005897283554077e-01
1.412747502326965332e-01 2.339102923870086670e-01 1.059385910630226135e-01
3.277090489864349365e-01 8.718826621770858765e-02 5.129117518663406372e-02
3.017270863056182861e-01 -2.250197380781173706e-01 -4.743308573961257935e-02
2.186988592147827148e-01 -2.696296572685241699e-01 -9.818086028099060059e-02
2.673424184322357178e-01 -2.708069384098052979e-01 -4.986206442117691040e-02
2.714422643184661865e-01 -2.274767309427261353e-01 -1.803060248494148254e-02
2.171605974435806274e-01 -2.671238481998443604e-01 -3.522023186087608337e-02
1.652972251176834106e-01 -2.282448261976242065e-01 -5.419698357582092285e-02
9.067501127719879150e-02 -1.935879290103912354e-01 3.944842889904975891e-02
9.393232315778732300e-02 -2.331648617982864380e-01 7.791525870561599731e-02
9.099801629781723022e-02 -2.291777133941650391e-01 4.931240901350975037e-02
3.462938219308853149e-02 -1.643419563770294189e-01 8.383243530988693237e-02
-3.966493532061576843e-02 7.441410422325134277e-02 2.898818552494049072e-01
1.805030703544616699e-01 2.162501364946365356e-01 1.781593263149261475e-01
2.250653654336929321e-01 2.367287129163742065e-01 1.329981684684753418e-01
2.120449244976043701e-01 3.114253282546997070e-01 5.770830437541007996e-03
2.184793204069137573e-01 3.305773437023162842e-01 -6.407275050878524780e-02
1.878332793712615967e-01 2.953763902187347412e-01 -1.697354018688201904e-01
1.097816601395606995e-01 2.565847337245941162e-01 -2.575105130672454834e-01
-1.292286515235900879e-01 2.556929588317871094e-01 -3.723257184028625488e-01
-1.810054779052734375e-01 2.318050712347030640e-01 -5.112479329109191895e-01
-2.341497689485549927e-01 2.203134298324584961e-01 -5.264626145362854004e-01
-2.630290687084197998e-01 2.239892482757568359e-01 -5.081181526184082031e-01
-1.565516889095306396e-01 2.106468379497528076e-01 -5.704765915870666504e-01
-1.503015309572219849e-01 2.460078150033950806e-01 -6.223196387290954590e-01
-1.927330344915390015e-01 2.740629315376281738e-01 -6.288800239562988281e-01
-1.579354405403137207e-01 2.069519311189651489e-01 -5.568628907203674316e-01
-1.895360052585601807e-01 2.024582624435424805e-01 -4.957273602485656738e-01
-1.740128248929977417e-01 2.355871796607971191e-01 -4.685489535331726074e-01
2.721261791884899139e-02 1.940754950046539307e-01 -3.793188929557800293e-01
5.970762670040130615e-02 2.202294617891311646e-01 -4.072301983833312988e-01
4.938222467899322510e-02 2.315033227205276489e-01 -3.697842061519622803e-01
3.327719867229461670e-02 2.267716377973556519e-01 -4.042120575904846191e-01
2.025666035478934646e-04 1.555442214012145996e-01 -4.081020653247833252e-01
-1.420598626136779785e-01 2.355206310749053955e-01 -4.125543534755706787e-01
-2.180632054805755615e-01 2.849821150302886963e-01 -5.053429007530212402e-01
-1.996661722660064697e-01 2.345444113016128540e-01 -5.210978388786315918e-01
-1.987686306238174438e-01 2.644611001014709473e-01 -5.287361145019531250e-01
-2.219670861959457397e-01 2.328580915927886963e-01 -5.340225100517272949e-01
-2.427373826503753662e-01 2.582356631755828857e-01 -5.079879760742187500e-01
-2.765968441963195801e-01 2.523731589317321777e-01 -5.087313055992126465e-01
-3.178526163101196289e-01 2.753583490848541260e-01 -4.783318042755126953e-01
-2.853370904922485352e-01 2.496166676282882690e-01 -4.709868431091308594e-01
-1.882819831371307373e-01 2.281570434570312500e-01 -4.239133298397064209e-01
-1.570287942886352539e-01 2.376930713653564453e-01 -3.939505815505981445e-01
3.730862215161323547e-02 2.354186028242111206e-01 -3.364875316619873047e-01
1.986375600099563599e-01 2.568950355052947998e-01 -2.737235724925994873e-01
2.475383579730987549e-01 2.488827556371688843e-01 -2.687220573425292969e-01
2.920570969581604004e-01 2.576252520084381104e-01 -2.144974768161773682e-01
3.469108939170837402e-01 2.753542363643646240e-01 -2.064024806022644043e-01
3.379050195217132568e-01 1.778625845909118652e-01 -2.080639153718948364e-01
9.626521170139312744e-02 2.422386314719915390e-03 -1.846420168876647949e-01
-2.419769391417503357e-02 6.160416454076766968e-02 -3.739840686321258545e-01
1.554750371724367142e-02 5.304785072803497314e-02 -5.149278044700622559e-01
-3.902651369571685791e-02 1.012097746133804321e-01 -5.450478792190551758e-01
-7.022321969270706177e-02 1.504386812448501587e-01 -5.708910822868347168e-01
-5.214868113398551941e-02 1.243456527590751648e-01 -6.101997494697570801e-01
-1.276869140565395355e-02 7.467123121023178101e-02 -6.091080307960510254e-01
-3.368799015879631042e-02 8.364402502775192261e-02 -5.846602320671081543e-01
-5.439633131027221680e-02 1.449757069349288940e-01 -5.879695415496826172e-01
-1.348845660686492920e-01 1.778871566057205200e-01 -5.458561182022094727e-01
-1.849729120731353760e-01 8.688740432262420654e-02 -4.160675704479217529e-01
-1.167035475373268127e-01 -2.035894244909286499e-01 2.524390220642089844e-01
1.086487323045730591e-01 -1.560015976428985596e-01 2.245252281427383423e-01
1.350005865097045898e-01 -1.651552617549896240e-01 2.696938812732696533e-01
1.285981386899948120e-01 -1.222653836011886597e-01 1.874646246433258057e-01
5.463915318250656128e-02 2.382609434425830841e-02 2.958472371101379395e-01
2.341296225786209106e-01 1.246955618262290955e-01 3.900880515575408936e-01
1.667865663766860962e-01 1.829809546470642090e-01 4.005222320556640625e-01
1.535492241382598877e-01 1.248619481921195984e-01 3.167700171470642090e-01
1.704597771167755127e-01 1.362572461366653442e-01 3.870828449726104736e-01
1.968313753604888916e-01 1.409776955842971802e-01 4.476634860038757324e-01
2.289953827857971191e-01 1.152091920375823975e-01 4.811771214008331299e-01
2.133908271789550781e-01 5.071027949452400208e-02 4.880115389823913574e-01
2.687927782535552979e-01 6.867794692516326904e-02 4.437874555587768555e-01
3.187851309776306152e-01 2.305575758218765259e-01 2.970228791236877441e-01
3.847938179969787598e-01 1.586081832647323608e-01 2.402978837490081787e-01
3.756896555423736572e-01 2.051538527011871338e-01 2.530490756034851074e-01
3.532901704311370850e-01 1.650948673486709595e-01 9.547338634729385376e-02
7.685337215662002563e-02 1.412759870290756226e-01 -4.360735043883323669e-02
2.327038049697875977e-01 1.424152404069900513e-01 4.783669859170913696e-02
2.373539060354232788e-01 9.542069584131240845e-02 3.195028752088546753e-02
2.684202790260314941e-01 6.999375671148300171e-02 -1.318465359508991241e-02
6.886223796755075455e-03 3.324971348047256470e-02 -3.313877433538436890e-02
5.757978931069374084e-02 4.572041705250740051e-02 -8.117687702178955078e-02
1.556354165077209473e-01 9.233168512582778931e-02 -1.712935715913772583e-01
-7.720977813005447388e-02 -1.099806576967239380e-01 -1.976283937692642212e-01
-3.665139526128768921e-02 -9.958676993846893311e-02 -2.536602020263671875e-01
-1.031148731708526611e-01 -4.361105710268020630e-02 -1.593514978885650635e-01
-9.003755450248718262e-02 -7.850969582796096802e-02 -1.250900775194168091e-01
-9.150581806898117065e-02 -2.889391034841537476e-02 -9.195738285779953003e-02
-1.422754526138305664e-01 -7.060553133487701416e-02 -1.594951897859573364e-01
-2.440060675144195557e-01 -1.396750509738922119e-01 -1.145370453596115112e-01
-2.403263896703720093e-01 -6.783335655927658081e-02 -1.659305691719055176e-01
-1.016688346862792969e-01 -3.294523805379867554e-02 -1.126157715916633606e-01
-2.649632692337036133e-01 -6.472749263048171997e-02 -8.100691437721252441e-02
-1.494620293378829956e-01 -6.758158206939697266e-01 9.869872778654098511e-02
-9.841398894786834717e-02 -5.983861684799194336e-01 2.020610868930816650e-02
-2.038419842720031738e-01 -3.691143095493316650e-01 -2.011509239673614502e-02
-4.807736258953809738e-03 -6.354461610317230225e-02 -2.961346507072448730e-01
1.005106791853904724e-01 2.251398712396621704e-01 -4.776964187622070312e-01
9.754689782857894897e-02 2.685304582118988037e-01 -4.811299741268157959e-01
-8.027844130992889404e-02 2.780596315860748291e-01 -5.372763276100158691e-01
-8.193626254796981812e-02 2.837138772010803223e-01 -5.739750862121582031e-01
-9.525261819362640381e-02 2.955148816108703613e-01 -5.729490518569946289e-01
-6.383908540010452271e-02 3.028471767902374268e-01 -5.762920975685119629e-01
4.025040939450263977e-02 2.959033548831939697e-01 -5.691344738006591797e-01
1.557610630989074707e-01 3.037501573562622070e-01 -5.235970020294189453e-01
2.279032468795776367e-01 3.024011552333831787e-01 -4.312183558940887451e-01
1.666976362466812134e-01 3.285016119480133057e-01 -4.460085034370422363e-01
2.047280222177505493e-01 3.084060549736022949e-01 -3.967823386192321777e-01
1.043179482221603394e-01 7.849960774183273315e-02 -3.761362135410308838e-01
1.608849316835403442e-01 1.733543723821640015e-01 -5.471501946449279785e-01
3.077581226825714111e-01 2.433344572782516479e-01 -5.808382034301757812e-01
3.702322542667388916e-01 2.210477441549301147e-01 -6.122141480445861816e-01
3.873954415321350098e-01 2.177007347345352173e-01 -5.810239911079406738e-01
3.589389026165008545e-01 1.812528371810913086e-01 -5.904310345649719238e-01
3.222285509109497070e-01 2.074545472860336304e-01 -5.755835771560668945e-01
2.682533264160156250e-01 2.184311151504516602e-01 -5.941331982612609863e-01
1.713331639766693115e-01 2.461191117763519287e-01 -5.753476619720458984e-01
6.717444211244583130e-02 3.067314922809600830e-01 -4.911779165267944336e-01
1.065227836370468140e-01 2.993573546409606934e-01 -4.366945326328277588e-01
-2.293520979583263397e-02 2.528140544891357422e-01 -5.071635246276855469e-01
2.696094214916229248e-01 2.539396882057189941e-01 -5.363591313362121582e-01
3.495975136756896973e-01 2.344799786806106567e-01 -4.676535129547119141e-01
2.861100733280181885e-01 1.910267174243927002e-01 -4.598429203033447266e-01
1.634908020496368408e-01 6.747619807720184326e-02 -1.596574783325195312e-01
-9.250218421220779419e-02 2.441731840372085571e-02 2.111902832984924316e-02
-3.010357916355133057e-01 -5.041325930505990982e-03 1.731324791908264160e-01
-1.363805532455444336e-01 -9.284345060586929321e-02 -1.402287930250167847e-01
1.583150178194046021e-01 2.143933176994323730e-01 -4.766475260257720947e-01
1.108839064836502075e-01 2.774662673473358154e-01 -4.929063916206359863e-01
5.294467881321907043e-02 2.210075110197067261e-01 -4.979616999626159668e-01
3.864206001162528992e-02 1.749657690525054932e-01 -5.451085567474365234e-01
7.800388336181640625e-02 2.347596138715744019e-01 -5.252242088317871094e-01
2.518725953996181488e-02 3.163505196571350098e-01 -4.895204007625579834e-01
-1.854502595961093903e-02 3.570148348808288574e-01 -4.326870441436767578e-01
-1.081331865862011909e-03 3.690047562122344971e-01 -2.983278334140777588e-01
-1.789701636880636215e-03 4.359001219272613525e-01 -8.530867099761962891e-02
-5.759437754750251770e-02 4.931701421737670898e-01 3.753743600100278854e-03
1.646059155464172363e-01 5.345886945724487305e-01 3.748417273163795471e-02
1.416887789964675903e-01 5.692099332809448242e-01 1.754329800605773926e-01
4.665950685739517212e-02 5.543354749679565430e-01 2.478443980216979980e-01
8.310829848051071167e-02 4.773705303668975830e-01 2.743716835975646973e-01
1.256482452154159546e-01 5.357853174209594727e-01 2.374508529901504517e-01
1.893588155508041382e-01 5.285775065422058105e-01 2.196270972490310669e-01
2.453918308019638062e-01 4.347872436046600342e-01 2.762920856475830078e-01
2.476976960897445679e-01 3.819808661937713623e-01 3.559598028659820557e-01
2.641862928867340088e-01 3.569332361221313477e-01 3.739744722843170166e-01
2.881085276603698730e-01 3.204351663589477539e-01 4.029652774333953857e-01
2.976906597614288330e-01 2.772886753082275391e-01 4.296824932098388672e-01
2.645637392997741699e-01 2.311006933450698853e-01 4.092277884483337402e-01
2.230792194604873657e-01 1.422797888517379761e-01 4.347421228885650635e-01
2.834467589855194092e-01 1.468130499124526978e-01 4.049450159072875977e-01
3.492549061775207520e-01 1.733732223510742188e-01 4.245070219039916992e-01
4.327367842197418213e-01 9.466742724180221558e-02 4.042356908321380615e-01
4.129714667797088623e-01 1.486571729183197021e-01 3.209799826145172119e-01
4.146652519702911377e-01 1.767069250345230103e-01 3.076909184455871582e-01
3.576727211475372314e-01 2.414360791444778442e-01 1.578698158264160156e-01
