-4.566725715994834900e-02 1.299707498401403427e-02 1.532537024468183517e-02
-1.056661233305931091e-01 3.159816563129425049e-02 1.667810138314962387e-03
-6.898522377014160156e-02 1.369803994894027710e-01 -3.742575272917747498e-02
1.293952297419309616e-02 1.281637102365493774e-01 -1.230038329958915710e-01
1.854701638221740723e-01 -2.408789843320846558e-02 -2.135127186775207520e-01
2.280092984437942505e-01 -2.125146836042404175e-01 -2.843675911426544189e-01
1.232474297285079956e-01 -4.000924527645111084e-01 -3.121976554393768311e-01
5.778735503554344177e-02 -2.568997740745544434e-01 -2.524714469909667969e-01
-6.297313421964645386e-02 6.552636157721281052e-03 -4.713800176978111267e-02
-8.023050427436828613e-02 2.245118021965026855e-01 1.744360923767089844e-01
-1.059193462133407593e-01 2.519290447235107422e-01 3.449980020523071289e-01
-1.718631088733673096e-01 1.122585311532020569e-01 3.739469647407531738e-01
-1.680116653442382812e-01 7.800946384668350220e-02 2.727549076080322266e-01
-2.002724856138229370e-01 5.682633817195892334e-02 1.799954026937484741e-01
-2.165014147758483887e-01 7.714421302080154419e-02 1.340983659029006958e-01
-2.290822416543960571e-01 -7.537586241960525513e-02 3.172616958618164062e-01
-1.749921739101409912e-01 -2.887248098850250244e-01 4.421232640743255615e-01
-9.421015158295631409e-03 -3.369162082672119141e-01 4.214582145214080811e-01
1.778161823749542236e-01 -1.523882597684860229e-01 2.095465660095214844e-01
2.751602232456207275e-01 2.319591492414474487e-01 -2.238993793725967407e-01
2.958255708217620850e-01 4.304555356502532959e-01 -4.520552158355712891e-01
1.780427545309066772e-01 3.559793233871459961e-01 -5.393996238708496094e-01
-3.250308707356452942e-02 1.311431229114532471e-01 -5.711941719055175781e-01
-2.094190716743469238e-01 -1.101013794541358948e-01 -5.358814597129821777e-01
-2.674406766891479492e-01 -2.323249727487564087e-01 -3.421113193035125732e-01
1.485497504472732544e-02 -1.000522002577781677e-01 4.751934856176376343e-02
2.839636504650115967e-01 4.530480876564979553e-02 3.984155654907226562e-01
3.310711681842803955e-01 1.345832794904708862e-01 4.196540713310241699e-01
2.535958290100097656e-01 1.371367573738098145e-01 2.346837967634201050e-01
3.790533170104026794e-02 7.162810862064361572e-02 3.339089453220367432e-02
-9.987407177686691284e-02 1.318236719816923141e-02 -2.056465297937393188e-02
-1.926183104515075684e-01 -1.150117218494415283e-01 6.545425951480865479e-02
-2.948147356510162354e-01 -1.720768809318542480e-01 1.467529088258743286e-01
-2.365403473377227783e-01 -2.065230906009674072e-01 2.649450600147247314e-01
1.016180962324142456e-03 -1.792840659618377686e-01 3.526135981082916260e-01
2.766434848308563232e-01 -1.910730749368667603e-01 3.329867124557495117e-01
3.107208609580993652e-01 -2.940905690193176270e-01 1.161288321018218994e-01
6.750996410846710205e-02 -2.950895130634307861e-01 -2.931261360645294189e-01
-1.749279052019119263e-01 -2.108326554298400879e-01 -4.513408839702606201e-01
-1.577189117670059204e-01 8.386325091123580933e-02 -4.794070124626159668e-01
1.644175052642822266e-01 3.792469799518585205e-01 -4.628148078918457031e-01
3.828992247581481934e-01 4.788948893547058105e-01 -3.674614727497100830e-01
3.859654963016510010e-01 4.551840126514434814e-01 -1.868875920772552490e-01
7.852329313755035400e-02 1.914003193378448486e-01 1.437799036502838135e-01
-3.370636701583862305e-01 -1.768279075622558594e-01 3.386501371860504150e-01
-4.495470523834228516e-01 -3.677935004234313965e-01 3.165212273597717285e-01
-3.977953195571899414e-01 -3.418305814266204834e-01 1.859190315008163452e-01
-1.435675472021102905e-01 -5.025941133499145508e-02 8.208836615085601807e-02
9.552324563264846802e-02 2.183016538619995117e-01 1.624845713376998901e-01
1.459439992904663086e-01 2.342954427003860474e-01 3.245400488376617432e-01
7.043901085853576660e-02 -2.026319131255149841e-02 3.716596662998199463e-01
-9.414670616388320923e-02 -2.461241036653518677e-01 2.728459537029266357e-01
-1.425834149122238159e-01 -2.783205807209014893e-01 6.243749987334012985e-03
-2.382890321314334869e-02 -2.626069076359272003e-02 -2.887251973152160645e-01
1.429776847362518311e-01 2.747271656990051270e-01 -3.869438469409942627e-01
2.142993509769439697e-01 3.452362418174743652e-01 -4.102114140987396240e-01
2.012361884117126465e-01 3.295249640941619873e-01 -3.465447723865509033e-01
3.534707054495811462e-02 1.026985421776771545e-01 -2.230920195579528809e-01
-1.177694499492645264e-01 -1.146722510457038879e-01 -8.794029802083969116e-02
-1.527567207813262939e-01 -1.501351892948150635e-01 1.208970919251441956e-01
-1.536422818899154663e-01 -1.835457533597946167e-01 2.010227888822555542e-01
-4.726515337824821472e-02 -1.472007036209106445e-01 1.955684274435043335e-01
1.910420879721641541e-02 -1.327446848154067993e-01 1.580359637737274170e-01
4.129603505134582520e-02 -9.399817883968353271e-02 1.506865620613098145e-01
7.043496519327163696e-02 -9.414616972208023071e-03 2.264840602874755859e-01
-2.225473895668983459e-02 1.505558262579143047e-03 2.748610675334930420e-01
-2.368611693382263184e-01 -6.183678656816482544e-02 2.768109142780303955e-01
-3.894800245761871338e-01 -1.414295583963394165e-01 1.917242407798767090e-01
-4.198454320430755615e-01 -1.451772153377532959e-01 5.061428248882293701e-02
-2.441654503345489502e-01 -6.916666775941848755e-02 -1.062422245740890503e-01
1.692218780517578125e-01 9.455233812332153320e-02 -2.367356568574905396e-01
4.491719305515289307e-01 2.858558297157287598e-01 -3.441896140575408936e-01
5.402600169181823730e-01 3.528938591480255127e-01 -4.507940113544464111e-01
5.463853478431701660e-01 2.602282166481018066e-01 -4.492016434669494629e-01
3.719486892223358154e-01 3.401927649974822998e-02 -3.416500389575958252e-01
-4.099209234118461609e-02 -2.656515240669250488e-01 -9.971424192190170288e-02
-2.893868386745452881e-01 -3.120160698890686035e-01 1.817745715379714966e-01
-3.956695199012756348e-01 -1.551582366228103638e-01 2.462316900491714478e-01
-3.527460396289825439e-01 2.002845890820026398e-02 1.964140534400939941e-01
-2.808023691177368164e-01 1.078676283359527588e-01 1.057426556944847107e-01
-2.192815244197845459e-01 5.338129401206970215e-02 6.091313064098358154e-02
-6.242857500910758972e-02 7.293934375047683716e-02 7.564803957939147949e-02
-3.331948444247245789e-02 2.407913058996200562e-01 1.767556071281433105e-01
-1.821633428335189819e-01 3.623376786708831787e-01 2.605685591697692871e-01
-3.371734023094177246e-01 3.948047459125518799e-01 2.418486773967742920e-01
-2.923341691493988037e-01 2.392843663692474365e-01 3.778629750013351440e-02
1.493976116180419922e-01 -7.078466564416885376e-02 -2.114837765693664551e-01
4.567470550537109375e-01 -2.026662826538085938e-01 -1.825412213802337646e-01
4.113389849662780762e-01 -2.581287920475006104e-01 -4.899855703115463257e-02
1.191949248313903809e-01 -2.937074303627014160e-01 1.146393269300460815e-01
-1.076859012246131897e-01 -2.968779206275939941e-01 9.318701177835464478e-02
3.662803024053573608e-02 -1.874857395887374878e-01 -8.157234638929367065e-02
1.584705412387847900e-01 -2.446373738348484039e-02 -6.388938426971435547e-02
1.438281238079071045e-01 1.198137328028678894e-01 4.206634312868118286e-02
6.960841268301010132e-02 5.468498915433883667e-02 1.640705168247222900e-01
8.727631717920303345e-02 -1.669487506151199341e-01 2.378791868686676025e-01
2.039166688919067383e-01 -2.922824621200561523e-01 1.887699216604232788e-01
1.899029314517974854e-01 -3.095757663249969482e-01 9.571032971143722534e-02
3.654784336686134338e-02 -1.562861204147338867e-01 -1.860108971595764160e-01
-8.085019886493682861e-02 -1.170617621392011642e-02 -4.343754053115844727e-01
-1.241667717695236206e-01 8.316972851753234863e-02 -4.858282208442687988e-01
-1.210809350013732910e-01 7.456754893064498901e-02 -3.840323388576507568e-01
-1.650178283452987671e-01 1.232184395194053650e-01 1.374531537294387817e-02
-1.568954139947891235e-01 1.920460611581802368e-01 3.033960163593292236e-01
-4.449442494660615921e-03 2.096377313137054443e-01 2.037888914346694946e-01
9.755688160657882690e-02 1.734124869108200073e-01 -2.718864753842353821e-02
1.561783105134963989e-01 6.171468179672956467e-03 -1.682949960231781006e-01
8.737770840525627136e-03 -1.661787331104278564e-01 -1.203962117433547974e-01
1.367983757518231869e-03 -2.087943702936172485e-01 1.107957512140274048e-01
7.195088267326354980e-02 -1.107592359185218811e-01 2.175730317831039429e-01
3.570497408509254456e-02 1.295110881328582764e-01 2.086355090141296387e-01
5.850949324667453766e-03 2.960762381553649902e-01 9.192159026861190796e-02
-2.600138187408447266e-01 2.950362265110015869e-01 -1.791296601295471191e-01
-3.111386597156524658e-01 1.554055362939834595e-01 -2.668735682964324951e-01
-2.254585027694702148e-01 -9.887012094259262085e-02 -1.719073653221130371e-01
-7.677963469177484512e-03 -1.491510570049285889e-01 2.027214132249355316e-02
2.817799150943756104e-01 7.822823245078325272e-04 7.924520224332809448e-02
2.725456655025482178e-01 2.375537455081939697e-01 -1.430754810571670532e-01
1.247082203626632690e-01 3.400391936302185059e-01 -3.316934108734130859e-01
-2.069903761148452759e-01 7.880322635173797607e-02 -2.853054106235504150e-01
-4.063611626625061035e-01 -3.583036065101623535e-01 -2.360485680401325226e-02
-4.007846713066101074e-01 -4.883541762828826904e-01 1.308112442493438721e-01
-2.454346865415573120e-01 -4.371865391731262207e-01 5.880213528871536255e-02
1.392518877983093262e-01 -6.898856163024902344e-02 -2.288851141929626465e-02
4.295307099819183350e-01 3.042065799236297607e-01 6.611650809645652771e-03
4.479590654373168945e-01 3.729384541511535645e-01 9.475851804018020630e-02
2.395740300416946411e-01 3.074953556060791016e-01 2.456716299057006836e-01
-1.562305837869644165e-01 1.298560947179794312e-01 2.820154726505279541e-01
-4.052350819110870361e-01 2.837748266756534576e-02 2.889875173568725586e-01
-2.678449153900146484e-01 -1.808519475162029266e-02 3.053733408451080322e-01
9.389133751392364502e-02 -1.063624918460845947e-01 2.673723697662353516e-01
3.886674046516418457e-01 -1.852964758872985840e-01 1.883725374937057495e-01
2.859887182712554932e-01 -2.134616076946258545e-01 -1.452024579048156738e-01
-2.240503281354904175e-01 -1.460121273994445801e-01 -4.331315159797668457e-01
-4.832379817962646484e-01 2.007085457444190979e-02 -5.126569867134094238e-01
-4.676243960857391357e-01 1.125383973121643066e-01 -4.201447069644927979e-01
-8.209182322025299072e-02 1.682315468788146973e-01 -5.984955281019210815e-02
3.363270163536071777e-01 1.298886537551879883e-01 1.972319334745407104e-01
4.257517457008361816e-01 7.804971933364868164e-02 2.493946105241775513e-01
3.887051045894622803e-01 3.899703919887542725e-02 1.171107366681098938e-01
2.863733470439910889e-01 1.108973994851112366e-01 -3.553148126229643822e-03
2.316687852144241333e-01 1.954080015420913696e-01 -1.993312966078519821e-03
1.998009234666824341e-01 1.910330802202224731e-01 5.284421518445014954e-02
4.677144438028335571e-02 -1.418430730700492859e-02 1.893406361341476440e-01
-1.784840971231460571e-01 -3.501522243022918701e-01 2.918006479740142822e-01
-2.882194221019744873e-01 -3.879579305648803711e-01 2.694251537322998047e-01
-3.263134956359863281e-01 -8.429857343435287476e-02 2.366605848073959351e-01
-1.179256141185760498e-01 4.280984997749328613e-01 2.346645668148994446e-02
3.756792470812797546e-02 6.198333501815795898e-01 -2.645865976810455322e-01
9.247288107872009277e-02 4.678576886653900146e-01 -3.998349905014038086e-01
-5.994287785142660141e-03 -2.679443955421447754e-01 -4.912052154541015625e-01
-1.048221662640571594e-01 -6.440196633338928223e-01 -3.725930750370025635e-01
-1.284343600273132324e-01 -6.918788552284240723e-01 -3.799543529748916626e-02
-1.779157817363739014e-01 -5.401085615158081055e-01 1.602779924869537354e-01
-2.505715563893318176e-02 3.916236758232116699e-02 2.731363773345947266e-01
1.104627996683120728e-01 3.294693231582641602e-01 2.349396497011184692e-01
2.369130998849868774e-01 4.061892330646514893e-01 1.537466943264007568e-01
2.370600998401641846e-01 4.190668761730194092e-01 1.567786633968353271e-01
1.631272286176681519e-01 3.707405030727386475e-01 1.907333582639694214e-01
8.866660296916961670e-02 3.376671373844146729e-01 2.335773855447769165e-01
-1.224547252058982849e-01 1.289771944284439087e-01 2.965880632400512695e-01
-1.992519050836563110e-01 -1.369922906160354614e-01 3.349214494228363037e-01
-9.555517137050628662e-02 -2.693389058113098145e-01 2.884847521781921387e-01
1.147209331393241882e-01 -2.265044599771499634e-01 1.776561439037322998e-01
1.970955580472946167e-01 -6.202188134193420410e-02 -9.071224927902221680e-02
-1.749870777130126953e-01 2.697508782148361206e-02 -4.009118080139160156e-01
-4.802082479000091553e-01 7.866429537534713745e-02 -5.132941603660583496e-01
-4.658623337745666504e-01 1.105237081646919250e-01 -4.910305440425872803e-01
-6.352405995130538940e-02 1.802597641944885254e-01 -3.183356821537017822e-01
3.792739212512969971e-01 2.347843796014785767e-01 -7.513700425624847412e-02
4.454188048839569092e-01 3.627765923738479614e-02 6.416705250740051270e-02
2.095726877450942993e-01 -1.884135901927947998e-01 5.867534503340721130e-02
-4.643529281020164490e-02 -2.310872524976730347e-01 -1.459845714271068573e-02
-1.009181365370750427e-01 -1.945058107376098633e-01 -5.226704105734825134e-02
-8.269961178302764893e-02 -6.613013148307800293e-02 -4.248151183128356934e-02
-5.160374566912651062e-02 -2.449875697493553162e-02 5.517879873514175415e-02
1.949552819132804871e-02 -9.998203068971633911e-02 1.410513818264007568e-01
1.376801282167434692e-01 -1.371638327836990356e-01 1.807574480772018433e-01
2.325251400470733643e-01 -2.360828518867492676e-01 1.246739625930786133e-01
2.098429352045059204e-01 -1.978257447481155396e-01 -1.440117694437503815e-02
4.650195688009262085e-02 -7.271677255630493164e-02 -8.486979454755783081e-02
-7.914183288812637329e-02 7.630799431353807449e-03 -9.897677600383758545e-02
-1.135942861437797546e-01 8.144596964120864868e-02 -5.910774320363998413e-02
