2.708743068718180158e-01
0.000000000000000000e+00
0.000000000000000000e+00
0.000000000000000000e+00
0.000000000000000000e+00
2.766306078594951701e-02
1.626616915318741460e-02
1.177134901321136295e-02
0.000000000000000000e+00
0.000000000000000000e+00
0.000000000000000000e+00
0.000000000000000000e+00
6.097123026699502284e-03
7.788443709585838801e-03
3.715863544609214735e-03
0.000000000000000000e+00
0.000000000000000000e+00
3.089918824422225891e-03
1.195263213569305698e-02
2.167944431683037007e-02
1.935210197595899767e-02
1.515321120433606519e-02
7.152823268397152587e-03
7.623130760019513133e-03
1.531475039012227847e-02
1.572791937668260864e-02
7.339630390248813932e-03
0.000000000000000000e+00
0.000000000000000000e+00
0.000000000000000000e+00
0.000000000000000000e+00
0.000000000000000000e+00
0.000000000000000000e+00
0.000000000000000000e+00
0.000000000000000000e+00
0.000000000000000000e+00
0.000000000000000000e+00
0.000000000000000000e+00
0.000000000000000000e+00
1.571415008141095922e-03
4.386055499749569802e-05
0.000000000000000000e+00
0.000000000000000000e+00
7.345808547438898578e-03
1.244848957808553612e-02
9.598582711551967989e-03
4.111326659504773925e-03
0.000000000000000000e+00
0.000000000000000000e+00
0.000000000000000000e+00
0.000000000000000000e+00
0.000000000000000000e+00
0.000000000000000000e+00
0.000000000000000000e+00
0.000000000000000000e+00
2.757173453952360426e-03
2.732763191473307728e-03
0.000000000000000000e+00
0.000000000000000000e+00
0.000000000000000000e+00
0.000000000000000000e+00
0.000000000000000000e+00
0.000000000000000000e+00
0.000000000000000000e+00
0.000000000000000000e+00
9.914212406079232678e-04
9.364658782442620774e-03
6.311489090671096487e-03
0.000000000000000000e+00
0.000000000000000000e+00
5.330766964632354700e-03
1.340365303124988437e-02
1.588464396091269354e-02
1.571653703061240068e-02
1.330600035186131798e-02
1.786179381540939012e-02
1.659424238313752728e-02
1.492750931218369756e-02
1.243715374990475575e-02
7.309655425246546281e-03
7.406892350998317207e-03
0.000000000000000000e+00
0.000000000000000000e+00
0.000000000000000000e+00
0.000000000000000000e+00
6.657947062734863308e-02
1.642035066254965148e-01
1.539485855677504011e-01
2.883044466543543613e-02
0.000000000000000000e+00
0.000000000000000000e+00
0.000000000000000000e+00
0.000000000000000000e+00
0.000000000000000000e+00
0.000000000000000000e+00
0.000000000000000000e+00
0.000000000000000000e+00
1.224827948934149695e-02
4.272365487242794913e-02
0.000000000000000000e+00
0.000000000000000000e+00
0.000000000000000000e+00
0.000000000000000000e+00
1.803488164872052990e-01
3.372371117070363522e-01
2.966798530927837740e-01
1.458365488824402978e-01
0.000000000000000000e+00
0.000000000000000000e+00
0.000000000000000000e+00
0.000000000000000000e+00
0.000000000000000000e+00
0.000000000000000000e+00
0.000000000000000000e+00
0.000000000000000000e+00
0.000000000000000000e+00
0.000000000000000000e+00
0.000000000000000000e+00
0.000000000000000000e+00
0.000000000000000000e+00
0.000000000000000000e+00
2.093831374325456074e-01
4.135842052413939984e-01
4.618770487059980501e-01
2.569726594826299282e-01
0.000000000000000000e+00
0.000000000000000000e+00
0.000000000000000000e+00
0.000000000000000000e+00
0.000000000000000000e+00
0.000000000000000000e+00
0.000000000000000000e+00
0.000000000000000000e+00
5.379270586468708898e-03
1.624452379776143013e-02
2.215922110632008099e-02
2.394820028333116343e-02
1.137403099747473154e-02
0.000000000000000000e+00
0.000000000000000000e+00
0.000000000000000000e+00
0.000000000000000000e+00
0.000000000000000000e+00
0.000000000000000000e+00
0.000000000000000000e+00
0.000000000000000000e+00
0.000000000000000000e+00
2.873193663835495459e-01
5.057119956053620635e-01
4.444994130837891522e-01
2.205851103864864826e-01
2.030843826141063291e-01
3.602816932660610760e-01
3.582047218355811080e-01
1.308785151126854451e-01
0.000000000000000000e+00
0.000000000000000000e+00
0.000000000000000000e+00
0.000000000000000000e+00
4.794271784769542355e-02
0.000000000000000000e+00
0.000000000000000000e+00
0.000000000000000000e+00
0.000000000000000000e+00
9.372354585775410224e-03
4.702308243258419146e-02
6.747860328269303376e-02
6.576534360020368231e-02
3.217074312235330968e-02
0.000000000000000000e+00
0.000000000000000000e+00
0.000000000000000000e+00
1.076390235969437031e-02
1.926478208276035525e-02
1.441315810137420647e-02
1.369347692661515049e-02
1.162480312466245697e-02
0.000000000000000000e+00
0.000000000000000000e+00
0.000000000000000000e+00
0.000000000000000000e+00
1.847472893560649920e-01
3.738555785136846721e-01
