-1.828284375369548798e-02 -4.227950423955917358e-02 -7.102648168802261353e-02
-4.715725407004356384e-02 -8.328028768301010132e-02 -1.227492839097976685e-01
-9.925233572721481323e-02 -1.054428368806838989e-01 -3.975229710340499878e-02
-1.756327897310256958e-01 -1.305218040943145752e-01 1.368417143821716309e-01
-1.994299292564392090e-01 -4.580000415444374084e-02 3.472153842449188232e-01
-2.559108138084411621e-01 -5.131518095731735229e-02 3.417761921882629395e-01
-1.780008226633071899e-01 -1.926950924098491669e-02 1.378532499074935913e-01
-1.074533257633447647e-02 5.190125107765197754e-02 -1.584372669458389282e-01
1.876609921455383301e-01 3.931725770235061646e-02 -3.171298205852508545e-01
2.843251228332519531e-01 7.563389092683792114e-02 -2.493589967489242554e-01
2.662464976310729980e-01 2.840462885797023773e-02 -1.154942810535430908e-01
1.963013857603073120e-01 -6.840705126523971558e-02 2.745740674436092377e-02
4.951372370123863220e-02 -5.734109878540039062e-02 6.308650225400924683e-02
-4.709828272461891174e-02 -3.544305264949798584e-02 -1.416718307882547379e-02
-1.037340834736824036e-01 4.893276467919349670e-02 -8.644657582044601440e-02
-8.499837666749954224e-02 1.093138456344604492e-01 -1.337577849626541138e-01
-2.558199502527713776e-02 4.395760968327522278e-02 -1.091182604432106018e-01
2.907760208472609520e-03 -7.798222359269857407e-03 -1.996681094169616699e-02
5.888287909328937531e-03 -4.546901676803827286e-03 -9.551317634759470820e-05
3.209128975868225098e-02 6.886614114046096802e-02 -1.383573189377784729e-02
4.615361616015434265e-02 1.452017426490783691e-01 -1.871079951524734497e-02
1.299384608864784241e-02 1.911021173000335693e-01 -1.306026056408882141e-02
4.291906021535396576e-03 8.550162613391876221e-02 2.057403698563575745e-02
-1.355806714855134487e-03 -4.228878766298294067e-02 8.769543841481208801e-03
5.264413356781005859e-02 -1.409994959831237793e-01 -2.940860018134117126e-02
7.571532577276229858e-02 -1.907432824373245239e-01 2.601411892101168633e-03
-1.077863015234470367e-02 -1.050284504890441895e-01 6.796050816774368286e-02
-1.251032799482345581e-01 -8.917158097028732300e-02 1.481541842222213745e-01
-1.619484871625900269e-01 -9.490555524826049805e-02 1.243707016110420227e-01
-8.599491417407989502e-02 -1.716365367174148560e-01 -3.439737856388092041e-02
4.991934075951576233e-02 -1.513523012399673462e-01 -1.624590307474136353e-01
2.438804358243942261e-01 1.350897271186113358e-02 -2.396079301834106445e-01
2.754096090793609619e-01 2.019554376602172852e-01 -1.739927679300308228e-01
2.669496238231658936e-01 3.295111656188964844e-01 -1.602558605372905731e-02
2.185031175613403320e-01 2.481288611888885498e-01 6.581522524356842041e-02
5.889354273676872253e-03 9.142192453145980835e-02 9.761680662631988525e-02
-8.375756442546844482e-02 -4.074433818459510803e-02 5.626970902085304260e-02
-1.776588112115859985e-01 -6.877499818801879883e-02 -2.314591035246849060e-02
-2.671383321285247803e-01 1.033844309858977795e-03 -9.392308071255683899e-03
-2.745812535285949707e-01 -2.592286095023155212e-03 1.001473367214202881e-01
-2.984088659286499023e-01 -3.425256907939910889e-02 2.461512684822082520e-01
-1.268185526132583618e-01 -2.751809172332286835e-02 2.601645588874816895e-01
1.630299687385559082e-01 -5.563849583268165588e-02 4.251008108258247375e-02
3.032463788986206055e-01 -6.020349636673927307e-02 -2.250572144985198975e-01
2.914538979530334473e-01 -1.858085691928863525e-01 -3.293812572956085205e-01
6.341965496540069580e-02 -2.477083057165145874e-01 -2.609550356864929199e-01
-8.301030099391937256e-02 -8.374939858913421631e-02 -8.461695909500122070e-02
-1.210540533065795898e-01 1.338822245597839355e-01 4.895524308085441589e-02
-1.066418290138244629e-01 2.934188544750213623e-01 1.645419895648956299e-01
-1.775854229927062988e-01 1.887171119451522827e-01 2.525731623172760010e-01
-3.385678231716156006e-01 9.588424116373062134e-02 2.623422443866729736e-01
-3.925571441650390625e-01 5.100166797637939453e-02 2.207552343606948853e-01
-3.533711731433868408e-01 1.713846228085458279e-03 6.826198846101760864e-02
-1.118353605270385742e-01 -6.048267707228660583e-02 -1.987453736364841461e-02
1.014597713947296143e-01 -2.326066344976425171e-01 1.516807638108730316e-02
2.260405719280242920e-01 -2.480554282665252686e-01 1.597199216485023499e-02
3.432475328445434570e-01 -1.403452306985855103e-01 -3.978843241930007935e-02
3.374643027782440186e-01 -1.196590811014175415e-02 -1.986008733510971069e-01
2.478602230548858643e-01 7.650732994079589844e-02 -2.983877658843994141e-01
9.566745907068252563e-02 1.283555943518877029e-02 -2.507209181785583496e-01
6.192252971231937408e-03 -4.426184576004743576e-03 -9.781462699174880981e-02
3.899912163615226746e-02 7.121846079826354980e-02 -1.607646793127059937e-02
1.416676938533782959e-01 6.014619395136833191e-02 -3.975569084286689758e-02
1.511125266551971436e-01 -5.857244599610567093e-03 -3.409560769796371460e-02
-2.480957843363285065e-02 -1.074593886733055115e-01 8.811452239751815796e-02
-1.821134984493255615e-01 -1.528366804122924805e-01 2.051920145750045776e-01
-2.322601377964019775e-01 -4.648686945438385010e-02 1.774918138980865479e-01
-1.147017851471900940e-01 1.087792031466960907e-02 4.401478916406631470e-02
3.737646341323852539e-02 9.415604174137115479e-02 -7.644496113061904907e-02
-1.737798191606998444e-02 1.902629435062408447e-01 -6.344527751207351685e-02
-8.825828880071640015e-02 1.486783623695373535e-01 -4.815269634127616882e-02
-1.090860664844512939e-01 1.048871800303459167e-01 -2.020321600139141083e-02
-3.786550089716911316e-02 -3.083873540163040161e-03 3.224075585603713989e-02
1.137055754661560059e-01 -1.303009986877441406e-01 8.062484115362167358e-02
8.724505081772804260e-03 -1.483031213283538818e-01 4.744476452469825745e-02
-1.022898852825164795e-01 -1.538391262292861938e-01 -1.269805524498224258e-02
-1.347535550594329834e-01 -4.478026926517486572e-02 -1.386427413672208786e-02
-1.370206009596586227e-02 2.009338587522506714e-01 4.216151684522628784e-02
2.768055796623229980e-01 3.655207455158233643e-01 1.774860322475433350e-01
3.728795349597930908e-01 3.122176527976989746e-01 3.252400830388069153e-02
3.210881650447845459e-01 -3.350039944052696228e-02 -1.977865546941757202e-01
2.695097774267196655e-02 -4.322668313980102539e-01 -3.539550602436065674e-01
-1.826923638582229614e-01 -5.792826414108276367e-01 -4.605316817760467529e-01
-1.564027220010757446e-01 -4.719123840332031250e-01 -4.225324988365173340e-01
-1.400863677263259888e-01 -1.046404056251049042e-02 -3.273045122623443604e-01
-8.065407723188400269e-02 3.708499073982238770e-01 -1.315878927707672119e-01
-1.500195413827896118e-01 4.874311685562133789e-01 1.740606278181076050e-01
-2.109053730964660645e-01 3.603440523147583008e-01 3.204340636730194092e-01
-1.294779777526855469e-01 1.257738471031188965e-01 3.369783461093902588e-01
-7.738750427961349487e-03 -5.673323292285203934e-03 2.618138790130615234e-01
1.387027949094772339e-01 -2.737859450280666351e-02 1.587542593479156494e-01
1.893532872200012207e-01 -9.287280961871147156e-03 8.996509015560150146e-02
1.404023617506027222e-01 -1.408623903989791870e-02 7.663424313068389893e-02
8.267408609390258789e-02 -2.107975451508536935e-04 5.905649065971374512e-02
1.148460432887077332e-01 -3.115086816251277924e-02 1.349965333938598633e-01
1.874137371778488159e-01 -7.737169414758682251e-02 2.587482929229736328e-01
1.809064745903015137e-01 -8.013372123241424561e-02 3.148019611835479736e-01
5.697580054402351379e-02 -9.313940256834030151e-02 2.477925717830657959e-01
-7.656378298997879028e-02 -5.392393842339515686e-02 7.726037502288818359e-02
-1.191050931811332703e-01 -1.667614839971065521e-02 -4.535879567265510559e-02
