-2.318336516618728638e-01 -2.792418189346790314e-02 1.990817487239837646e-02
-2.696945667266845703e-01 -2.845223806798458099e-02 5.695466417819261551e-03
-4.631302505731582642e-02 -1.409920603036880493e-01 -4.282876476645469666e-02
8.732376992702484131e-02 -1.573779135942459106e-01 -5.591747537255287170e-02
3.424583002924919128e-02 6.110506877303123474e-02 3.340160846710205078e-02
2.197136133909225464e-01 2.650889754295349121e-01 1.236028075218200684e-01
2.525052428245544434e-01 4.062980711460113525e-01 2.485176473855972290e-01
3.201118111610412598e-01 3.717263340950012207e-01 2.336446344852447510e-01
2.632533311843872070e-01 2.472558170557022095e-01 1.989141702651977539e-01
1.434635668992996216e-01 5.879763141274452209e-02 1.706752032041549683e-01
1.113758459687232971e-01 -3.876576200127601624e-03 8.199968189001083374e-02
5.396870896220207214e-02 2.462089806795120239e-02 5.921923741698265076e-02
-4.084302112460136414e-03 6.474173814058303833e-02 -2.116898261010646820e-02
5.431633070111274719e-02 1.258404403924942017e-01 -8.833047002553939819e-02
5.236384645104408264e-02 9.750265628099441528e-02 -1.880858093500137329e-02
4.271775856614112854e-02 -1.610432565212249756e-02 -6.574191153049468994e-03
-5.790722370147705078e-02 -7.284688204526901245e-02 9.653123095631599426e-03
-1.083861738443374634e-01 -8.688180893659591675e-02 1.401747949421405792e-02
-3.508177399635314941e-02 -7.476539909839630127e-02 7.262038998305797577e-03
3.199998056516051292e-03 -3.143842890858650208e-02 2.392491884529590607e-02
-1.816324330866336823e-02 -8.509737253189086914e-02 2.653786912560462952e-02
-1.333185434341430664e-01 -1.311946511268615723e-01 4.395025223493576050e-02
-2.141161859035491943e-01 -8.985908329486846924e-02 8.420339971780776978e-02
-2.412769198417663574e-01 -8.672369271516799927e-02 1.468361169099807739e-01
-1.286054253578186035e-01 -7.554878294467926025e-02 8.993206918239593506e-02
-8.420942723751068115e-02 -9.442538768053054810e-02 2.082292735576629639e-02
-8.020680397748947144e-02 -1.008261740207672119e-01 -6.189785152673721313e-02
-8.039060235023498535e-02 5.903993733227252960e-03 -5.466390028595924377e-02
-1.812196709215641022e-02 6.215782463550567627e-02 -3.064999729394912720e-02
2.075947821140289307e-01 1.491845399141311646e-01 3.385761380195617676e-02
3.101631999015808105e-01 8.942323923110961914e-02 -4.124534502625465393e-02
4.185273051261901855e-01 -4.795297235250473022e-02 -1.173940524458885193e-01
2.879623174667358398e-01 -1.185988560318946838e-01 -7.263620942831039429e-02
2.011895924806594849e-02 -1.891593188047409058e-01 -1.511615663766860962e-01
-1.829592138528823853e-01 -1.645440459251403809e-01 -1.062179952859878540e-01
-2.454615086317062378e-01 -1.246404126286506653e-01 -1.037270873785018921e-01
-2.537153065204620361e-01 -1.165940687060356140e-01 -2.129785865545272827e-01
-2.409130036830902100e-01 -7.423421740531921387e-02 -1.068145334720611572e-01
-2.660495042800903320e-01 -8.656777441501617432e-02 -1.089520826935768127e-01
-2.273208796977996826e-01 -1.765440255403518677e-01 -1.051626577973365784e-01
-3.175235167145729065e-02 -1.196001321077346802e-01 5.406199023127555847e-02
1.552483290433883667e-01 9.049467742443084717e-02 8.249689638614654541e-02
1.644001752138137817e-01 2.754979729652404785e-01 1.075909659266471863e-01
-5.100478604435920715e-02 1.828023940324783325e-01 -3.849875554442405701e-02
-2.104179561138153076e-01 -5.758490785956382751e-02 -3.511362671852111816e-01
-2.023905813694000244e-01 -2.048375606536865234e-01 -4.570648074150085449e-01
2.576413936913013458e-02 -2.124895155429840088e-01 -4.300086200237274170e-01
1.411260813474655151e-01 -1.488533765077590942e-01 -2.707889080047607422e-01
2.396377921104431152e-02 -1.172404438257217407e-01 -6.722369045019149780e-02
-1.231130734086036682e-01 -9.615876525640487671e-02 3.920262213796377182e-03
-1.952798664569854736e-01 6.404449790716171265e-02 3.310229256749153137e-02
-4.715909063816070557e-02 2.066621184349060059e-01 1.600225269794464111e-01
-6.500688195228576660e-02 1.852077245712280273e-01 3.877051472663879395e-01
3.662754595279693604e-02 2.132209241390228271e-01 4.856357276439666748e-01
2.400899380445480347e-01 1.969761401414871216e-01 5.289390087127685547e-01
3.191160559654235840e-01 2.285854071378707886e-01 5.289528965950012207e-01
3.546792268753051758e-01 3.590279519557952881e-01 4.264665842056274414e-01
2.020963728427886963e-01 3.358921110630035400e-01 3.357500135898590088e-01
-4.742952529340982437e-03 1.905731111764907837e-01 1.792211830615997314e-01
-3.471292927861213684e-02 -2.294649556279182434e-02 -1.097911223769187927e-02
7.332486659288406372e-02 -1.174767538905143738e-01 1.149888336658477783e-02
5.546933040022850037e-02 -7.420462369918823242e-02 -2.715432085096836090e-02
-3.969974070787429810e-02 -4.225250706076622009e-02 -1.124361231923103333e-01
-1.753705143928527832e-01 -1.599594056606292725e-01 -2.111002206802368164e-01
-1.435229182243347168e-01 -1.880346089601516724e-01 -2.982752025127410889e-01
-6.403549760580062866e-02 -8.371100574731826782e-02 -1.905047297477722168e-01
7.874558120965957642e-02 8.988063037395477295e-02 -5.078309774398803711e-02
2.356006503105163574e-01 9.443651139736175537e-02 -2.689570188522338867e-02
1.441829502582550049e-01 4.837353155016899109e-02 -1.120979040861129761e-01
2.410646341741085052e-02 3.098271042108535767e-02 -1.951088607311248779e-01
-9.917041659355163574e-02 2.811482362449169159e-02 -9.227813035249710083e-02
-5.024655908346176147e-02 3.726997599005699158e-02 1.306253075599670410e-01
1.606550216674804688e-01 -4.050036519765853882e-02 9.244430810213088989e-02
1.935104131698608398e-01 -6.796800531446933746e-03 6.740050762891769409e-02
8.223772794008255005e-02 1.025134921073913574e-01 5.212934687733650208e-02
3.805010113865137100e-03 2.012782543897628784e-01 3.052098676562309265e-02
1.409454792737960815e-01 8.808574080467224121e-02 7.683082669973373413e-02
2.559279501438140869e-01 8.088746666908264160e-02 3.734248131513595581e-02
2.580901086330413818e-01 7.806306332349777222e-02 -4.733324516564607620e-03
-1.125229615718126297e-02 9.387575089931488037e-02 -2.505285106599330902e-02
-2.585051059722900391e-01 1.374312490224838257e-01 -6.519816070795059204e-02
-2.207417190074920654e-01 -6.018088385462760925e-02 -1.822753548622131348e-01
6.180623918771743774e-02 -1.831550449132919312e-01 -3.483503162860870361e-01
3.928208947181701660e-01 -2.988173365592956543e-01 -4.069617390632629395e-01
4.335463345050811768e-01 -4.548128545284271240e-01 -4.301532506942749023e-01
2.920624911785125732e-01 -4.891638457775115967e-01 -4.538937509059906006e-01
-2.796974778175354004e-02 -5.171993374824523926e-01 -3.105958402156829834e-01
-1.967314630746841431e-01 -4.438807666301727295e-01 -1.291781961917877197e-01
-7.987514138221740723e-02 -2.948157489299774170e-01 9.605480730533599854e-02
6.428983807563781738e-02 -1.734914332628250122e-01 2.560784816741943359e-01
8.877968788146972656e-02 -1.204792633652687073e-01 2.366731911897659302e-01
5.213949084281921387e-02 -7.156742364168167114e-02 1.182512566447257996e-01
-3.887015953660011292e-02 -5.404527857899665833e-02 2.629387006163597107e-02
-4.995193332433700562e-02 -4.557890444993972778e-02 -9.887147694826126099e-03
-4.984124377369880676e-02 -2.501220675185322762e-03 -3.386107459664344788e-02
-1.182597354054450989e-01 3.774228738620877266e-03 -8.284815400838851929e-02
-1.598776876926422119e-01 2.179216742515563965e-01 -1.989601552486419678e-01
-2.270192503929138184e-01 3.994932770729064941e-01 -3.262469172477722168e-01
-2.466340512037277222e-01 4.398247599601745605e-01 -3.349000811576843262e-01
-1.771555542945861816e-01 3.895674645900726318e-01 -2.608512043952941895e-01
