1.143223650662559057e-02
7.621491004417061538e-03
0.000000000000000000e+00
0.000000000000000000e+00
1.848985161072378980e-01
3.284933213800965146e-01
3.409680935657106726e-01
1.539119818035041554e-01
0.000000000000000000e+00
0.000000000000000000e+00
0.000000000000000000e+00
0.000000000000000000e+00
3.727677344103899615e-02
6.534490037868353855e-03
1.597938636484371247e-02
1.692940668385781861e-02
1.437481573101049431e-02
1.860986543956196296e-02
2.442370033436128823e-02
2.894427684824181154e-02
2.419125625560947929e-02
1.097397424099783372e-02
1.279491993015248810e-03
0.000000000000000000e+00
0.000000000000000000e+00
0.000000000000000000e+00
0.000000000000000000e+00
0.000000000000000000e+00
0.000000000000000000e+00
0.000000000000000000e+00
0.000000000000000000e+00
0.000000000000000000e+00
0.000000000000000000e+00
0.000000000000000000e+00
0.000000000000000000e+00
3.067468069888105164e-01
5.362362787344492343e-01
4.720682402552232593e-01
2.352824840701814024e-01
0.000000000000000000e+00
0.000000000000000000e+00
2.437968627032867097e-01
4.925046422527758483e-01
5.518599457061803548e-01
2.996603066012699657e-01
0.000000000000000000e+00
0.000000000000000000e+00
0.000000000000000000e+00
0.000000000000000000e+00
1.721327628937588741e-02
2.338668865474265168e-02
1.895749944201791798e-02
1.578882873815666207e-02
7.070009795737157952e-03
0.000000000000000000e+00
0.000000000000000000e+00
0.000000000000000000e+00
0.000000000000000000e+00
0.000000000000000000e+00
0.000000000000000000e+00
0.000000000000000000e+00
0.000000000000000000e+00
0.000000000000000000e+00
0.000000000000000000e+00
1.034212756358926684e-02
1.900435167877947626e-02
2.819969406579658430e-02
4.189157775469871253e-02
5.586282753594833811e-02
5.092145600900883917e-02
3.264997041927411581e-02
1.876147887069078493e-02
1.221059709153408945e-02
9.010177928136004974e-03
6.542799295868012566e-03
1.191372573591999422e-03
0.000000000000000000e+00
5.915383447427761260e-03
1.918941437977744746e-02
3.136284949239214609e-02
3.671981475087856411e-02
2.687874591119381387e-02
8.401177349174350148e-03
0.000000000000000000e+00
0.000000000000000000e+00
0.000000000000000000e+00
0.000000000000000000e+00
3.087959258329935498e-03
6.636602619906142170e-03
3.323110096773026004e-03
0.000000000000000000e+00
0.000000000000000000e+00
0.000000000000000000e+00
4.102803419213731095e-02
0.000000000000000000e+00
0.000000000000000000e+00
0.000000000000000000e+00
0.000000000000000000e+00
1.364719802284083960e-01
3.864446044504781796e-01
