-2.186580188572406769e-02 2.242278307676315308e-02 -6.249509006738662720e-02
-4.125383123755455017e-02 -4.175899550318717957e-02 -7.666601240634918213e-02
-9.209211170673370361e-02 -9.618615359067916870e-02 -3.021556697785854340e-02
-8.432017266750335693e-02 -1.632912456989288330e-01 1.923588104546070099e-02
-1.875637099146842957e-02 -1.178090721368789673e-01 5.908488854765892029e-02
-2.406945824623107910e-02 3.044500946998596191e-02 2.310892790555953979e-01
-1.064883321523666382e-01 8.179260790348052979e-02 3.490462601184844971e-01
-2.613606154918670654e-01 6.453564763069152832e-02 3.842671215534210205e-01
-2.589459121227264404e-01 -7.761561125516891479e-02 2.595171332359313965e-01
-4.194275941699743271e-03 -1.145769059658050537e-01 -5.294048786163330078e-02
2.690890133380889893e-01 -8.616061508655548096e-02 -2.501010000705718994e-01
3.708401322364807129e-01 2.247532457113265991e-02 -2.880935370922088623e-01
2.642408907413482666e-01 8.274433016777038574e-02 -2.105326205492019653e-01
7.683450728654861450e-02 4.719924181699752808e-02 -1.298780888319015503e-01
6.941001396626234055e-03 1.057819053530693054e-01 -9.834404103457927704e-03
-1.682242751121520996e-02 4.440161213278770447e-02 4.844851046800613403e-02
-2.830927819013595581e-02 6.643387675285339355e-02 -4.383088555186986923e-03
-8.454347401857376099e-02 1.248043030500411987e-03 -1.203462257981300354e-01
-1.094718202948570251e-01 -1.033495515584945679e-01 -2.333575487136840820e-01
-6.873778998851776123e-02 -5.162319540977478027e-02 -1.883620470762252808e-01
-1.363756414502859116e-02 -1.025766972452402115e-02 -6.616858392953872681e-02
3.745574504137039185e-02 1.134576201438903809e-01 -6.288419477641582489e-03
5.038877576589584351e-02 1.873644590377807617e-01 -1.300551742315292358e-02
5.002317205071449280e-02 1.168474853038787842e-01 -2.475821785628795624e-02
1.463912799954414368e-02 1.300053764134645462e-02 2.385217882692813873e-02
7.599259726703166962e-03 -1.075362339615821838e-01 8.916994184255599976e-02
4.184234514832496643e-02 -1.391370743513107300e-01 9.787319600582122803e-02
7.879916578531265259e-02 -5.052329599857330322e-02 4.833918809890747070e-02
4.675422981381416321e-02 3.223450621590018272e-03 4.342368245124816895e-02
-4.530337825417518616e-02 -7.568271365016698837e-03 9.507612138986587524e-02
-6.232119724154472351e-02 -1.142526492476463318e-01 9.962149709463119507e-02
-3.464524820446968079e-02 -1.870798617601394653e-01 -4.388888832181692123e-03
4.939614236354827881e-02 -1.870500594377517700e-01 -1.935895234346389771e-01
6.230679154396057129e-02 -9.131359308958053589e-02 -3.035164177417755127e-01
7.239259779453277588e-02 6.040498241782188416e-02 -2.444686293601989746e-01
1.766818761825561523e-01 1.668524593114852905e-01 -9.559389948844909668e-02
1.629993170499801636e-01 2.167452275753021240e-01 1.062598302960395813e-01
8.405799418687820435e-02 2.168753296136856079e-01 2.432625144720077515e-01
-7.926093786954879761e-02 1.484619528055191040e-01 2.136300951242446899e-01
-1.891385912895202637e-01 1.280949413776397705e-01 1.552433520555496216e-01
-1.722688525915145874e-01 1.206983029842376709e-01 5.066457763314247131e-02
-1.995442807674407959e-01 4.363074898719787598e-02 7.074764370918273926e-02
-1.882579922676086426e-01 3.534143045544624329e-02 2.176912724971771240e-01
1.079246588051319122e-02 -2.685069851577281952e-02 2.169262766838073730e-01
2.512867152690887451e-01 -1.091246828436851501e-01 -4.842887818813323975e-02
3.703659176826477051e-01 -1.535764783620834351e-01 -3.514156043529510498e-01
3.054265975952148438e-01 -2.456095963716506958e-01 -3.780476748943328857e-01
3.254323825240135193e-02 -2.337283194065093994e-01 -2.327351421117782593e-01
-1.284519881010055542e-01 -5.466136708855628967e-02 1.479047983884811401e-01
-2.125621587038040161e-01 1.364651918411254883e-01 2.864255011081695557e-01
-2.147938609123229980e-01 2.755110859870910645e-01 2.208319604396820068e-01
-2.310159057378768921e-01 1.940434426069259644e-01 7.588306069374084473e-02
-3.218973278999328613e-01 -4.315998405218124390e-02 -5.151686444878578186e-02
-3.522405624389648438e-01 -2.810485959053039551e-01 -1.266974657773971558e-01
-3.876655995845794678e-01 -3.816063702106475830e-01 -2.025209814310073853e-01
-2.381121963262557983e-01 -2.672499120235443115e-01 -2.122779190540313721e-01
6.954013556241989136e-02 -6.804010830819606781e-03 -2.758971229195594788e-02
3.445131182670593262e-01 2.744368016719818115e-01 2.416948229074478149e-01
4.478288888931274414e-01 3.267053067684173584e-01 3.625847101211547852e-01
3.519951403141021729e-01 1.522131711244583130e-01 2.637452483177185059e-01
1.308737844228744507e-01 -8.699582517147064209e-02 -2.855856344103813171e-02
-1.033282130956649780e-01 -2.160983532667160034e-01 -1.764553934335708618e-01
-1.548151373863220215e-01 -8.235885947942733765e-02 -1.798888444900512695e-01
-5.549212172627449036e-02 5.586957931518554688e-02 -1.038632467389106750e-01
7.723274081945419312e-02 7.545977830886840820e-02 -6.124611571431159973e-02
1.882318407297134399e-01 2.511470019817352295e-02 -9.145766496658325195e-02
1.951184868812561035e-01 -1.278286129236221313e-01 -4.250805452466011047e-02
1.023425087332725525e-01 -1.261456608772277832e-01 1.338307559490203857e-02
-7.714936882257461548e-02 -8.758503943681716919e-02 5.500599369406700134e-02
-1.531850993633270264e-01 -1.568726822733879089e-02 1.607488989830017090e-01
-2.338943332433700562e-01 1.797061413526535034e-01 1.872048079967498779e-01
-2.675248384475708008e-01 3.035885691642761230e-01 1.194723695516586304e-01
-2.867329120635986328e-01 3.681352734565734863e-01 -6.382739543914794922e-02
-2.883793115615844727e-01 2.562953233718872070e-01 -2.696318030357360840e-01
6.039775535464286804e-02 -1.375324130058288574e-01 -2.674092650413513184e-01
2.951122522354125977e-01 -3.214010298252105713e-01 -1.363610178232192993e-01
3.558768630027770996e-01 -3.264579772949218750e-01 -7.509238552302122116e-03
2.526917755603790283e-01 -1.350430846214294434e-01 9.302367269992828369e-02
1.974340528249740601e-02 1.052748709917068481e-01 1.137883663177490234e-01
-4.044546559453010559e-02 1.495202034711837769e-01 1.270503997802734375e-01
3.416537120938301086e-02 5.534575134515762329e-02 1.011540740728378296e-01
2.550534904003143311e-01 -1.477955877780914307e-01 1.457228045910596848e-02
3.488670587539672852e-01 -2.796958386898040771e-01 7.909046858549118042e-02
2.766312956809997559e-01 -2.109147459268569946e-01 7.974626868963241577e-02
-2.751567400991916656e-02 3.104616887867450714e-02 9.684375673532485962e-02
-3.243494033813476562e-01 1.429376155138015747e-01 -1.189498323947191238e-02
-2.100159525871276855e-01 2.980345673859119415e-02 -2.777960598468780518e-01
7.972837425768375397e-03 -2.391242980957031250e-01 -2.342122793197631836e-01
2.061025202274322510e-01 -2.789730727672576904e-01 -1.774496287107467651e-01
2.096605896949768066e-01 4.309022799134254456e-02 -1.047269403934478760e-01
-8.603119105100631714e-02 3.387298882007598877e-01 -4.698203876614570618e-02
-2.613737583160400391e-01 3.979763984680175781e-01 -5.171699076890945435e-02
-3.818049132823944092e-01 1.900389194488525391e-01 5.675178393721580505e-02
-3.293431103229522705e-01 -4.271782934665679932e-02 1.879965215921401978e-01
1.236818451434373856e-02 -1.023151651024818420e-01 9.670122712850570679e-02
2.312398552894592285e-01 -5.237453058362007141e-02 -1.224994137883186340e-01
2.985032796859741211e-01 -8.364213630557060242e-03 -2.255617380142211914e-01
1.313153058290481567e-01 -1.216539219021797180e-01 -1.961252540349960327e-01
-2.879250980913639069e-02 -1.839162260293960571e-01 5.224595218896865845e-02
4.358527064323425293e-02 -1.436388641595840454e-01 2.322314530611038208e-01
3.341450914740562439e-02 3.727456927299499512e-02 2.450683116912841797e-01
3.728592768311500549e-02 2.401995062828063965e-01 8.300673216581344604e-02
-1.677118986845016479e-01 2.850950658321380615e-01 -1.407882422208786011e-01
-3.166176974773406982e-01 2.356972247362136841e-01 -2.773356139659881592e-01
-2.487850338220596313e-01 5.364259332418441772e-02 -2.324116528034210205e-01
-1.024599820375442505e-01 -8.040998876094818115e-02 -5.654942244291305542e-02
2.138939797878265381e-01 -1.049665287137031555e-01 1.654573380947113037e-01
3.436675071716308594e-01 -1.272134631872177124e-01 2.616208493709564209e-01
2.117105126380920410e-01 -2.003634814172983170e-03 9.048446267843246460e-02
-9.026584774255752563e-02 1.127411201596260071e-01 -1.453711092472076416e-01
-4.417051076889038086e-01 3.214393928647041321e-02 -3.915787935256958008e-01
-4.927891194820404053e-01 -1.124477759003639221e-01 -4.334446489810943604e-01
-3.193072676658630371e-01 -3.575784564018249512e-01 -2.808632850646972656e-01
-8.907907642424106598e-03 -3.068084120750427246e-01 -4.461058601737022400e-02
2.806968092918395996e-01 7.221967726945877075e-02 2.998607158660888672e-01
2.839353084564208984e-01 3.094775974750518799e-01 3.593028783798217773e-01
1.564070135354995728e-01 2.694507539272308350e-01 2.958194017410278320e-01
2.464989759027957916e-02 6.263522058725357056e-02 2.015950679779052734e-01
-7.980695366859436035e-02 -1.117081493139266968e-01 6.376265734434127808e-02
-1.042568981647491455e-01 -6.905528157949447632e-02 1.312186270952224731e-01
2.723431587219238281e-02 2.309493161737918854e-02 2.895500361919403076e-01
2.140991538763046265e-01 -3.611075878143310547e-02 3.619750142097473145e-01
3.769805431365966797e-01 -1.419204473495483398e-01 2.536448240280151367e-01
2.915783226490020752e-01 -1.123723313212394714e-01 -1.478528529405593872e-01
-8.668038994073867798e-02 -3.969345986843109131e-02 -4.728996455669403076e-01
-3.857056200504302979e-01 2.149437367916107178e-01 -4.942346215248107910e-01
-4.541325569152832031e-01 3.318400084972381592e-01 -3.450463116168975830e-01
-2.330742627382278442e-01 2.797080278396606445e-01 -6.788042187690734863e-02
1.491329818964004517e-01 8.676914125680923462e-02 6.897419691085815430e-02
3.358558118343353271e-01 -2.024025470018386841e-01 6.939635425806045532e-02
3.542945384979248047e-01 -2.704192698001861572e-01 7.836912572383880615e-02
2.518814206123352051e-01 -2.783929109573364258e-01 1.159040778875350952e-01
2.172615826129913330e-01 -1.655131578445434570e-01 1.583341360092163086e-01
1.606728583574295044e-01 6.897276639938354492e-02 2.297531366348266602e-01
3.849515318870544434e-02 1.544085890054702759e-01 2.991320192813873291e-01
-6.028642505407333374e-02 3.000847101211547852e-01 2.697674930095672607e-01
-4.486052319407463074e-02 2.967431843280792236e-01 1.977259516716003418e-01
-3.799385577440261841e-02 2.022809684276580811e-01 -2.005267888307571411e-02
-7.652868330478668213e-02 2.792306244373321533e-01 -1.913118362426757812e-01
-2.936195433139801025e-01 1.525156665593385696e-02 -2.816118896007537842e-01
-4.610456824302673340e-01 -1.593035161495208740e-01 -3.492777347564697266e-01
-3.928657770156860352e-01 -3.215951323509216309e-01 -3.793276548385620117e-01
-2.132007479667663574e-01 -5.694435834884643555e-01 -2.829151153564453125e-01
1.404480785131454468e-01 -4.972572624683380127e-01 -4.088646173477172852e-02
2.630495727062225342e-01 -2.698817551136016846e-01 6.782443821430206299e-02
2.042223662137985229e-01 2.203992903232574463e-01 6.852036714553833008e-02
1.634740084409713745e-01 5.236483812332153320e-01 -2.035944350063800812e-02
9.589514881372451782e-02 4.638907909393310547e-01 6.640062481164932251e-02
1.749843806028366089e-01 2.196221649646759033e-01 2.834729254245758057e-01
1.311332434415817261e-01 -3.566215187311172485e-02 3.874402344226837158e-01
-7.648322731256484985e-02 -9.415899217128753662e-02 3.931951522827148438e-01
-1.544022262096405029e-01 -1.222122386097908020e-01 3.568030595779418945e-01
-7.051808387041091919e-02 -9.766667336225509644e-02 3.098271787166595459e-01
1.845981627702713013e-01 -1.123471334576606750e-01 2.961150407791137695e-01
2.993104755878448486e-01 -1.335507482290267944e-01 7.882751524448394775e-02
-6.107455119490623474e-02 -2.557735331356525421e-02 -3.471213579177856445e-01
-3.505899012088775635e-01 9.117023646831512451e-02 -4.893543720245361328e-01
-3.873889148235321045e-01 2.478203177452087402e-01 -5.032662153244018555e-01
-9.199939668178558350e-02 3.341741561889648438e-01 -3.064315021038055420e-01
2.993461191654205322e-01 2.569759786128997803e-01 -4.082667827606201172e-02
2.918598949909210205e-01 8.634669333696365356e-02 6.870765239000320435e-02
1.098175048828125000e-01 -1.933222413063049316e-01 1.543919593095779419e-01
-1.480077058076858521e-01 -3.174570500850677490e-01 1.448152214288711548e-01
-2.605371475219726562e-01 -2.655493319034576416e-01 1.103158518671989441e-01
-2.995252907276153564e-01 -9.390805661678314209e-02 2.544564381241798401e-02
-1.680137962102890015e-01 5.369942635297775269e-02 -7.908494770526885986e-02
1.327560991048812866e-01 -6.244959309697151184e-02 -3.054646030068397522e-02
3.849408328533172607e-01 -2.701105177402496338e-01 6.939875334501266479e-02
4.383317828178405762e-01 -3.757788538932800293e-01 1.430711150169372559e-01
2.279418706893920898e-01 -1.026240140199661255e-01 1.868945173919200897e-02
-6.095738708972930908e-02 3.893989920616149902e-01 -2.654343247413635254e-01
-3.061073720455169678e-01 5.689949989318847656e-01 -3.793807327747344971e-01
-4.162143468856811523e-01 4.968829452991485596e-01 -3.937617242336273193e-01
-3.195408880710601807e-01 -2.841058420017361641e-03 -6.929697841405868530e-02
-9.512573480606079102e-02 -3.582017123699188232e-01 1.775458008050918579e-01
2.222828567028045654e-01 -4.985973536968231201e-01 1.794706135988235474e-01
3.554842174053192139e-01 -3.623400032520294189e-01 3.053965047001838684e-02
2.410541772842407227e-01 -1.083993315696716309e-01 -9.099341183900833130e-02
5.291686207056045532e-02 6.178621947765350342e-02 -9.327042847871780396e-03
-4.300649091601371765e-02 2.391338497400283813e-01 1.642217785120010376e-01
-1.396080553531646729e-01 2.937499880790710449e-01 2.431505471467971802e-01
-1.526980102062225342e-01 3.623260855674743652e-01 2.577052116394042969e-01
-1.851565688848495483e-01 3.819561004638671875e-01 2.199874669313430786e-01
-1.915241032838821411e-01 2.923046052455902100e-01 1.305369585752487183e-01
-1.560418158769607544e-01 1.090868096798658371e-02 -5.037311092019081116e-02
-1.162268370389938354e-01 -2.920517623424530029e-01 -2.417477220296859741e-01
-8.048104494810104370e-02 -4.679326117038726807e-01 -2.571193575859069824e-01
9.670577012002468109e-03 -4.709137678146362305e-01 -1.331821531057357788e-01
1.306781917810440063e-01 -3.635998070240020752e-01 7.565300911664962769e-02
1.577378064393997192e-01 -2.188010513782501221e-01 1.981177926063537598e-01
1.737435609102249146e-01 2.629445120692253113e-02 1.189257428050041199e-01
-7.573119830340147018e-03 1.564477235078811646e-01 -4.810302704572677612e-02
-1.712228804826736450e-01 2.359565496444702148e-01 -1.342206299304962158e-01
-7.006771117448806763e-02 2.134024649858474731e-01 -1.331547647714614868e-01
1.539053022861480713e-01 9.021041542291641235e-02 -1.112011298537254333e-01
4.284080862998962402e-01 -2.980464696884155273e-02 -1.514492034912109375e-01
4.798173904418945312e-01 -1.166714951395988464e-01 -2.522109150886535645e-01
2.295006215572357178e-01 -1.974873393774032593e-01 -2.781086862087249756e-01
-1.121308580040931702e-01 -2.931247949600219727e-01 -2.185992598533630371e-01
-3.088905215263366699e-01 -2.665833234786987305e-01 -9.803523123264312744e-02
-3.374440073966979980e-01 -7.613528519868850708e-02 4.104886949062347412e-02
-2.147858440876007080e-01 2.122950255870819092e-01 1.142642274498939514e-01
-1.207453757524490356e-01 3.930858075618743896e-01 1.566640585660934448e-01
1.417745184153318405e-02 4.296109378337860107e-01 2.216346859931945801e-01
1.527732908725738525e-01 3.007223606109619141e-01 2.199145853519439697e-01
2.072923034429550171e-01 1.383336633443832397e-01 1.769797950983047485e-01
1.896043121814727783e-01 2.119167009368538857e-03 1.026842221617698669e-01
1.059904322028160095e-01 -8.341760188341140747e-02 7.835535705089569092e-02
1.360386237502098083e-02 -1.152196899056434631e-01 1.360364109277725220e-01
-2.991435118019580841e-02 -1.784323155879974365e-01 1.361680179834365845e-01
-5.419500544667243958e-02 -1.569633185863494873e-01 5.471464991569519043e-02
-7.819114625453948975e-02 -9.094446897506713867e-02 -5.768731608986854553e-02
-6.566338241100311279e-02 -3.279455751180648804e-02 -9.582991153001785278e-02
