-1.752095669507980347e-01 -9.199562668800354004e-02 3.590542078018188477e-02
-8.859939873218536377e-02 -1.943269222974777222e-01 6.048563495278358459e-02
-1.545299123972654343e-02 -1.878505945205688477e-01 1.361509412527084351e-01
2.174217104911804199e-01 -1.845932155847549438e-01 1.040870100259780884e-01
2.252334654331207275e-01 -9.801724553108215332e-02 1.066104918718338013e-01
1.834820210933685303e-01 -9.982132911682128906e-02 -7.586431503295898438e-02
9.008066356182098389e-02 -5.289696529507637024e-02 -1.264889985322952271e-01
6.929209083318710327e-02 2.548885345458984375e-01 1.035121455788612366e-01
1.842687129974365234e-01 4.124330282211303711e-01 2.457674145698547363e-01
2.129884660243988037e-01 4.700188040733337402e-01 3.377692997455596924e-01
2.626705765724182129e-01 3.980164825916290283e-01 1.905506998300552368e-01
6.144920364022254944e-02 2.339411377906799316e-01 -1.153407990932464600e-02
2.320846915245056152e-02 1.503380388021469116e-01 -1.057040542364120483e-01
-4.087805375456809998e-02 7.087080180644989014e-02 -5.289104580879211426e-02
-2.000086568295955658e-02 5.823387950658798218e-02 -2.475466951727867126e-02
-3.529123589396476746e-02 3.748659044504165649e-02 -2.894758805632591248e-02
-1.844282448291778564e-01 1.458957195281982422e-01 4.633102193474769592e-02
-8.897589892148971558e-02 1.464915424585342407e-01 3.165435791015625000e-02
-6.166319549083709717e-02 -1.405420061200857162e-02 5.642573535442352295e-02
3.109267167747020721e-02 -1.248346567153930664e-01 3.902979940176010132e-02
6.751571595668792725e-02 -1.717400103807449341e-01 3.802706953138113022e-03
3.242546692490577698e-02 -1.364700943231582642e-01 8.348208665847778320e-02
9.275621734559535980e-03 -1.198347732424736023e-01 6.837286800146102905e-02
-7.834856957197189331e-02 -1.803658008575439453e-01 3.832015022635459900e-02
-1.713251322507858276e-01 -2.110226452350616455e-01 1.813039369881153107e-02
-8.300747722387313843e-02 -1.603243201971054077e-01 3.607014566659927368e-02
1.097735203802585602e-02 -8.263096958398818970e-02 1.181479841470718384e-01
9.829397313296794891e-03 -3.219943493604660034e-02 5.606854334473609924e-02
-5.935019999742507935e-02 -3.848108276724815369e-02 -4.751999303698539734e-02
-1.738317012786865234e-01 -4.326552152633666992e-02 -9.324837476015090942e-02
-2.785366773605346680e-02 3.311624750494956970e-02 -3.176275640726089478e-03
9.344577044248580933e-02 1.218341067433357239e-01 4.871656373143196106e-02
2.020582854747772217e-01 8.352645486593246460e-02 -3.983756899833679199e-02
2.990998029708862305e-01 -5.187640339136123657e-02 -5.943059921264648438e-02
3.362422883510589600e-01 -2.095380574464797974e-01 -1.212598979473114014e-01
2.957576513290405273e-01 -3.067084252834320068e-01 -8.161133527755737305e-02
1.262945979833602905e-01 -2.357454597949981689e-01 -1.145385727286338806e-01
-1.096188127994537354e-01 -2.218983471393585205e-01 -2.612848877906799316e-01
-2.160690128803253174e-01 -9.041866660118103027e-02 -1.666880100965499878e-01
-3.024505078792572021e-01 6.370715051889419556e-02 -7.771350443363189697e-02
-2.364570647478103638e-01 3.109406679868698120e-03 -4.997417330741882324e-02
-1.711167544126510620e-01 -4.974917322397232056e-02 1.424520928412675858e-02
-1.788383424282073975e-01 -4.673289880156517029e-02 4.481773078441619873e-02
-1.598639227449893951e-02 1.945850551128387451e-01 1.264318525791168213e-01
-1.116529628634452820e-01 3.283491432666778564e-01 1.408723443746566772e-01
-2.567321062088012695e-01 2.407024353742599487e-01 -6.510862708091735840e-02
-2.876831591129302979e-01 -1.191643327474594116e-01 -3.536274731159210205e-01
-3.194798529148101807e-01 -3.096406161785125732e-01 -4.946732819080352783e-01
-1.513998508453369141e-01 -2.416957765817642212e-01 -5.074842572212219238e-01
-5.434168875217437744e-02 -8.529588580131530762e-02 -3.703227341175079346e-01
-1.007935926318168640e-01 8.626194298267364502e-02 -1.145033612847328186e-01
-9.328828752040863037e-02 9.456014633178710938e-02 1.255531609058380127e-01
-2.218452543020248413e-01 8.358507603406906128e-02 2.220433801412582397e-01
-7.111670821905136108e-02 9.714688360691070557e-02 3.051845431327819824e-01
1.128795742988586426e-01 7.899257540702819824e-02 3.033829033374786377e-01
3.993781805038452148e-01 1.897160522639751434e-02 2.810124754905700684e-01
5.816245079040527344e-01 -7.940391451120376587e-02 3.504180312156677246e-01
5.035996437072753906e-01 -7.153884321451187134e-02 3.495504558086395264e-01
2.642854750156402588e-01 1.044035926461219788e-01 3.603614270687103271e-01
-1.367675513029098511e-01 2.249314188957214355e-01 2.419310808181762695e-01
-2.198447138071060181e-01 2.901434302330017090e-01 6.339608877897262573e-02
-6.580306589603424072e-02 2.375658005475997925e-01 -4.763753339648246765e-02
1.534948311746120453e-02 1.230093836784362793e-01 -6.965420395135879517e-02
8.988174051046371460e-02 1.566828340291976929e-01 7.823731750249862671e-02
-1.419054158031940460e-02 8.186832815408706665e-02 1.804351955652236938e-01
2.551343478262424469e-02 3.245816915296018124e-04 1.724575906991958618e-01
5.908419564366340637e-02 -2.040608972311019897e-02 7.506185024976730347e-02
-4.771172255277633667e-02 -3.740454465150833130e-02 -1.218375712633132935e-01
3.389502689242362976e-02 5.592436715960502625e-02 -2.109075635671615601e-01
1.237521842122077942e-01 6.942359358072280884e-02 -1.432750076055526733e-01
2.059448808431625366e-01 9.894905984401702881e-02 -7.696986198425292969e-02
1.373016685247421265e-01 2.338414043188095093e-01 -1.820414811372756958e-01
1.430836617946624756e-01 1.671623736619949341e-01 6.296780705451965332e-02
5.016535520553588867e-02 4.345147684216499329e-02 2.356452494859695435e-01
6.622765958309173584e-02 -1.097561046481132507e-01 3.764492273330688477e-01
9.942929446697235107e-02 -1.749084144830703735e-01 4.457496702671051025e-01
-4.041937738656997681e-02 -4.490945115685462952e-02 2.924145385622978210e-02
8.191873203031718731e-04 6.067817565053701401e-03 -1.051108539104461670e-01
-7.101279497146606445e-02 2.069972082972526550e-02 -2.078799754381179810e-01
-1.177731379866600037e-01 6.576280295848846436e-02 -1.278792619705200195e-01
-8.053664863109588623e-02 1.228578835725784302e-01 9.582540020346641541e-03
-9.623644873499870300e-03 1.704380512237548828e-01 7.992623001337051392e-02
-5.272426828742027283e-02 1.264265477657318115e-01 -1.084103137254714966e-01
-1.484694033861160278e-01 1.178343817591667175e-01 -4.614941477775573730e-01
-1.687842160463333130e-01 3.636131882667541504e-01 -5.256690382957458496e-01
-1.165864765644073486e-01 2.931710779666900635e-01 -4.146617054939270020e-01
-1.088324934244155884e-01 2.845370769500732422e-01 -9.526432305574417114e-02
1.388112306594848633e-01 1.217335686087608337e-01 5.437688902020454407e-02
1.623995602130889893e-01 -1.065516620874404907e-01 -2.646644711494445801e-01
2.338438928127288818e-01 1.662849634885787964e-02 -3.504098653793334961e-01
5.373422801494598389e-02 9.117020526900887489e-04 -3.316626250743865967e-01
-2.365049123764038086e-01 -1.419327259063720703e-01 -2.449099272489547729e-01
-1.337402611970901489e-01 -1.864859610795974731e-01 -9.398770518600940704e-03
-1.203073374927043915e-02 -6.040029227733612061e-02 9.548491239547729492e-02
2.540435194969177246e-01 2.487037703394889832e-02 1.307998299598693848e-01
7.390866428613662720e-02 1.499110013246536255e-01 1.234405636787414551e-01
-2.109197229146957397e-01 -3.931768238544464111e-02 -1.211525872349739075e-01
-1.512960195541381836e-01 -2.035959213972091675e-01 -1.701099276542663574e-01
-1.201549321413040161e-01 -2.195124030113220215e-01 -1.951026171445846558e-01
1.045166626572608948e-01 -8.593746274709701538e-02 -1.272286027669906616e-01
1.026565358042716980e-01 7.692087441682815552e-02 -1.406305879354476929e-01
-2.214396558701992035e-02 1.554186642169952393e-01 -1.691045314073562622e-01
-6.678673624992370605e-02 1.485474854707717896e-01 -5.226448923349380493e-02
-1.765450686216354370e-01 -3.332199156284332275e-02 -2.967395074665546417e-02
-1.733502745628356934e-01 -1.633514016866683960e-01 1.033905595541000366e-01
-1.327197551727294922e-01 -2.673448920249938965e-01 1.490257531404495239e-01
-5.059819202870130539e-03 -1.849558204412460327e-01 3.948155418038368225e-02
3.545177355408668518e-02 -1.212178692221641541e-01 -3.687144815921783447e-02
-7.105947285890579224e-02 3.287765011191368103e-02 -6.951937079429626465e-02
-7.396152615547180176e-02 1.154581680893898010e-01 -1.555758267641067505e-01
-1.443038042634725571e-02 -1.683385074138641357e-01 1.593393981456756592e-01
2.201556116342544556e-01 -3.452990353107452393e-01 4.786497950553894043e-01
5.985059738159179688e-01 -5.113343000411987305e-01 3.915465772151947021e-01
6.231650710105895996e-01 -4.754691421985626221e-01 1.534128338098526001e-01
4.675312340259552002e-01 -2.905140519142150879e-01 -2.954333126544952393e-01
1.613883227109909058e-01 -2.403317093849182129e-01 -3.954206407070159912e-01
-1.677194088697433472e-01 -7.720522582530975342e-02 -1.077582314610481262e-01
-1.087758839130401611e-01 -6.673143804073333740e-02 9.120016358792781830e-03
4.116093739867210388e-02 -6.621269509196281433e-03 3.060109727084636688e-02
-7.924031466245651245e-02 4.875359311699867249e-02 1.552946679294109344e-02
-4.878635331988334656e-02 6.397332251071929932e-02 1.076959371566772461e-01
7.307484000921249390e-02 2.351538538932800293e-01 1.145030781626701355e-01
-1.277984399348497391e-02 4.740472137928009033e-01 -8.488099090754985809e-03
-5.466284602880477905e-02 5.121926069259643555e-01 -1.518762260675430298e-01
-1.239691153168678284e-01 3.954530358314514160e-01 -3.196014463901519775e-01
-6.661758571863174438e-02 2.085926942527294159e-02 -1.970591396093368530e-01
1.273299902677536011e-01 -2.884934544563293457e-01 8.093181252479553223e-02
7.145295292139053345e-02 -3.139142096042633057e-01 3.269447982311248779e-01
8.840304613113403320e-02 -2.726569473743438721e-01 3.954714834690093994e-01
-1.519995555281639099e-02 -2.208796590566635132e-01 1.972591578960418701e-01
3.249390050768852234e-02 -2.639374732971191406e-01 4.133909940719604492e-02
9.631357342004776001e-02 -1.882920116186141968e-01 -1.931428350508213043e-02
1.020264849066734314e-01 -1.318880319595336914e-01 -8.120986819267272949e-02
2.038140594959259033e-01 -2.828150615096092224e-02 -1.815253943204879761e-01
-1.564978435635566711e-02 4.927601665258407593e-02 -2.582261860370635986e-01
-2.759089767932891846e-01 2.710755169391632080e-01 -2.291971743106842041e-01
-2.336236834526062012e-01 4.154658913612365723e-01 -1.274582296609878540e-01
-2.489284127950668335e-01 2.977236807346343994e-01 1.515880823135375977e-01
-3.769554793834686279e-01 2.652608752250671387e-01 2.603976428508758545e-01
-3.449327647686004639e-01 1.606454849243164062e-01 1.981159597635269165e-01
-5.307562947273254395e-01 7.441007345914840698e-02 1.252929270267486572e-01
-2.545293271541595459e-01 -1.781828403472900391e-01 1.692920029163360596e-01
1.118332520127296448e-01 -3.814126551151275635e-01 2.739728689193725586e-01
3.618683218955993652e-01 -4.011596739292144775e-01 1.523420065641403198e-01
5.907860994338989258e-01 -2.272378355264663696e-01 -1.255820393562316895e-01
4.235217571258544922e-01 -8.200659602880477905e-02 -3.790788650512695312e-01
2.655585110187530518e-01 -2.128043770790100098e-01 -2.285147905349731445e-01
-6.571226753294467926e-03 -2.817215323448181152e-01 6.698523182421922684e-03
-8.932715654373168945e-02 -2.830854952335357666e-01 1.667132973670959473e-02
-1.887515783309936523e-01 -8.051226288080215454e-02 4.266759753227233887e-02
-2.329342067241668701e-01 1.790543347597122192e-01 -2.932517603039741516e-02
-1.598854064941406250e-01 3.104482591152191162e-01 -7.959332288010045886e-05
-9.534250199794769287e-02 3.695408403873443604e-01 1.323879808187484741e-01
-2.286015264689922333e-02 4.858463406562805176e-01 -4.728546738624572754e-02
-9.511104226112365723e-02 5.461308956146240234e-01 -1.808596104383468628e-01
-7.126822322607040405e-02 5.818037986755371094e-01 -2.156251817941665649e-01
-3.361460566520690918e-02 3.852707445621490479e-01 -2.109665274620056152e-01
1.690441742539405823e-02 4.230283945798873901e-02 1.740689873695373535e-01
6.104871135903522372e-05 -1.126765236258506775e-01 2.569449543952941895e-01
-1.252106279134750366e-01 -2.095648944377899170e-01 2.712643444538116455e-01
-2.736460566520690918e-01 -1.324102133512496948e-01 2.098376750946044922e-01
-2.962729930877685547e-01 -1.404157727956771851e-01 9.488828480243682861e-02
-1.720957458019256592e-01 -8.037590980529785156e-02 8.626131713390350342e-02
5.934399086982011795e-03 6.101627275347709656e-02 1.040322929620742798e-01
7.927247136831283569e-02 1.304950863122940063e-01 2.116091251373291016e-01
6.304074823856353760e-02 9.537764638662338257e-02 2.688398063182830811e-01
7.497106492519378662e-02 3.004354238510131836e-02 3.015736043453216553e-01
-1.318442672491073608e-01 -1.542811002582311630e-02 9.093984216451644897e-02
-1.533719599246978760e-01 1.923458129167556763e-01 -2.378232330083847046e-01
-1.025466918945312500e-01 3.167142271995544434e-01 -4.293991923332214355e-01
2.818020991981029510e-02 3.699772655963897705e-01 -4.549297988414764404e-01
-7.168271392583847046e-02 1.824456267058849335e-02 -1.197933405637741089e-01
-1.383480131626129150e-01 -3.968970477581024170e-01 2.747564613819122314e-01
-1.533195227384567261e-01 -4.990242421627044678e-01 4.461013972759246826e-01
-1.084891855716705322e-01 -4.184873402118682861e-01 3.067122995853424072e-01
-6.421595066785812378e-02 -1.441283524036407471e-01 -3.491603583097457886e-02
-1.609238386154174805e-01 -6.776141375303268433e-02 -2.793940007686614990e-01
1.923017390072345734e-02 -1.604312211275100708e-01 -3.801097571849822998e-01
3.024910017848014832e-02 -2.274647355079650879e-01 -3.271538019180297852e-01
4.501261934638023376e-02 -1.808051913976669312e-01 -2.457096427679061890e-01
-4.420732334256172180e-02 -6.337323039770126343e-02 -1.273675113916397095e-01
-1.193724572658538818e-01 2.399877458810806274e-02 -4.756038263440132141e-02
-1.249048709869384766e-01 7.609319686889648438e-02 1.654263585805892944e-01
-2.548367083072662354e-01 1.219291612505912781e-01 2.656976878643035889e-01
-3.074285089969635010e-01 8.811887353658676147e-02 3.814814686775207520e-01
-2.069308161735534668e-01 9.838016331195831299e-02 4.733139872550964355e-01
8.116187900304794312e-02 6.199021637439727783e-02 4.730794131755828857e-01
2.477842569351196289e-01 -3.051379509270191193e-02 3.881760239601135254e-01
4.340207874774932861e-01 1.831186935305595398e-02 2.254627048969268799e-01
4.445939958095550537e-01 1.055587008595466614e-01 1.354168951511383057e-01
3.956001996994018555e-01 2.029949128627777100e-01 1.973769254982471466e-02
4.050379395484924316e-01 2.107357233762741089e-01 5.210853368043899536e-02
2.636143863201141357e-01 9.481982141733169556e-02 5.213327333331108093e-02
2.625482976436614990e-01 -2.074587903916835785e-02 6.977815181016921997e-02
1.660622209310531616e-01 -5.981004238128662109e-02 1.024156287312507629e-01
-2.200277522206306458e-02 -6.123584508895874023e-02 -9.529536217451095581e-02
-1.050187051296234131e-01 -9.044643491506576538e-02 -2.478637397289276123e-01
-1.505719125270843506e-01 -1.672250330448150635e-01 -3.971311748027801514e-01
-7.816195487976074219e-03 -2.953293919563293457e-01 -4.610866904258728027e-01
2.480382174253463745e-01 -3.375376760959625244e-01 -4.288006722927093506e-01
2.788126170635223389e-01 -3.182367384433746338e-01 -4.358949065208435059e-01
2.615186572074890137e-01 -3.017284870147705078e-01 -3.091915845870971680e-01
1.292715072631835938e-01 -2.609745562076568604e-01 -1.042235866189002991e-01
-5.807488225400447845e-03 -2.220129668712615967e-01 8.607178181409835815e-02
-1.687776111066341400e-02 -1.954105347394943237e-01 2.207776308059692383e-01
-1.041470393538475037e-01 -7.154437154531478882e-02 1.935220062732696533e-01
-8.067782223224639893e-02 -3.592655062675476074e-02 6.484550237655639648e-02
-1.578754186630249023e-01 -9.094868786633014679e-03 1.691218651831150055e-02
-1.649398207664489746e-01 -6.009441334754228592e-03 1.682772533968091011e-03
-1.763805001974105835e-01 1.290656775236129761e-01 -1.084857136011123657e-01
-1.575136333703994751e-01 2.099148780107498169e-01 -1.477591246366500854e-01
-6.815969944000244141e-02 1.866265535354614258e-01 -1.769655793905258179e-01
-3.073510527610778809e-02 9.844313561916351318e-02 -1.170313134789466858e-01
