-4.959876239299774170e-01 -6.522923111915588379e-01 3.703217208385467529e-02
-5.561954975128173828e-01 -6.747292876243591309e-01 1.054801270365715027e-01
-5.734602212905883789e-01 -6.769964098930358887e-01 1.144715398550033569e-01
-5.385683178901672363e-01 -6.774533390998840332e-01 1.410262584686279297e-01
-4.774159491062164307e-01 -6.857085824012756348e-01 1.383160054683685303e-01
-3.967597484588623047e-01 -6.798048615455627441e-01 7.861710153520107269e-03
-4.059682488441467285e-01 -6.645350456237792969e-01 3.467815741896629333e-02
-4.718629121780395508e-01 -5.913050174713134766e-01 2.161439321935176849e-02
-4.065830111503601074e-01 -5.763563513755798340e-01 8.807443827390670776e-02
6.840613670647144318e-03 -6.236807107925415039e-01 3.944219276309013367e-02
1.989396363496780396e-01 -5.405867695808410645e-01 1.203772872686386108e-01
3.200934231281280518e-01 -5.353682637214660645e-01 3.928201645612716675e-02
3.428517878055572510e-01 -4.733358919620513916e-01 8.112539537250995636e-03
3.532591164112091064e-01 -4.520030021667480469e-01 6.403649598360061646e-02
3.795831799507141113e-01 -4.638039171695709229e-01 -1.512913592159748077e-02
3.907240331172943115e-01 -4.906248748302459717e-01 3.822886198759078979e-02
4.391212761402130127e-01 -4.745858609676361084e-01 -5.429970473051071167e-02
4.190942347049713135e-01 -4.708454906940460205e-01 7.341920863837003708e-04
4.480793178081512451e-01 -4.609062969684600830e-01 1.096321865916252136e-01
4.620856344699859619e-01 -4.461067914962768555e-01 1.861021108925342560e-02
4.389168322086334229e-01 -4.393227696418762207e-01 -5.011512339115142822e-02
4.223960638046264648e-01 -4.653267860412597656e-01 -2.722347620874643326e-03
4.220601618289947510e-01 -4.868610203266143799e-01 -1.167445071041584015e-02
3.947076201438903809e-01 -4.860001206398010254e-01 2.379362471401691437e-02
3.640646040439605713e-01 -4.673687219619750977e-01 3.654387965798377991e-02
3.736895620822906494e-01 -4.564771652221679688e-01 2.818538993597030640e-02
3.429533541202545166e-01 -4.580567777156829834e-01 3.284446150064468384e-02
3.594330847263336182e-01 -4.581998288631439209e-01 2.122675813734531403e-02
3.406960368156433105e-01 -4.481378495693206787e-01 4.004622250795364380e-02
3.269994854927062988e-01 -4.702027142047882080e-01 -2.123695239424705505e-02
3.132117688655853271e-01 -4.534550607204437256e-01 -1.223466591909527779e-03
3.139587342739105225e-01 -4.645249843597412109e-01 4.535338655114173889e-02
3.639924228191375732e-01 -4.620897769927978516e-01 6.918938457965850830e-02
3.574571907520294189e-01 -4.803642630577087402e-01 1.178170274943113327e-02
2.689879238605499268e-01 -4.807915687561035156e-01 -1.985684782266616821e-02
2.603261470794677734e-01 -5.553289651870727539e-01 -7.225807756185531616e-02
-2.580532990396022797e-02 -5.520960688591003418e-01 -1.509535498917102814e-02
-2.268175482749938965e-01 -6.099442243576049805e-01 -6.820835173130035400e-02
-3.772158324718475342e-01 -5.827605724334716797e-01 7.858857512474060059e-02
-4.721565544605255127e-01 -5.983535647392272949e-01 -7.943354547023773193e-03
-4.719544649124145508e-01 -5.990771651268005371e-01 4.831831902265548706e-02
-5.353974699974060059e-01 -5.692099928855895996e-01 1.797559857368469238e-01
-5.609288811683654785e-01 -5.117190480232238770e-01 1.674851179122924805e-01
-4.641407430171966553e-01 -3.590283691883087158e-01 1.464730799198150635e-01
-3.738699257373809814e-01 -2.881620526313781738e-01 2.703833580017089844e-01
-8.030513674020767212e-02 -1.222615167498588562e-01 3.076861202716827393e-01
-2.196161262691020966e-02 1.476820856332778931e-01 2.274165451526641846e-01
-2.829262614250183105e-01 2.801032960414886475e-01 2.529543340206146240e-01
-4.364964962005615234e-01 3.576582670211791992e-01 1.430486738681793213e-01
-5.251342058181762695e-01 3.713779151439666748e-01 7.973396033048629761e-02
-5.467421412467956543e-01 4.016624093055725098e-01 1.127504259347915649e-01
-5.297926664352416992e-01 4.455675184726715088e-01 1.261517405509948730e-01
-5.022216439247131348e-01 4.333074688911437988e-01 1.480505317449569702e-01
-4.850836694240570068e-01 3.963841795921325684e-01 1.781710535287857056e-01
-4.587829709053039551e-01 3.409169912338256836e-01 2.281064838171005249e-01
-3.231694996356964111e-01 2.914946675300598145e-01 1.910656541585922241e-01
-1.892746537923812866e-01 1.807996332645416260e-01 1.095233485102653503e-01
8.940428495407104492e-03 1.595673710107803345e-02 -9.267025440931320190e-02
1.888865232467651367e-01 -1.748823672533035278e-01 -1.801363080739974976e-01
1.851260960102081299e-01 -2.374354302883148193e-01 -2.413727715611457825e-02
2.795467376708984375e-01 -3.297725319862365723e-01 7.945350557565689087e-02
2.496444731950759888e-01 -2.815279066562652588e-01 1.848116070032119751e-01
2.882058322429656982e-01 -3.276115953922271729e-01 1.352369636297225952e-01
3.001295626163482666e-01 -2.910917699337005615e-01 3.360501676797866821e-02
3.292539119720458984e-01 -3.117529451847076416e-01 9.786163270473480225e-02
4.074837267398834229e-01 -3.509038984775543213e-01 7.323070615530014038e-02
4.186613261699676514e-01 -3.921484053134918213e-01 9.694160521030426025e-02
3.933173418045043945e-01 -4.529429972171783447e-01 4.021799564361572266e-02
4.163904488086700439e-01 -4.443298578262329102e-01 7.999591529369354248e-02
3.800830245018005371e-01 -5.067071318626403809e-01 -2.444628262310288846e-05
3.946130275726318359e-01 -4.957962930202484131e-01 -3.653213009238243103e-02
3.897683620452880859e-01 -4.840283393859863281e-01 -1.666418649256229401e-02
4.356537759304046631e-01 -3.970441818237304688e-01 4.675372317433357239e-02
2.420109957456588745e-01 -6.844213604927062988e-02 1.056742593646049500e-01
2.865303754806518555e-01 1.570026203989982605e-02 4.471479356288909912e-01
3.424886465072631836e-01 8.926413208246231079e-02 4.220565557479858398e-01
3.651637136936187744e-01 5.061821267008781433e-02 4.217014014720916748e-01
3.210479617118835449e-01 -6.466888589784502983e-04 3.853801190853118896e-01
3.406222760677337646e-01 2.202451601624488831e-02 3.169831335544586182e-01
3.321034014225006104e-01 7.839381694793701172e-02 3.424512743949890137e-01
3.309221565723419189e-01 7.154166698455810547e-02 3.318580687046051025e-01
3.369197547435760498e-01 6.101831048727035522e-02 3.874157965183258057e-01
3.462168872356414795e-01 6.241839006543159485e-02 4.278681576251983643e-01
3.953895568847656250e-01 7.862074673175811768e-02 4.151913821697235107e-01
3.800669908523559570e-01 3.108378499746322632e-02 2.846673727035522461e-01
1.911481171846389771e-01 3.345166519284248352e-02 1.715216785669326782e-01
3.838043212890625000e-01 1.627992391586303711e-01 2.670530676841735840e-01
3.094760775566101074e-01 1.254471689462661743e-01 2.181900143623352051e-01
3.517342209815979004e-01 9.824503213167190552e-02 2.226409316062927246e-01
3.706467449665069580e-01 2.488686144351959229e-02 1.017390638589859009e-01
2.017105668783187866e-01 2.039667218923568726e-02 -7.166440039873123169e-02
1.748115867376327515e-01 -2.777133882045745850e-02 -4.792600870132446289e-02
1.668718010187149048e-01 -6.311217695474624634e-02 -6.949604954570531845e-03
-2.793602412566542625e-03 8.385358750820159912e-02 -7.050602138042449951e-02
1.181668341159820557e-01 1.274685561656951904e-01 -1.688272505998611450e-02
2.816126048564910889e-01 1.257501244544982910e-01 6.019688770174980164e-02
2.695816457271575928e-01 5.120253935456275940e-02 -6.177249830216169357e-03
1.304220110177993774e-01 7.697956264019012451e-02 3.780472325161099434e-03
-1.359983719885349274e-02 1.680489256978034973e-02 -1.087489947676658630e-01
1.826958656311035156e-01 1.308149695396423340e-01 -1.385169923305511475e-01
-6.234443560242652893e-02 -7.177387923002243042e-02 -2.241574972867965698e-01
5.840383935719728470e-03 -1.261498928070068359e-01 -1.872762292623519897e-01
-8.376935124397277832e-02 -3.680607676506042480e-02 -1.916255503892898560e-01
-8.693035691976547241e-02 -7.097373157739639282e-02 -1.165216639637947083e-01
-9.987336397171020508e-02 -4.524127021431922913e-02 -1.141020432114601135e-01
-1.350947171449661255e-01 -6.011502444744110107e-02 -1.350468546152114868e-01
-2.216384410858154297e-01 -1.223355084657669067e-01 -1.492977142333984375e-01
-2.684142291545867920e-01 -6.559706479310989380e-02 -1.033774092793464661e-01
-1.325974762439727783e-01 8.722481131553649902e-02 -1.447159498929977417e-01
-1.288193315267562866e-01 1.161942780017852783e-01 -1.283811479806900024e-01
-1.641155481338500977e-01 -6.310439109802246094e-02 -9.746011346578598022e-02
-1.948446780443191528e-01 8.507755398750305176e-02 -1.769150048494338989e-01
-2.705100476741790771e-01 -2.037303000688552856e-01 -9.777151048183441162e-03
-1.312355846166610718e-01 -2.618350982666015625e-01 2.402597516775131226e-01
1.467772014439105988e-02 -1.983249187469482422e-02 -4.231775999069213867e-01
1.406261324882507324e-01 2.010360509157180786e-01 -5.149028301239013672e-01
1.442419439554214478e-01 2.516912221908569336e-01 -5.288119316101074219e-01
1.348935514688491821e-01 3.076255619525909424e-01 -4.986445605754852295e-01
1.661715656518936157e-01 3.046117126941680908e-01 -5.401078462600708008e-01
1.678776443004608154e-01 2.906717360019683838e-01 -5.867093205451965332e-01
1.834928244352340698e-01 2.725317478179931641e-01 -6.225154995918273926e-01
2.318606376647949219e-01 2.846163511276245117e-01 -6.344156265258789062e-01
2.659712731838226318e-01 2.566999793052673340e-01 -5.996239781379699707e-01
2.687619924545288086e-01 2.467004656791687012e-01 -5.524212121963500977e-01
3.163231313228607178e-01 4.090660810470581055e-01 -3.679777979850769043e-01
2.924342155456542969e-01 3.079630136489868164e-01 -4.782647490501403809e-01
1.013273745775222778e-01 2.251581847667694092e-01 -5.325043201446533203e-01
1.802135407924652100e-01 2.458791434764862061e-01 -5.708540678024291992e-01
2.814087271690368652e-01 2.824875712394714355e-01 -5.593842864036560059e-01
3.744595348834991455e-01 2.965038418769836426e-01 -5.462189316749572754e-01
3.721290230751037598e-01 2.845996916294097900e-01 -5.806428790092468262e-01
2.932762205600738525e-01 2.937972545623779297e-01 -6.027860641479492188e-01
2.756803333759307861e-01 2.698604166507720947e-01 -6.060534715652465820e-01
2.478543967008590698e-01 2.059199362993240356e-01 -5.994660258293151855e-01
1.569637656211853027e-01 1.988791674375534058e-01 -6.191210746765136719e-01
1.292374730110168457e-01 1.996915936470031738e-01 -6.409204602241516113e-01
4.934512823820114136e-02 2.448854148387908936e-01 -6.020727157592773438e-01
1.652366816997528076e-01 3.039011061191558838e-01 -4.817911982536315918e-01
2.453318238258361816e-01 1.776033490896224976e-01 -5.358191728591918945e-01
1.730906069278717041e-01 2.896859124302864075e-02 -4.339943230152130127e-01
1.258053332567214966e-01 7.190562784671783447e-02 -2.703793048858642578e-01
2.025890648365020752e-01 1.332148462533950806e-01 -3.397909402847290039e-01
-1.387227326631546021e-01 1.800280064344406128e-01 -1.651216149330139160e-01
-1.581903249025344849e-01 -8.943270146846771240e-02 2.625396847724914551e-02
3.121552616357803345e-02 -9.841862320899963379e-02 -1.616284549236297607e-01
1.468009352684020996e-01 2.185893356800079346e-01 -5.426549315452575684e-01
1.265434771776199341e-01 1.950233280658721924e-01 -5.777348875999450684e-01
1.058283001184463501e-01 2.178453654050827026e-01 -5.929663181304931641e-01
6.841112673282623291e-02 2.478397786617279053e-01 -5.573121905326843262e-01
-3.677077591419219971e-02 2.264936715364456177e-01 -5.471333265304565430e-01
-1.008499339222908020e-01 2.268949002027511597e-01 -5.155858993530273438e-01
-9.681161493062973022e-02 2.517691254615783691e-01 -4.223593771457672119e-01
-1.061199009418487549e-01 2.687132358551025391e-01 -3.854487538337707520e-01
-1.068992763757705688e-01 2.775990366935729980e-01 -3.595894575119018555e-01
1.038032583892345428e-02 3.759781718254089355e-01 -2.139105498790740967e-01
4.058255627751350403e-02 5.610541105270385742e-01 1.276336726732552052e-03
5.810998752713203430e-02 4.565143287181854248e-01 -4.296058043837547302e-02
5.036240443587303162e-02 4.309307336807250977e-01 9.947057813405990601e-02
-1.254141051322221756e-02 3.917128145694732666e-01 2.351091243326663971e-02
1.779165565967559814e-01 3.700802028179168701e-01 4.841731861233711243e-03
1.959208548069000244e-01 3.893799781799316406e-01 6.050360389053821564e-03
2.076375186443328857e-01 3.970668017864227295e-01 6.616684794425964355e-02
1.213616281747817993e-01 3.567647337913513184e-01 1.184533610939979553e-01
8.653221279382705688e-02 3.762135207653045654e-01 2.138128727674484253e-01
1.265843361616134644e-01 3.364147841930389404e-01 1.943342089653015137e-01
1.706862300634384155e-01 2.319556474685668945e-01 2.118371129035949707e-01
2.154739499092102051e-01 1.568091511726379395e-01 2.635152041912078857e-01
2.639409899711608887e-01 1.663085222244262695e-01 2.959491312503814697e-01
2.531067430973052979e-01 1.409186273813247681e-01 3.606487810611724854e-01
1.615535467863082886e-01 -4.885284230113029480e-02 2.581580877304077148e-01
2.687359452247619629e-01 1.055353432893753052e-01 5.074019357562065125e-02
2.317558676004409790e-01 1.248245462775230408e-01 -2.403373597189784050e-03
2.775019109249114990e-01 1.418904364109039307e-01 -3.077725181356072426e-03
-2.069491893053054810e-01 -8.428293466567993164e-02 4.680793881416320801e-01
-2.378169149160385132e-01 -9.682741761207580566e-02 4.236515760421752930e-01
-1.082827970385551453e-01 1.770224720239639282e-01 3.987674415111541748e-01
-3.629786148667335510e-02 4.245622754096984863e-01 2.951139211654663086e-01
-3.836578503251075745e-02 3.570344746112823486e-01 2.013715952634811401e-01
-1.474080085754394531e-01 4.168287813663482666e-01 1.071350798010826111e-01
-2.825007438659667969e-01 3.838164210319519043e-01 7.120596617460250854e-02
-3.428072929382324219e-01 3.759119808673858643e-01 6.165147572755813599e-02
-3.160232007503509521e-01 3.541308939456939697e-01 -1.458849757909774780e-02
-3.292982876300811768e-01 4.157193303108215332e-01 3.677183017134666443e-02
-2.849359214305877686e-01 4.248462915420532227e-01 6.605707854032516479e-02
-2.805055379867553711e-01 4.541566669940948486e-01 2.502132654190063477e-01
-1.892616301774978638e-01 4.728074073791503906e-01 3.482311666011810303e-01
-1.422234922647476196e-01 4.194390773773193359e-01 4.653747081756591797e-01
-1.261495798826217651e-01 3.045185208320617676e-01 4.521023333072662354e-01
-3.611730877310037613e-03 1.441994309425354004e-01 4.164139926433563232e-01
8.421704918146133423e-02 8.057054877281188965e-02 3.583497703075408936e-01
2.528163194656372070e-01 1.097531244158744812e-01 3.301775753498077393e-01
2.448904961347579956e-01 1.800556480884552002e-02 3.269450068473815918e-01
3.049870431423187256e-01 -6.003218516707420349e-02 2.599407136440277100e-01
3.593187630176544189e-01 -1.136876791715621948e-01 2.481626868247985840e-01
3.304247260093688965e-01 -2.745680697262287140e-02 3.113665282726287842e-01
2.964147031307220459e-01 6.038769707083702087e-02 3.759090602397918701e-01
3.449095487594604492e-01 9.301614016294479370e-02 3.771803379058837891e-01
2.145759314298629761e-01 2.366444915533065796e-01 3.129823207855224609e-01
2.017546743154525757e-01 3.029757440090179443e-01 1.570711880922317505e-01
1.457303315401077271e-01 3.906046450138092041e-01 -2.035676315426826477e-02
8.108747750520706177e-02 4.161461591720581055e-01 -1.972557604312896729e-01
7.993899285793304443e-02 3.843480646610260010e-01 -3.648597002029418945e-01
7.206403464078903198e-02 3.048220276832580566e-01 -5.275543332099914551e-01
6.906654685735702515e-02 1.937724798917770386e-01 -5.916818380355834961e-01
1.057069078087806702e-01 1.129020825028419495e-01 -5.985506176948547363e-01
1.683121919631958008e-01 5.447396263480186462e-02 -6.187767386436462402e-01
1.855482161045074463e-01 8.536511659622192383e-02 -6.098791956901550293e-01
2.177679985761642456e-01 9.016249328851699829e-02 -5.744352340698242188e-01
1.705534160137176514e-01 9.248504042625427246e-02 -6.166889071464538574e-01
2.046883702278137207e-01 5.326730385422706604e-02 -6.030247211456298828e-01
2.579866051673889160e-01 3.776424378156661987e-02 -6.059538722038269043e-01
2.802527248859405518e-01 1.093729659914970398e-01 -5.569581389427185059e-01
2.617358267307281494e-01 3.122713603079319000e-02 -5.753934979438781738e-01
