1.120182648301124573e-01 -8.511639386415481567e-02 -5.976118892431259155e-02
2.052101790904998779e-01 -1.086930930614471436e-01 -1.331355869770050049e-01
2.218623161315917969e-01 -5.684346705675125122e-02 -1.659214645624160767e-01
1.193891391158103943e-01 4.385793209075927734e-02 -1.880977451801300049e-01
3.350315848365426064e-03 1.679626405239105225e-01 -1.313159614801406860e-01
-2.575303055346012115e-02 1.888975203037261963e-01 -4.300348833203315735e-02
3.260489180684089661e-02 1.696497350931167603e-01 7.894906401634216309e-02
1.020825728774070740e-01 2.002888172864913940e-01 2.943463921546936035e-01
6.639409065246582031e-02 2.486071139574050903e-01 4.153327345848083496e-01
-1.823350973427295685e-02 3.916117548942565918e-01 4.544135928153991699e-01
-2.126958519220352173e-01 3.863027393817901611e-01 3.453342914581298828e-01
-3.846434354782104492e-01 9.541904181241989136e-02 5.242708325386047363e-02
-3.646672368049621582e-01 -3.033414185047149658e-01 -3.359067738056182861e-01
-2.124718576669692993e-01 -5.401595234870910645e-01 -5.170770287513732910e-01
1.667898893356323242e-01 -4.981772899627685547e-01 -4.595616459846496582e-01
4.372315406799316406e-01 -2.047675848007202148e-01 -2.747935354709625244e-01
3.648612201213836670e-01 1.579502373933792114e-01 3.740208223462104797e-02
4.278540611267089844e-02 3.729739487171173096e-01 2.327650934457778931e-01
-2.678920030593872070e-01 3.030164241790771484e-01 1.807242035865783691e-01
-2.640671730041503906e-01 8.677555620670318604e-02 -9.303366765379905701e-03
-4.257969185709953308e-02 -1.306878775358200073e-01 -2.295394986867904663e-01
1.268195807933807373e-01 -2.747778594493865967e-01 -2.677509188652038574e-01
1.184490546584129333e-01 -3.223112821578979492e-01 -1.139569506049156189e-01
6.074993684887886047e-02 -2.581517100334167480e-01 1.079662218689918518e-01
7.457730919122695923e-02 -1.430829018354415894e-01 1.781756728887557983e-01
1.149354502558708191e-01 5.230920016765594482e-02 8.824274688959121704e-02
1.056384518742561340e-01 1.158298626542091370e-01 -1.103002130985260010e-01
-2.137608267366886139e-02 8.172571659088134766e-02 -1.769802868366241455e-01
-9.468302130699157715e-02 -2.761168777942657471e-02 -1.265073865652084351e-01
-4.760951176285743713e-02 -1.066532805562019348e-01 -1.151513904333114624e-01
8.674531709402799606e-04 -1.793599314987659454e-02 -2.575593255460262299e-02
8.708102256059646606e-02 8.754173666238784790e-02 4.952719807624816895e-02
8.670539408922195435e-02 1.957023590803146362e-01 1.051332652568817139e-01
4.649662971496582031e-02 1.671776175498962402e-01 1.812755167484283447e-01
-9.664206206798553467e-02 4.016246646642684937e-02 1.137795969843864441e-01
-2.917287051677703857e-01 -7.537762075662612915e-02 5.553780868649482727e-02
-3.208975195884704590e-01 -1.007020100951194763e-01 4.906410817056894302e-03
-2.165513932704925537e-01 -1.911622472107410431e-03 -3.529100120067596436e-02
5.163126066327095032e-02 4.695281386375427246e-02 -1.231354009360074997e-02
1.749765276908874512e-01 2.520023845136165619e-02 3.906221315264701843e-02
8.351479470729827881e-02 -8.693489432334899902e-02 1.527600884437561035e-01
-6.896827369928359985e-02 -1.141524314880371094e-01 2.685618996620178223e-01
-2.856729328632354736e-01 3.824758902192115784e-02 3.446019887924194336e-01
-3.109740912914276123e-01 1.535524576902389526e-01 2.822736501693725586e-01
-1.709613502025604248e-01 2.156379967927932739e-01 8.080329746007919312e-02
-1.987105421721935272e-02 5.750126391649246216e-02 -2.028290629386901855e-01
2.114647328853607178e-01 -5.697131529450416565e-02 -3.758829236030578613e-01
2.199207097291946411e-01 -4.028848186135292053e-02 -3.629603981971740723e-01
1.548527926206588745e-01 -2.289452590048313141e-02 -2.438368797302246094e-01
1.366211473941802979e-01 -1.367575768381357193e-02 -7.130818814039230347e-02
9.881336987018585205e-02 -1.034401506185531616e-01 1.777028292417526245e-02
1.165417507290840149e-01 -6.712476164102554321e-02 9.430848993360996246e-03
8.835605531930923462e-02 4.909140244126319885e-02 1.933833956718444824e-02
7.886764407157897949e-02 7.961864024400711060e-02 -9.743663482367992401e-03
8.769600838422775269e-02 -1.187000051140785217e-02 -4.148979112505912781e-02
7.546837627887725830e-02 -1.403795778751373291e-01 -5.815651267766952515e-02
-9.790694341063499451e-03 -1.816880106925964355e-01 -9.573404677212238312e-03
-1.352956891059875488e-01 -8.063773810863494873e-02 1.179553493857383728e-01
-2.090807855129241943e-01 4.137076810002326965e-02 1.730036288499832153e-01
-1.460805684328079224e-01 1.858204416930675507e-02 1.180204078555107117e-01
5.623721983283758163e-03 -5.686017498373985291e-02 -2.946112491190433502e-02
9.198468178510665894e-02 -1.096350327134132385e-01 -9.652470797300338745e-02
7.738529890775680542e-02 -1.094286367297172546e-01 -5.887647345662117004e-02
-2.778073400259017944e-02 1.340988371521234512e-02 2.239730209112167358e-02
-8.975346386432647705e-02 1.092258617281913757e-01 6.341429799795150757e-02
-6.332816928625106812e-02 1.544069796800613403e-01 -2.089609391987323761e-03
-1.136595848947763443e-02 1.319598406553268433e-01 -5.224135145545005798e-02
3.279723227024078369e-02 -1.846429891884326935e-02 3.535738913342356682e-03
4.156120866537094116e-02 -1.008606255054473877e-01 5.106132850050926208e-02
3.727880120277404785e-02 -5.565628409385681152e-02 9.156049787998199463e-02
6.779681146144866943e-02 9.714929759502410889e-02 8.514227345585823059e-03
1.437346488237380981e-01 1.854759007692337036e-01 -1.663698554039001465e-01
1.485280096530914307e-01 1.077087521553039551e-01 -2.024648785591125488e-01
9.475366026163101196e-02 -4.110609740018844604e-02 -1.681257486343383789e-01
-9.926538169384002686e-02 -1.763391196727752686e-01 -2.324376814067363739e-02
-2.527668476104736328e-01 -1.854974925518035889e-01 3.694011270999908447e-02
-2.316594719886779785e-01 -1.003679037094116211e-01 5.451128259301185608e-02
-1.615528464317321777e-01 2.184073254466056824e-02 7.980842888355255127e-02
-3.447929024696350098e-02 1.138167157769203186e-01 9.836003184318542480e-02
-7.636491954326629639e-02 1.514113396406173706e-01 1.610170006752014160e-01
-1.418291926383972168e-01 1.366048902273178101e-01 1.211731731891632080e-01
-1.387797594070434570e-01 1.367680430412292480e-01 8.579479157924652100e-02
-2.177638933062553406e-02 1.240245550870895386e-01 8.231317251920700073e-02
1.671563535928726196e-01 6.851882487535476685e-02 1.839932613074779510e-02
2.958391904830932617e-01 5.238684266805648804e-02 -5.778829753398895264e-02
3.819352686405181885e-01 3.045217366889119148e-03 -1.463908255100250244e-01
3.285116851329803467e-01 -1.193916425108909607e-01 -3.172671496868133545e-01
1.660285890102386475e-01 -3.883138597011566162e-01 -4.403175115585327148e-01
-9.378456324338912964e-02 -5.477241873741149902e-01 -5.218274593353271484e-01
-2.348332852125167847e-01 -5.126980543136596680e-01 -4.771987199783325195e-01
-2.277471870183944702e-01 -2.190733700990676880e-01 -1.770952492952346802e-01
-1.320077180862426758e-01 3.295227289199829102e-01 2.292764335870742798e-01
-7.196270860731601715e-03 5.667043924331665039e-01 3.989150226116180420e-01
6.441752426326274872e-03 5.491367578506469727e-01 4.149654209613800049e-01
2.170594967901706696e-02 3.062623739242553711e-01 4.095762670040130615e-01
6.494195759296417236e-02 -1.672004233114421368e-03 4.013861119747161865e-01
7.911801338195800781e-02 -1.592909544706344604e-01 2.709204554557800293e-01
7.563734799623489380e-02 -1.682188361883163452e-01 3.857191652059555054e-02
-1.359091512858867645e-02 -1.105290502309799194e-01 -6.418269872665405273e-02
-7.247453927993774414e-02 -1.091489866375923157e-01 -3.141262009739875793e-02
-8.479788154363632202e-02 -7.583354413509368896e-02 4.574767127633094788e-02
-6.946448236703872681e-02 -3.720784559845924377e-02 5.866710469126701355e-02
-2.434015087783336639e-02 7.102540694177150726e-03 -1.037461403757333755e-02
