5.429297685623168945e-01 -7.346512377262115479e-02 -5.526548624038696289e-01
5.901288390159606934e-01 -6.794723123311996460e-02 -5.414426922798156738e-01
5.944916605949401855e-01 -1.000923588871955872e-01 -5.205830931663513184e-01
5.615525245666503906e-01 -9.597589075565338135e-02 -5.277951359748840332e-01
5.356154441833496094e-01 -5.965755507349967957e-02 -5.933192968368530273e-01
5.015186071395874023e-01 -4.180412366986274719e-02 -6.135941743850708008e-01
4.405475854873657227e-01 1.453817728906869888e-02 -6.011462211608886719e-01
3.314589858055114746e-01 -2.962824888527393341e-02 -6.225125789642333984e-01
2.279596924781799316e-01 2.496881969273090363e-02 -5.607671141624450684e-01
1.384396702051162720e-01 1.140669137239456177e-01 -5.521604418754577637e-01
1.254980266094207764e-01 1.618296205997467041e-01 -4.166787266731262207e-01
1.208461001515388489e-01 2.690826654434204102e-01 -1.742290258407592773e-01
1.693933010101318359e-01 2.761694192886352539e-01 1.482215672731399536e-01
2.626573443412780762e-01 2.073512971401214600e-01 3.721344769001007080e-01
3.719022274017333984e-01 1.056016758084297180e-01 3.689855337142944336e-01
4.483308196067810059e-01 -9.116554260253906250e-02 2.886716425418853760e-01
4.094085395336151123e-01 -2.124431878328323364e-01 1.985308378934860229e-01
3.505949676036834717e-01 -3.114680647850036621e-01 1.202513128519058228e-01
2.817064225673675537e-01 -3.369928896427154541e-01 1.642327904701232910e-01
3.023320436477661133e-01 -3.116087317466735840e-01 2.362838238477706909e-01
3.675038814544677734e-01 -3.330000340938568115e-01 2.297130525112152100e-01
3.750273883342742920e-01 -3.217772245407104492e-01 2.081625461578369141e-01
3.140582144260406494e-01 -3.363887369632720947e-01 1.903895288705825806e-01
2.731907963752746582e-01 -3.604296743869781494e-01 1.602377146482467651e-01
2.607866525650024414e-01 -3.656836152076721191e-01 1.577457934617996216e-01
2.463943064212799072e-01 -4.110497534275054932e-01 1.192425936460494995e-01
2.899073660373687744e-01 -4.140307009220123291e-01 8.819296211004257202e-02
2.110986858606338501e-01 -4.521385729312896729e-01 6.260228157043457031e-02
9.635950624942779541e-02 -5.418183207511901855e-01 1.776028983294963837e-02
5.392888188362121582e-02 -6.037852764129638672e-01 8.220309764146804810e-02
-8.173303306102752686e-02 -6.921213269233703613e-01 2.003316022455692291e-02
-2.114457190036773682e-01 -7.094438672065734863e-01 1.201028227806091309e-01
-3.150325119495391846e-01 -7.344542741775512695e-01 1.018522009253501892e-01
-2.962265312671661377e-01 -7.338501811027526855e-01 2.661068551242351532e-02
-3.210340440273284912e-01 -7.465373277664184570e-01 7.785118371248245239e-02
-4.388211071491241455e-01 -7.024091482162475586e-01 1.066100969910621643e-01
-4.516809284687042236e-01 -6.826506853103637695e-01 9.966266900300979614e-02
-4.505908787250518799e-01 -6.652349829673767090e-01 1.232419088482856750e-01
-3.653605580329895020e-01 -7.065048217773437500e-01 3.912786394357681274e-02
-3.621803522109985352e-01 -6.884288787841796875e-01 2.394077740609645844e-02
-3.678807020187377930e-01 -7.079541683197021484e-01 1.105231512337923050e-02
-4.070717394351959229e-01 -7.170614004135131836e-01 8.256793767213821411e-02
-4.252093732357025146e-01 -7.308994531631469727e-01 2.387025952339172363e-02
-3.658602833747863770e-01 -7.322860956192016602e-01 5.227318033576011658e-02
-1.443309336900711060e-01 -7.154076099395751953e-01 3.986491821706295013e-03
9.199467301368713379e-02 -6.151999235153198242e-01 9.362676739692687988e-02
2.810195386409759521e-01 -4.346522390842437744e-01 2.171517163515090942e-01
3.281648159027099609e-01 -3.068630695343017578e-01 2.689141929149627686e-01
3.229444622993469238e-01 -3.066830039024353027e-01 2.295705676078796387e-01
2.768217623233795166e-01 -3.509860336780548096e-01 2.669269442558288574e-01
2.818927764892578125e-01 -3.404347896575927734e-01 3.127730786800384521e-01
3.255627155303955078e-01 -3.423389792442321777e-01 2.746148109436035156e-01
3.156304061412811279e-01 -3.604204058647155762e-01 2.015748322010040283e-01
3.037203848361968994e-01 -3.631970882415771484e-01 2.269389331340789795e-01
3.046621382236480713e-01 -3.751155734062194824e-01 2.123973071575164795e-01
3.030985593795776367e-01 -3.760938346385955811e-01 2.136427909135818481e-01
3.145003020763397217e-01 -3.923458158969879150e-01 1.991487890481948853e-01
2.515138983726501465e-01 -4.059748053550720215e-01 1.145530939102172852e-01
2.515165209770202637e-01 -4.697068929672241211e-01 4.595344886183738708e-02
2.624116241931915283e-01 -4.924761056900024414e-01 6.221737712621688843e-02
3.456335365772247314e-01 -4.674662649631500244e-01 1.115119308233261108e-01
3.451476395130157471e-01 -4.434897005558013916e-01 6.398494541645050049e-02
3.572141528129577637e-01 -4.651858210563659668e-01 5.786288902163505554e-02
3.543144464492797852e-01 -4.995495378971099854e-01 -2.093178965151309967e-02
3.581384420394897461e-01 -5.638527274131774902e-01 -2.715091966092586517e-02
3.782040476799011230e-01 -5.702875852584838867e-01 -1.245951279997825623e-02
4.243915677070617676e-01 -5.702525973320007324e-01 -6.011144816875457764e-02
3.852475881576538086e-01 -5.671367645263671875e-01 -7.639575004577636719e-02
4.121200442314147949e-01 -5.385189652442932129e-01 -3.632257506251335144e-02
4.015567600727081299e-01 -5.028713941574096680e-01 -4.500098153948783875e-02
4.003753066062927246e-01 -5.354933142662048340e-01 -1.248095631599426270e-01
4.851346015930175781e-01 -5.280414223670959473e-01 -4.354501888155937195e-02
3.894592225551605225e-01 -4.464354813098907471e-01 3.475889563560485840e-02
4.425033926963806152e-01 -4.524836242198944092e-01 -1.154607627540826797e-02
4.122826457023620605e-01 -4.670554697513580322e-01 -6.222637742757797241e-02
4.075651466846466064e-01 -5.172553062438964844e-01 -1.482023000717163086e-01
3.717335164546966553e-01 -4.878379702568054199e-01 -1.563452184200286865e-01
4.104631245136260986e-01 -5.006657242774963379e-01 -2.269354909658432007e-01
4.600917994976043701e-01 -5.028632879257202148e-01 -2.118163108825683594e-01
4.179091751575469971e-01 -5.010383129119873047e-01 -3.060969710350036621e-01
4.446791410446166992e-01 -4.644301831722259521e-01 -1.926714181900024414e-01
4.919559955596923828e-01 -4.308786094188690186e-01 -2.390620410442352295e-01
5.206592082977294922e-01 -4.205985665321350098e-01 -1.931584477424621582e-01
4.976376891136169434e-01 -3.750566244125366211e-01 -3.433115035295486450e-02
4.918112158775329590e-01 -2.244493663311004639e-01 1.871564984321594238e-01
4.644998311996459961e-01 -1.555080711841583252e-01 2.917556166648864746e-01
4.801417589187622070e-01 -6.639223545789718628e-02 3.530800342559814453e-01
4.646984040737152100e-01 8.496091514825820923e-02 3.393295705318450928e-01
3.439465463161468506e-01 2.752186059951782227e-01 3.612011671066284180e-01
2.553739845752716064e-01 4.362733364105224609e-01 2.214635759592056274e-01
1.876393705606460571e-01 3.693914413452148438e-01 -5.200287327170372009e-02
1.614682972431182861e-01 3.044299483299255371e-01 -3.332664668560028076e-01
5.113983526825904846e-02 2.542777359485626221e-01 -4.798968136310577393e-01
6.825513392686843872e-02 1.842688024044036865e-01 -5.509097576141357422e-01
1.356623768806457520e-01 1.445541083812713623e-01 -5.855880379676818848e-01
9.016492217779159546e-02 1.087323352694511414e-01 -5.897286534309387207e-01
1.027837321162223816e-01 6.788024306297302246e-02 -5.932185053825378418e-01
2.729157805442810059e-01 8.235046267509460449e-02 -5.755525231361389160e-01
3.198612928390502930e-01 1.336515098810195923e-01 -5.951230525970458984e-01
2.661505341529846191e-01 1.171574518084526062e-01 -5.974367260932922363e-01
2.661713659763336182e-01 3.619787842035293579e-02 -6.203759908676147461e-01
3.697588741779327393e-01 1.676292121410369873e-01 -6.105884909629821777e-01
3.890755772590637207e-01 1.569871753454208374e-01 -5.985382199287414551e-01
