2.793128991409354889e-01
0.000000000000000000e+00
0.000000000000000000e+00
0.000000000000000000e+00
0.000000000000000000e+00
2.181795133261193662e-02
9.839373844088596111e-03
0.000000000000000000e+00
0.000000000000000000e+00
4.385744411364023154e-03
2.146835776406368426e-02
3.102266707434945744e-02
3.044718554209111319e-02
2.104120142962499773e-02
4.190974008315355437e-03
4.386817230189030484e-03
1.807816014862652365e-02
2.723620972516021740e-02
2.783944208583238877e-02
3.444309550318077565e-03
0.000000000000000000e+00
0.000000000000000000e+00
0.000000000000000000e+00
0.000000000000000000e+00
0.000000000000000000e+00
0.000000000000000000e+00
0.000000000000000000e+00
0.000000000000000000e+00
0.000000000000000000e+00
0.000000000000000000e+00
0.000000000000000000e+00
0.000000000000000000e+00
3.029512146890842583e-01
4.886360401255872010e-01
4.170097361012222170e-01
2.076265986686766374e-01
0.000000000000000000e+00
0.000000000000000000e+00
0.000000000000000000e+00
0.000000000000000000e+00
0.000000000000000000e+00
0.000000000000000000e+00
2.765856250604151745e-01
5.357377872165678401e-01
5.856491392376258487e-01
3.011269923960928074e-01
0.000000000000000000e+00
0.000000000000000000e+00
0.000000000000000000e+00
0.000000000000000000e+00
1.440455519919751556e-02
2.831305525497246085e-03
2.446259510466199799e-03
2.862420178790568248e-04
0.000000000000000000e+00
0.000000000000000000e+00
0.000000000000000000e+00
0.000000000000000000e+00
0.000000000000000000e+00
0.000000000000000000e+00
0.000000000000000000e+00
0.000000000000000000e+00
1.403776164103209562e-03
3.179816971642600298e-02
5.128826410401476216e-02
5.563014214564510063e-02
3.897610101564368684e-02
2.120738949698625087e-02
7.980658536083880261e-03
8.069597833308352411e-03
1.151507614559839007e-02
1.227122443830346542e-02
1.179031377525886423e-02
7.220230597551133798e-03
4.887518347818539145e-03
1.231535537853328116e-02
1.961670736051634306e-02
1.887582565764898967e-02
1.286696160404102868e-02
1.985665535630703159e-03
6.407103705028946612e-03
1.333016348805276738e-02
1.728083480167051308e-02
1.690834861678590720e-02
1.042375483006875540e-02
1.140437810559244772e-02
9.043569050643374477e-03
4.547591778167721366e-03
0.000000000000000000e+00
0.000000000000000000e+00
0.000000000000000000e+00
0.000000000000000000e+00
0.000000000000000000e+00
4.278052589962573656e-03
6.111209225092902042e-03
0.000000000000000000e+00
0.000000000000000000e+00
0.000000000000000000e+00
0.000000000000000000e+00
0.000000000000000000e+00
0.000000000000000000e+00
2.281747715250601882e-01
3.622055365266376725e-01
