2.981684110177434954e-01
0.000000000000000000e+00
0.000000000000000000e+00
0.000000000000000000e+00
0.000000000000000000e+00
1.147554466168609032e-02
1.012358361167312731e-02
1.098689167741927902e-02
1.606082174502931198e-02
2.239988140729268912e-02
2.397383454777587616e-02
2.728999603481510952e-02
2.960405461088577023e-02
2.648766710737715177e-02
2.882747333524801614e-02
2.071187221666024106e-02
2.004776247556298852e-02
1.569555455511082581e-02
8.946960116398897361e-04
0.000000000000000000e+00
0.000000000000000000e+00
0.000000000000000000e+00
0.000000000000000000e+00
0.000000000000000000e+00
0.000000000000000000e+00
0.000000000000000000e+00
0.000000000000000000e+00
0.000000000000000000e+00
0.000000000000000000e+00
0.000000000000000000e+00
2.897881114788196100e-01
7.865456226991671684e-01
1.000000000000000000e+00
8.078559155823115123e-01
2.787217439873069802e-01
0.000000000000000000e+00
0.000000000000000000e+00
0.000000000000000000e+00
0.000000000000000000e+00
0.000000000000000000e+00
0.000000000000000000e+00
0.000000000000000000e+00
0.000000000000000000e+00
0.000000000000000000e+00
3.029545000150252534e-02
4.060929759568568387e-02
2.972541687704383789e-02
7.970078623606361226e-03
0.000000000000000000e+00
0.000000000000000000e+00
1.366762751693182017e-02
2.481962862815116286e-02
2.898391590477341490e-02
2.123434952127974812e-02
1.501204103938455839e-02
8.160208867184262291e-03
1.650992580117528448e-03
0.000000000000000000e+00
0.000000000000000000e+00
3.176917744183798548e-02
5.763779610613634780e-02
5.990144964164014624e-02
1.697400571035003955e-02
0.000000000000000000e+00
0.000000000000000000e+00
0.000000000000000000e+00
1.685085250544887323e-02
2.677412427049483123e-02
2.611261371646957270e-03
0.000000000000000000e+00
0.000000000000000000e+00
0.000000000000000000e+00
0.000000000000000000e+00
0.000000000000000000e+00
0.000000000000000000e+00
0.000000000000000000e+00
0.000000000000000000e+00
0.000000000000000000e+00
0.000000000000000000e+00
0.000000000000000000e+00
0.000000000000000000e+00
0.000000000000000000e+00
2.490114250727516743e-03
4.972404773926314241e-03
5.176874156921401800e-03
2.514070963784613942e-03
0.000000000000000000e+00
0.000000000000000000e+00
0.000000000000000000e+00
0.000000000000000000e+00
0.000000000000000000e+00
0.000000000000000000e+00
0.000000000000000000e+00
0.000000000000000000e+00
0.000000000000000000e+00
1.069443661393305878e-02
4.859464571649785292e-02
4.447647220514241301e-02
1.326100592330893384e-02
0.000000000000000000e+00
0.000000000000000000e+00
0.000000000000000000e+00
0.000000000000000000e+00
0.000000000000000000e+00
0.000000000000000000e+00
0.000000000000000000e+00
0.000000000000000000e+00
0.000000000000000000e+00
3.721604724375458112e-02
8.651309564645587313e-02
6.221438597362827227e-02
1.248137772591343363e-02
0.000000000000000000e+00
0.000000000000000000e+00
2.648751883160459231e-03
7.062886743917994904e-03
2.161671785030040965e-03
3.688319139329730711e-03
3.799020086703764568e-03
0.000000000000000000e+00
0.000000000000000000e+00
0.000000000000000000e+00
0.000000000000000000e+00
0.000000000000000000e+00
0.000000000000000000e+00
0.000000000000000000e+00
2.240151185931724964e-01
3.994986290247627414e-01
3.548280173154471084e-01
1.786824468372626706e-01
0.000000000000000000e+00
0.000000000000000000e+00
0.000000000000000000e+00
0.000000000000000000e+00
0.000000000000000000e+00
0.000000000000000000e+00
0.000000000000000000e+00
0.000000000000000000e+00
0.000000000000000000e+00
0.000000000000000000e+00
1.524298200883412221e-03
1.524298200883412221e-03
3.810745502208530552e-04
0.000000000000000000e+00
0.000000000000000000e+00
