3.861621618270874023e-01 1.014049202203750610e-01 -5.857890248298645020e-01
3.460509479045867920e-01 6.536693871021270752e-02 -5.745888948440551758e-01
2.234871536493301392e-01 6.667527556419372559e-02 -5.353056788444519043e-01
1.164588779211044312e-01 4.047747328877449036e-02 -5.257580280303955078e-01
1.134475469589233398e-01 3.390502184629440308e-02 -4.943616390228271484e-01
1.869283765554428101e-01 7.724293321371078491e-02 -3.813732564449310303e-01
2.115101814270019531e-01 6.782206892967224121e-02 -3.128224611282348633e-01
3.023521304130554199e-01 5.385069176554679871e-02 -3.105881810188293457e-01
3.601408004760742188e-01 1.086127161979675293e-01 -2.782257497310638428e-01
3.808265626430511475e-01 1.216247454285621643e-01 -2.316484302282333374e-01
3.605641424655914307e-01 1.389936804771423340e-01 -2.521094381809234619e-01
3.077521324157714844e-01 1.525647342205047607e-01 -2.950334846973419189e-01
3.181627988815307617e-01 2.001388669013977051e-01 -2.848581373691558838e-01
2.685970366001129150e-01 1.839145421981811523e-01 -3.198084533214569092e-01
2.057490199804306030e-01 1.638751477003097534e-01 -3.350622057914733887e-01
1.548569202423095703e-01 1.788325011730194092e-01 -3.352251648902893066e-01
8.788570016622543335e-02 2.126792818307876587e-01 -3.447547852993011475e-01
7.788893580436706543e-02 1.390157788991928101e-01 -4.129277765750885010e-01
1.195274591445922852e-01 1.541342884302139282e-01 -3.963283300399780273e-01
1.378946900367736816e-01 1.633484512567520142e-01 -3.694066107273101807e-01
1.119499132037162781e-01 2.212454229593276978e-01 -4.080239236354827881e-01
1.916256919503211975e-02 2.386037707328796387e-01 -4.501442015171051025e-01
-1.351085142232477665e-03 2.618384659290313721e-01 -4.999928474426269531e-01
-9.900447726249694824e-02 2.314841598272323608e-01 -5.502530336380004883e-01
-1.919340938329696655e-01 2.277254462242126465e-01 -5.360459685325622559e-01
-1.596994549036026001e-01 2.092407345771789551e-01 -5.047495961189270020e-01
-1.022793352603912354e-02 1.433122754096984863e-01 -5.393600463867187500e-01
-3.847840800881385803e-02 4.626635462045669556e-02 -5.432323813438415527e-01
3.540953621268272400e-02 5.665691569447517395e-02 -5.126321911811828613e-01
6.841444969177246094e-02 -4.781892523169517517e-02 -4.091262519359588623e-01
-2.215620428323745728e-01 -4.932346940040588379e-01 1.899478286504745483e-01
-3.117198646068572998e-01 -6.332997679710388184e-01 1.316491663455963135e-01
-3.072087466716766357e-01 -5.311477184295654297e-01 5.840061977505683899e-02
3.658300265669822693e-02 -4.910527765750885010e-01 1.152933165431022644e-01
1.208918988704681396e-01 -1.726986654102802277e-02 -1.159947663545608521e-01
3.706416487693786621e-02 3.541948795318603516e-01 8.770909160375595093e-02
-1.979398876428604126e-01 4.220930635929107666e-01 2.223785668611526489e-01
-2.676580548286437988e-01 4.514393210411071777e-01 1.356216222047805786e-01
-2.950148880481719971e-01 4.541984796524047852e-01 1.335817873477935791e-01
-3.181015551090240479e-01 4.177358150482177734e-01 5.463098734617233276e-02
-3.364763259887695312e-01 4.237501621246337891e-01 -7.555440533906221390e-04
-2.211063355207443237e-01 4.171542227268218994e-01 -9.141407790593802929e-04
-2.872624695301055908e-01 3.457300662994384766e-01 1.792197488248348236e-02
-2.431435286998748779e-01 3.360083699226379395e-01 1.137389894574880600e-02
3.439381718635559082e-02 3.326925337314605713e-01 -1.080883014947175980e-02
2.487407475709915161e-01 3.747568726539611816e-01 -8.829109370708465576e-02
2.696698307991027832e-01 3.245142400264739990e-01 -6.378454715013504028e-02
2.204717695713043213e-01 2.636048197746276855e-01 -2.123991958796977997e-02
-8.894058875739574432e-03 1.388361752033233643e-01 -2.015342563390731812e-01
-1.346236914396286011e-01 3.131622970104217529e-01 -2.897114753723144531e-01
-2.165077179670333862e-01 3.852931559085845947e-01 -4.297993183135986328e-01
-2.028191536664962769e-01 3.899353742599487305e-01 -4.204794466495513916e-01
-2.181828022003173828e-01 4.158236980438232422e-01 -5.089341402053833008e-01
-2.286688238382339478e-01 3.496040403842926025e-01 -5.358442068099975586e-01
-2.406801879405975342e-01 3.091380298137664795e-01 -5.633018016815185547e-01
-1.726103574037551880e-01 3.361286520957946777e-01 -6.014284491539001465e-01
-1.256179958581924438e-01 3.271650671958923340e-01 -6.095324158668518066e-01
-1.354733556509017944e-01 2.690306007862091064e-01 -5.904843807220458984e-01
-1.130384728312492371e-01 2.457337677478790283e-01 -5.519617199897766113e-01
-8.799017965793609619e-02 3.065091073513031006e-01 -5.325055122375488281e-01
-2.388246357440948486e-02 2.977418601512908936e-01 -4.959867596626281738e-01
-1.505885180085897446e-02 5.159786716103553772e-02 -2.257001101970672607e-01
6.340223550796508789e-02 1.553643494844436646e-01 -3.541106879711151123e-01
2.158449590206146240e-01 1.584452688694000244e-01 -5.892615318298339844e-01
2.550168633460998535e-01 3.502708673477172852e-02 -6.144156455993652344e-01
2.688836753368377686e-01 5.783222243189811707e-02 -5.983207225799560547e-01
2.436664104461669922e-01 6.108544394373893738e-02 -6.012770533561706543e-01
2.374516427516937256e-01 5.214339122176170349e-02 -6.051063537597656250e-01
2.414281517267227173e-01 3.116803616285324097e-02 -5.830481052398681641e-01
2.854765057563781738e-01 7.044532336294651031e-03 -5.750748515129089355e-01
2.928766012191772461e-01 4.151877015829086304e-02 -5.681854486465454102e-01
3.241774737834930420e-01 9.178590029478073120e-02 -5.929011106491088867e-01
3.520556092262268066e-01 1.172839254140853882e-01 -5.753784775733947754e-01
4.100734293460845947e-01 1.146419048309326172e-01 -5.719137787818908691e-01
4.047813117504119873e-01 1.088291108608245850e-01 -5.774036645889282227e-01
4.010126888751983643e-01 8.671435713768005371e-02 -5.773627161979675293e-01
3.999872505664825439e-01 8.884719759225845337e-02 -5.733640789985656738e-01
4.259987473487854004e-01 9.253200143575668335e-02 -5.620587468147277832e-01
4.190589785575866699e-01 8.114042133092880249e-02 -5.549408197402954102e-01
4.170215725898742676e-01 7.909067720174789429e-02 -5.737726092338562012e-01
3.784248828887939453e-01 5.886751785874366760e-02 -6.012308597564697266e-01
3.662761449813842773e-01 6.774258613586425781e-02 -6.031686663627624512e-01
3.518312275409698486e-01 6.925364583730697632e-02 -6.054630279541015625e-01
3.528943359851837158e-01 9.582994133234024048e-02 -6.170959472656250000e-01
3.550167679786682129e-01 1.058378666639328003e-01 -6.065589189529418945e-01
3.775703907012939453e-01 1.196393519639968872e-01 -5.949158072471618652e-01
3.598791658878326416e-01 1.305946409702301025e-01 -5.912844538688659668e-01
3.341488838195800781e-01 1.344458907842636108e-01 -6.073133349418640137e-01
2.686716020107269287e-01 1.760006994009017944e-01 -5.973851084709167480e-01
2.443713396787643433e-01 2.131481915712356567e-01 -5.438256859779357910e-01
1.709098815917968750e-01 3.066621124744415283e-01 -4.532007575035095215e-01
1.496980488300323486e-01 2.795204520225524902e-01 -3.985863029956817627e-01
1.192755401134490967e-01 3.127184808254241943e-01 -3.448930680751800537e-01
5.697796493768692017e-02 4.397149384021759033e-01 -2.448953688144683838e-01
1.284218765795230865e-02 5.425991415977478027e-01 -5.194247141480445862e-02
1.458524726331233978e-03 5.447571277618408203e-01 -1.390739437192678452e-02
1.335302926599979401e-02 4.828888773918151855e-01 2.713427133858203888e-02
-1.670400947332382202e-01 4.409652352333068848e-01 7.937749475240707397e-02
-5.816974211484193802e-03 4.870748221874237061e-01 1.721094846725463867e-01
5.515105277299880981e-02 4.179469943046569824e-01 1.400869935750961304e-01
2.996127679944038391e-02 3.677379786968231201e-01 2.002142220735549927e-01
1.091655716300010681e-01 3.503009676933288574e-01 2.365982234477996826e-01
1.221011430025100708e-01 2.923735678195953369e-01 2.068455219268798828e-01
1.270421147346496582e-01 2.828340232372283936e-01 2.505797445774078369e-01
2.070544362068176270e-01 2.319979369640350342e-01 2.944295406341552734e-01
1.830538809299468994e-01 2.740106284618377686e-01 3.566950261592864990e-01
2.384645491838455200e-01 2.461632937192916870e-01 3.790450394153594971e-01
2.634034752845764160e-01 2.099614143371582031e-01 4.117689728736877441e-01
2.284793406724929810e-01 8.793344348669052124e-02 4.715580344200134277e-01
3.342790007591247559e-01 -5.818436294794082642e-02 4.193115234375000000e-01
4.423467516899108887e-01 5.321921035647392273e-02 4.995460808277130127e-01
4.613093733787536621e-01 1.130606234073638916e-02 4.823518693447113037e-01
4.518561661243438721e-01 3.280938789248466492e-02 4.825385510921478271e-01
4.283210337162017822e-01 9.870970249176025391e-02 4.916951060295104980e-01
4.393522739410400391e-01 9.034210443496704102e-02 4.864775240421295166e-01
4.029702246189117432e-01 6.383799761533737183e-02 5.023178458213806152e-01
3.955787718296051025e-01 9.084883332252502441e-02 4.843725860118865967e-01
3.736975789070129395e-01 1.180203780531883240e-01 4.560261368751525879e-01
3.372076749801635742e-01 1.738914549350738525e-01 4.458618760108947754e-01
3.255659341812133789e-01 1.170115843415260315e-01 4.329697489738464355e-01
3.181518614292144775e-01 9.816098213195800781e-02 4.006124138832092285e-01
2.481220811605453491e-01 1.135803684592247009e-01 4.085227251052856445e-01
1.119416877627372742e-01 4.131838679313659668e-02 4.777154326438903809e-01
1.248426660895347595e-01 -9.843818098306655884e-02 3.728450536727905273e-01
-6.047342345118522644e-02 -2.306706160306930542e-01 4.406591355800628662e-01
-3.403898477554321289e-01 -3.435165882110595703e-01 1.269702911376953125e-01
-3.766795396804809570e-01 -3.651377856731414795e-01 2.802796661853790283e-01
-4.169036746025085449e-01 -3.216772675514221191e-01 3.451729416847229004e-01
-4.654360115528106689e-01 -3.503339290618896484e-01 3.751501739025115967e-01
-5.048313736915588379e-01 -3.848186135292053223e-01 1.989504098892211914e-01
-5.661317706108093262e-01 -4.328587949275970459e-01 2.120787352323532104e-01
-5.822787284851074219e-01 -4.437147080898284912e-01 2.190642207860946655e-01
-5.461074113845825195e-01 -4.124855995178222656e-01 1.582149714231491089e-01
-6.449212431907653809e-01 -4.525456428527832031e-01 2.388337254524230957e-02
-5.672576427459716797e-01 -4.711136519908905029e-01 6.049328297376632690e-02
-5.960136055946350098e-01 -4.355075657367706299e-01 7.840220630168914795e-02
-6.213583946228027344e-01 -4.621319472789764404e-01 3.902985155582427979e-02
-6.218767166137695312e-01 -3.929114937782287598e-01 1.284771263599395752e-01
-6.469758749008178711e-01 -4.389510154724121094e-01 1.276763081550598145e-01
-6.582561135292053223e-01 -4.601237475872039795e-01 1.642965972423553467e-01
-6.130474805831909180e-01 -4.882286190986633301e-01 1.398437619209289551e-01
-6.009405255317687988e-01 -4.974932968616485596e-01 1.095233708620071411e-01
-6.029379367828369141e-01 -5.078766942024230957e-01 2.193655446171760559e-02
-6.133443713188171387e-01 -5.508114099502563477e-01 1.227670162916183472e-01
-6.033897995948791504e-01 -4.858343005180358887e-01 3.612311184406280518e-02
