-1.079197600483894348e-01 -1.472066640853881836e-01 8.702448569238185883e-03
-1.504909098148345947e-01 -2.467657327651977539e-01 1.359219290316104889e-02
-1.554576456546783447e-01 -1.595988720655441284e-01 2.135548926889896393e-02
-1.701090782880783081e-01 1.150497570633888245e-01 7.870671153068542480e-02
-8.368579298257827759e-02 2.948286831378936768e-01 1.473131924867630005e-01
-1.017748378217220306e-02 3.657189309597015381e-01 1.713445037603378296e-01
1.639950573444366455e-01 4.408519864082336426e-01 1.054650470614433289e-01
3.077132701873779297e-01 5.054062008857727051e-01 5.424780398607254028e-02
3.821277618408203125e-01 5.226494669914245605e-01 1.076377462595701218e-02
2.467782497406005859e-01 3.641979992389678955e-01 -6.275030970573425293e-02
6.246776878833770752e-02 9.614723175764083862e-02 -1.088503077626228333e-01
-1.359303891658782959e-01 -6.711507588624954224e-02 -1.780270636081695557e-01
-2.127300649881362915e-01 -1.348948627710342407e-01 -1.220621913671493530e-01
-2.158778905868530273e-01 -3.028611540794372559e-01 5.935472622513771057e-02
-3.489767014980316162e-01 -4.544449746608734131e-01 8.383824676275253296e-02
-3.672289550304412842e-01 -5.056132674217224121e-01 1.038811057806015015e-01
-4.000647068023681641e-01 -4.356836080551147461e-01 7.509876787662506104e-02
-2.979005873203277588e-01 -2.509340345859527588e-01 8.878316730260848999e-02
-1.519307941198348999e-01 -7.208211719989776611e-02 1.244598776102066040e-01
-2.119737491011619568e-02 -3.563053160905838013e-02 3.613657504320144653e-02
1.941794902086257935e-01 -1.593829244375228882e-01 -2.444194816052913666e-02
3.524943292140960693e-01 -2.902858257293701172e-01 -1.051551774144172668e-01
4.111404716968536377e-01 -3.021453320980072021e-01 -1.684715896844863892e-01
2.910264134407043457e-01 -1.260351687669754028e-01 -2.442419379949569702e-01
1.950128674507141113e-01 1.549438536167144775e-01 -2.547838091850280762e-01
2.241531312465667725e-01 4.411471188068389893e-01 -1.958284676074981689e-01
1.934639513492584229e-01 5.242071151733398438e-01 -1.787818819284439087e-01
-4.847576096653938293e-02 3.145117461681365967e-01 -5.478821322321891785e-02
-5.204119086265563965e-01 -3.375428915023803711e-02 4.111732542514801025e-01
-5.348353981971740723e-01 -3.153104484081268311e-01 5.398088693618774414e-01
-4.616199433803558350e-01 -4.318798780441284180e-01 5.393211841583251953e-01
-1.474184095859527588e-01 -1.883300095796585083e-01 4.538936614990234375e-01
1.738442182540893555e-01 1.157446801662445068e-01 -3.352243453264236450e-02
-4.175986163318157196e-03 2.752676010131835938e-01 -9.653323143720626831e-02
1.383203081786632538e-02 1.979024410247802734e-01 -1.248157396912574768e-01
-2.790032513439655304e-02 -3.912789747118949890e-02 -2.546657025814056396e-01
1.258447468280792236e-01 -1.110800877213478088e-01 -7.407183200120925903e-02
2.866853177547454834e-01 -2.048837095499038696e-01 -2.089855819940567017e-02
2.429562062025070190e-01 -1.645922958850860596e-01 -7.766572386026382446e-02
3.914250060915946960e-02 1.646738126873970032e-02 -3.262334316968917847e-02
-1.137991845607757568e-01 8.179735392332077026e-02 -2.471658028662204742e-02
-2.228714823722839355e-01 1.183645874261856079e-01 2.831318043172359467e-02
-4.639267176389694214e-02 2.632460296154022217e-01 3.231732547283172607e-02
2.751300334930419922e-01 3.602123260498046875e-01 -9.695895761251449585e-02
4.153755605220794678e-01 3.630405366420745850e-01 -9.801141172647476196e-02
4.063577055931091309e-01 2.654419541358947754e-01 3.306699171662330627e-02
1.199597716331481934e-01 -5.817534402012825012e-02 9.772248566150665283e-02
-1.581839770078659058e-01 -3.448105454444885254e-01 -2.340536192059516907e-02
-1.987881064414978027e-01 -4.016365110874176025e-01 -2.747414708137512207e-01
-1.095591932535171509e-01 -3.528446555137634277e-01 -3.783032298088073730e-01
6.891285628080368042e-02 -1.984182149171829224e-01 -3.772634565830230713e-01
1.040058434009552002e-01 -8.622047305107116699e-02 -2.306855767965316772e-01
7.172837108373641968e-02 -5.104220658540725708e-02 -1.175078526139259338e-01
1.491028070449829102e-01 -7.177039235830307007e-02 -1.128620728850364685e-01
1.613180935382843018e-01 -2.847759611904621124e-02 -8.284139446914196014e-03
8.408667892217636108e-02 2.492007426917552948e-02 1.973874121904373169e-02
3.330841660499572754e-02 7.838249206542968750e-02 1.489702612161636353e-01
-1.103010587394237518e-02 1.565695703029632568e-01 1.433047205209732056e-01
5.508818104863166809e-02 3.008200228214263916e-01 2.014378271996974945e-02
1.935655809938907623e-02 4.358253180980682373e-01 4.988427087664604187e-02
-1.139846518635749817e-01 3.019160628318786621e-01 9.173211455345153809e-02
1.488127559423446655e-01 -1.523217260837554932e-01 2.670566141605377197e-01
2.459388971328735352e-01 -4.612908959388732910e-01 3.046523630619049072e-01
2.585669457912445068e-01 -5.165529251098632812e-01 1.988528370857238770e-01
1.813655048608779907e-01 -3.619365394115447998e-01 1.065295264124870300e-01
-5.158320441842079163e-02 -1.281116753816604614e-01 1.679692603647708893e-02
-5.338260158896446228e-02 -3.496762737631797791e-02 6.904865615069866180e-03
-7.342335768043994904e-03 1.397279556840658188e-02 7.721579819917678833e-02
5.512027442455291748e-02 8.878813125193119049e-03 2.097080796957015991e-01
8.257870376110076904e-02 -4.908687621355056763e-02 1.519916951656341553e-01
9.631407260894775391e-02 -3.853652253746986389e-02 2.984382025897502899e-02
3.598637506365776062e-02 4.413837939500808716e-02 -3.002067096531391144e-02
-2.962845191359519958e-02 1.138039231300354004e-01 -4.352522641420364380e-02
-3.670173510909080505e-02 1.478810608386993408e-01 4.783243313431739807e-02
-4.880683496594429016e-02 6.841707229614257812e-02 7.122521102428436279e-02
-6.525144726037979126e-02 2.252066321671009064e-02 7.341794669628143311e-02
-6.242176517844200134e-02 3.632598742842674255e-02 8.878945559263229370e-02
-4.890498518943786621e-02 2.163941599428653717e-02 3.781583905220031738e-02
-2.572424942627549171e-03 -5.276325717568397522e-02 -3.286103904247283936e-02
4.885179549455642700e-02 -1.093735098838806152e-01 -8.328975737094879150e-02
7.913322746753692627e-02 -1.329837292432785034e-01 -7.517069578170776367e-02
6.079535931348800659e-02 -1.088930591940879822e-01 -9.135071933269500732e-02
2.086609788239002228e-02 -6.344841420650482178e-02 -8.341155946254730225e-02
-6.795724481344223022e-02 -6.241430528461933136e-03 -5.613266304135322571e-02
-1.063333377242088318e-01 8.631888777017593384e-02 -2.073113247752189636e-02
-1.146754771471023560e-01 1.142356544733047485e-01 2.059555798768997192e-02
-1.240732148289680481e-01 8.908025920391082764e-02 -1.128977350890636444e-02
-8.107039332389831543e-02 1.088601164519786835e-02 -2.272881381213665009e-02
-6.929408013820648193e-02 -2.185798436403274536e-02 -3.956699743866920471e-02
4.241736605763435364e-02 5.917683988809585571e-02 5.084851384162902832e-02
9.571189433336257935e-02 1.443876624107360840e-01 9.269953519105911255e-02
2.673320658504962921e-02 1.165935695171356201e-01 -1.407551020383834839e-02
-3.267253190279006958e-02 1.883692741394042969e-01 -1.365719735622406006e-01
-1.770152747631072998e-01 3.693254888057708740e-01 -3.417238891124725342e-01
-1.980185508728027344e-01 4.997758269309997559e-01 -2.967323362827301025e-01
-1.671799272298812866e-01 4.196074604988098145e-01 -3.422621265053749084e-02
-1.314973086118698120e-01 1.403108835220336914e-01 2.642092406749725342e-01
1.185703277587890625e-01 -2.625228464603424072e-01 4.236442148685455322e-01
1.055815815925598145e-01 -3.400529026985168457e-01 3.863933384418487549e-01
-8.119459450244903564e-02 -2.055384665727615356e-01 3.290811181068420410e-01
-1.724837273359298706e-01 -1.368820518255233765e-01 2.274840176105499268e-01
-2.974490225315093994e-01 4.985327273607254028e-02 1.865514367818832397e-01
-2.069365531206130981e-01 1.056387722492218018e-01 1.921784132719039917e-01
-1.215326264500617981e-01 7.887361943721771240e-02 1.648645401000976562e-01
-1.788568496704101562e-01 8.364947885274887085e-02 1.675138920545578003e-01
-1.271921247243881226e-01 1.091842651367187500e-01 1.740636229515075684e-01
-1.027951762080192566e-01 1.836160421371459961e-01 1.258598119020462036e-01
1.189343631267547607e-01 1.410349458456039429e-01 1.691806912422180176e-01
1.913729459047317505e-01 1.027689501643180847e-01 2.802405953407287598e-01
1.882890611886978149e-01 5.782264843583106995e-02 3.222509920597076416e-01
1.209713369607925415e-01 1.892292872071266174e-02 3.023144304752349854e-01
-1.388336718082427979e-01 -1.650460623204708099e-02 1.410248279571533203e-01
-1.111817285418510437e-01 -1.240805163979530334e-01 -2.338291332125663757e-02
-4.952728748321533203e-02 -1.403397619724273682e-01 4.647639766335487366e-02
2.513514366000890732e-03 -1.294949948787689209e-01 8.094577491283416748e-02
1.233590617775917053e-01 -1.405390948057174683e-01 5.928044393658638000e-02
1.553447265177965164e-02 -2.097224891185760498e-01 -5.011871829628944397e-02
7.058775424957275391e-02 -1.856821328401565552e-01 -6.602073460817337036e-02
2.129242122173309326e-01 -8.573529124259948730e-02 -1.274719717912375927e-03
1.463733017444610596e-01 -3.259641304612159729e-02 -8.705525100231170654e-02
-1.561399400234222412e-01 1.429004780948162079e-02 -2.410351485013961792e-01
-4.173326492309570312e-01 2.970619872212409973e-02 -3.386132121086120605e-01
-4.540664255619049072e-01 4.727188870310783386e-02 -2.964965403079986572e-01
-1.596122086048126221e-01 -1.685266941785812378e-01 -3.050156831741333008e-01
7.077162712812423706e-02 -2.706643342971801758e-01 -2.099987417459487915e-01
7.440140843391418457e-02 -2.029466629028320312e-01 -1.037600412964820862e-01
-5.652693659067153931e-02 -7.744823396205902100e-02 3.395210579037666321e-02
-6.176523864269256592e-02 4.784439690411090851e-03 9.847823530435562134e-02
3.096093796193599701e-02 -8.663003891706466675e-02 -6.632541120052337646e-02
3.061215765774250031e-02 -1.597126573324203491e-01 -1.149345040321350098e-01
1.315711289644241333e-01 -1.399853080511093140e-01 -1.554590612649917603e-01
5.202214792370796204e-02 -8.971083909273147583e-02 -2.430010586977005005e-01
3.332346305251121521e-02 -1.463100016117095947e-01 -1.658933609724044800e-01
-4.509402066469192505e-02 -1.300157606601715088e-01 -1.239728257060050964e-01
-1.786950677633285522e-01 -1.207661032676696777e-01 -7.826483994722366333e-02
-1.028445512056350708e-01 -3.036964498460292816e-02 4.918375983834266663e-02
-6.167056411504745483e-02 2.431157045066356659e-02 -2.423282340168952942e-02
-1.727783977985382080e-01 3.561023250222206116e-02 6.061157211661338806e-02
-1.438875347375869751e-01 5.777985602617263794e-02 1.659087091684341431e-01
-1.056516095995903015e-01 3.461460769176483154e-02 1.053514555096626282e-01
-3.258499875664710999e-02 4.791989549994468689e-02 -1.469036750495433807e-02
-3.691573813557624817e-02 1.293980181217193604e-01 -7.355614751577377319e-02
-4.060948640108108521e-02 9.140446782112121582e-02 -1.707610338926315308e-01
2.550572343170642853e-02 5.732654780149459839e-02 -1.328308284282684326e-01
8.218868821859359741e-02 4.058622196316719055e-02 -7.874606549739837646e-02
