-2.432253025472164154e-02 5.079313740134239197e-02 -5.292100459337234497e-02
-6.400497257709503174e-02 2.883144281804561615e-02 1.135821193456649780e-01
-1.025185659527778625e-01 -2.839732728898525238e-02 2.978562414646148682e-01
-1.379211395978927612e-01 -1.117100715637207031e-01 3.865895867347717285e-01
-1.329308152198791504e-01 -2.061376124620437622e-01 3.499250113964080811e-01
-7.735354453325271606e-02 -2.934376001358032227e-01 2.487036138772964478e-01
-1.723268255591392517e-02 -3.310130536556243896e-01 1.674745827913284302e-01
5.363363400101661682e-02 -2.307238280773162842e-01 -1.101509481668472290e-02
8.271169662475585938e-02 4.009388014674186707e-02 -2.646100819110870361e-01
1.036061346530914307e-01 2.363034188747406006e-01 -3.741512596607208252e-01
1.216886490583419800e-01 3.100378811359405518e-01 -3.832578063011169434e-01
9.534315764904022217e-02 3.130210041999816895e-01 -3.448738753795623779e-01
7.551293075084686279e-02 3.194936215877532959e-01 -3.151146769523620605e-01
3.013199381530284882e-02 3.216992020606994629e-01 -3.136264979839324951e-01
1.685360632836818695e-02 2.487347573041915894e-01 -2.221312820911407471e-01
-2.068546414375305176e-02 6.150451954454183578e-03 3.511883318424224854e-02
-1.185141578316688538e-01 -2.036938518285751343e-01 2.784632742404937744e-01
-1.745446920394897461e-01 -2.962534725666046143e-01 3.303110599517822266e-01
-1.683501750230789185e-01 -3.212851881980895996e-01 1.761247813701629639e-01
-1.135542709380388260e-02 -2.761234939098358154e-01 -8.466382324695587158e-02
1.878494471311569214e-01 -2.116390764713287354e-01 -2.146453708410263062e-01
3.156800270080566406e-01 -1.362175941467285156e-01 -9.828280657529830933e-02
2.877261042594909668e-01 -1.092115193605422974e-01 2.024990469217300415e-01
7.239752262830734253e-02 -1.349964290857315063e-01 4.313231408596038818e-01
-1.163562312722206116e-01 -1.678033620119094849e-01 4.595915973186492920e-01
-1.516523212194442749e-01 -1.285878662019968033e-02 3.016282618045806885e-01
-1.522607952356338501e-01 4.427950680255889893e-01 -4.348703473806381226e-02
-1.364633738994598389e-01 6.718118786811828613e-01 -4.008156955242156982e-01
-1.396222114562988281e-01 6.781134009361267090e-01 -4.766438901424407959e-01
-2.202278971672058105e-01 2.877528369426727295e-01 -3.394567072391510010e-01
-1.056441664695739746e-01 -3.667412698268890381e-01 1.531687378883361816e-02
-4.469021037220954895e-02 -4.816170632839202881e-01 3.633844554424285889e-01
-2.973864786326885223e-02 -3.973818421363830566e-01 4.022206068038940430e-01
5.089304968714714050e-02 -1.079399138689041138e-01 1.680700629949569702e-01
-4.653213918209075928e-02 3.339660912752151489e-02 -1.118524819612503052e-01
-8.660233020782470703e-02 -1.026516705751419067e-01 -3.328046500682830811e-01
-6.460262835025787354e-02 -1.740250140428543091e-01 -3.508848249912261963e-01
8.470445126295089722e-02 -1.032848134636878967e-01 -1.166508570313453674e-01
2.646443545818328857e-01 3.251297026872634888e-02 7.367250323295593262e-02
3.032749891281127930e-01 2.105880379676818848e-01 2.016565203666687012e-01
2.186830639839172363e-01 1.716089695692062378e-01 2.527780532836914062e-01
7.109383121132850647e-03 -1.112609654664993286e-01 2.527346909046173096e-01
-1.439548730850219727e-01 -3.382049798965454102e-01 2.698959112167358398e-01
-1.804064959287643433e-01 -3.580844998359680176e-01 1.862338930368423462e-01
-2.315257303416728973e-02 -4.439797624945640564e-02 -1.478621363639831543e-01
2.460151016712188721e-01 2.856131792068481445e-01 -4.259411394596099854e-01
2.841952741146087646e-01 3.597205281257629395e-01 -4.979802072048187256e-01
1.899916827678680420e-01 1.549495458602905273e-01 -4.163582324981689453e-01
-1.314092129468917847e-01 -1.409177482128143311e-01 -1.540889889001846313e-01
-2.777284085750579834e-01 -2.315332740545272827e-01 1.836943030357360840e-01
-1.832316368818283081e-01 -1.692481040954589844e-01 3.120679855346679688e-01
-1.546539068222045898e-01 -1.237892583012580872e-01 2.276765257120132446e-01
-1.190284416079521179e-01 -3.140422329306602478e-02 9.178614616394042969e-02
-1.202584505081176758e-01 6.074377894401550293e-02 1.448131632059812546e-02
-9.984018653631210327e-02 1.580742895603179932e-01 3.819829225540161133e-02
2.512658201158046722e-02 2.367697656154632568e-01 1.375946700572967529e-01
1.045167073607444763e-01 1.326945126056671143e-01 2.133451998233795166e-01
8.767629414796829224e-02 -6.158083677291870117e-03 3.074846863746643066e-01
8.254891633987426758e-02 -3.421806171536445618e-02 2.481733858585357666e-01
-1.365917176008224487e-01 -2.653843723237514496e-02 -1.109499707818031311e-01
-2.835710644721984863e-01 1.125193759799003601e-02 -4.623385369777679443e-01
-2.487397938966751099e-01 -3.823717683553695679e-02 -5.723264813423156738e-01
-1.172199696302413940e-01 -8.411262929439544678e-02 -4.497846364974975586e-01
2.039992511272430420e-01 1.638920418918132782e-02 2.515935525298118591e-02
2.548552155494689941e-01 7.303600758314132690e-02 3.434827029705047607e-01
1.655200570821762085e-01 8.209532499313354492e-02 3.777624070644378662e-01
-7.876160554587841034e-03 7.494078576564788818e-02 2.292969673871994019e-01
-8.659731596708297729e-02 2.559905312955379486e-02 5.925798416137695312e-02
-2.432806417346000671e-02 1.954848179593682289e-03 -7.007157895714044571e-03
6.146636232733726501e-02 -2.476969547569751740e-02 -5.662715993821620941e-03
9.904936701059341431e-02 -7.868023961782455444e-02 3.535456210374832153e-02
4.130774736404418945e-02 -6.645983457565307617e-02 8.942604809999465942e-02
-1.809454709291458130e-02 -3.136173123493790627e-03 5.297577008605003357e-02
-3.998004272580146790e-02 5.062450096011161804e-02 -2.016742900013923645e-02
-4.909462761133909225e-03 8.188815414905548096e-02 -4.857352748513221741e-02
5.440739169716835022e-02 5.508044734597206116e-02 -5.567904561758041382e-02
9.355711936950683594e-02 -1.771923899650573730e-02 -6.376115977764129639e-02
7.238149642944335938e-02 -8.594804257154464722e-02 -1.130619943141937256e-01
1.779937185347080231e-02 -9.369753301143646240e-02 -1.469219177961349487e-01
-1.249866094440221786e-02 -5.005563050508499146e-02 -1.056162491440773010e-01
-1.110106240957975388e-02 1.795948296785354614e-02 -2.233640523627400398e-03
2.840207703411579132e-02 7.257468998432159424e-02 9.483337402343750000e-02
3.305780887603759766e-02 6.441703438758850098e-02 1.588796824216842651e-01
-8.542172610759735107e-03 2.929589524865150452e-02 1.573654562234878540e-01
-3.731579333543777466e-02 -1.415405981242656708e-02 9.208718687295913696e-02
-6.387735158205032349e-02 -1.271989755332469940e-02 -1.763517037034034729e-02
-7.852277718484401703e-03 7.565350085496902466e-02 -9.135598689317703247e-02
5.692118033766746521e-02 1.286557018756866455e-01 -5.157449096441268921e-02
1.077215597033500671e-01 1.120968237519264221e-01 5.373482033610343933e-02
1.391585022211074829e-01 5.352994427084922791e-02 1.111427918076515198e-01
7.632456719875335693e-02 -2.474302798509597778e-02 1.442843973636627197e-01
1.226624473929405212e-01 -5.854526534676551819e-02 2.060594111680984497e-01
1.474438160657882690e-01 -8.886910229921340942e-02 2.749159634113311768e-01
7.603516429662704468e-02 -9.758913516998291016e-02 2.258568406105041504e-01
-1.228542402386665344e-01 3.834083303809165955e-02 -7.566374540328979492e-02
-4.028392136096954346e-01 1.739157140254974365e-01 -4.223738908767700195e-01
-4.298369884490966797e-01 2.232394367456436157e-01 -5.026468634605407715e-01
-2.611637711524963379e-01 1.631083935499191284e-01 -3.790950179100036621e-01
5.134626477956771851e-02 1.937952265143394470e-02 -1.126077622175216675e-01
2.359338998794555664e-01 -6.337244808673858643e-02 1.616066843271255493e-01
1.461693346500396729e-01 -1.130920425057411194e-01 2.203344851732254028e-01
1.062622014433145523e-02 -1.176408678293228149e-01 1.578293293714523315e-01
-4.943938925862312317e-02 -1.210567820817232132e-02 1.291172355413436890e-01
-5.996930599212646484e-02 1.980689726769924164e-02 7.129772007465362549e-02
3.456830605864524841e-02 -5.777379963546991348e-03 9.290770441293716431e-02
-4.019114188849925995e-03 -1.491013914346694946e-01 7.095553725957870483e-02
-1.151728853583335876e-01 -2.101369649171829224e-01 -2.111944602802395821e-03
-2.007398903369903564e-01 -1.554896235466003418e-01 -7.747888565063476562e-02
-2.695167958736419678e-01 -5.498027428984642029e-02 -1.354758292436599731e-01
-3.886315971612930298e-02 7.940979301929473877e-02 -1.243144273757934570e-01
2.068496644496917725e-01 7.543489336967468262e-02 -1.524349600076675415e-01
2.823486328125000000e-01 9.597812592983245850e-02 -1.443746685981750488e-01
2.351397722959518433e-01 6.210536509752273560e-02 -1.081789582967758179e-01
2.407319471240043640e-02 -5.264921858906745911e-02 -7.870438694953918457e-02
-7.108392566442489624e-02 -4.071368277072906494e-02 -7.079292088747024536e-02
-3.066324815154075623e-02 -7.002979516983032227e-02 -7.658296823501586914e-02
-3.476193547248840332e-02 -1.008940935134887695e-01 -2.320898137986660004e-02
3.058940172195434570e-02 -1.002595499157905579e-01 6.604599952697753906e-02
2.165365517139434814e-01 -5.598040670156478882e-02 1.453648805618286133e-01
3.829773664474487305e-01 7.596938312053680420e-02 1.178764179348945618e-01
4.100426733493804932e-01 1.512013226747512817e-01 7.330043613910675049e-02
2.529655098915100098e-01 3.295279107987880707e-03 -1.000849828124046326e-01
-1.411990225315093994e-01 -1.917235553264617920e-01 -2.462976127862930298e-01
-3.110570907592773438e-01 -1.687722355127334595e-01 -2.240827232599258423e-01
-3.293792605400085449e-01 5.159028805792331696e-03 -7.444886863231658936e-02
-3.007484376430511475e-01 1.809806227684020996e-01 1.748004108667373657e-01
-1.992005556821823120e-01 1.059211492538452148e-01 1.702274084091186523e-01
-8.828133344650268555e-02 -5.841714888811111450e-02 7.046993821859359741e-03
6.159240007400512695e-02 -1.692074537277221680e-01 -1.028416752815246582e-01
2.353677302598953247e-01 -1.296887695789337158e-01 -7.970327883958816528e-02
1.326900124549865723e-01 -1.325171813368797302e-02 -5.175992380827665329e-03
6.815306842327117920e-03 6.694132834672927856e-02 2.093987911939620972e-02
-9.588704258203506470e-02 1.562343388795852661e-01 1.110657770186662674e-02
-1.628635823726654053e-01 2.083716094493865967e-01 5.930019542574882507e-02
-1.299455203115940094e-02 1.238579228520393372e-01 1.255215257406234741e-01
1.956766471266746521e-02 6.851743906736373901e-02 1.291790902614593506e-01
3.130507469177246094e-02 6.713624298572540283e-02 9.961685538291931152e-02
-1.228898297995328903e-02 1.842128485441207886e-02 2.302982658147811890e-02
-3.135092183947563171e-02 -8.197470568120479584e-03 -1.229721866548061371e-02
3.452659025788307190e-02 -1.466180682182312012e-01 1.390800811350345612e-02
8.320362120866775513e-02 -2.164800167083740234e-01 2.142748050391674042e-02
5.896653980016708374e-02 -1.530145108699798584e-01 1.695173978805541992e-02
-2.127053588628768921e-02 -6.067651510238647461e-02 -1.605226658284664154e-02
-5.185738578438758850e-02 1.712254993617534637e-02 -5.572785064578056335e-02
-5.470355227589607239e-02 4.040386527776718140e-02 -3.291569277644157410e-02
