2.586607336997985840e-01 -4.146457612514495850e-01 -4.761714488267898560e-02
3.290155827999114990e-01 -2.902050018310546875e-01 2.442708909511566162e-01
3.367655277252197266e-01 -3.750929832458496094e-01 1.786020249128341675e-01
3.732337355613708496e-01 -4.122512638568878174e-01 1.431194841861724854e-01
4.306560754776000977e-01 -3.835014998912811279e-01 1.889492273330688477e-01
4.016377329826354980e-01 -2.621762752532958984e-01 1.624538004398345947e-01
2.840643823146820068e-01 -9.350283443927764893e-02 3.103158473968505859e-01
1.537956148386001587e-01 8.519442379474639893e-02 3.515465259552001953e-01
5.417626351118087769e-02 1.543465852737426758e-01 2.551755309104919434e-01
-4.168410226702690125e-02 2.625173330307006836e-01 2.204551696777343750e-01
-1.873181313276290894e-01 4.177893400192260742e-01 2.077819705009460449e-01
-2.187393605709075928e-01 4.308836758136749268e-01 1.110553368926048279e-01
-3.182985186576843262e-01 4.433063566684722900e-01 -5.445259623229503632e-03
-2.385655641555786133e-01 3.928055167198181152e-01 -1.315856128931045532e-01
-3.262554407119750977e-01 3.273643851280212402e-01 -1.844627261161804199e-01
-1.753082871437072754e-01 2.871695458889007568e-01 -2.576406598091125488e-01
-2.240931838750839233e-01 3.072006702423095703e-01 -3.175359368324279785e-01
-1.536410450935363770e-01 3.055672645568847656e-01 -3.632094860076904297e-01
-6.185064464807510376e-02 3.080096840858459473e-01 -3.934913575649261475e-01
-2.862559445202350616e-02 3.268934786319732666e-01 -4.267588853836059570e-01
-2.407370693981647491e-02 3.292463123798370361e-01 -4.412157833576202393e-01
3.021636977791786194e-03 3.756406009197235107e-01 -4.853057563304901123e-01
1.394548919051885605e-02 4.010068774223327637e-01 -4.675568342208862305e-01
-1.704804599285125732e-01 3.971782028675079346e-01 -4.613980352878570557e-01
-1.972859650850296021e-01 3.670127093791961670e-01 -4.980580806732177734e-01
-2.263469398021697998e-01 3.855960667133331299e-01 -4.887639284133911133e-01
-2.863579988479614258e-01 3.945555388927459717e-01 -4.577265679836273193e-01
-3.505182564258575439e-01 3.868630826473236084e-01 -4.068681895732879639e-01
-3.831224143505096436e-01 3.776019811630249023e-01 -3.345012068748474121e-01
-3.949020802974700928e-01 3.605437874794006348e-01 -2.934372127056121826e-01
-4.451851844787597656e-01 4.002934992313385010e-01 -2.342472970485687256e-01
-5.362254381179809570e-01 4.496672153472900391e-01 -1.211449727416038513e-01
-5.049053430557250977e-01 4.396393299102783203e-01 -7.025382667779922485e-02
-4.943971633911132812e-01 4.613065421581268311e-01 5.503878369927406311e-02
-4.544287025928497314e-01 4.929988980293273926e-01 1.647018492221832275e-01
-4.358161687850952148e-01 4.692489206790924072e-01 2.148753404617309570e-01
-3.879196345806121826e-01 5.017138123512268066e-01 2.277090847492218018e-01
-3.731894493103027344e-01 4.891439676284790039e-01 2.304065376520156860e-01
-1.604623049497604370e-01 4.724141359329223633e-01 1.237500458955764771e-01
-7.802303880453109741e-02 4.527028501033782959e-01 4.593050852417945862e-02
-1.636823266744613647e-01 5.223443508148193359e-01 1.325434893369674683e-01
-2.942174971103668213e-01 4.796901643276214600e-01 1.678593903779983521e-01
-4.012938439846038818e-01 4.873452782630920410e-01 1.390023380517959595e-01
-4.210854172706604004e-01 4.656888544559478760e-01 9.513394534587860107e-02
-4.384731650352478027e-01 4.759558737277984619e-01 8.905205875635147095e-02
-4.084638059139251709e-01 4.609969854354858398e-01 5.435628443956375122e-02
-4.664598703384399414e-01 4.701342880725860596e-01 9.559676051139831543e-02
-4.661989808082580566e-01 4.775758087635040283e-01 1.439098119735717773e-01
-4.459744989871978760e-01 4.463197588920593262e-01 1.953496634960174561e-01
-4.391681253910064697e-01 4.523647129535675049e-01 2.407301068305969238e-01
-4.325455129146575928e-01 4.433676302433013916e-01 3.232208490371704102e-01
-3.597083687782287598e-01 4.265849590301513672e-01 4.101944267749786377e-01
-2.117746025323867798e-01 4.848253726959228516e-01 1.778587847948074341e-01
-1.919287592172622681e-01 4.461744427680969238e-01 1.190364211797714233e-01
-5.242491364479064941e-01 1.539600193500518799e-01 3.402271568775177002e-01
-6.331343054771423340e-01 6.798011064529418945e-02 3.807157278060913086e-01
-4.115882813930511475e-01 6.125319283455610275e-03 3.639979064464569092e-01
-3.035952150821685791e-01 7.434958219528198242e-02 3.253431022167205811e-01
-3.500664830207824707e-01 8.614493161439895630e-02 1.548343747854232788e-01
-3.449733257293701172e-01 9.878334403038024902e-02 6.238289177417755127e-02
-4.507899880409240723e-01 1.650443971157073975e-01 -5.062938109040260315e-02
-4.969397187232971191e-01 2.160095870494842529e-01 -3.496432676911354065e-02
-5.475387573242187500e-01 2.771013081073760986e-01 2.544214657973498106e-04
-5.469264984130859375e-01 2.841171324253082275e-01 3.563465178012847900e-02
-5.573400855064392090e-01 3.044941723346710205e-01 7.727580517530441284e-02
-5.334185361862182617e-01 3.384129703044891357e-01 1.306956112384796143e-01
-4.555936157703399658e-01 3.251154422760009766e-01 2.219958305358886719e-01
-3.596956133842468262e-01 3.584327697753906250e-01 3.419418334960937500e-01
-3.304117321968078613e-01 2.444295734167098999e-01 4.322090446949005127e-01
-1.948853284120559692e-01 2.252757996320724487e-01 5.091288089752197266e-01
-7.423117011785507202e-02 7.654681056737899780e-02 4.516645967960357666e-01
8.892957866191864014e-02 -9.001153707504272461e-02 4.060107171535491943e-01
2.702927291393280029e-01 -1.898192167282104492e-01 3.160822391510009766e-01
2.678520679473876953e-01 -2.597118616104125977e-01 2.865842282772064209e-01
3.750692009925842285e-01 -3.333295285701751709e-01 3.054859042167663574e-01
4.233699142932891846e-01 -4.004805982112884521e-01 2.771649956703186035e-01
3.806963264942169189e-01 -3.456499576568603516e-01 3.086023032665252686e-01
4.074282050132751465e-01 -3.671465814113616943e-01 2.293745577335357666e-01
3.708173632621765137e-01 -3.619943857192993164e-01 1.691026240587234497e-01
3.218408226966857910e-01 -4.021233022212982178e-01 1.622787564992904663e-01
3.221879005432128906e-01 -4.076331257820129395e-01 8.249527961015701294e-02
3.225448727607727051e-01 -3.814482986927032471e-01 -1.658361405134201050e-02
2.969209551811218262e-01 -3.451738059520721436e-01 1.677988655865192413e-02
3.410647213459014893e-01 -4.158707261085510254e-01 3.790786955505609512e-03
3.551650941371917725e-01 -4.051254093647003174e-01 -3.375729918479919434e-02
3.358314335346221924e-01 -4.332970976829528809e-01 -6.710865348577499390e-02
3.674028217792510986e-01 -4.492343664169311523e-01 -3.964188322424888611e-02
3.532074689865112305e-01 -4.266863465309143066e-01 -1.554840654134750366e-01
2.977541387081146240e-01 -4.022497236728668213e-01 -1.615582555532455444e-01
3.242458999156951904e-01 -3.808321356773376465e-01 -1.788814961910247803e-01
3.754344284534454346e-01 -3.757155239582061768e-01 -1.642249375581741333e-01
3.077093660831451416e-01 -3.611557781696319580e-01 -1.096458807587623596e-01
3.913024961948394775e-01 -3.489647209644317627e-01 2.364772185683250427e-02
3.841418921947479248e-01 -2.869146764278411865e-01 1.308721601963043213e-01
4.182846844196319580e-01 -2.020484507083892822e-01 1.842546910047531128e-01
4.316015541553497314e-01 -2.415162511169910431e-02 2.868957221508026123e-01
2.774718999862670898e-01 5.858872830867767334e-02 3.292456567287445068e-01
8.944945782423019409e-02 2.348578125238418579e-01 3.304316997528076172e-01
4.880429769400507212e-04 3.386447131633758545e-01 3.170675933361053467e-01
-5.775641277432441711e-02 4.179780781269073486e-01 2.151841223239898682e-01
-1.578974872827529907e-01 4.405489563941955566e-01 -2.734207920730113983e-02
-2.358001023530960083e-01 3.975377380847930908e-01 -2.633411884307861328e-01
-1.716047972440719604e-01 3.572887480258941650e-01 -4.072956144809722900e-01
-1.364045590162277222e-01 3.300673067569732666e-01 -4.592855870723724365e-01
-1.831059902906417847e-02 2.593146562576293945e-01 -4.992052912712097168e-01
6.759426742792129517e-02 1.790457963943481445e-01 -5.105836391448974609e-01
6.848128139972686768e-02 1.606379300355911255e-01 -5.521522164344787598e-01
1.089729890227317810e-01 2.042344361543655396e-01 -5.351313352584838867e-01
1.632038950920104980e-01 2.497889101505279541e-01 -5.209872126579284668e-01
2.743101119995117188e-01 2.048819065093994141e-01 -5.255203247070312500e-01
2.589703500270843506e-01 1.132209524512290955e-01 -5.633732080459594727e-01
2.433827966451644897e-01 1.286405622959136963e-01 -5.982582569122314453e-01
3.094007074832916260e-01 1.153419017791748047e-01 -6.072354912757873535e-01
3.355945348739624023e-01 9.830357134342193604e-02 -5.702403187751770020e-01
4.085010290145874023e-01 2.372167706489562988e-01 -5.338499546051025391e-01
