6.765056538307993861e-02
0.000000000000000000e+00
0.000000000000000000e+00
0.000000000000000000e+00
1.711503922900133728e-02
3.270730953273428524e-04
0.000000000000000000e+00
0.000000000000000000e+00
0.000000000000000000e+00
6.057803780657732527e-03
1.743004965412554147e-02
2.597652563093841988e-02
2.678286381897172774e-02
2.279416994548010347e-02
1.704226780572231509e-02
9.430984570667325789e-03
2.718054816308763336e-03
0.000000000000000000e+00
0.000000000000000000e+00
5.719839684467289270e-04
9.661663876988841812e-03
1.732464593141049003e-02
1.936912170875465522e-02
1.520245329766713345e-02
0.000000000000000000e+00
0.000000000000000000e+00
0.000000000000000000e+00
0.000000000000000000e+00
0.000000000000000000e+00
0.000000000000000000e+00
0.000000000000000000e+00
0.000000000000000000e+00
0.000000000000000000e+00
0.000000000000000000e+00
0.000000000000000000e+00
0.000000000000000000e+00
0.000000000000000000e+00
9.828846264236685074e-03
5.889351455028413174e-02
3.799910322812755786e-02
1.539210091814219306e-02
0.000000000000000000e+00
0.000000000000000000e+00
0.000000000000000000e+00
0.000000000000000000e+00
1.374721090364442594e-02
7.987592608977226241e-03
0.000000000000000000e+00
0.000000000000000000e+00
0.000000000000000000e+00
0.000000000000000000e+00
0.000000000000000000e+00
0.000000000000000000e+00
3.064950579859447855e-01
7.496418413250603985e-01
9.215781417275424880e-01
7.623377421128221254e-01
3.176523912102401370e-01
0.000000000000000000e+00
0.000000000000000000e+00
0.000000000000000000e+00
0.000000000000000000e+00
0.000000000000000000e+00
0.000000000000000000e+00
0.000000000000000000e+00
0.000000000000000000e+00
0.000000000000000000e+00
0.000000000000000000e+00
0.000000000000000000e+00
0.000000000000000000e+00
0.000000000000000000e+00
0.000000000000000000e+00
0.000000000000000000e+00
0.000000000000000000e+00
1.027968311176396220e-02
2.259105248864660964e-02
1.624947795298586212e-02
2.755879675152553797e-03
0.000000000000000000e+00
0.000000000000000000e+00
0.000000000000000000e+00
1.835349662880203167e-02
4.126132722237124684e-02
4.736539304406835182e-02
3.954577944119547911e-02
2.323375818586929931e-02
1.033285596675199113e-02
1.170468015555210274e-02
1.382006664059804400e-02
1.471903357596134228e-02
1.077675001928166815e-02
4.093833025710531641e-03
0.000000000000000000e+00
0.000000000000000000e+00
0.000000000000000000e+00
6.635224527431732950e-04
3.740087735530540566e-03
4.282000795828052979e-03
9.611805421622801951e-03
1.126987162830196849e-02
1.282863377051776145e-02
1.577477742818033171e-02
1.554324626300861156e-02
1.461191159870542898e-02
1.037534715137935527e-02
2.311407056373079080e-03
0.000000000000000000e+00
0.000000000000000000e+00
0.000000000000000000e+00
1.248467846090539068e-01
0.000000000000000000e+00
0.000000000000000000e+00
0.000000000000000000e+00
0.000000000000000000e+00
2.170259539818988059e-01
