-1.532032806426286697e-02 -7.575851399451494217e-03 -7.135211676359176636e-02
2.455673739314079285e-02 -1.356971561908721924e-01 -1.356492936611175537e-01
4.777370777446776628e-04 -2.056238651275634766e-01 -1.103819683194160461e-01
4.417538270354270935e-02 -9.061722457408905029e-02 -6.703498214483261108e-02
2.014849185943603516e-01 9.564933925867080688e-02 -2.417289093136787415e-02
3.475173711776733398e-01 1.173605993390083313e-01 6.345802545547485352e-02
4.436967670917510986e-01 -6.638386100530624390e-02 3.988618403673171997e-02
2.951403260231018066e-01 -3.082302808761596680e-01 1.202753512188792229e-03
5.365765839815139771e-02 -2.786958217620849609e-01 -1.341500133275985718e-01
-1.828029453754425049e-01 -1.409591436386108398e-01 -2.679058611392974854e-01
-2.442031353712081909e-01 -6.564711779356002808e-02 -2.859678268432617188e-01
-1.955297738313674927e-01 -7.417920511215925217e-03 -1.888057440519332886e-01
-2.021748274564743042e-01 -5.526877474039793015e-03 -4.080210998654365540e-02
-1.341113299131393433e-01 7.861674576997756958e-02 9.013287723064422607e-02
-1.619667857885360718e-01 1.158303841948509216e-01 1.865742504596710205e-01
-5.718039721250534058e-02 1.098305732011795044e-01 1.993253529071807861e-01
-1.047021723934449255e-04 6.294687837362289429e-02 2.144938260316848755e-01
-8.650760166347026825e-03 4.056795313954353333e-02 1.733560115098953247e-01
5.096649378538131714e-02 6.699804961681365967e-02 1.210541352629661560e-01
6.937343627214431763e-02 1.302703022956848145e-01 3.429432213306427002e-02
1.949933022260665894e-01 1.170732155442237854e-01 -7.865849882364273071e-02
2.507674396038055420e-01 9.679343551397323608e-03 -1.473226249217987061e-01
2.283583432435989380e-01 -8.811386674642562866e-02 -1.385346949100494385e-01
1.220686957240104675e-01 -1.329792290925979614e-01 -1.292353309690952301e-02
-5.644710361957550049e-02 6.488601118326187134e-02 5.017245188355445862e-02
-1.601376235485076904e-01 1.890841573476791382e-01 6.597690284252166748e-02
-1.799204647541046143e-01 1.884312033653259277e-01 3.620228916406631470e-02
-1.012365370988845825e-01 1.899651139974594116e-01 1.318714115768671036e-03
8.447721600532531738e-03 1.009866595268249512e-01 4.939978942275047302e-02
4.948251694440841675e-02 1.126253232359886169e-01 1.043003574013710022e-01
3.234487399458885193e-02 8.703137934207916260e-02 1.918089687824249268e-01
-6.950592156499624252e-03 -5.648495629429817200e-02 2.666358053684234619e-01
-2.880780398845672607e-02 -1.021535173058509827e-01 2.354177385568618774e-01
-6.550364941358566284e-02 -1.946783810853958130e-01 9.772131592035293579e-02
-3.253892064094543457e-02 -3.490750491619110107e-01 2.611418999731540680e-02
8.072627708315849304e-03 -4.388478398323059082e-01 3.994053974747657776e-02
-6.720394361764192581e-03 -3.486731648445129395e-01 1.015704777091741562e-02
-1.625424996018409729e-02 -7.756065577268600464e-03 -1.699357777833938599e-01
-1.211065053939819336e-01 4.110188484191894531e-01 -4.228526949882507324e-01
-9.139069914817810059e-02 4.504245221614837646e-01 -4.465237259864807129e-01
-5.209196242503821850e-04 1.997887343168258667e-01 -3.617584407329559326e-01
3.814454749226570129e-02 -1.708815097808837891e-01 -6.152674555778503418e-02
4.409686103463172913e-02 -2.828493118286132812e-01 2.312559038400650024e-01
-5.044678226113319397e-02 -1.045155674219131470e-01 2.404623180627822876e-01
-8.534614741802215576e-02 1.257064044475555420e-01 1.343023329973220825e-01
1.211822591722011566e-02 2.654129862785339355e-01 4.225238040089607239e-02
1.525790095329284668e-01 2.751437723636627197e-01 5.499967932701110840e-02
2.458644956350326538e-01 2.682949006557464600e-01 1.539261639118194580e-01
2.452074587345123291e-01 4.898367822170257568e-02 2.659748196601867676e-01
2.196444422006607056e-01 -3.556640148162841797e-01 3.327132463455200195e-01
1.409812718629837036e-01 -4.902609586715698242e-01 2.304344326257705688e-01
7.681740075349807739e-02 -3.998059630393981934e-01 -1.124182716012001038e-01
-1.334747821092605591e-01 -6.242302712053060532e-03 -3.415159881114959717e-01
-4.731231629848480225e-01 2.886919379234313965e-01 -3.736261427402496338e-01
-6.077308654785156250e-01 1.371182799339294434e-01 -3.369956910610198975e-01
-4.890671074390411377e-01 -6.377892196178436279e-02 -2.058784961700439453e-01
-1.021984890103340149e-01 -1.498080492019653320e-01 -2.004496753215789795e-01
3.860806226730346680e-01 -1.382506359368562698e-02 -1.592354327440261841e-01
5.271102190017700195e-01 1.843365579843521118e-01 4.535970743745565414e-03
4.412042200565338135e-01 2.308329343795776367e-01 1.991285681724548340e-01
1.945113092660903931e-01 2.324985712766647339e-01 3.327999114990234375e-01
-9.670599550008773804e-02 1.436053961515426636e-01 3.030214011669158936e-01
-3.191725909709930420e-01 2.562553994357585907e-02 2.318998575210571289e-01
-4.389653801918029785e-01 -1.574832201004028320e-02 2.049454152584075928e-01
-4.630710780620574951e-01 -5.205734167248010635e-03 1.384583115577697754e-01
-3.829072415828704834e-01 6.516930460929870605e-02 9.727801382541656494e-02
-1.965517550706863403e-01 -5.328637734055519104e-02 1.812038943171501160e-02
6.286228448152542114e-02 -2.150977849960327148e-01 -4.680052399635314941e-02
1.717894971370697021e-01 -3.563476204872131348e-01 -5.712476372718811035e-02
1.748898923397064209e-01 -3.606894314289093018e-01 -1.200386360287666321e-01
1.951033771038055420e-01 -1.231972426176071167e-01 -1.382644325494766235e-01
1.585982441902160645e-01 1.621808409690856934e-01 -1.017240583896636963e-01
2.113545984029769897e-01 3.435088694095611572e-01 -4.953746497631072998e-02
2.287299931049346924e-01 3.028074204921722412e-01 6.417248398065567017e-02
1.789903342723846436e-01 7.076497375965118408e-02 6.929194927215576172e-02
1.187833994626998901e-01 -1.105327829718589783e-01 3.382222261279821396e-03
2.862362936139106750e-02 -2.021589577198028564e-01 -8.776595443487167358e-02
4.178468137979507446e-02 -1.368350535631179810e-01 -1.763798296451568604e-01
5.883759632706642151e-02 -2.389175072312355042e-02 -1.404281705617904663e-01
3.758043423295021057e-02 3.451149910688400269e-02 -5.449168011546134949e-02
1.187856029719114304e-02 7.303607463836669922e-02 4.264030978083610535e-02
-4.306529089808464050e-02 7.957787811756134033e-02 7.307048887014389038e-02
-9.088594466447830200e-02 9.257593005895614624e-02 3.979932889342308044e-02
-1.229316741228103638e-01 3.368695825338363647e-02 -5.098724365234375000e-02
-1.212238892912864685e-01 -2.425490878522396088e-02 -1.370360404253005981e-01
-9.259448200464248657e-02 -5.860478803515434265e-02 -1.316274851560592651e-01
-1.040404215455055237e-01 -7.729106396436691284e-02 -9.423074871301651001e-02
-1.402409821748733521e-01 3.705870732665061951e-02 3.695905953645706177e-02
-1.780012696981430054e-01 8.253673464059829712e-02 1.586811393499374390e-01
-1.555246561765670776e-01 1.176547557115554810e-01 2.134766429662704468e-01
-9.719994664192199707e-02 7.959181815385818481e-02 2.118962407112121582e-01
-5.488251522183418274e-02 -2.103318832814693451e-02 1.864845156669616699e-01
8.414152264595031738e-02 1.511478796601295471e-03 4.484856873750686646e-02
3.510173559188842773e-01 3.509238362312316895e-02 -4.436862096190452576e-02
5.108950138092041016e-01 9.770990163087844849e-02 -1.103940308094024658e-01
4.848813116550445557e-01 2.509815804660320282e-02 -2.239284962415695190e-01
1.513697355985641479e-01 -2.339557409286499023e-01 -2.730970382690429688e-01
-3.003842234611511230e-01 -4.227531254291534424e-01 -4.095503985881805420e-01
-4.183968603610992432e-01 -4.318471550941467285e-01 -4.585295021533966064e-01
-3.050987124443054199e-01 -2.298577576875686646e-01 -3.773722350597381592e-01
-1.363640427589416504e-01 1.091488897800445557e-01 -7.929242402315139771e-02
-3.173473104834556580e-02 3.700054287910461426e-01 2.449637651443481445e-01
-2.085250616073608398e-02 4.300460219383239746e-01 3.618803918361663818e-01
3.227523341774940491e-02 3.333429694175720215e-01 3.592954277992248535e-01
8.292134106159210205e-02 1.700137108564376831e-01 2.247291654348373413e-01
5.092836543917655945e-02 2.365136332809925079e-02 1.664253473281860352e-01
-5.866908654570579529e-02 -1.792240142822265625e-02 1.454870849847793579e-01
-5.459859594702720642e-02 -6.449860334396362305e-02 1.040890738368034363e-01
6.141312420368194580e-02 -1.160449683666229248e-01 4.247081652283668518e-02
1.529425233602523804e-01 -1.020194366574287415e-01 -4.893530532717704773e-02
2.374657392501831055e-01 -7.735104113817214966e-02 1.142613515257835388e-01
1.664941310882568359e-01 7.523097563534975052e-03 2.397533655166625977e-01
6.798565387725830078e-02 4.252173751592636108e-02 2.213717848062515259e-01
9.496053680777549744e-03 2.476184070110321045e-02 1.280634999275207520e-01
-4.552578553557395935e-02 1.605655625462532043e-02 -4.277814179658889771e-02
