6.382692139595746994e-03 -8.741755038499832153e-03 2.657799720764160156e-01
-7.986099272966384888e-02 -4.903762415051460266e-02 3.364496529102325439e-01
-2.611669769976288080e-04 -4.855423420667648315e-02 3.544406890869140625e-01
8.120766282081604004e-02 -9.001731872558593750e-02 1.630442887544631958e-01
8.934713155031204224e-02 -7.558589428663253784e-02 1.870203390717506409e-02
-1.485954374074935913e-01 -1.402250975370407104e-01 -8.762829005718231201e-02
-3.352485597133636475e-01 -1.585091352462768555e-01 -2.484782040119171143e-01
-2.886894047260284424e-01 -6.649951636791229248e-02 -3.078696727752685547e-01
-1.459181010723114014e-01 -7.417295873165130615e-02 -4.362816512584686279e-01
7.403004169464111328e-02 -9.972758591175079346e-02 -4.299450218677520752e-01
7.262488454580307007e-02 -2.288609743118286133e-01 -3.788246512413024902e-01
2.321959286928176880e-01 -3.202480375766754150e-01 -2.464243918657302856e-01
3.059723377227783203e-01 -3.699034452438354492e-01 -1.428809612989425659e-01
3.476616442203521729e-01 -3.282809853553771973e-01 1.279963739216327667e-02
3.470794260501861572e-01 -2.932687103748321533e-01 1.000440120697021484e-01
2.448352873325347900e-01 -2.259594649076461792e-01 7.091909646987915039e-02
2.853465974330902100e-01 -1.067509576678276062e-01 1.192979216575622559e-01
2.248030155897140503e-01 -8.393507450819015503e-02 1.768793538212776184e-02
3.101700842380523682e-01 2.093845512717962265e-03 1.072032079100608826e-01
1.387659758329391479e-01 6.107967346906661987e-02 4.036438465118408203e-02
2.894995966926217079e-03 8.646659553050994873e-02 1.151353958994150162e-02
-1.610366106033325195e-01 -4.038580134510993958e-02 1.253152498975396156e-03
-2.185576856136322021e-01 -1.107883229851722717e-01 -1.657392233610153198e-01
-1.294610053300857544e-01 -1.637413650751113892e-01 -2.437926977872848511e-01
-1.831382662057876587e-01 -9.803411364555358887e-02 -2.757745981216430664e-01
-1.300508081912994385e-01 -2.546319738030433655e-02 -1.880277097225189209e-01
-1.657178252935409546e-01 -9.177303314208984375e-02 4.691642150282859802e-02
-1.277454197406768799e-01 -8.502618968486785889e-02 1.688806861639022827e-01
-1.841768622398376465e-01 -5.977419391274452209e-02 7.138520479202270508e-02
-3.541191220283508301e-01 -8.020123094320297241e-02 -2.131913788616657257e-02
-3.859716355800628662e-01 -3.425599262118339539e-02 -1.083902344107627869e-01
-3.792316019535064697e-01 2.559290081262588501e-02 -4.130746796727180481e-02
-2.930115163326263428e-01 1.549236327409744263e-01 1.133886724710464478e-01
-1.936186850070953369e-01 2.782599627971649170e-01 1.682702004909515381e-01
-2.766478657722473145e-01 3.027538359165191650e-01 1.005176827311515808e-01
-2.244076579809188843e-01 2.841881513595581055e-01 3.118139691650867462e-02
1.496456414461135864e-01 4.389818310737609863e-01 -8.216546475887298584e-02
3.447168767452239990e-01 4.887966811656951904e-01 -8.701183646917343140e-02
2.128109931945800781e-01 3.412941992282867432e-01 5.104772374033927917e-02
-1.066261157393455505e-01 1.052058767527341843e-02 9.729624539613723755e-02
-3.210597038269042969e-01 -4.039967656135559082e-01 8.650084584951400757e-02
-2.463118880987167358e-01 -4.475998878479003906e-01 1.696828939020633698e-02
5.437180399894714355e-03 -2.963224351406097412e-01 -4.175003618001937866e-02
1.841163486242294312e-01 -1.181614473462104797e-01 -3.000887110829353333e-02
1.492933928966522217e-01 -4.008476808667182922e-02 5.782542005181312561e-02
9.230093657970428467e-02 -6.242635473608970642e-02 1.247851327061653137e-01
6.694391369819641113e-02 -1.134609654545783997e-01 1.258217990398406982e-01
-1.691917479038238525e-01 -8.183499425649642944e-02 1.067459136247634888e-01
-2.876213192939758301e-01 1.707521453499794006e-02 9.481550753116607666e-02
-3.609304130077362061e-01 1.818069666624069214e-01 1.838211119174957275e-01
-2.500611245632171631e-01 3.584012091159820557e-01 -6.376565247774124146e-02
-5.562927573919296265e-02 4.862261414527893066e-01 -3.694469332695007324e-01
3.645136952400207520e-02 3.644647002220153809e-01 -3.174353539943695068e-01
1.742549613118171692e-02 -5.026398599147796631e-02 -8.643429726362228394e-02
1.571866273880004883e-01 -1.834166646003723145e-01 3.690338432788848877e-01
3.562609553337097168e-01 -1.962213367223739624e-01 4.555386304855346680e-01
4.813571572303771973e-01 -1.853228807449340820e-01 2.456188201904296875e-01
3.846964538097381592e-01 -2.450314760208129883e-01 9.698240458965301514e-02
4.178236424922943115e-02 -4.306850135326385498e-01 -1.727087646722793579e-01
-1.245015412569046021e-01 -3.698961436748504639e-01 -2.648025453090667725e-01
-3.106897771358489990e-01 -1.914964467287063599e-01 -2.707116007804870605e-01
-3.193496465682983398e-01 -1.171908453106880188e-01 -2.259694039821624756e-01
-3.255169391632080078e-01 1.171431131660938263e-02 -6.118937209248542786e-02
-2.444841861724853516e-01 6.931097805500030518e-02 -2.656626328825950623e-02
-1.720869690179824829e-01 1.287564635276794434e-01 1.251998394727706909e-01
-1.125561669468879700e-01 1.856291741132736206e-01 2.162964046001434326e-01
-1.144441869109869003e-02 1.431961208581924438e-01 3.641982972621917725e-01
4.871829599142074585e-02 1.516978591680526733e-01 4.190817177295684814e-01
3.165217936038970947e-01 2.034542560577392578e-01 4.042657911777496338e-01
4.325458407402038574e-01 2.116533070802688599e-01 3.887097835540771484e-01
4.458089470863342285e-01 2.501146793365478516e-01 3.397561013698577881e-01
3.869639337062835693e-01 1.664684563875198364e-01 3.344845175743103027e-01
2.001425921916961670e-01 1.065996810793876648e-01 2.720768153667449951e-01
-1.837529055774211884e-02 7.435900717973709106e-02 2.005997002124786377e-01
-1.888697445392608643e-01 6.923907250165939331e-02 8.419378846883773804e-02
-2.257240712642669678e-01 1.704282462596893311e-01 -1.537923514842987061e-02
-1.031976863741874695e-01 1.764656156301498413e-01 -1.557731032371520996e-01
-1.311395876109600067e-02 1.025889962911605835e-01 -2.051550000905990601e-01
-2.845165506005287170e-02 2.231847494840621948e-02 -2.160402089357376099e-01
-4.410187155008316040e-02 -7.247921079397201538e-02 -2.609633803367614746e-01
-6.016444042325019836e-02 -4.822444543242454529e-02 -2.606005072593688965e-01
-8.652094006538391113e-02 -2.127328887581825256e-02 -2.293843030929565430e-01
-1.069304049015045166e-01 3.147628158330917358e-02 -1.826966255903244019e-01
-7.817796617746353149e-02 1.501268520951271057e-02 -1.174887940287590027e-01
-9.195992350578308105e-02 3.054209053516387939e-02 1.805040054023265839e-02
9.501235932111740112e-02 -7.311019301414489746e-02 -3.766485303640365601e-02
1.682167351245880127e-01 -1.459569931030273438e-01 -5.295562371611595154e-02
1.812998205423355103e-01 -1.241547912359237671e-01 -8.703446388244628906e-02
2.570921778678894043e-01 -1.123335361480712891e-01 -3.743080049753189087e-02
9.090483188629150391e-02 -2.554795145988464355e-02 9.695237874984741211e-02
1.019116863608360291e-01 8.897068351507186890e-02 1.653761118650436401e-01
9.264808893203735352e-02 1.343339383602142334e-01 1.787409782409667969e-01
2.185714244842529297e-01 1.256811469793319702e-01 1.354644447565078735e-01
2.744293510913848877e-01 2.067408412694931030e-01 1.035715267062187195e-01
1.782344132661819458e-01 4.563046619296073914e-02 -1.183945313096046448e-02
-1.276378333568572998e-01 2.245786972343921661e-02 -2.428993135690689087e-01
-3.060038685798645020e-01 -3.068132139742374420e-02 -3.388806283473968506e-01
-1.056047379970550537e-01 -1.786661893129348755e-01 -4.096356034278869629e-01
1.774018257856369019e-01 -2.725559175014495850e-01 -4.716719388961791992e-01
3.972738385200500488e-01 -4.429534375667572021e-01 -3.985056877136230469e-01
4.190553128719329834e-01 -5.142011046409606934e-01 -3.959847688674926758e-01
3.320199251174926758e-01 -5.073116421699523926e-01 -2.794149816036224365e-01
1.417485773563385010e-01 -3.431697785854339600e-01 8.901517838239669800e-03
-5.914527177810668945e-02 -1.744104623794555664e-01 1.962525844573974609e-01
-1.733830124139785767e-01 -8.992740511894226074e-02 2.045218646526336670e-01
-1.863041073083877563e-01 -7.811085879802703857e-02 1.381094902753829956e-01
-1.393620222806930542e-01 -7.171377539634704590e-02 4.659168422222137451e-02
-1.329714208841323853e-01 1.278550326824188232e-01 1.055922359228134155e-01
-1.307437568902969360e-01 1.497598290443420410e-01 2.021050155162811279e-01
-8.931177854537963867e-02 1.117613464593887329e-01 1.402886658906936646e-01
-3.569921106100082397e-02 9.189134091138839722e-02 4.545891657471656799e-02
3.496014699339866638e-02 6.439875811338424683e-02 2.629340998828411102e-02
-9.523130208253860474e-02 3.640464842319488525e-01 -1.071258783340454102e-01
-1.611085236072540283e-01 4.141173660755157471e-01 -1.433650702238082886e-01
-1.922861933708190918e-01 3.603824079036712646e-01 -1.709803044795989990e-01
