1.046482101082801819e-02 4.062538500875234604e-03 -7.736361026763916016e-02
-1.621963270008563995e-02 -2.393086254596710205e-02 -4.506168514490127563e-02
-3.746975585818290710e-02 -1.790551096200942993e-02 4.367930814623832703e-02
-5.987694486975669861e-02 7.868518121540546417e-03 2.111749798059463501e-01
-9.713575989007949829e-02 6.542043387889862061e-02 2.914763092994689941e-01
-3.116950206458568573e-02 7.357358187437057495e-02 3.228438794612884521e-01
4.809053242206573486e-02 -9.460450708866119385e-02 2.910075485706329346e-01
1.121370345354080200e-01 -2.712722718715667725e-01 1.898594945669174194e-01
1.444382071495056152e-01 -3.267338871955871582e-01 1.930863037705421448e-02
5.069546028971672058e-02 -1.764328926801681519e-01 -2.227726429700851440e-01
-9.090114384889602661e-02 1.514540761709213257e-01 -4.048586785793304443e-01
-2.025470584630966187e-01 3.437839448451995850e-01 -4.523583352565765381e-01
-2.651400566101074219e-01 3.547650873661041260e-01 -3.503792583942413330e-01
-2.079432606697082520e-01 2.811120450496673584e-01 -1.319573521614074707e-01
-4.564319923520088196e-02 1.425162404775619507e-01 6.861217319965362549e-02
1.440421342849731445e-01 2.117891237139701843e-02 9.939830005168914795e-02
2.330172657966613770e-01 -4.449856653809547424e-02 6.060896441340446472e-02
1.932791322469711304e-01 -9.706816822290420532e-02 7.588513195514678955e-02
1.085644066333770752e-01 -8.631628751754760742e-02 -1.706628710962831974e-03
-1.051122415810823441e-02 -1.116349846124649048e-01 -1.358973979949951172e-01
-1.188838668167591095e-02 -1.618172824382781982e-01 -2.066192328929901123e-01
5.431793630123138428e-02 -1.645591706037521362e-01 -1.663596481084823608e-01
1.525278389453887939e-01 -1.619307845830917358e-01 1.813136041164398193e-02
2.089209258556365967e-01 -2.018575668334960938e-01 7.981137931346893311e-02
3.134585544466972351e-02 -2.768080532550811768e-01 3.256102651357650757e-02
-1.128683537244796753e-01 -2.360741794109344482e-01 5.264567211270332336e-02
-1.643811911344528198e-01 -7.220882922410964966e-02 2.068096846342086792e-01
-5.023820325732231140e-02 9.525552392005920410e-02 3.938650190830230713e-01
8.269977569580078125e-02 7.336866855621337891e-02 3.761984705924987793e-01
-1.551981084048748016e-02 9.046542458236217499e-03 2.300159037113189697e-01
-2.009842693805694580e-01 2.421734929084777832e-01 -8.937115967273712158e-02
-1.657971739768981934e-01 4.331900179386138916e-01 -2.920689582824707031e-01
-2.962915599346160889e-02 4.007179141044616699e-01 -2.863616645336151123e-01
1.169845312833786011e-01 2.245949655771255493e-01 -1.834278255701065063e-01
1.853646337985992432e-01 1.973222754895687103e-02 -1.945750415325164795e-01
-1.569484360516071320e-02 1.996832937002182007e-01 -2.914154231548309326e-01
-1.113561391830444336e-01 3.218156099319458008e-01 -3.533261120319366455e-01
-2.011722773313522339e-01 6.263621896505355835e-02 -2.383931428194046021e-01
-2.329573631286621094e-01 -2.215897887945175171e-01 2.157852500677108765e-01
-1.548680216073989868e-01 -3.345894217491149902e-01 4.265534877777099609e-01
-3.410887345671653748e-02 -1.377700567245483398e-01 4.285641014575958252e-01
1.974228918552398682e-01 9.682600945234298706e-02 7.191516458988189697e-02
2.797461748123168945e-01 5.471398681402206421e-02 -3.504295051097869873e-01
1.645106226205825806e-01 -6.206614524126052856e-02 -3.807414770126342773e-01
-1.879859529435634613e-02 -1.060042753815650940e-01 -1.621782332658767700e-01
-1.817405670881271362e-01 -5.003593862056732178e-02 1.782952398061752319e-01
-2.436125129461288452e-01 -7.935733534395694733e-03 2.965361475944519043e-01
-9.384778141975402832e-02 -9.121459722518920898e-02 1.890336424112319946e-01
-1.446485519409179688e-02 -1.328666210174560547e-01 5.035468563437461853e-02
4.156239330768585205e-02 -1.438657492399215698e-01 -4.750302806496620178e-02
2.171875163912773132e-02 -1.370932459831237793e-01 -7.852214574813842773e-02
-3.729890659451484680e-02 -1.421145256608724594e-02 1.424894016236066818e-02
5.965963378548622131e-02 -3.731067758053541183e-03 9.243910014629364014e-02
1.520816385746002197e-01 4.970896523445844650e-03 9.740041196346282959e-02
1.619141250848770142e-01 1.556220948696136475e-01 -2.539555542171001434e-02
3.645041957497596741e-02 1.932071596384048462e-01 -1.685525476932525635e-01
-7.913183420896530151e-02 1.562692523002624512e-01 -2.430398613214492798e-01
-1.047238036990165710e-01 -4.398318007588386536e-02 -1.989357769489288330e-01
-8.678843080997467041e-02 -2.406834810972213745e-01 -7.561916951090097427e-03
-2.969804778695106506e-02 -1.833689957857131958e-01 1.522371917963027954e-01
6.773331016302108765e-02 -1.250036759302020073e-03 2.288895845413208008e-01
2.876214869320392609e-02 1.492633968591690063e-01 1.480831205844879150e-01
-2.300740964710712433e-02 1.116378530859947205e-01 5.252782255411148071e-02
-3.163085505366325378e-02 3.502475796267390251e-03 2.287227846682071686e-02
1.531324349343776703e-02 1.324098184704780579e-02 -1.148356590420007706e-02
9.782385081052780151e-02 1.394352912902832031e-01 -1.577664352953433990e-02
-4.777656495571136475e-02 1.420950293540954590e-01 -1.492953952401876450e-02
-2.089841365814208984e-01 7.108390331268310547e-02 2.189062722027301788e-02
-2.491009831428527832e-01 3.616335743572562933e-04 1.249852403998374939e-01
-1.749880760908126831e-01 -8.400961756706237793e-03 1.954143196344375610e-01
-3.981176018714904785e-02 3.990268334746360779e-02 1.181993335485458374e-01
3.103622049093246460e-02 -1.060684211552143097e-02 1.029270980507135391e-02
6.955068558454513550e-02 -1.865678727626800537e-01 -1.242458522319793701e-01
1.219503507018089294e-01 -2.808147370815277100e-01 -1.624031215906143188e-01
8.659911900758743286e-02 -3.385188281536102295e-01 -9.410752356052398682e-02
6.895436905324459076e-03 -3.311603963375091553e-01 -1.202385798096656799e-01
-5.393147096037864685e-02 -2.011404186487197876e-01 -1.243892312049865723e-01
-6.054397299885749817e-02 8.156043477356433868e-03 -1.099180057644844055e-01
1.337223947048187256e-01 3.924368619918823242e-01 -8.836577087640762329e-02
2.805247008800506592e-01 5.071036219596862793e-01 4.010330885648727417e-03
3.750989139080047607e-01 4.166964888572692871e-01 -1.672715321183204651e-02
3.160639107227325439e-01 1.480865180492401123e-01 -8.200680464506149292e-02
-1.005071699619293213e-01 -2.994198799133300781e-01 -1.836305409669876099e-01
-3.672474920749664307e-01 -4.530478417873382568e-01 -3.304138779640197754e-01
-4.147344231605529785e-01 -4.980642795562744141e-01 -4.022217690944671631e-01
-3.030648231506347656e-01 -3.886157274246215820e-01 -3.833212256431579590e-01
-6.318015605211257935e-02 -2.757376292720437050e-03 -1.285846084356307983e-01
2.657230384647846222e-02 2.697870135307312012e-01 1.924469918012619019e-01
5.822218954563140869e-02 3.316783010959625244e-01 3.465438783168792725e-01
8.070550858974456787e-02 1.814890503883361816e-01 3.557142317295074463e-01
1.113112717866897583e-01 3.739839419722557068e-02 2.775538563728332520e-01
1.197808310389518738e-01 1.065817475318908691e-01 1.417062431573867798e-01
9.859589487314224243e-02 2.288485318422317505e-01 1.645004190504550934e-02
8.284070342779159546e-02 3.025591373443603516e-01 -7.552878558635711670e-02
5.844120308756828308e-02 2.395141869783401489e-01 -1.631406545639038086e-01
3.571349382400512695e-02 1.089128702878952026e-01 -7.591819763183593750e-02
4.570458456873893738e-02 -1.704157441854476929e-01 1.107032224535942078e-02
1.084950864315032959e-01 -3.790675997734069824e-01 1.744980365037918091e-01
1.514154523611068726e-01 -3.366979956626892090e-01 3.365260362625122070e-01
1.179990619421005249e-01 -1.915041059255599976e-01 3.439354300498962402e-01
-9.537576697766780853e-03 1.248643640428781509e-02 2.510471642017364502e-01
-2.083195894956588745e-01 1.093111485242843628e-01 -4.150040447711944580e-02
-2.908445000648498535e-01 8.859486877918243408e-02 -3.205240070819854736e-01
-2.496621161699295044e-01 3.935584798455238342e-02 -3.558829128742218018e-01
-1.470589190721511841e-01 1.036583259701728821e-02 -2.671400308609008789e-01
