-8.061604946851730347e-02 -4.474561288952827454e-02 2.302706427872180939e-02
-2.964235469698905945e-02 -1.512232869863510132e-01 5.254420638084411621e-02
-4.601233080029487610e-02 -1.342658549547195435e-01 5.409621074795722961e-02
-3.327448666095733643e-02 -3.741629421710968018e-02 6.482236832380294800e-02
-1.101187989115715027e-01 5.398427695035934448e-02 3.266122564673423767e-02
-1.977252513170242310e-01 2.553337514400482178e-01 5.866117030382156372e-02
-2.320790439844131470e-01 3.646833002567291260e-01 1.669640392065048218e-01
-1.854360997676849365e-01 4.359724819660186768e-01 1.832225769758224487e-01
-1.713655702769756317e-02 4.834749698638916016e-01 7.900228351354598999e-02
1.068398803472518921e-01 4.810143709182739258e-01 -1.027678139507770538e-02
1.167289614677429199e-01 3.743039667606353760e-01 -8.242817968130111694e-02
8.478704094886779785e-02 1.608119010925292969e-01 -2.696829289197921753e-02
2.504166588187217712e-02 -1.524750888347625732e-01 9.819483757019042969e-02
-1.912896893918514252e-02 -2.541543245315551758e-01 1.624265462160110474e-01
-1.135097071528434753e-01 -1.349967122077941895e-01 2.509984374046325684e-01
-2.208803296089172363e-01 -7.552583515644073486e-02 2.641504108905792236e-01
-2.500683069229125977e-01 -7.645051181316375732e-02 2.036540508270263672e-01
-2.736954987049102783e-01 -9.240240603685379028e-02 9.887138009071350098e-02
-3.056126534938812256e-01 -4.931846261024475098e-02 5.806048586964607239e-02
-2.920024693012237549e-01 -4.871831741183996201e-03 -1.042909733951091766e-02
-2.165216952562332153e-01 -1.703991293907165527e-01 -1.427582204341888428e-01
-5.483594723045825958e-03 -2.976244091987609863e-01 -2.220811098814010620e-01
8.492053300142288208e-02 -2.699773311614990234e-01 -2.344524860382080078e-01
5.910423770546913147e-02 -1.917594820261001587e-01 -1.634726226329803467e-01
-9.960453025996685028e-03 -8.648002892732620239e-02 -1.782986968755722046e-01
2.355947345495223999e-01 -1.596165746450424194e-01 -2.968890964984893799e-01
4.678258597850799561e-01 -1.715561002492904663e-01 -2.088314890861511230e-01
4.249528646469116211e-01 -4.699590057134628296e-02 -1.292279213666915894e-01
2.365948855876922607e-01 2.273620665073394775e-01 -9.316387772560119629e-02
3.650178387761116028e-02 4.676549732685089111e-01 -1.894688159227371216e-01
3.176670521497726440e-02 4.885218143463134766e-01 -2.157122045755386353e-01
1.116310656070709229e-01 3.814449310302734375e-01 -1.569869667291641235e-01
-1.075891554355621338e-01 1.418378800153732300e-01 2.406059354543685913e-01
-2.853058874607086182e-01 5.223022308200597763e-03 1.482262760400772095e-01
-1.400740295648574829e-01 -1.681419461965560913e-02 2.378025650978088379e-02
-2.500014007091522217e-01 -8.718116581439971924e-02 2.601993680000305176e-01
-4.064397513866424561e-01 -3.255169093608856201e-01 3.660247027873992920e-01
-5.115488171577453613e-01 -3.889119625091552734e-01 5.265111923217773438e-01
-4.738847315311431885e-01 -4.522103071212768555e-01 4.336604475975036621e-01
3.209661692380905151e-02 -3.069738149642944336e-01 2.864707410335540771e-01
2.523795068264007568e-01 1.567488610744476318e-01 1.127661839127540588e-01
1.459234207868576050e-01 2.517061829566955566e-01 3.214134648442268372e-02
-1.066011935472488403e-01 1.488323360681533813e-01 -2.452501840889453888e-02
-2.668836116790771484e-01 -1.762096434831619263e-01 -1.736218631267547607e-01
-1.929649114608764648e-01 -3.361654877662658691e-01 -2.430568933486938477e-01
-1.398737579584121704e-01 -2.433605790138244629e-01 -2.429990470409393311e-01
-1.963550001382827759e-01 -5.142761021852493286e-02 -2.336348593235015869e-01
-1.524624526500701904e-01 5.890560522675514221e-02 -3.040884062647819519e-02
2.293741144239902496e-02 8.346462994813919067e-02 2.060553580522537231e-01
1.238018423318862915e-01 6.559557467699050903e-02 1.772337108850479126e-01
2.009484022855758667e-01 3.350938856601715088e-02 1.730207651853561401e-01
2.596854865550994873e-01 1.396737713366746902e-02 1.929410547018051147e-01
3.605520725250244141e-01 6.932831555604934692e-02 7.704278081655502319e-02
3.580718040466308594e-01 1.948838382959365845e-01 -1.573630049824714661e-02
3.013254106044769287e-01 2.363907545804977417e-01 -1.955812424421310425e-01
5.337234959006309509e-02 1.669963598251342773e-01 -2.519868612289428711e-01
-1.330925226211547852e-01 -2.225704677402973175e-02 -1.303993910551071167e-01
-1.752638816833496094e-01 -1.695158630609512329e-01 -6.501673907041549683e-02
-9.328254312276840210e-02 -2.565770447254180908e-01 -1.760843396186828613e-02
1.613377220928668976e-02 -1.513558477163314819e-01 -8.470293134450912476e-02
-3.728325292468070984e-02 4.978858400136232376e-03 -1.287231445312500000e-01
-2.144983857870101929e-01 6.034886091947555542e-02 -1.385263800621032715e-01
-2.842253148555755615e-01 1.330817937850952148e-01 -1.037897393107414246e-01
-4.062779992818832397e-02 7.769588381052017212e-02 6.125999614596366882e-02
3.262696787714958191e-02 1.012523099780082703e-01 1.041553169488906860e-01
1.212288532406091690e-02 1.098328158259391785e-01 7.008980214595794678e-02
-1.529459953308105469e-01 5.020083487033843994e-02 1.982336863875389099e-02
-2.285755723714828491e-01 -1.637917570769786835e-02 9.720177389681339264e-03
-1.069711297750473022e-01 4.933805763721466064e-02 1.087666973471641541e-01
-1.022631488740444183e-02 8.693110942840576172e-02 1.813135594129562378e-01
-1.675701513886451721e-02 1.604304611682891846e-01 2.777831554412841797e-01
-1.018828060477972031e-02 2.420325875282287598e-01 3.749947547912597656e-01
1.346787214279174805e-01 1.787424832582473755e-01 4.188211560249328613e-01
1.620813012123107910e-01 2.302163839340209961e-01 3.667490184307098389e-01
2.700315415859222412e-01 2.119740247726440430e-01 2.109846025705337524e-01
2.279217392206192017e-01 1.877790987491607666e-01 8.625845611095428467e-02
3.432056605815887451e-01 2.322060018777847290e-01 -3.655154956504702568e-03
4.182710647583007812e-01 1.020517200231552124e-01 -1.069844067096710205e-01
3.601793646812438965e-01 3.032923303544521332e-02 -1.258101910352706909e-01
1.961816996335983276e-01 4.597563669085502625e-02 -5.548890307545661926e-02
-2.686858773231506348e-01 -5.848712846636772156e-02 -5.931622534990310669e-02
-4.389036893844604492e-01 -3.306407108902931213e-02 -1.963949352502822876e-01
-4.505756795406341553e-01 -1.008244901895523071e-01 -3.208626210689544678e-01
-2.208630442619323730e-01 -1.382156610488891602e-01 -3.304282724857330322e-01
2.796662747859954834e-01 -2.214629203081130981e-01 -3.161396384239196777e-01
4.850172400474548340e-01 -3.473550975322723389e-01 -3.554806411266326904e-01
4.747472405433654785e-01 -4.264455437660217285e-01 -4.151546061038970947e-01
3.558034002780914307e-01 -4.572528898715972900e-01 -3.258821070194244385e-01
1.478947401046752930e-01 -3.687213063240051270e-01 -7.084760814905166626e-02
9.374190866947174072e-02 -2.211640030145645142e-01 4.882616177201271057e-02
8.786904811859130859e-02 -8.766083419322967529e-02 8.801542967557907104e-02
1.622027158737182617e-01 -5.702331662178039551e-02 1.021180748939514160e-01
1.528115868568420410e-01 -5.757031962275505066e-03 1.515409201383590698e-01
-1.746637932956218719e-02 -6.566265225410461426e-02 1.484408974647521973e-01
-2.239224612712860107e-01 -9.395612031221389771e-02 4.788099601864814758e-02
-3.908859193325042725e-01 -1.507157981395721436e-01 4.165588878095149994e-03
-3.559546172618865967e-01 -2.302421331405639648e-01 -3.959655761718750000e-02
-2.502503991127014160e-01 -1.175416931509971619e-01 -8.811266720294952393e-02
-3.889366984367370605e-02 -3.811154887080192566e-02 -1.836624741554260254e-01
5.298744142055511475e-02 1.682718843221664429e-01 -2.701047658920288086e-01
-1.063247211277484894e-02 3.901532888412475586e-01 -2.666879296302795410e-01
3.753997385501861572e-02 4.211479425430297852e-01 -1.422567069530487061e-01
1.022186949849128723e-01 3.025014400482177734e-01 -2.298367768526077271e-02
2.210056334733963013e-01 6.090081483125686646e-02 6.451728194952011108e-02
2.048928141593933105e-01 -1.400361359119415283e-01 7.386758923530578613e-02
