2.574772834777832031e-01 1.064003184437751770e-01 -6.072079539299011230e-01
2.815557420253753662e-01 9.015607088804244995e-02 -5.612364411354064941e-01
2.729594111442565918e-01 7.027326524257659912e-02 -5.798019170761108398e-01
2.038212865591049194e-01 2.062608301639556885e-02 -5.883513092994689941e-01
1.781080514192581177e-01 2.022617682814598083e-02 -5.629478096961975098e-01
1.714202612638473511e-01 6.231069192290306091e-02 -5.551140904426574707e-01
1.774777919054031372e-01 8.510308712720870972e-02 -5.232204198837280273e-01
2.007081359624862671e-01 1.175996586680412292e-01 -4.376728236675262451e-01
2.715320587158203125e-01 1.214366629719734192e-01 -3.533802330493927002e-01
2.721562683582305908e-01 7.825834304094314575e-02 -3.086182475090026855e-01
2.740375399589538574e-01 9.779604524374008179e-02 -3.360362946987152100e-01
3.464592993259429932e-01 5.557844415307044983e-02 -2.816689312458038330e-01
3.317001461982727051e-01 8.307194709777832031e-02 -2.911334037780761719e-01
2.598218023777008057e-01 1.006436347961425781e-01 -3.038719892501831055e-01
2.291758209466934204e-01 1.255337595939636230e-01 -3.324906229972839355e-01
3.184674382209777832e-01 2.227242588996887207e-01 -3.076994121074676514e-01
3.587438166141510010e-01 2.108741402626037598e-01 -3.034637868404388428e-01
3.097631931304931641e-01 1.743804812431335449e-01 -3.216903209686279297e-01
3.111078441143035889e-01 1.891434639692306519e-01 -3.132271468639373779e-01
3.401488363742828369e-01 2.562399804592132568e-01 -3.104296326637268066e-01
3.400611877441406250e-01 2.313548177480697632e-01 -2.893988192081451416e-01
3.040981888771057129e-01 2.891586720943450928e-01 -2.976827621459960938e-01
9.399902820587158203e-02 3.061037063598632812e-01 -3.351817131042480469e-01
8.075870573520660400e-02 3.226031661033630371e-01 -3.883158564567565918e-01
6.577859818935394287e-02 2.950195670127868652e-01 -4.030571579933166504e-01
1.898411288857460022e-02 2.065150439739227295e-01 -4.302093088626861572e-01
-5.161403119564056396e-02 1.853491067886352539e-01 -5.052506923675537109e-01
-1.445406973361968994e-01 2.385622709989547729e-01 -5.792122483253479004e-01
-8.730185031890869141e-02 2.628235518932342529e-01 -5.075282454490661621e-01
-1.536313593387603760e-01 1.447687298059463501e-01 -3.832740187644958496e-01
4.836714826524257660e-03 2.186615578830242157e-02 -4.405299425125122070e-01
1.096902415156364441e-01 1.699768453836441040e-01 -4.857007265090942383e-01
1.504455655813217163e-01 1.121922284364700317e-01 -4.232475161552429199e-01
5.579131469130516052e-02 8.670866489410400391e-02 -4.013378620147705078e-01
1.012941300868988037e-01 2.589889336377382278e-03 -1.904005259275436401e-01
-2.129372209310531616e-03 1.557399779558181763e-01 -3.131251931190490723e-01
4.395136609673500061e-02 6.738615781068801880e-02 -3.288836181163787842e-01
-2.079831510782241821e-01 -3.960755467414855957e-01 8.482690900564193726e-02
-3.125019669532775879e-01 -6.298684477806091309e-01 1.686109900474548340e-01
-3.664614260196685791e-01 -6.734727025032043457e-01 1.544628888368606567e-01
-3.276737332344055176e-01 -6.997804045677185059e-01 7.493965327739715576e-02
-2.783896215260028839e-02 -5.031496882438659668e-01 1.180048435926437378e-01
1.518948972225189209e-01 -6.905813515186309814e-02 2.406265735626220703e-01
-3.156293183565139771e-03 1.567328125238418579e-01 1.966717243194580078e-01
-1.061905995011329651e-01 2.145705670118331909e-01 1.676507145166397095e-01
-1.815968006849288940e-01 2.653389871120452881e-01 7.853641360998153687e-02
-3.400055468082427979e-01 2.910907566547393799e-01 6.238973140716552734e-02
-3.759891688823699951e-01 4.062985777854919434e-01 1.807802021503448486e-01
-4.004652798175811768e-01 4.252948164939880371e-01 2.724333405494689941e-01
-3.688298463821411133e-01 4.147494435310363770e-01 2.835302650928497314e-01
-2.984013557434082031e-01 3.162470459938049316e-01 2.891200482845306396e-01
-2.704209089279174805e-01 2.384160757064819336e-01 2.640211284160614014e-01
-2.041855305433273315e-01 1.512297689914703369e-01 2.922455072402954102e-01
-1.413052380084991455e-01 1.756122559309005737e-01 2.953784763813018799e-01
-1.532696038484573364e-01 2.842170894145965576e-01 2.598920762538909912e-01
-1.549991369247436523e-01 2.721383571624755859e-01 2.838034629821777344e-01
-1.304920613765716553e-01 2.694656550884246826e-01 2.177451997995376587e-01
-1.891110986471176147e-01 4.259330332279205322e-01 2.732809185981750488e-01
-3.421614170074462891e-01 4.271292686462402344e-01 2.672473490238189697e-01
-3.877292275428771973e-01 3.985923528671264648e-01 2.191218882799148560e-01
-3.780416250228881836e-01 3.353788256645202637e-01 1.685444861650466919e-01
-3.643355071544647217e-01 3.409887254238128662e-01 1.205736026167869568e-01
-3.809249103069305420e-01 3.881886303424835205e-01 1.325069218873977661e-01
-4.246885180473327637e-01 4.133980870246887207e-01 1.365648806095123291e-01
-4.209949076175689697e-01 4.401571154594421387e-01 1.714998632669448853e-01
-3.851720392704010010e-01 3.252418339252471924e-01 1.850792765617370605e-01
-4.175055325031280518e-01 3.449591398239135742e-01 2.115207761526107788e-01
-4.215413928031921387e-01 3.370488584041595459e-01 2.293864488601684570e-01
-4.348781406879425049e-01 3.599603474140167236e-01 2.973796129226684570e-01
-3.990262448787689209e-01 3.426648080348968506e-01 3.464186191558837891e-01
-2.907073497772216797e-01 3.395183682441711426e-01 3.721462190151214600e-01
-2.198711037635803223e-01 2.581994533538818359e-01 4.347303807735443115e-01
-7.036076486110687256e-02 2.410340607166290283e-01 5.124163031578063965e-01
5.917492508888244629e-02 2.247045338153839111e-01 5.196567177772521973e-01
9.390652179718017578e-02 1.275453716516494751e-01 5.139833688735961914e-01
1.225528791546821594e-01 6.958881020545959473e-02 5.354471206665039062e-01
2.326463460922241211e-01 -7.872306741774082184e-03 4.891585707664489746e-01
2.479061037302017212e-01 -1.624655909836292267e-02 5.160865783691406250e-01
3.284751176834106445e-01 -4.614498838782310486e-02 3.964544534683227539e-01
3.128887116909027100e-01 -5.701170861721038818e-02 3.301990032196044922e-01
3.969373703002929688e-01 -4.271292313933372498e-02 3.285817503929138184e-01
3.929817974567413330e-01 4.869126155972480774e-02 3.774757683277130127e-01
1.798825562000274658e-01 1.537490636110305786e-01 4.340379536151885986e-01
8.712916076183319092e-02 1.825370341539382935e-01 4.346379339694976807e-01
1.435862015932798386e-02 2.373004555702209473e-01 4.216009378433227539e-01
-6.687753647565841675e-02 4.187000393867492676e-01 3.913645446300506592e-01
-9.936103224754333496e-02 4.901295006275177002e-01 1.207720488309860229e-01
-8.286048471927642822e-02 4.941926598548889160e-01 -1.791081875562667847e-01
-1.267945021390914917e-01 4.043890833854675293e-01 -3.282837867736816406e-01
-7.149385660886764526e-02 4.162752926349639893e-01 -3.899913430213928223e-01
-8.462002151645720005e-04 3.411881029605865479e-01 -4.850050508975982666e-01
6.013980880379676819e-02 2.807910740375518799e-01 -5.546708106994628906e-01
1.363961696624755859e-01 1.937973797321319580e-01 -5.745541453361511230e-01
1.050654426217079163e-01 1.121897101402282715e-01 -5.811749100685119629e-01
1.288704872131347656e-01 7.244797050952911377e-02 -5.646389126777648926e-01
9.920942038297653198e-02 1.496684551239013672e-01 -5.553087592124938965e-01
1.253347545862197876e-01 1.535296738147735596e-01 -5.323936343193054199e-01
1.127018332481384277e-01 1.684282720088958740e-01 -5.020121335983276367e-01
1.209234967827796936e-01 1.835139542818069458e-01 -5.574679374694824219e-01
1.304109096527099609e-01 1.981871128082275391e-01 -5.570011734962463379e-01
8.431819826364517212e-02 1.828735619783401489e-01 -6.066606044769287109e-01
1.083664596080780029e-01 1.947676688432693481e-01 -6.066648960113525391e-01
1.796113699674606323e-01 2.719541490077972412e-01 -5.807319879531860352e-01
2.179371267557144165e-01 2.408445030450820923e-01 -5.197281837463378906e-01
2.465151101350784302e-01 2.567588984966278076e-01 -6.016263365745544434e-01
