2.459185261960377678e-01
0.000000000000000000e+00
0.000000000000000000e+00
0.000000000000000000e+00
0.000000000000000000e+00
1.039870174850512363e-01
1.795581228468613733e-02
1.467715003126467480e-02
4.057967732959032008e-03
0.000000000000000000e+00
6.607104463270544251e-03
2.128847599300110610e-02
3.004487266797679912e-02
2.744354577309150722e-02
2.537916906117502688e-02
2.584765072563720636e-02
2.998153856151614116e-02
3.794252003037060228e-02
3.841592386900823108e-02
3.509425001207139988e-02
2.670764148439329702e-02
8.297372678908499638e-03
0.000000000000000000e+00
0.000000000000000000e+00
0.000000000000000000e+00
0.000000000000000000e+00
0.000000000000000000e+00
0.000000000000000000e+00
0.000000000000000000e+00
0.000000000000000000e+00
8.803958309551062483e-03
2.836467266803262277e-02
0.000000000000000000e+00
0.000000000000000000e+00
0.000000000000000000e+00
0.000000000000000000e+00
3.828088650630461220e-01
6.805851564391970365e-01
6.056078432138727319e-01
5.675934937474840236e-01
5.183298858925476926e-01
5.800118920658436927e-01
3.104647202279228746e-01
0.000000000000000000e+00
0.000000000000000000e+00
0.000000000000000000e+00
0.000000000000000000e+00
0.000000000000000000e+00
0.000000000000000000e+00
1.433342643888903083e-02
2.141646124366694201e-02
1.537621796626951511e-02
8.886838651677117853e-03
0.000000000000000000e+00
7.290205132728100335e-03
3.381061792689676188e-02
5.562492341992453238e-02
5.550899211735758204e-02
2.792988158499102452e-02
6.586002785677288508e-04
0.000000000000000000e+00
0.000000000000000000e+00
0.000000000000000000e+00
5.429422686011786594e-04
8.999600923026571803e-03
1.453384876550360000e-02
1.018453367630042967e-02
5.257899598206382773e-03
1.125453816899819057e-03
2.115982495504278860e-03
4.280180783404054917e-03
1.928663676868876652e-03
0.000000000000000000e+00
0.000000000000000000e+00
0.000000000000000000e+00
5.228087445817120819e-04
4.147619335365420289e-03
4.618540281654657034e-03
8.426331897884302077e-03
1.386408128610428121e-02
1.665888771260652657e-02
1.684607569967790097e-02
1.285913787651231030e-02
1.096994172145776374e-02
1.303408002919090834e-02
1.167880167218787561e-02
3.757124912534737585e-03
0.000000000000000000e+00
0.000000000000000000e+00
0.000000000000000000e+00
1.110970181288588321e-02
1.707902566047727472e-02
1.846758466000028923e-02
2.017029059632492044e-02
1.727025488919299231e-02
1.003854018768852475e-02
0.000000000000000000e+00
0.000000000000000000e+00
0.000000000000000000e+00
0.000000000000000000e+00
0.000000000000000000e+00
0.000000000000000000e+00
0.000000000000000000e+00
0.000000000000000000e+00
3.186753719314591171e-01
