6.300782784819602966e-03 -4.889391362667083740e-02 1.406348962336778641e-02
-6.714922189712524414e-02 -3.219097852706909180e-01 1.735084056854248047e-01
-2.417516857385635376e-01 -4.546478986740112305e-01 3.153041899204254150e-01
-3.197617828845977783e-01 -5.149686336517333984e-01 2.919276058673858643e-01
-3.072899580001831055e-01 -3.123259544372558594e-01 -1.336349081248044968e-02
-2.572369389235973358e-02 1.536770910024642944e-01 -3.118291795253753662e-01
2.285166233777999878e-01 3.463049530982971191e-01 -3.363365232944488525e-01
1.988581418991088867e-01 4.314051866531372070e-01 -9.371479600667953491e-02
5.555969476699829102e-02 3.675562739372253418e-01 3.384151756763458252e-01
-2.123576030135154724e-02 2.658729851245880127e-01 4.834406375885009766e-01
1.649575978517532349e-01 1.515831500291824341e-01 4.034677147865295410e-01
2.397936284542083740e-01 -7.247080095112323761e-03 1.698931455612182617e-01
-2.687428891658782959e-02 -4.316268488764762878e-02 -2.513037919998168945e-01
-3.835312724113464355e-01 7.981032133102416992e-02 -4.296464025974273682e-01
-4.972625374794006348e-01 3.078895211219787598e-01 -4.056633710861206055e-01
-2.013716697692871094e-01 2.937584817409515381e-01 -3.074325323104858398e-01
3.151989877223968506e-01 -3.997424244880676270e-02 -1.173237636685371399e-01
4.776636958122253418e-01 -4.228127002716064453e-01 -5.951788648962974548e-02
4.238292872905731201e-01 -4.835523962974548340e-01 -1.057706698775291443e-01
2.295297980308532715e-01 -2.719328105449676514e-01 -1.418639421463012695e-01
1.091125383973121643e-01 9.238829463720321655e-02 -1.512766033411026001e-01
-2.600859291851520538e-02 1.638710498809814453e-01 -2.807716652750968933e-02
-1.769051998853683472e-01 -3.266568854451179504e-02 1.115593016147613525e-01
-2.247920632362365723e-01 -1.980469673871994019e-01 1.201379895210266113e-01
-3.953633829951286316e-02 -1.180620044469833374e-01 5.956727638840675354e-02
2.613218128681182861e-01 6.082084029912948608e-02 9.770991280674934387e-03
3.785581290721893311e-01 3.137412932119332254e-05 -6.872539222240447998e-02
3.370696902275085449e-01 -2.237251549959182739e-01 -1.363229304552078247e-01
-4.841898567974567413e-03 -4.249095916748046875e-01 -2.048804461956024170e-01
-2.690307796001434326e-01 -4.160118103027343750e-01 -1.669567823410034180e-01
-3.782763481140136719e-01 -1.455734521150588989e-01 -4.827145859599113464e-02
-3.935154676437377930e-01 1.153484284877777100e-01 3.220342472195625305e-02
-2.908311784267425537e-01 3.584116995334625244e-01 4.734973236918449402e-02
-8.541933447122573853e-02 4.778248071670532227e-01 6.075109913945198059e-02
8.428710699081420898e-02 4.453080892562866211e-01 8.345844596624374390e-02
1.668951958417892456e-01 3.522040545940399170e-01 6.519429385662078857e-02
2.171315401792526245e-01 8.055129647254943848e-02 2.525653317570686340e-02
1.883606463670730591e-01 -1.437999755144119263e-01 -1.148110721260309219e-02
7.642482966184616089e-02 -2.331688255071640015e-01 2.011364139616489410e-02
-1.276440825313329697e-02 -1.810933798551559448e-01 8.853846788406372070e-02
-1.000989675521850586e-01 -6.241029128432273865e-02 7.959527522325515747e-02
-1.106021255254745483e-01 -9.404167532920837402e-02 6.699527800083160400e-02
-3.505414351820945740e-02 -1.156912669539451599e-01 6.946894526481628418e-02
-3.581719845533370972e-02 -7.638633251190185547e-02 8.732703328132629395e-02
1.277465932071208954e-02 -1.685569249093532562e-02 1.547772139310836792e-01
1.133658811450004578e-01 4.343868419528007507e-02 2.474359571933746338e-01
1.034308299422264099e-01 -3.342984244227409363e-02 1.970956474542617798e-01
3.132864087820053101e-02 -3.380389884114265442e-02 -1.511270832270383835e-02
-1.324183493852615356e-01 5.760449171066284180e-02 -3.055075705051422119e-01
-2.479449361562728882e-01 1.583634316921234131e-01 -4.625983834266662598e-01
-9.244204312562942505e-02 2.023064494132995605e-01 -3.121023178100585938e-01
5.849919468164443970e-02 8.256122469902038574e-02 -1.361462473869323730e-02
1.039027720689773560e-01 -1.616113446652889252e-02 2.116937339305877686e-01
3.402081131935119629e-02 -9.497527033090591431e-02 2.171107381582260132e-01
-7.432410866022109985e-02 -1.135209128260612488e-01 6.877385824918746948e-02
-2.434732578694820404e-02 -6.718575954437255859e-02 4.104247689247131348e-02
2.025992982089519501e-02 -6.622731685638427734e-02 1.273758988827466965e-02
-5.305089522153139114e-03 4.454111307859420776e-02 -3.744173562154173851e-03
-4.584711790084838867e-02 1.178377270698547363e-01 -2.439201064407825470e-02
-6.050327420234680176e-02 1.192069128155708313e-01 -2.805391792207956314e-03
-4.789391532540321350e-03 9.557584673166275024e-02 5.875162780284881592e-02
6.571921706199645996e-02 -2.121760509908199310e-02 3.425858914852142334e-02
1.045087426900863647e-01 -6.864563375711441040e-02 -5.543322861194610596e-02
1.802807450294494629e-01 -4.874780029058456421e-02 -1.553173512220382690e-01
1.969005316495895386e-01 2.636599354445934296e-03 -1.845523267984390259e-01
1.337632089853286743e-01 1.137623563408851624e-01 -5.436693504452705383e-02
1.312808832153677940e-03 1.182649284601211548e-01 7.255915552377700806e-02
-1.852331459522247314e-01 3.720398619771003723e-02 1.137200295925140381e-01
-2.160829305648803711e-01 -3.889163956046104431e-02 1.005089282989501953e-01
-1.495686471462249756e-01 -5.596773698925971985e-02 1.219439413398504257e-02
-4.555735271424055099e-03 2.267014421522617340e-02 1.252872403711080551e-02
7.446961104869842529e-02 5.043414235115051270e-02 2.347051352262496948e-02
4.332918673753738403e-02 -6.611289829015731812e-02 3.184368461370468140e-02
-4.226709902286529541e-02 -1.843381673097610474e-01 6.127770990133285522e-02
-6.756154447793960571e-02 -2.369550466537475586e-01 5.775785818696022034e-02
-5.270013120025396347e-03 -9.815119206905364990e-02 3.140547126531600952e-02
5.970985442399978638e-02 1.181405782699584961e-01 -6.859295815229415894e-02
1.135116666555404663e-01 1.944467425346374512e-01 -1.323140412569046021e-01
1.037501767277717590e-01 1.610523760318756104e-01 -1.703453212976455688e-01
5.765782669186592102e-02 -4.728985950350761414e-02 -1.156213730573654175e-01
2.116434462368488312e-02 -1.622794568538665771e-01 -3.048711270093917847e-02
-5.657359585165977478e-02 -1.357472687959671021e-01 2.901768870651721954e-02
-1.384910196065902710e-01 -5.794052034616470337e-02 1.479460895061492920e-01
-2.129053175449371338e-01 8.027009665966033936e-02 2.832825481891632080e-01
-1.904166638851165771e-01 1.861304044723510742e-01 4.150819778442382812e-01
9.564048051834106445e-02 2.794053852558135986e-01 4.464164376258850098e-01
3.018580377101898193e-01 3.294342458248138428e-01 3.361390531063079834e-01
2.411771714687347412e-01 2.730162441730499268e-01 7.302486896514892578e-02
-1.955904215574264526e-01 1.353826671838760376e-01 -2.946537733078002930e-01
-5.465483665466308594e-01 1.572266779839992523e-02 -4.463872611522674561e-01
-5.382685065269470215e-01 -2.702932059764862061e-02 -3.774767816066741943e-01
-9.721043705940246582e-02 -2.503282576799392700e-02 -2.390573173761367798e-01
4.070244431495666504e-01 -8.072654157876968384e-02 -1.055423393845558167e-01
5.274629592895507812e-01 -8.880890905857086182e-02 -5.859910696744918823e-02
3.672083020210266113e-01 -1.099779084324836731e-01 -1.524119824171066284e-01
1.242139860987663269e-01 -1.712857335805892944e-01 -1.698964983224868774e-01
-4.398774728178977966e-02 -2.062675207853317261e-01 -6.936487555503845215e-02
-9.004131704568862915e-02 -2.829155027866363525e-01 7.192508876323699951e-02
-5.108589679002761841e-02 -2.686561048030853271e-01 1.699952334165573120e-01
2.115900162607431412e-03 -2.021614462137222290e-01 2.145230770111083984e-01
8.372715860605239868e-02 -3.981654345989227295e-02 1.585335880517959595e-01
1.446929275989532471e-01 2.306808531284332275e-02 1.206091940402984619e-01
1.785604655742645264e-01 -3.330272063612937927e-02 6.178117915987968445e-02
1.475581824779510498e-01 -9.970319271087646484e-02 -1.241080090403556824e-01
4.133092984557151794e-02 -1.247827708721160889e-01 -2.364441752433776855e-01
-8.380432426929473877e-02 -1.804607361555099487e-02 -2.711130082607269287e-01
-1.341454833745956421e-01 7.088854163885116577e-02 -2.167074531316757202e-01
-1.062645167112350464e-01 1.133289933204650879e-01 -9.260527789592742920e-02
