1.143223650662559057e-02
7.621491004417061538e-03
0.000000000000000000e+00
1.575292274225191247e-01
3.089844977272755422e-01
3.407722474364689447e-01
1.799035065464160976e-01
0.000000000000000000e+00
0.000000000000000000e+00
0.000000000000000000e+00
0.000000000000000000e+00
7.007039110287683129e-03
1.915714840872069155e-02
6.482512401901913135e-02
6.256202869818849877e-02
3.640053049466287355e-02
0.000000000000000000e+00
0.000000000000000000e+00
0.000000000000000000e+00
0.000000000000000000e+00
9.792358794714043843e-03
9.749855980614324097e-03
0.000000000000000000e+00
0.000000000000000000e+00
0.000000000000000000e+00
0.000000000000000000e+00
0.000000000000000000e+00
0.000000000000000000e+00
0.000000000000000000e+00
0.000000000000000000e+00
1.008675888745210782e-02
2.800895618228798137e-02
3.377135973558487853e-02
1.935598331235841713e-02
0.000000000000000000e+00
0.000000000000000000e+00
0.000000000000000000e+00
0.000000000000000000e+00
0.000000000000000000e+00
6.350785077768143772e-03
7.128017603857933655e-03
1.897255379398511558e-03
0.000000000000000000e+00
0.000000000000000000e+00
0.000000000000000000e+00
0.000000000000000000e+00
1.842208725676842615e-02
2.011504188052103820e-02
0.000000000000000000e+00
0.000000000000000000e+00
0.000000000000000000e+00
0.000000000000000000e+00
8.729725643070282426e-02
1.427667286936204760e-01
1.295477982013020779e-01
2.913950370808052193e-02
2.175743446582996052e-02
1.621609845995084301e-02
1.133843318258746444e-02
6.933581548139549668e-03
4.706432926366926721e-03
2.531756483872761761e-03
0.000000000000000000e+00
0.000000000000000000e+00
0.000000000000000000e+00
0.000000000000000000e+00
0.000000000000000000e+00
0.000000000000000000e+00
0.000000000000000000e+00
0.000000000000000000e+00
0.000000000000000000e+00
0.000000000000000000e+00
0.000000000000000000e+00
0.000000000000000000e+00
0.000000000000000000e+00
0.000000000000000000e+00
0.000000000000000000e+00
4.528342094047453290e-04
2.577480661815595864e-03
3.218322736092942699e-03
3.203942893522505105e-03
1.600447985882379274e-03
0.000000000000000000e+00
0.000000000000000000e+00
0.000000000000000000e+00
0.000000000000000000e+00
0.000000000000000000e+00
0.000000000000000000e+00
5.118620676197066510e-02
6.346900543263823968e-02
3.959390510518021045e-02
3.602034269170929955e-03
0.000000000000000000e+00
0.000000000000000000e+00
0.000000000000000000e+00
6.444187185009926308e-03
2.107267078182524511e-02
1.685944087078512094e-02
1.119252691501823778e-02
0.000000000000000000e+00
0.000000000000000000e+00
0.000000000000000000e+00
0.000000000000000000e+00
0.000000000000000000e+00
0.000000000000000000e+00
0.000000000000000000e+00
2.304110085794804363e-01
3.478100552232473164e-01
