-4.465754330158233643e-01 -2.814193665981292725e-01 -3.185509145259857178e-01
-4.239473342895507812e-01 -3.761774301528930664e-01 -1.002208516001701355e-01
-4.996888935565948486e-01 -3.583910167217254639e-01 -2.535331249237060547e-01
-4.515891373157501221e-01 -2.566547989845275879e-01 -2.227332592010498047e-01
-3.838751912117004395e-01 -2.750359773635864258e-01 -2.324331849813461304e-01
2.604308724403381348e-02 -1.327548176050186157e-03 -4.378176927566528320e-01
1.929999589920043945e-01 1.477757841348648071e-01 -4.744096696376800537e-01
9.626940637826919556e-02 1.979252845048904419e-01 -5.224134325981140137e-01
-2.770468592643737793e-03 2.574614286422729492e-01 -5.366782546043395996e-01
-1.210069060325622559e-01 2.622353136539459229e-01 -4.344742298126220703e-01
-1.965814828872680664e-01 3.570780456066131592e-01 -3.486284315586090088e-01
-8.695393055677413940e-02 4.362969100475311279e-01 -1.723637729883193970e-01
6.379007548093795776e-02 5.343847870826721191e-01 1.176665276288986206e-01
1.780955120921134949e-03 5.490809679031372070e-01 1.871423572301864624e-01
1.310313045978546143e-01 4.806545078754425049e-01 8.305764757096767426e-03
1.891042590141296387e-01 4.331704974174499512e-01 2.052037566900253296e-01
3.129339218139648438e-01 3.514029681682586670e-01 3.715444505214691162e-01
3.290523290634155273e-01 2.959674596786499023e-01 4.471733570098876953e-01
3.321598470211029053e-01 2.850885689258575439e-01 4.888707399368286133e-01
3.607698678970336914e-01 2.685740590095520020e-01 4.310354590415954590e-01
3.145922422409057617e-01 2.672018408775329590e-01 4.276530146598815918e-01
2.454526126384735107e-01 2.250262796878814697e-01 4.277273416519165039e-01
1.330840885639190674e-01 2.400016933679580688e-01 4.607392251491546631e-01
1.274261325597763062e-01 2.204449325799942017e-01 4.683249890804290771e-01
1.569017767906188965e-01 2.481285035610198975e-01 4.549836516380310059e-01
1.727735400199890137e-01 2.272986620664596558e-01 4.131506979465484619e-01
1.309129446744918823e-01 2.154059410095214844e-01 4.566501975059509277e-01
6.631562113761901855e-02 2.410289347171783447e-01 4.680560529232025146e-01
-1.837271638214588165e-02 3.936127126216888428e-01 4.391908943653106689e-01
-1.442137360572814941e-01 4.855535924434661865e-01 3.089160919189453125e-01
-2.141063362360000610e-01 4.241513609886169434e-01 -2.377755194902420044e-02
-2.332696616649627686e-01 4.165419638156890869e-01 -1.459028720855712891e-01
-2.103605121374130249e-01 4.389727115631103516e-01 -2.727013230323791504e-01
-1.689918339252471924e-01 4.235619902610778809e-01 -3.474110662937164307e-01
-1.972962468862533569e-01 4.399533271789550781e-01 -3.399551808834075928e-01
-1.658285558223724365e-01 4.269604086875915527e-01 -3.834249973297119141e-01
-1.447153389453887939e-01 3.985357284545898438e-01 -3.433850109577178955e-01
-1.511124819517135620e-01 3.964310288429260254e-01 -2.788655161857604980e-01
-2.370752692222595215e-01 3.771016299724578857e-01 -2.642845511436462402e-01
-3.309658467769622803e-01 3.803640902042388916e-01 -2.778498232364654541e-01
-3.432758152484893799e-01 3.572525084018707275e-01 -3.181859254837036133e-01
-3.850151896476745605e-01 3.769007325172424316e-01 -2.984721660614013672e-01
-3.889777958393096924e-01 3.621474802494049072e-01 -2.910072803497314453e-01
-3.883579373359680176e-01 3.464639484882354736e-01 -3.199171721935272217e-01
-3.972088694572448730e-01 3.490482568740844727e-01 -3.745396733283996582e-01
-3.126685917377471924e-01 3.363699316978454590e-01 -4.076886773109436035e-01
-3.057751059532165527e-01 3.471120893955230713e-01 -4.207277595996856689e-01
-2.294576615095138550e-01 3.470155596733093262e-01 -4.579958021640777588e-01
-1.660468578338623047e-01 3.332718610763549805e-01 -4.804982542991638184e-01
1.598384231328964233e-02 3.211341500282287598e-01 -3.951005935668945312e-01
1.508574653416872025e-02 1.420854181051254272e-01 -5.492269396781921387e-01
4.335277527570724487e-02 1.255563646554946899e-01 -5.759057998657226562e-01
8.002386428415775299e-03 1.484797894954681396e-01 -6.131002306938171387e-01
9.130930900573730469e-02 1.376183778047561646e-01 -5.783390402793884277e-01
1.026999279856681824e-01 1.230683028697967529e-01 -6.060879230499267578e-01
1.257602870464324951e-01 1.557393968105316162e-01 -6.273516416549682617e-01
1.471670418977737427e-01 1.127863228321075439e-01 -6.088988780975341797e-01
1.953659504652023315e-01 1.161221414804458618e-01 -6.421527862548828125e-01
1.565958857536315918e-01 8.885745704174041748e-02 -6.358105540275573730e-01
1.957003325223922729e-01 8.086214214563369751e-02 -6.331205964088439941e-01
2.513624131679534912e-01 8.596734702587127686e-02 -6.558618545532226562e-01
2.757793068885803223e-01 1.265004724264144897e-01 -6.521185040473937988e-01
2.726521193981170654e-01 1.476452201604843140e-01 -6.426500082015991211e-01
3.161962628364562988e-01 1.523961126804351807e-01 -6.408852934837341309e-01
3.028319180011749268e-01 1.435738652944564819e-01 -6.293725967407226562e-01
2.445974797010421753e-01 1.350303739309310913e-01 -6.664587259292602539e-01
1.644540727138519287e-01 1.332783252000808716e-01 -6.728942990303039551e-01
1.151177585124969482e-01 1.601294875144958496e-01 -6.616829037666320801e-01
6.301477551460266113e-02 2.046189457178115845e-01 -6.517450213432312012e-01
7.128281891345977783e-02 2.295321077108383179e-01 -6.199352145195007324e-01
5.577564239501953125e-02 2.114078402519226074e-01 -6.306785345077514648e-01
6.303807348012924194e-02 1.808119118213653564e-01 -6.252779960632324219e-01
1.281497925519943237e-01 1.639326214790344238e-01 -6.239625215530395508e-01
1.631897091865539551e-01 1.392492800951004028e-01 -6.321294307708740234e-01
1.627365946769714355e-01 1.050674021244049072e-01 -6.276261210441589355e-01
1.666924804449081421e-01 1.561964303255081177e-01 -6.355347633361816406e-01
2.451383471488952637e-01 1.417781561613082886e-01 -6.506103873252868652e-01
2.494755834341049194e-01 1.263629496097564697e-01 -6.465073227882385254e-01
2.553714513778686523e-01 1.384456157684326172e-01 -6.443501114845275879e-01
2.065884619951248169e-01 1.375796049833297729e-01 -6.212921738624572754e-01
1.757346540689468384e-01 1.510689556598663330e-01 -6.312596201896667480e-01
1.387097090482711792e-01 1.934525966644287109e-01 -6.416676640510559082e-01
6.853035092353820801e-02 2.016393095254898071e-01 -6.479471921920776367e-01
4.418232291936874390e-02 2.178959250450134277e-01 -6.404145359992980957e-01
-9.942448139190673828e-02 2.756879925727844238e-01 -5.874698162078857422e-01
-1.623930186033248901e-01 2.927475571632385254e-01 -4.934836328029632568e-01
-1.020550057291984558e-01 3.390944302082061768e-01 -3.742605745792388916e-01
3.596839308738708496e-02 3.854064941406250000e-01 -1.666246950626373291e-01
-2.114947326481342316e-02 5.121067166328430176e-01 7.435596734285354614e-02
2.173032844439148903e-03 5.279358029365539551e-01 1.166422069072723389e-01
-8.753432892262935638e-03 4.315192401409149170e-01 1.618868112564086914e-01
1.687014847993850708e-01 4.295338988304138184e-01 3.069566190242767334e-01
2.485770732164382935e-01 5.040400624275207520e-01 3.379333019256591797e-01
2.560104131698608398e-01 4.704911708831787109e-01 3.714516162872314453e-01
3.107902705669403076e-01 4.630918204784393311e-01 3.700717091560363770e-01
2.953013479709625244e-01 4.474684298038482666e-01 4.196023046970367432e-01
2.913284003734588623e-01 4.229857325553894043e-01 4.370479285717010498e-01
2.539932727813720703e-01 4.012838304042816162e-01 4.710097610950469971e-01
2.831136882305145264e-01 3.669801354408264160e-01 4.823646247386932373e-01
2.727646827697753906e-01 3.256008625030517578e-01 5.021672844886779785e-01
3.831959068775177002e-01 2.157129347324371338e-01 4.757767915725708008e-01
4.398986399173736572e-01 1.370729357004165649e-01 4.636926651000976562e-01
4.740211963653564453e-01 1.579824388027191162e-01 4.445866346359252930e-01
5.047013163566589355e-01 1.627565920352935791e-01 3.982961475849151611e-01
4.987892508506774902e-01 1.509044766426086426e-01 3.641907870769500732e-01
5.149120092391967773e-01 2.198848724365234375e-01 2.593825757503509521e-01
4.508497118949890137e-01 1.528647840023040771e-01 2.575979232788085938e-01
2.936387062072753906e-01 1.042878031730651855e-01 1.769843101501464844e-01
