8.529148935210165150e-02
0.000000000000000000e+00
0.000000000000000000e+00
0.000000000000000000e+00
4.811612781739087359e-03
0.000000000000000000e+00
0.000000000000000000e+00
0.000000000000000000e+00
0.000000000000000000e+00
5.936583975536056067e-03
1.568776280863107969e-02
1.900977682763438370e-02
1.294792017585995152e-02
7.474171755956360817e-03
1.027856377504953594e-02
1.715246577841687825e-02
2.971099923868822726e-02
3.680194208466944228e-02
3.715422496870043889e-02
3.763235037311534609e-02
2.245059462887702417e-02
1.395688156815154922e-02
0.000000000000000000e+00
0.000000000000000000e+00
0.000000000000000000e+00
0.000000000000000000e+00
0.000000000000000000e+00
0.000000000000000000e+00
0.000000000000000000e+00
0.000000000000000000e+00
0.000000000000000000e+00
1.839956969091560918e-03
0.000000000000000000e+00
0.000000000000000000e+00
0.000000000000000000e+00
0.000000000000000000e+00
2.770241201304026735e-01
5.653179083733410604e-01
5.037897426751303254e-01
2.647124687388153763e-01
0.000000000000000000e+00
2.294567464104238230e-01
4.098717869279707715e-01
4.026211946854614254e-01
1.334963325993741012e-01
0.000000000000000000e+00
0.000000000000000000e+00
0.000000000000000000e+00
0.000000000000000000e+00
9.989413226133787849e-02
5.579247504291973137e-02
3.355754897891837646e-02
1.271074290185851031e-02
0.000000000000000000e+00
1.981231799294287839e-03
1.680947193543168294e-02
3.241442127140277407e-02
3.371425902630800775e-02
2.104203293689858173e-02
1.020099228705482683e-02
4.219966282903385955e-03
6.473775470056296159e-03
1.277340540629050454e-02
1.874034521204854739e-02
1.811322882252151129e-02
6.835792222450781143e-03
0.000000000000000000e+00
0.000000000000000000e+00
0.000000000000000000e+00
0.000000000000000000e+00
0.000000000000000000e+00
0.000000000000000000e+00
0.000000000000000000e+00
2.139859372233639812e-01
3.616665977038956981e-01
3.119652128988898432e-01
1.520722719607002227e-01
0.000000000000000000e+00
0.000000000000000000e+00
0.000000000000000000e+00
0.000000000000000000e+00
0.000000000000000000e+00
0.000000000000000000e+00
0.000000000000000000e+00
0.000000000000000000e+00
0.000000000000000000e+00
0.000000000000000000e+00
0.000000000000000000e+00
0.000000000000000000e+00
0.000000000000000000e+00
0.000000000000000000e+00
0.000000000000000000e+00
0.000000000000000000e+00
1.524298200883412221e-03
1.524298200883412221e-03
3.810745502208530552e-04
0.000000000000000000e+00
0.000000000000000000e+00
