2.140599489212036133e-01 -1.698436215519905090e-02 -4.715219885110855103e-02
3.058963418006896973e-01 -1.310804635286331177e-01 -1.304677575826644897e-01
1.529150158166885376e-01 -1.444152146577835083e-01 -2.325369864702224731e-01
-1.902813911437988281e-01 -3.533656522631645203e-02 -2.353224009275436401e-01
-4.423557817935943604e-01 1.181817948818206787e-01 -1.215997710824012756e-01
-5.316544771194458008e-01 2.531371414661407471e-01 -6.882698833942413330e-02
-3.158150017261505127e-01 1.869982182979583740e-01 -4.394402354955673218e-02
8.612103760242462158e-02 2.401356399059295654e-01 -9.134134650230407715e-02
2.322668135166168213e-01 4.888845086097717285e-01 -2.307996153831481934e-02
3.574185669422149658e-01 5.492399334907531738e-01 8.517986536026000977e-02
2.063112556934356689e-01 4.926607012748718262e-01 1.874655634164810181e-01
5.667346343398094177e-02 2.323397248983383179e-01 1.914002448320388794e-01
4.079077392816543579e-02 -5.042879655957221985e-02 1.772076040506362915e-01
-1.771776676177978516e-01 -1.302213966846466064e-02 8.232924342155456543e-02
-7.118349522352218628e-02 -2.343070693314075470e-02 -2.717866934835910797e-02
-1.070950031280517578e-01 -1.697973608970642090e-01 -7.194344699382781982e-02
-2.932146787643432617e-01 -3.965384662151336670e-01 -1.131167709827423096e-01
-3.483469188213348389e-01 -5.521758198738098145e-01 -1.202942356467247009e-01
-4.516147375106811523e-01 -5.670577287673950195e-01 -9.565252065658569336e-02
-3.248525857925415039e-01 -5.023830533027648926e-01 -1.041168347001075745e-01
-5.496982019394636154e-03 -3.935047388076782227e-01 -1.464804708957672119e-01
9.062329679727554321e-02 -2.739435136318206787e-01 -7.280685752630233765e-02
9.033504128456115723e-02 -1.737906485795974731e-01 -5.569527670741081238e-02
-8.244797587394714355e-02 -1.323329471051692963e-02 4.418819770216941833e-02
-2.293750494718551636e-01 9.597092866897583008e-02 8.831456303596496582e-02
-1.929014474153518677e-01 1.339645385742187500e-01 3.109423816204071045e-02
2.904208563268184662e-02 8.880956470966339111e-02 -2.867070212960243225e-02
2.643663883209228516e-01 -7.487975060939788818e-03 -7.912533730268478394e-02
4.829609096050262451e-01 3.655740246176719666e-02 -4.274451732635498047e-02
4.772498607635498047e-01 7.509928941726684570e-02 8.469590544700622559e-02
3.561844825744628906e-01 2.212762534618377686e-01 3.349433885887265205e-03
1.264616549015045166e-01 4.502428174018859863e-01 -1.821322441101074219e-01
-7.864879816770553589e-02 4.724975824356079102e-01 -2.301356792449951172e-01
-2.518670260906219482e-01 2.764915823936462402e-01 -7.606031745672225952e-02
-3.314228653907775879e-01 -8.003845810890197754e-02 2.448313534259796143e-01
-3.876407444477081299e-01 -3.484180271625518799e-01 2.539870142936706543e-01
-5.048090219497680664e-01 -1.732746511697769165e-01 8.240956068038940430e-02
-4.590508341789245605e-01 3.899035230278968811e-02 1.187621951103210449e-01
-3.689246475696563721e-01 -3.130272775888442993e-02 3.644337952136993408e-01
-1.058116629719734192e-01 -1.917680203914642334e-01 5.137350559234619141e-01
9.188780188560485840e-02 -2.992334067821502686e-01 5.186846256256103516e-01
1.563470661640167236e-01 -1.147225275635719299e-01 3.305053412914276123e-01
1.122544407844543457e-01 1.456847935914993286e-01 7.021797448396682739e-02
3.166443854570388794e-02 2.327932268381118774e-01 7.996395975351333618e-02
1.033277288079261780e-01 1.186870113015174866e-01 8.745245635509490967e-02
2.698725461959838867e-01 -9.497758746147155762e-02 1.187757104635238647e-01
2.874686717987060547e-01 -2.411542534828186035e-01 6.318254023790359497e-02
3.066019117832183838e-01 -2.673154473304748535e-01 -1.163701266050338745e-01
1.597607880830764771e-01 -1.466783881187438965e-01 -3.063663542270660400e-01
1.524067763239145279e-02 -4.992684349417686462e-02 -3.216699957847595215e-01
-1.063554286956787109e-01 -3.750436753034591675e-02 -1.010577827692031860e-01
-3.102623820304870605e-01 -2.269688993692398071e-02 3.150038048624992371e-02
-2.895284593105316162e-01 1.223121955990791321e-01 2.166080921888351440e-01
-7.114303857088088989e-02 4.012121856212615967e-01 1.108648627996444702e-01
1.376167982816696167e-01 5.440818667411804199e-01 -4.433481395244598389e-02
2.532411217689514160e-01 5.400531888008117676e-01 2.154747843742370605e-01
1.654998362064361572e-01 3.587161302566528320e-01 3.784275352954864502e-01
6.129487976431846619e-02 9.903271496295928955e-02 5.416604280471801758e-01
5.700696259737014771e-02 -1.329695880413055420e-01 4.736351370811462402e-01
1.118205934762954712e-01 -2.291498333215713501e-01 1.784180700778961182e-01
7.730852812528610229e-02 -1.906220018863677979e-01 1.081058979034423828e-01
-3.823849186301231384e-02 -1.330488771200180054e-01 6.370580941438674927e-02
-5.597480013966560364e-02 -7.061335444450378418e-02 7.745427638292312622e-02
-2.716830000281333923e-02 -8.305484801530838013e-02 -8.646249026060104370e-02
1.180146634578704834e-01 -4.780241101980209351e-02 -2.021174728870391846e-01
1.351650208234786987e-01 8.908203803002834320e-03 -1.412906944751739502e-01
1.779755949974060059e-01 6.579455733299255371e-02 -5.545694008469581604e-02
1.324231028556823730e-01 7.531562447547912598e-02 9.182990342378616333e-02
1.003979668021202087e-01 4.066356644034385681e-02 6.990212947130203247e-02
-1.036571431905031204e-02 -7.788104470819234848e-03 -1.622224152088165283e-01
-1.970764994621276855e-01 -2.481884062290191650e-01 -3.912335634231567383e-01
-2.733854949474334717e-01 -3.095568418502807617e-01 -3.935080468654632568e-01
-2.180509865283966064e-01 -3.670377135276794434e-01 -3.827084898948669434e-01
-1.462299078702926636e-01 -2.816743254661560059e-01 -3.037604987621307373e-01
-1.335633099079132080e-01 -1.124785169959068298e-01 -1.293840110301971436e-01
4.288194235414266586e-03 -1.541563421487808228e-01 -1.253529191017150879e-01
-8.478951454162597656e-02 -1.528235077857971191e-01 5.444149952381849289e-03
-3.756018355488777161e-02 -1.141540557146072388e-01 -6.445778906345367432e-02
-1.340154111385345459e-01 -4.845326393842697144e-02 -1.366011053323745728e-01
-2.424763292074203491e-01 6.164982169866561890e-02 -1.193030178546905518e-01
-2.263705246150493622e-02 4.520215094089508057e-02 -8.338026702404022217e-02
-3.694351296871900558e-03 -4.392562806606292725e-02 1.403532084077596664e-02
1.381408125162124634e-01 -1.489528082311153412e-02 7.832518219947814941e-02
-3.576817736029624939e-02 1.730730943381786346e-02 8.878352120518684387e-03
-1.949912756681442261e-01 7.637069374322891235e-02 1.040455475449562073e-01
-7.300202548503875732e-02 -6.986270844936370850e-02 7.116057723760604858e-02
-3.562730271369218826e-03 -1.425503641366958618e-01 6.949815154075622559e-02
7.638910412788391113e-02 9.479864500463008881e-03 8.204213529825210571e-02
2.088760025799274445e-02 1.080855652689933777e-01 -6.000149622559547424e-02
-7.714681327342987061e-02 7.298743724822998047e-02 2.552068419754505157e-02
-1.020023673772811890e-01 -8.135670423507690430e-02 6.868916749954223633e-02
3.052360750734806061e-02 -1.604850888252258301e-01 1.619633883237838745e-01
-7.910471409559249878e-02 -4.140585288405418396e-02 5.116788670420646667e-02
-1.078026071190834045e-01 6.998444348573684692e-02 -9.058766812086105347e-02
-1.669271737337112427e-01 1.016992554068565369e-01 -9.477046132087707520e-02
-1.684360057115554810e-01 1.286136806011199951e-01 -1.755506843328475952e-01
2.143830759450793266e-03 1.349515616893768311e-01 -1.115495786070823669e-01
7.423392962664365768e-03 8.588532358407974243e-02 -1.318501234054565430e-01
