4.621284902095794678e-01 3.998054936528205872e-02 -5.687869191169738770e-01
4.299562275409698486e-01 4.091878607869148254e-02 -5.799700021743774414e-01
4.010340571403503418e-01 4.888874478638172150e-03 -5.957188010215759277e-01
3.003972172737121582e-01 3.026996180415153503e-02 -6.002204418182373047e-01
1.815933138132095337e-01 5.994976963847875595e-03 -5.811188817024230957e-01
8.132535964250564575e-02 1.546350121498107910e-01 -5.027900338172912598e-01
5.747537314891815186e-02 1.626474112272262573e-01 -4.317787289619445801e-01
-1.051381044089794159e-02 2.002926319837570190e-01 -3.614813983440399170e-01
7.447652518749237061e-02 9.704408049583435059e-02 -3.729459047317504883e-01
1.054390072822570801e-01 1.121724545955657959e-01 -3.878183364868164062e-01
2.235092669725418091e-01 1.015209555625915527e-01 -2.644644677639007568e-01
3.315668404102325439e-01 1.316231787204742432e-01 -2.552716135978698730e-01
3.440830707550048828e-01 1.061067804694175720e-01 -2.165274173021316528e-01
2.960319221019744873e-01 1.190985888242721558e-01 -2.273398786783218384e-01
3.248782753944396973e-01 1.063049733638763428e-01 -1.910516172647476196e-01
3.034095466136932373e-01 1.312215626239776611e-01 -2.049460858106613159e-01
2.783722877502441406e-01 1.274390816688537598e-01 -2.469297349452972412e-01
1.848601102828979492e-01 1.202408000826835632e-01 -2.522519528865814209e-01
1.462892144918441772e-01 2.243639677762985229e-01 -2.843093872070312500e-01
6.335923820734024048e-02 2.036010921001434326e-01 -3.725768625736236572e-01
-2.807794325053691864e-02 1.827279925346374512e-01 -3.732295036315917969e-01
-9.535069018602371216e-02 1.750924438238143921e-01 -3.950462639331817627e-01
-1.053368300199508667e-01 1.640697270631790161e-01 -4.317184388637542725e-01
-9.089951217174530029e-02 1.530634760856628418e-01 -4.125784039497375488e-01
-4.362917318940162659e-02 1.791302412748336792e-01 -4.223445653915405273e-01
-2.220147475600242615e-02 2.055837213993072510e-01 -4.198802411556243896e-01
-6.423281878232955933e-02 1.405931264162063599e-01 -4.579515457153320312e-01
-3.708774596452713013e-02 1.211113631725311279e-01 -5.161368846893310547e-01
-1.410372555255889893e-02 1.563403755426406860e-01 -5.781205892562866211e-01
-3.670879080891609192e-02 1.874312907457351685e-01 -6.106889843940734863e-01
8.536309935152530670e-03 1.833634823560714722e-01 -5.874255895614624023e-01
-3.294217213988304138e-02 1.523250043392181396e-01 -4.760760068893432617e-01
-7.151816040277481079e-02 1.837654411792755127e-02 -5.556362867355346680e-01
3.617760166525840759e-02 3.689167276024818420e-02 -4.872365593910217285e-01
6.991720199584960938e-02 1.171295344829559326e-01 -4.231859147548675537e-01
-2.227600514888763428e-01 6.880038231611251831e-02 -4.034640789031982422e-01
-2.020478695631027222e-01 6.173063069581985474e-02 -3.807536065578460693e-01
-2.118200510740280151e-01 1.404232531785964966e-01 -3.402985930442810059e-01
-1.816994398832321167e-01 -1.138081699609756470e-01 -2.770811319351196289e-01
-2.980161309242248535e-01 -3.875670433044433594e-01 2.157301269471645355e-02
-2.410648018121719360e-01 -6.272469758987426758e-01 1.656376421451568604e-01
-2.681028246879577637e-01 -6.734881997108459473e-01 1.522870361804962158e-01
-1.700388491153717041e-01 -5.906234383583068848e-01 1.066370680928230286e-01
-6.528742611408233643e-02 -5.021803975105285645e-01 1.791137605905532837e-01
6.878326088190078735e-02 -7.106509804725646973e-02 2.496034353971481323e-01
-6.686823070049285889e-02 2.366510480642318726e-01 4.010908603668212891e-01
-1.124314740300178528e-01 2.880406081676483154e-01 3.497219681739807129e-01
-1.875339448451995850e-01 3.383950293064117432e-01 3.367322385311126709e-01
-2.682263255119323730e-01 3.967401385307312012e-01 2.584497630596160889e-01
-2.956292927265167236e-01 3.646803796291351318e-01 1.665879487991333008e-01
-3.382801115512847900e-01 4.357302188873291016e-01 1.366692334413528442e-01
-3.794572055339813232e-01 4.223148226737976074e-01 2.100775241851806641e-01
-3.580847680568695068e-01 3.814236819744110107e-01 2.654066383838653564e-01
-3.553763031959533691e-01 3.697525858879089355e-01 2.606860101222991943e-01
-2.865006029605865479e-01 3.768007457256317139e-01 4.033043086528778076e-01
-2.342191636562347412e-01 3.943841755390167236e-01 3.847324252128601074e-01
4.502983018755912781e-02 2.452348321676254272e-01 2.938212156295776367e-01
2.518637776374816895e-01 1.196855753660202026e-01 4.846000671386718750e-01
3.135636150836944580e-01 1.317149251699447632e-01 4.955393075942993164e-01
3.089698255062103271e-01 1.190879493951797485e-01 4.766944944858551025e-01
2.859509885311126709e-01 1.428819894790649414e-01 4.545056521892547607e-01
3.470281958580017090e-01 8.314403891563415527e-02 4.496491849422454834e-01
3.876596689224243164e-01 8.497352898120880127e-02 4.724221527576446533e-01
3.847288489341735840e-01 1.029520258307456970e-01 4.512619972229003906e-01
3.883262574672698975e-01 7.738333940505981445e-02 4.256973564624786377e-01
3.636494874954223633e-01 6.218523532152175903e-02 3.905418217182159424e-01
3.667368292808532715e-01 6.317842751741409302e-02 3.949632942676544189e-01
3.929718434810638428e-01 8.199512958526611328e-02 4.326574504375457764e-01
4.338581860065460205e-01 7.953601330518722534e-02 4.193851351737976074e-01
4.016970694065093994e-01 4.975671321153640747e-02 4.279851317405700684e-01
3.368296325206756592e-01 2.121108816936612129e-03 4.444359838962554932e-01
2.325489968061447144e-01 -2.014513760805130005e-01 3.850101232528686523e-01
-1.855992525815963745e-01 -2.813800871372222900e-01 1.989517807960510254e-01
-3.287455737590789795e-01 -3.556798696517944336e-01 2.972658574581146240e-01
-5.214161872863769531e-01 -4.157119393348693848e-01 2.173534184694290161e-01
-5.409064292907714844e-01 -4.220415949821472168e-01 2.021263986825942993e-01
-5.330178737640380859e-01 -4.232209920883178711e-01 1.725294291973114014e-01
-5.691803693771362305e-01 -4.421109259128570557e-01 1.771965920925140381e-01
-5.496725440025329590e-01 -4.176605939865112305e-01 1.687327027320861816e-01
-5.447286367416381836e-01 -3.644825518131256104e-01 1.084345132112503052e-01
-6.493155956268310547e-01 -3.879026770591735840e-01 2.125765979290008545e-01
-5.994738340377807617e-01 -3.976407349109649658e-01 1.581749618053436279e-01
-5.680097341537475586e-01 -3.789958059787750244e-01 9.975911676883697510e-02
-5.792330503463745117e-01 -3.245086371898651123e-01 1.566368341445922852e-01
-5.505439043045043945e-01 -3.383067250251770020e-01 1.998630166053771973e-01
-5.827068686485290527e-01 -4.192168116569519043e-01 1.227321177721023560e-01
-5.464960336685180664e-01 -3.661544024944305420e-01 2.679340541362762451e-01
-5.517397522926330566e-01 -3.198708891868591309e-01 1.346360445022583008e-01
-5.446824431419372559e-01 -3.864637911319732666e-01 1.630252152681350708e-01
-5.267329812049865723e-01 -4.400053620338439941e-01 2.195892035961151123e-01
-5.557833313941955566e-01 -4.685589373111724854e-01 1.273019909858703613e-01
-5.741032958030700684e-01 -5.155720710754394531e-01 9.541402757167816162e-02
-5.700243115425109863e-01 -4.764388799667358398e-01 2.148301154375076294e-01
-5.452340841293334961e-01 -5.593237876892089844e-01 2.055989205837249756e-01
-6.220473051071166992e-01 -5.806910991668701172e-01 1.221675723791122437e-01
-6.500769853591918945e-01 -6.432503461837768555e-01 1.203573718667030334e-01
-6.001710295677185059e-01 -6.270701289176940918e-01 1.354624330997467041e-01
-5.581529140472412109e-01 -5.326749086380004883e-01 6.370715051889419556e-02
