7.367385178804397583e-02 -4.267929121851921082e-02 -8.593168109655380249e-02
1.847331076860427856e-01 1.097635254263877869e-01 -2.293431013822555542e-02
2.462046742439270020e-01 3.288265764713287354e-01 1.160921454429626465e-01
2.285991907119750977e-01 4.573909640312194824e-01 2.539323270320892334e-01
2.908685244619846344e-02 3.305397033691406250e-01 2.200464457273483276e-01
-1.551275253295898438e-01 -1.229629665613174438e-01 1.199500039219856262e-01
-2.429218739271163940e-01 -4.717813134193420410e-01 1.706176698207855225e-01
-2.646115422248840332e-01 -5.316044092178344727e-01 2.562869489192962646e-01
-1.737720221281051636e-01 -2.907160222530364990e-01 2.776047885417938232e-01
-1.324028819799423218e-01 1.236192211508750916e-01 4.295058920979499817e-02
-4.695807397365570068e-02 3.443526327610015869e-01 -3.436253368854522705e-01
6.461679935455322266e-02 3.383885025978088379e-01 -3.981969058513641357e-01
1.035602465271949768e-01 1.259454041719436646e-01 -3.342964649200439453e-01
1.485850363969802856e-01 1.622871495783329010e-02 -2.321715056896209717e-01
1.418738514184951782e-01 8.622835576534271240e-02 -2.557102143764495850e-01
8.046355843544006348e-02 2.146084904670715332e-01 -3.804426789283752441e-01
4.998574033379554749e-02 3.273389041423797607e-01 -3.861048221588134766e-01
-1.653129421174526215e-02 1.709688901901245117e-01 -2.514738440513610840e-01
-2.057288587093353271e-02 -1.543071120977401733e-01 3.153980523347854614e-02
-6.070857401937246323e-03 -2.987228035926818848e-01 2.444569170475006104e-01
1.498870900832116604e-03 -3.105846345424652100e-01 3.015954196453094482e-01
-2.221580781042575836e-02 -1.233218461275100708e-01 3.168319463729858398e-01
-8.409266918897628784e-02 5.176831036806106567e-02 2.870147526264190674e-01
-4.179578274488449097e-02 1.021579094231128693e-02 2.183065414428710938e-01
2.945286594331264496e-02 -1.132943704724311829e-01 1.109691485762596130e-01
4.373244941234588623e-02 -2.592908442020416260e-01 -3.979794681072235107e-02
-7.226984202861785889e-02 -3.099568188190460205e-01 -8.225058019161224365e-02
-2.259272783994674683e-01 -1.615488082170486450e-01 -3.542093187570571899e-02
-1.782188266515731812e-01 -3.317042067646980286e-02 9.710796922445297241e-02
7.224085181951522827e-02 2.061302773654460907e-02 2.863559722900390625e-01
2.636398673057556152e-01 7.004465162754058838e-02 3.099458217620849609e-01
1.804107278585433960e-01 1.278737783432006836e-01 1.553276330232620239e-01
-1.481684595346450806e-01 3.826502859592437744e-01 -1.764674484729766846e-01
-2.690041363239288330e-01 5.527687668800354004e-01 -4.447463154792785645e-01
-9.404821321368217468e-03 4.903175830841064453e-01 -4.044475853443145752e-01
3.227158188819885254e-01 1.708547621965408325e-01 -4.897048696875572205e-02
3.381494581699371338e-01 -1.957286596298217773e-01 2.254071086645126343e-01
6.695603579282760620e-02 -2.859987318515777588e-01 1.755207329988479614e-01
-3.716223835945129395e-01 -1.511348038911819458e-01 -1.460245698690414429e-01
-4.335965216159820557e-01 -4.517209529876708984e-02 -2.382039874792098999e-01
-2.236689180135726929e-01 -3.289522230625152588e-02 -1.313868537545204163e-02
-8.507615327835083008e-02 -2.825864218175411224e-02 2.714825570583343506e-01
1.626631617546081543e-02 4.047611355781555176e-02 3.165560662746429443e-01
-1.133224442601203918e-01 6.491113454103469849e-02 4.446961358189582825e-02
-1.459756940603256226e-01 -5.743091180920600891e-02 -2.807179689407348633e-01
-2.315103635191917419e-02 -2.881014049053192139e-01 -4.050395190715789795e-01
1.541055738925933838e-01 -3.560545146465301514e-01 -3.071954250335693359e-01
3.353895545005798340e-01 -2.619891166687011719e-01 -4.861152544617652893e-02
3.447831571102142334e-01 3.180611506104469299e-02 1.795083135366439819e-01
2.895472347736358643e-01 3.490781784057617188e-01 2.397477328777313232e-01
1.364687681198120117e-01 4.186536669731140137e-01 2.396167367696762085e-01
-4.984177649021148682e-02 2.273420840501785278e-01 2.996833920478820801e-01
-2.034385800361633301e-01 -2.556718289852142334e-01 3.685658872127532959e-01
-4.191785454750061035e-01 -4.087577760219573975e-01 3.304890394210815430e-01
-5.205306410789489746e-01 -3.333570063114166260e-01 7.793492078781127930e-02
-5.147240161895751953e-01 3.120961971580982208e-02 -2.355858832597732544e-01
-2.673108577728271484e-01 3.476677536964416504e-01 -4.172526299953460693e-01
2.796296477317810059e-01 2.462831586599349976e-01 -4.510156810283660889e-01
4.704152345657348633e-01 1.051897406578063965e-01 -3.177306056022644043e-01
4.671511054039001465e-01 -5.311070382595062256e-02 -1.275873333215713501e-01
3.050607740879058838e-01 -7.695982605218887329e-02 4.412300884723663330e-02
9.490106999874114990e-02 -5.472080782055854797e-02 7.293633371591567993e-02
5.604618415236473083e-02 -1.800443232059478760e-01 2.692166529595851898e-02
1.771828159689903259e-02 -2.085752189159393311e-01 1.296901609748601913e-02
-1.994286850094795227e-02 -1.297207325696945190e-01 5.272922664880752563e-02
-8.061242103576660156e-02 6.559838354587554932e-02 1.186854466795921326e-01
-8.081836253404617310e-02 1.860408186912536621e-01 9.180594235658645630e-02
8.285302668809890747e-02 1.023538485169410706e-01 -1.387591287493705750e-02
3.126758635044097900e-01 4.642615094780921936e-03 -2.321731746196746826e-01
4.292448759078979492e-01 -5.379667878150939941e-02 -3.129174709320068359e-01
3.980275690555572510e-01 -5.188185349106788635e-02 -2.990382611751556396e-01
1.262710392475128174e-01 -1.182186882942914963e-02 -1.535913944244384766e-01
-2.604964077472686768e-01 -7.336728274822235107e-03 1.266141980886459351e-01
-3.951400220394134521e-01 -3.843908756971359253e-02 1.668309718370437622e-01
-3.659742176532745361e-01 7.905627787113189697e-02 1.596334874629974365e-01
-1.943742185831069946e-01 1.134304702281951904e-01 9.403576701879501343e-02
2.532558143138885498e-02 1.013700515031814575e-01 7.379593700170516968e-02
7.706561684608459473e-02 8.702540397644042969e-02 1.520653665065765381e-01
-2.497368492186069489e-02 -8.734110742807388306e-02 1.167451292276382446e-01
-1.358601748943328857e-01 -5.901651084423065186e-02 3.080648556351661682e-02
-2.106766104698181152e-01 -4.175380989909172058e-02 -3.054541349411010742e-02
-8.415442705154418945e-02 6.366661284118890762e-03 -3.480724245309829712e-02
9.819804877042770386e-02 1.600141078233718872e-01 4.829371720552444458e-02
9.263847768306732178e-02 1.122454628348350525e-01 1.230268552899360657e-02
3.139602020382881165e-02 7.161188125610351562e-02 -8.300966769456863403e-02
-9.033896774053573608e-02 -4.308500513434410095e-02 -6.944974511861801147e-02
-1.847213134169578552e-02 -2.047600001096725464e-01 -4.613179771695286036e-04
8.666429668664932251e-02 -1.468431353569030762e-01 9.884875267744064331e-02
8.123496919870376587e-02 -2.861522138118743896e-02 3.331663459539413452e-02
-2.015365846455097198e-02 8.618322759866714478e-02 -1.113775968551635742e-01
-8.061652630567550659e-02 1.084591522812843323e-01 -1.053368598222732544e-01
8.227226883172988892e-02 -5.885019898414611816e-02 3.110791789367794991e-03
2.026153802871704102e-01 -1.560371071100234985e-01 1.088784560561180115e-01
1.997921615839004517e-01 -1.176448091864585876e-01 1.294589340686798096e-01
-4.004178941249847412e-02 -2.688874676823616028e-02 7.386253774166107178e-02
-2.160701602697372437e-01 6.531537324190139771e-02 5.744050256907939911e-03
-2.192774862051010132e-01 5.919426679611206055e-02 -2.346439287066459656e-02
-1.370352655649185181e-01 3.554927185177803040e-02 -3.792050480842590332e-02
