-5.300781130790710449e-02 -8.205109834671020508e-02 1.665453612804412842e-02
-8.192818611860275269e-02 -5.980143323540687561e-02 4.686340689659118652e-02
-4.931873176246881485e-03 -1.900806464254856110e-02 1.254507154226303101e-01
1.045475304126739502e-01 2.046529501676559448e-01 2.769548296928405762e-01
3.153225481510162354e-01 3.264076411724090576e-01 3.464707434177398682e-01
2.931022942066192627e-01 4.264861643314361572e-01 3.370045125484466553e-01
3.634281754493713379e-01 3.960660398006439209e-01 2.178292572498321533e-01
2.905750274658203125e-01 2.351608127355575562e-01 7.292371243238449097e-02
1.044712215662002563e-01 4.629193246364593506e-02 -9.099242091178894043e-02
-4.272770136594772339e-02 -4.685960710048675537e-02 -8.624086529016494751e-02
-2.168116718530654907e-01 -6.078994367271661758e-03 7.551491726189851761e-03
-5.202803760766983032e-02 -4.342987760901451111e-02 8.197507262229919434e-02
1.188716664910316467e-02 -9.135248139500617981e-03 7.571464776992797852e-02
5.073678120970726013e-02 -3.305259346961975098e-02 -4.968033358454704285e-02
1.097024306654930115e-01 -5.129750445485115051e-02 -8.989173918962478638e-02
4.245502129197120667e-02 -3.108073770999908447e-02 -9.146001935005187988e-02
3.896073671057820320e-03 -5.901340767741203308e-02 1.681851572357118130e-03
-2.495802007615566254e-02 -4.975999891757965088e-02 3.576116403564810753e-03
-1.256249994039535522e-01 -1.773903146386146545e-02 1.309585105627775192e-02
-1.561623960733413696e-01 -2.082890085875988007e-02 -6.780299008823931217e-04
-1.918556988239288330e-01 -5.666302889585494995e-02 -2.620227448642253876e-02
-2.404128015041351318e-01 -8.534576743841171265e-02 4.089485853910446167e-02
-1.265019923448562622e-01 -6.615675240755081177e-02 1.009553074836730957e-01
-5.095858499407768250e-02 -6.602810323238372803e-02 1.126820966601371765e-01
-2.575524523854255676e-02 -4.619551450014114380e-02 9.284007549285888672e-02
5.534201860427856445e-03 -2.251502498984336853e-02 2.661922760307788849e-02
-1.453351043164730072e-02 4.578166455030441284e-02 3.349560499191284180e-02
1.828780025243759155e-02 1.988548487424850464e-01 4.889393970370292664e-02
1.539456248283386230e-01 1.703075915575027466e-01 -4.112714901566505432e-02
2.087588310241699219e-01 -7.258514314889907837e-02 -2.037350237369537354e-01
2.633074522018432617e-01 -2.589548826217651367e-01 -2.093220055103302002e-01
2.525008320808410645e-01 -2.939825952053070068e-01 -1.807446926832199097e-01
1.858660727739334106e-01 -2.461341172456741333e-01 -2.047909647226333618e-01
1.534613501280546188e-02 -1.765401214361190796e-01 -1.582283228635787964e-01
-1.859131902456283569e-01 -2.273210510611534119e-02 -1.271828562021255493e-01
-3.634888231754302979e-01 2.758076041936874390e-02 1.568843238055706024e-02
-3.692725002765655518e-01 -9.627321735024452209e-03 6.117836758494377136e-02
-1.713987886905670166e-01 -1.592908352613449097e-01 1.983276009559631348e-02
-5.667432025074958801e-02 -2.571969330310821533e-01 -5.683531984686851501e-02
7.088071107864379883e-02 -3.137002512812614441e-02 -6.839022785425186157e-02
2.893998026847839355e-01 2.560238242149353027e-01 -2.381758205592632294e-02
1.045499816536903381e-01 3.678198456764221191e-01 -3.814952913671731949e-03
-1.997801661491394043e-02 2.341850399971008301e-01 3.430063650012016296e-02
-2.709950208663940430e-01 -2.756633050739765167e-02 -1.007717698812484741e-01
-4.409270584583282471e-01 -2.095199525356292725e-01 -2.726026177406311035e-01
-3.073610663414001465e-01 -1.914067715406417847e-01 -4.160983562469482422e-01
-2.187089473009109497e-01 -8.496795594692230225e-02 -4.251365363597869873e-01
-4.778624325990676880e-02 -4.532809555530548096e-02 -2.894603610038757324e-01
-1.767984218895435333e-02 -3.363655880093574524e-02 -9.615513682365417480e-02
-4.931079223752021790e-02 -2.978706546127796173e-02 1.160800606012344360e-01
-5.795788019895553589e-02 1.020797342061996460e-02 2.144355922937393188e-01
-1.178539469838142395e-01 5.091604776680469513e-03 3.066076934337615967e-01
-1.993095315992832184e-02 2.293408848345279694e-02 3.826385140419006348e-01
1.908817440271377563e-01 1.629239469766616821e-01 4.395434260368347168e-01
3.959472477436065674e-01 1.736579835414886475e-01 4.343005716800689697e-01
5.270300507545471191e-01 1.091120168566703796e-01 3.522821664810180664e-01
4.589774310588836670e-01 7.663614302873611450e-02 2.540813684463500977e-01
2.370373159646987915e-01 7.512557506561279297e-02 6.619598716497421265e-02
-3.687555203214287758e-03 2.032646983861923218e-01 2.787653543055057526e-02
-1.635097116231918335e-01 2.220152020454406738e-01 1.040539592504501343e-01
-1.413808166980743408e-01 1.811180114746093750e-01 1.912870705127716064e-01
-3.273690864443778992e-02 7.086888700723648071e-02 1.866765469312667847e-01
-7.508743554353713989e-02 -1.939812675118446350e-02 4.333075135946273804e-02
-1.331541985273361206e-01 -3.659379901364445686e-03 -1.300053894519805908e-01
-1.257241517305374146e-01 3.678986057639122009e-02 -2.193139046430587769e-01
-7.123582810163497925e-02 1.083641126751899719e-01 -2.226209640502929688e-01
1.140330582857131958e-01 1.406363099813461304e-01 -2.022271454334259033e-01
1.058871969580650330e-01 9.510590881109237671e-02 -1.146303117275238037e-01
-4.624151438474655151e-02 1.676119118928909302e-01 -4.759531933814287186e-03
5.818950384855270386e-02 1.813444495201110840e-02 -9.884157031774520874e-02
3.877273201942443848e-02 -4.391209781169891357e-02 -1.604918837547302246e-01
7.945105433464050293e-02 -5.114199221134185791e-02 -1.961205303668975830e-01
1.056739538908004761e-01 -7.953101396560668945e-02 -1.910035312175750732e-01
-2.013574838638305664e-01 9.099303185939788818e-02 -4.700385034084320068e-02
-1.036652475595474243e-01 -1.712852902710437775e-02 3.173653036355972290e-02
1.413403451442718506e-02 3.895693807862699032e-04 1.522804498672485352e-01
2.681307494640350342e-01 1.142802368849515915e-02 2.528953254222869873e-01
4.864312708377838135e-01 -1.684954948723316193e-02 1.986694931983947754e-01
3.005154728889465332e-01 6.463596969842910767e-02 1.779669970273971558e-01
1.550831943750381470e-01 2.722180262207984924e-02 9.192168712615966797e-02
4.210694879293441772e-02 1.160022104158997536e-03 -6.540460884571075439e-02
-8.690582215785980225e-02 -1.412721071392297745e-02 -2.181858718395233154e-01
-2.545264959335327148e-01 -1.114178150892257690e-01 -3.940749466419219971e-01
-8.873651176691055298e-02 -1.453095674514770508e-01 -4.064917564392089844e-01
2.024375647306442261e-01 -3.163618147373199463e-01 -3.695017099380493164e-01
4.398095309734344482e-01 -4.355996549129486084e-01 -3.223102688789367676e-01
4.227181375026702881e-01 -4.612554311752319336e-01 -2.249514311552047729e-01
1.864383816719055176e-01 -4.342314302921295166e-01 -2.024205625057220459e-01
5.723825469613075256e-02 -2.732887864112854004e-01 -1.343373209238052368e-01
-2.442711405456066132e-02 -1.715761423110961914e-01 -2.923195250332355499e-02
5.079651251435279846e-02 -1.349836438894271851e-01 6.735358387231826782e-02
-9.322586120106279850e-04 -1.199427917599678040e-01 1.647835820913314819e-01
2.280172146856784821e-02 -8.030341565608978271e-02 2.139302641153335571e-01
-3.033276088535785675e-02 -3.886205377057194710e-03 1.772688031196594238e-01
-1.186022683978080750e-01 9.299407899379730225e-02 5.989532917737960815e-02
-1.544735431671142578e-01 5.580864101648330688e-02 -6.077853962779045105e-02
-4.290973022580146790e-02 1.955713629722595215e-01 -2.278082221746444702e-01
6.080191954970359802e-02 2.938703596591949463e-01 -2.398452907800674438e-01
1.100576445460319519e-01 3.158083260059356689e-01 -1.634349077939987183e-01
