-6.679336726665496826e-02 4.006449505686759949e-02 4.016235470771789551e-02
-1.402945220470428467e-01 1.620842516422271729e-02 1.506151407957077026e-01
-3.043313026428222656e-01 -6.894895434379577637e-02 2.347986102104187012e-01
-3.652661144733428955e-01 -1.235651448369026184e-01 2.956294715404510498e-01
-2.889663577079772949e-01 -1.901592612266540527e-01 2.344201803207397461e-01
-1.227827891707420349e-01 -2.037053257226943970e-01 -2.196969650685787201e-02
2.392192631959915161e-01 -1.141193881630897522e-01 -2.398196607828140259e-01
3.868237137794494629e-01 1.763172075152397156e-02 -3.379930257797241211e-01
4.051374495029449463e-01 2.185143530368804932e-01 -2.468267083168029785e-01
2.855295240879058838e-01 2.169955521821975708e-01 -1.192773431539535522e-01
4.648486152291297913e-02 1.031822413206100464e-01 -2.603766322135925293e-02
-4.593275114893913269e-02 -8.026164770126342773e-02 -2.767603471875190735e-02
-6.368334591388702393e-02 -2.061692327260971069e-01 -6.078226864337921143e-02
-1.924662292003631592e-02 -1.489220559597015381e-01 -2.278243936598300934e-02
-3.266054019331932068e-02 -4.173555225133895874e-02 -1.936544291675090790e-02
-4.335442930459976196e-02 5.459966883063316345e-02 -2.207996556535363197e-03
-3.581846365705132484e-03 1.280807405710220337e-01 1.491205114871263504e-02
3.419166803359985352e-02 1.491371691226959229e-01 1.810846477746963501e-02
5.404843389987945557e-02 1.405558586120605469e-01 1.595400273799896240e-02
2.896894467994570732e-03 1.654368788003921509e-01 -1.391004677861928940e-02
-7.560005784034729004e-02 8.736482262611389160e-02 -3.658870235085487366e-02
-9.258297830820083618e-02 -6.403781473636627197e-03 -3.763197362422943115e-02
-7.086437940597534180e-02 -8.425101637840270996e-02 -2.157652936875820160e-02
-1.679438352584838867e-02 -1.376212686300277710e-01 1.139203645288944244e-02
2.336287125945091248e-02 -9.690500795841217041e-02 5.497910454869270325e-02
-5.819542333483695984e-03 -9.773554652929306030e-02 1.535646766424179077e-01
-1.568175479769706726e-02 -1.596709936857223511e-01 1.641912907361984253e-01
3.143087774515151978e-02 -1.893925368785858154e-01 -1.184174511581659317e-02
8.643526583909988403e-02 -1.824746280908584595e-01 -2.390343546867370605e-01
1.781700253486633301e-01 -1.056920439004898071e-01 -3.444445729255676270e-01
2.160288244485855103e-01 -5.675085121765732765e-04 -2.796776294708251953e-01
1.438923776149749756e-01 1.346391588449478149e-01 -4.862217232584953308e-02
9.174253046512603760e-02 2.541249990463256836e-01 1.986387968063354492e-01
-9.837326593697071075e-03 3.318669795989990234e-01 2.589836120605468750e-01
-5.969199910759925842e-02 3.179975748062133789e-01 2.017180770635604858e-01
-7.527506351470947266e-02 1.293911486864089966e-01 3.138577938079833984e-02
-1.243415772914886475e-01 -5.667762458324432373e-02 -1.547257453203201294e-01
-1.372932493686676025e-01 -2.362479269504547119e-01 -9.043470770120620728e-02
-1.888081878423690796e-01 -3.313191831111907959e-01 1.351957023143768311e-01
-1.711345463991165161e-01 -2.099934518337249756e-01 3.253074586391448975e-01
-1.536162793636322021e-01 -3.958895802497863770e-02 2.703380584716796875e-01
2.816741913557052612e-02 2.079353183507919312e-01 -2.683820948004722595e-02
3.007484078407287598e-01 2.875686883926391602e-01 -2.676060795783996582e-01
4.481352567672729492e-01 1.052706390619277954e-01 -3.232213258743286133e-01
3.863559663295745850e-01 -8.841655403375625610e-02 -1.538321822881698608e-01
4.919613897800445557e-02 -1.773920953273773193e-01 9.207281284034252167e-03
-2.801681458950042725e-01 -1.243105605244636536e-01 7.039501518011093140e-02
-4.188273549079895020e-01 4.205853492021560669e-02 3.788078576326370239e-02
-3.755078613758087158e-01 1.138672158122062683e-01 1.398028526455163956e-02
-2.579646706581115723e-01 1.814974397420883179e-01 4.189551249146461487e-02
-2.087861597537994385e-01 1.572292894124984741e-01 4.764121770858764648e-02
-1.895998418331146240e-01 2.866279520094394684e-02 8.348742127418518066e-02
-2.371368259191513062e-01 -1.555006057024002075e-01 5.613921582698822021e-02
-2.042109072208404541e-01 -3.548881113529205322e-01 -6.922216620296239853e-03
-5.798002332448959351e-02 -3.559703528881072998e-01 -5.721281841397285461e-02
1.926305890083312988e-01 -2.071240544319152832e-01 -1.039886698126792908e-01
3.307158946990966797e-01 -3.061135648749768734e-04 3.473952645435929298e-03
2.952082753181457520e-01 1.621813923120498657e-01 1.137237548828125000e-01
2.039172798395156860e-01 1.734221279621124268e-01 1.247715279459953308e-01
1.073435023427009583e-01 1.314913332462310791e-01 3.138331696391105652e-02
1.377158612012863159e-01 9.828213602304458618e-02 -1.042559146881103516e-01
1.846939772367477417e-01 5.082201212644577026e-02 -1.283296793699264526e-01
1.367050856351852417e-01 2.807791903614997864e-02 -7.640745490789413452e-02
2.793275006115436554e-02 -4.177252203226089478e-02 1.388570759445428848e-03
-1.092446297407150269e-01 -1.897859275341033936e-01 5.252433940768241882e-02
-1.530641615390777588e-01 -2.025603353977203369e-01 4.567456245422363281e-02
-1.022145971655845642e-01 -7.768812030553817749e-02 7.777874916791915894e-02
1.521232444792985916e-02 4.614576697349548340e-02 -1.213170355185866356e-03
7.930891215801239014e-02 1.313031315803527832e-01 -9.590836614370346069e-02
7.143156975507736206e-02 3.338516131043434143e-02 -1.461836993694305420e-01
-2.785937115550041199e-02 -6.316813826560974121e-02 -1.743629723787307739e-01
-9.226427227258682251e-02 7.525345683097839355e-02 -3.904293291270732880e-03
-9.252546727657318115e-02 1.450833678245544434e-01 1.119909621775150299e-02
-9.181871265172958374e-02 1.688518673181533813e-01 3.137204563245177269e-03
-1.693903803825378418e-01 3.534807637333869934e-02 -8.914606645703315735e-03
-2.951726317405700684e-01 -2.070594877004623413e-01 -5.678308382630348206e-02
-3.254384994506835938e-01 -1.167152673006057739e-01 7.980439066886901855e-02
-1.839999407529830933e-01 8.625146746635437012e-02 1.092822402715682983e-01
1.605129837989807129e-01 2.831519842147827148e-01 1.248372420668601990e-01
4.173265397548675537e-01 3.214762210845947266e-01 1.186750903725624084e-01
5.032487511634826660e-01 5.948100611567497253e-02 -5.590269342064857483e-02
3.807949423789978027e-01 -2.567662298679351807e-01 -1.663426756858825684e-01
2.841952722519636154e-03 -4.463649392127990723e-01 -3.027527332305908203e-01
-2.539057731628417969e-01 -4.960774183273315430e-01 -4.189396500587463379e-01
-2.924187183380126953e-01 -3.463653922080993652e-01 -3.710173964500427246e-01
-1.830568760633468628e-01 -2.385790273547172546e-02 -2.306581735610961914e-01
-3.862890973687171936e-02 2.495118379592895508e-01 7.908205687999725342e-02
2.263780869543552399e-02 3.482726216316223145e-01 2.649427354335784912e-01
1.503846794366836548e-02 2.354164421558380127e-01 2.833085358142852783e-01
-1.168075017631053925e-02 1.273052990436553955e-01 2.309803664684295654e-01
-3.562933206558227539e-02 1.505969911813735962e-01 1.335120648145675659e-01
1.745651126839220524e-03 1.608588546514511108e-01 1.023354232311248779e-01
7.650464028120040894e-02 1.407644003629684448e-01 1.407989263534545898e-01
1.497186124324798584e-01 5.559890717267990112e-02 1.422124505043029785e-01
1.565321981906890869e-01 -8.741789311170578003e-02 1.582525968551635742e-01
7.413187623023986816e-02 -1.968223750591278076e-01 1.704806983470916748e-01
-3.576535731554031372e-02 -2.277109026908874512e-01 1.454787999391555786e-01
-8.979684114456176758e-02 -1.820431202650070190e-01 1.227526888251304626e-01
-8.674333989620208740e-02 -6.888677924871444702e-02 3.991514444351196289e-02
