-5.727389454841613770e-01 -7.080785036087036133e-01 1.000288352370262146e-01
-4.868531525135040283e-01 -6.828680634498596191e-01 8.134666830301284790e-02
-5.217293500900268555e-01 -6.764478087425231934e-01 1.186762973666191101e-01
-4.680679738521575928e-01 -6.565380692481994629e-01 9.944673627614974976e-02
-4.138702452182769775e-01 -6.301208734512329102e-01 1.112892255187034607e-01
-2.292778939008712769e-01 -6.691190600395202637e-01 2.037720829248428345e-01
1.316938102245330811e-01 -6.075582504272460938e-01 1.648519784212112427e-01
2.836787998676300049e-01 -5.208566188812255859e-01 2.807401418685913086e-01
3.593632876873016357e-01 -5.188950896263122559e-01 8.416172116994857788e-02
4.133533835411071777e-01 -4.885900616645812988e-01 1.618585586547851562e-01
3.482291102409362793e-01 -4.906621575355529785e-01 1.276624798774719238e-01
3.196108937263488770e-01 -4.842873215675354004e-01 2.143433094024658203e-01
3.275874555110931396e-01 -5.007523894309997559e-01 1.785385757684707642e-01
2.899451553821563721e-01 -5.149508118629455566e-01 1.681665033102035522e-01
2.721357643604278564e-01 -4.967202544212341309e-01 1.239736527204513550e-01
2.718472480773925781e-01 -4.903331100940704346e-01 1.265840083360671997e-01
2.586257159709930420e-01 -4.982597529888153076e-01 1.087830886244773865e-01
2.923645377159118652e-01 -5.121502876281738281e-01 9.984640777111053467e-02
2.789981067180633545e-01 -5.084139108657836914e-01 1.193217635154724121e-01
2.688479423522949219e-01 -5.261965394020080566e-01 7.552307844161987305e-02
2.766143679618835449e-01 -5.110780000686645508e-01 1.138441190123558044e-01
3.012181520462036133e-01 -4.692111611366271973e-01 1.225414127111434937e-01
2.790801227092742920e-01 -4.335581064224243164e-01 1.289385259151458740e-01
2.937126457691192627e-01 -4.614856243133544922e-01 1.445080041885375977e-01
3.141016662120819092e-01 -4.455128014087677002e-01 1.665389388799667358e-01
2.829941213130950928e-01 -4.417648613452911377e-01 1.103293672204017639e-01
2.590473890304565430e-01 -3.978738784790039062e-01 1.179561540484428406e-01
3.004182875156402588e-01 -4.176716804504394531e-01 1.349978148937225342e-01
3.221998214721679688e-01 -4.221864044666290283e-01 1.389388144016265869e-01
3.612535297870635986e-01 -4.123207628726959229e-01 9.698053449392318726e-02
3.248312473297119141e-01 -4.147963821887969971e-01 6.736823171377182007e-02
1.806463450193405151e-01 -4.493148624897003174e-01 -2.617870643734931946e-02
3.483791649341583252e-02 -5.452365875244140625e-01 -7.302822917699813843e-02
-2.905952632427215576e-01 -6.118338704109191895e-01 -6.630881689488887787e-03
-4.424615204334259033e-01 -5.581234693527221680e-01 -1.402745395898818970e-02
-5.250844955444335938e-01 -5.278124213218688965e-01 9.076240658760070801e-02
-5.498934388160705566e-01 -5.826879739761352539e-01 1.694735437631607056e-01
-5.765306353569030762e-01 -5.902108550071716309e-01 1.758162379264831543e-01
-6.099197864532470703e-01 -5.247254967689514160e-01 1.850834190845489502e-01
-5.679948925971984863e-01 -5.361437201499938965e-01 1.964475214481353760e-01
-5.500940680503845215e-01 -4.920957684516906738e-01 2.287326604127883911e-01
-4.947933256626129150e-01 -4.361684918403625488e-01 2.281495332717895508e-01
-3.114088177680969238e-01 -3.786637187004089355e-01 2.247106730937957764e-01
-1.399237103760242462e-02 -4.622786492109298706e-02 2.058291435241699219e-01
-1.002030745148658752e-01 8.819522708654403687e-02 1.166388690471649170e-01
-3.281771242618560791e-01 1.598173975944519043e-01 1.786387562751770020e-01
-4.310299158096313477e-01 2.558915019035339355e-01 1.160655468702316284e-01
-4.660736918449401855e-01 3.520581126213073730e-01 1.110276654362678528e-01
-5.181692242622375488e-01 3.785578012466430664e-01 1.262821704149246216e-01
-5.336539745330810547e-01 3.770363330841064453e-01 1.333949118852615356e-01
-4.888022243976593018e-01 3.373837769031524658e-01 1.297432482242584229e-01
-4.512256979942321777e-01 3.221407234668731689e-01 1.916285902261734009e-01
-4.184433817863464355e-01 2.788581848144531250e-01 2.172542214393615723e-01
-3.344546556472778320e-01 2.119271457195281982e-01 2.812753021717071533e-01
-1.323772072792053223e-01 6.629373133182525635e-02 2.550920844078063965e-01
1.121215745806694031e-01 -1.773982192389667034e-03 2.834947407245635986e-01
1.935372501611709595e-01 -1.059450283646583557e-01 1.689815372228622437e-01
2.187916785478591919e-01 -2.367979586124420166e-01 1.174798533320426941e-01
2.602140605449676514e-01 -2.629598379135131836e-01 1.237194687128067017e-01
2.382904291152954102e-01 -2.883736193180084229e-01 1.077446714043617249e-01
2.697624564170837402e-01 -3.493883907794952393e-01 1.338888704776763916e-01
2.908719182014465332e-01 -4.025130271911621094e-01 1.882305592298507690e-01
3.476134240627288818e-01 -4.644211232662200928e-01 1.369811445474624634e-01
3.193324804306030273e-01 -4.994637370109558105e-01 1.480377614498138428e-01
3.367580771446228027e-01 -4.752896428108215332e-01 1.417163014411926270e-01
3.470889329910278320e-01 -4.224385619163513184e-01 1.079167351126670837e-01
3.492603898048400879e-01 -3.910202980041503906e-01 3.262836486101150513e-02
3.817143738269805908e-01 -4.332690238952636719e-01 -4.064168408513069153e-02
4.301966428756713867e-01 -4.789891242980957031e-01 -6.128547340631484985e-02
4.179914891719818115e-01 -4.403291046619415283e-01 -6.643356289714574814e-03
4.412764906883239746e-01 -4.276556670665740967e-01 5.645587667822837830e-02
3.229544758796691895e-01 -5.026438832283020020e-01 -1.521260142326354980e-01
3.767854869365692139e-01 -4.680870175361633301e-01 -7.030650228261947632e-02
3.941101729869842529e-01 -4.364584088325500488e-01 -7.825803756713867188e-02
3.805455565452575684e-01 -4.387247264385223389e-01 -1.342472881078720093e-01
3.256881535053253174e-01 -3.719130158424377441e-01 -1.378853768110275269e-01
3.596593141555786133e-01 -4.771242737770080566e-01 -1.237237975001335144e-01
4.253666698932647705e-01 -4.777649939060211182e-01 -1.640897840261459351e-01
4.822112619876861572e-01 -4.785779714584350586e-01 -2.070721089839935303e-01
5.086945891380310059e-01 -3.879285752773284912e-01 -2.056484520435333252e-01
3.928662538528442383e-01 -1.952480077743530273e-01 1.962340027093887329e-01
3.525162935256958008e-01 8.259478490799665451e-04 2.895301878452301025e-01
2.942991852760314941e-01 1.647181659936904907e-01 2.640191614627838135e-01
6.367599219083786011e-02 3.370545804500579834e-01 3.518425226211547852e-01
6.982813030481338501e-02 4.974137544631958008e-01 1.983475536108016968e-01
1.913686841726303101e-01 4.036003649234771729e-01 -1.272053420543670654e-01
4.124815016984939575e-02 3.614273071289062500e-01 -3.013364970684051514e-01
3.156068548560142517e-02 3.359067440032958984e-01 -4.276394546031951904e-01
4.974269494414329529e-02 3.004392683506011963e-01 -4.864925146102905273e-01
2.700468897819519043e-02 2.497285902500152588e-01 -5.522831678390502930e-01
7.797743380069732666e-02 1.868658512830734253e-01 -5.933949947357177734e-01
1.508090496063232422e-01 1.087072789669036865e-01 -6.089289784431457520e-01
1.375169605016708374e-01 3.742737323045730591e-02 -6.287279725074768066e-01
1.334268599748611450e-01 4.496552050113677979e-02 -6.401797533035278320e-01
1.759684085845947266e-01 3.951139748096466064e-02 -6.079478859901428223e-01
2.039978057146072388e-01 7.664774544537067413e-03 -6.204298138618469238e-01
2.099708616733551025e-01 5.938564240932464600e-02 -6.449753642082214355e-01
2.333884239196777344e-01 1.043029949069023132e-01 -6.570556163787841797e-01
3.785591423511505127e-01 2.020261138677597046e-01 -6.561654210090637207e-01
