1.143223650662559057e-02
7.621491004417061538e-03
0.000000000000000000e+00
0.000000000000000000e+00
0.000000000000000000e+00
0.000000000000000000e+00
1.736803316688302623e-01
3.418704941027876365e-01
3.877558158293494261e-01
2.206583498960279222e-01
0.000000000000000000e+00
0.000000000000000000e+00
0.000000000000000000e+00
0.000000000000000000e+00
1.743134052555725746e-02
1.348920524465014453e-02
1.266784759306671324e-02
7.232883463476425488e-03
0.000000000000000000e+00
0.000000000000000000e+00
1.739175961638746203e-03
5.511660499790067662e-03
1.384399137260615593e-02
6.486128877068385659e-03
2.584460671124755651e-02
6.305779019743402297e-03
0.000000000000000000e+00
0.000000000000000000e+00
0.000000000000000000e+00
0.000000000000000000e+00
0.000000000000000000e+00
2.330251453381678925e-02
2.874997453145554382e-02
0.000000000000000000e+00
0.000000000000000000e+00
0.000000000000000000e+00
0.000000000000000000e+00
0.000000000000000000e+00
0.000000000000000000e+00
3.545434499415875407e-01
6.203177011361437065e-01
5.441100769564052309e-01
2.685546370753347234e-01
0.000000000000000000e+00
0.000000000000000000e+00
0.000000000000000000e+00
0.000000000000000000e+00
0.000000000000000000e+00
2.907192251831479113e-01
5.780494360496710726e-01
6.386794343387431905e-01
3.333007708107315059e-01
0.000000000000000000e+00
0.000000000000000000e+00
0.000000000000000000e+00
0.000000000000000000e+00
3.731798247633891230e-02
3.095726582917719336e-02
7.493869174762409630e-03
0.000000000000000000e+00
0.000000000000000000e+00
0.000000000000000000e+00
0.000000000000000000e+00
0.000000000000000000e+00
0.000000000000000000e+00
0.000000000000000000e+00
0.000000000000000000e+00
0.000000000000000000e+00
9.862054222554395792e-04
1.099703839205147526e-02
3.489902605960076842e-02
5.855543997410628948e-02
6.535256710833542426e-02
2.761585094291296033e-02
0.000000000000000000e+00
0.000000000000000000e+00
2.385023651555702798e-02
7.927338277533729771e-02
1.085237066328835209e-01
9.704179774244961476e-02
3.747699806662348199e-02
0.000000000000000000e+00
0.000000000000000000e+00
0.000000000000000000e+00
0.000000000000000000e+00
0.000000000000000000e+00
1.671557848298278054e-02
5.586958425938821915e-03
5.237614891046267832e-03
2.163390039570911062e-03
9.385681961097470157e-04
1.687436439118811791e-04
2.892366070111956010e-04
2.608912218230677576e-03
1.343000541561282428e-04
0.000000000000000000e+00
0.000000000000000000e+00
0.000000000000000000e+00
0.000000000000000000e+00
0.000000000000000000e+00
5.372961597714586909e-04
0.000000000000000000e+00
0.000000000000000000e+00
0.000000000000000000e+00
4.771432954742838538e-03
7.032033753752716526e-03
2.864129711227177393e-03
0.000000000000000000e+00
0.000000000000000000e+00
0.000000000000000000e+00
0.000000000000000000e+00
0.000000000000000000e+00
0.000000000000000000e+00
7.772290372480835513e-03
6.825782735592410277e-02
6.920535024574937799e-02
1.982063888041488142e-02
0.000000000000000000e+00
0.000000000000000000e+00
0.000000000000000000e+00
0.000000000000000000e+00
4.395231153439910395e-03
0.000000000000000000e+00
0.000000000000000000e+00
0.000000000000000000e+00
2.641614294500851685e-03
4.297388913651912362e-02
7.834251619729651339e-02
0.000000000000000000e+00
0.000000000000000000e+00
0.000000000000000000e+00
0.000000000000000000e+00
3.583812048933470579e-02
9.286197639812542731e-03
9.752272003496659540e-04
0.000000000000000000e+00
0.000000000000000000e+00
3.215025780679502208e-03
3.516697201009289560e-03
3.026163149588600629e-04
0.000000000000000000e+00
0.000000000000000000e+00
0.000000000000000000e+00
0.000000000000000000e+00
0.000000000000000000e+00
2.408684685278102405e-03
7.174491882767849125e-03
1.132693454179367273e-02
1.230299324941692279e-02
1.124878739491725309e-02
1.015326202513026910e-02
8.528438665185912593e-03
6.972060564803469161e-03
7.755793965941274425e-03
7.449941750298854151e-03
0.000000000000000000e+00
0.000000000000000000e+00
0.000000000000000000e+00
0.000000000000000000e+00
0.000000000000000000e+00
0.000000000000000000e+00
2.862265274218772082e-01
4.068100899255928660e-01
