-5.041369199752807617e-01 -6.331712603569030762e-01 8.335603773593902588e-02
-5.559926629066467285e-01 -6.449947953224182129e-01 2.006447464227676392e-01
-5.452252030372619629e-01 -6.832638382911682129e-01 1.668740957975387573e-01
-4.032836854457855225e-01 -6.762862801551818848e-01 1.143148541450500488e-01
-4.249653816223144531e-01 -6.334471702575683594e-01 1.022819802165031433e-01
-3.884350657463073730e-01 -6.560184359550476074e-01 1.226978003978729248e-01
-3.497536182403564453e-01 -6.255463957786560059e-01 5.993037298321723938e-02
-3.272242248058319092e-01 -6.518235206604003906e-01 4.285627603530883789e-02
-1.584884971380233765e-01 -6.766324639320373535e-01 6.308598816394805908e-02
6.809252500534057617e-02 -5.902667641639709473e-01 1.974259316921234131e-01
2.309921085834503174e-01 -4.961138367652893066e-01 3.299940228462219238e-01
3.319614827632904053e-01 -4.304001629352569580e-01 3.411375880241394043e-01
3.384550511837005615e-01 -3.973662555217742920e-01 3.196515440940856934e-01
3.056195676326751709e-01 -4.130170047283172607e-01 3.071073293685913086e-01
3.019670248031616211e-01 -4.731067121028900146e-01 2.600133121013641357e-01
2.859238684177398682e-01 -4.742893874645233154e-01 3.057190179824829102e-01
3.318445086479187012e-01 -4.516214728355407715e-01 2.878705859184265137e-01
3.474768400192260742e-01 -4.403594732284545898e-01 2.863166332244873047e-01
3.582447469234466553e-01 -4.458789229393005371e-01 2.871683239936828613e-01
3.237026333808898926e-01 -4.443472325801849365e-01 2.174611538648605347e-01
3.556467592716217041e-01 -4.310482740402221680e-01 2.514429986476898193e-01
3.333345353603363037e-01 -4.225874245166778564e-01 2.306631356477737427e-01
2.908183634281158447e-01 -4.189403057098388672e-01 1.496784687042236328e-01
2.978088557720184326e-01 -4.279976189136505127e-01 1.826528906822204590e-01
2.805522680282592773e-01 -4.550153613090515137e-01 2.080065608024597168e-01
2.486602813005447388e-01 -4.901869297027587891e-01 1.413543522357940674e-01
2.439542710781097412e-01 -4.945680797100067139e-01 1.444266438484191895e-01
2.523277699947357178e-01 -4.712231457233428955e-01 1.835953742265701294e-01
2.769751846790313721e-01 -4.148842990398406982e-01 2.079226970672607422e-01
2.596525847911834717e-01 -4.129487872123718262e-01 2.260598391294479370e-01
2.355806082487106323e-01 -4.117955863475799561e-01 2.285653650760650635e-01
2.620268464088439941e-01 -4.125719964504241943e-01 2.033931910991668701e-01
2.664931118488311768e-01 -3.958413302898406982e-01 1.594410389661788940e-01
2.746860682964324951e-01 -3.548563122749328613e-01 1.410364508628845215e-01
2.778675258159637451e-01 -3.618110120296478271e-01 1.227988004684448242e-01
2.667845189571380615e-01 -3.381333947181701660e-01 1.784272305667400360e-02
2.453339695930480957e-01 -3.645018041133880615e-01 3.444145992398262024e-02
1.874778419733047485e-01 -4.141933321952819824e-01 1.168029531836509705e-01
2.065867036581039429e-01 -4.425947666168212891e-01 9.279790520668029785e-02
-7.687755674123764038e-02 -4.753791689872741699e-01 -1.463546883314847946e-02
-3.273068368434906006e-01 -5.782237052917480469e-01 2.910850569605827332e-03
-4.164003133773803711e-01 -5.906649231910705566e-01 9.896185249090194702e-02
-5.191558599472045898e-01 -5.892323255538940430e-01 7.914799451828002930e-02
-5.021280646324157715e-01 -5.942424535751342773e-01 1.447626501321792603e-01
-5.503606796264648438e-01 -5.540050864219665527e-01 1.098874583840370178e-01
-5.923799872398376465e-01 -5.577413439750671387e-01 1.790959239006042480e-01
-6.487198472023010254e-01 -5.807562470436096191e-01 1.127981394529342651e-01
-6.459695696830749512e-01 -5.349114537239074707e-01 1.701837182044982910e-01
-5.045278072357177734e-01 -3.344711065292358398e-01 1.929384171962738037e-01
-4.584711194038391113e-01 -2.383291125297546387e-01 1.519198715686798096e-01
-7.744089700281620026e-03 -1.556249707937240601e-01 5.992677435278892517e-02
-1.210114285349845886e-01 1.588750034570693970e-01 1.276619881391525269e-01
-2.783501744270324707e-01 1.569665521383285522e-01 1.260802000761032104e-01
-2.896388769149780273e-01 2.662028074264526367e-01 1.516797244548797607e-01
-3.256092667579650879e-01 3.157768845558166504e-01 1.716848313808441162e-01
-3.920913636684417725e-01 3.884295225143432617e-01 1.717415302991867065e-01
-3.980906009674072266e-01 3.843635022640228271e-01 9.468102455139160156e-02
-3.580912649631500244e-01 3.716643452644348145e-01 9.196116775274276733e-02
-3.289395868778228760e-01 4.106566309928894043e-01 1.477057039737701416e-01
-3.024054765701293945e-01 3.566365242004394531e-01 2.108689099550247192e-01
-2.492731213569641113e-01 2.961080670356750488e-01 3.716152310371398926e-01
-1.421929001808166504e-01 2.767731547355651855e-01 4.071595966815948486e-01
-8.002161979675292969e-03 1.086315587162971497e-01 3.185698091983795166e-01
2.437741011381149292e-01 -2.583492361009120941e-02 2.084298729896545410e-01
2.949474155902862549e-01 -1.066734567284584045e-01 1.231517642736434937e-01
2.865008711814880371e-01 -1.818225234746932983e-01 1.617741584777832031e-01
2.583597600460052490e-01 -2.951667606830596924e-01 1.700381636619567871e-01
2.889524400234222412e-01 -3.789060711860656738e-01 1.633695214986801147e-01
3.057947456836700439e-01 -4.859245419502258301e-01 4.334812983870506287e-02
3.181430697441101074e-01 -5.063279271125793457e-01 5.553714931011199951e-02
3.678935170173645020e-01 -5.112568736076354980e-01 1.119188219308853149e-01
3.838058114051818848e-01 -5.320440530776977539e-01 -6.537206005305051804e-03
4.729639291763305664e-01 -5.429373383522033691e-01 -1.529971044510602951e-02
4.647320508956909180e-01 -5.016995072364807129e-01 -4.100885242223739624e-02
4.764514565467834473e-01 -4.607131779193878174e-01 -7.037691026926040649e-02
5.121192932128906250e-01 -3.962168693542480469e-01 -1.611747220158576965e-02
4.990572333335876465e-01 -1.875899136066436768e-01 2.225069701671600342e-01
4.244112372398376465e-01 -6.183112785220146179e-02 -7.477719336748123169e-02
1.063534710556268692e-02 -2.495972216129302979e-01 -3.123556673526763916e-01
-5.937146022915840149e-02 -1.205202266573905945e-01 -4.136847257614135742e-01
1.233758106827735901e-01 -6.102399155497550964e-02 -5.721442699432373047e-01
2.280594557523727417e-01 -1.325971353799104691e-02 -5.817962288856506348e-01
2.790457308292388916e-01 -3.586568683385848999e-02 -5.661499500274658203e-01
3.022460937500000000e-01 -1.383596938103437424e-02 -5.505805015563964844e-01
3.029926121234893799e-01 5.825508758425712585e-02 -5.613264441490173340e-01
3.012247979640960693e-01 8.144077658653259277e-02 -5.621864795684814453e-01
3.014532029628753662e-01 7.837975770235061646e-02 -5.718763470649719238e-01
3.179427385330200195e-01 1.200133487582206726e-01 -5.483971238136291504e-01
3.489139974117279053e-01 1.266021281480789185e-01 -5.626720786094665527e-01
2.914959788322448730e-01 1.002685576677322388e-01 -5.950661897659301758e-01
2.657838165760040283e-01 5.015688389539718628e-02 -5.989059209823608398e-01
2.987976670265197754e-01 4.387945309281349182e-02 -5.932215452194213867e-01
2.895782291889190674e-01 2.587335929274559021e-02 -5.873854160308837891e-01
2.318753302097320557e-01 -5.659989546984434128e-03 -5.947431921958923340e-01
2.179436385631561279e-01 -3.197413310408592224e-02 -5.946810841560363770e-01
2.818166315555572510e-01 -2.946290560066699982e-02 -5.967417359352111816e-01
2.858669459819793701e-01 -1.897873729467391968e-02 -5.935059189796447754e-01
2.697374820709228516e-01 5.191120505332946777e-02 -5.714438557624816895e-01
2.785388231277465820e-01 9.532251954078674316e-02 -5.703578591346740723e-01
2.559234797954559326e-01 1.301828175783157349e-01 -5.532312989234924316e-01
2.994812726974487305e-01 1.239283308386802673e-01 -5.308299660682678223e-01
3.242695331573486328e-01 9.264529496431350708e-02 -5.287323594093322754e-01
4.208481311798095703e-01 1.234250366687774658e-01 -5.263437032699584961e-01
3.853230774402618408e-01 9.105777740478515625e-02 -5.386356711387634277e-01
3.665799796581268311e-01 7.701240479946136475e-02 -5.132682919502258301e-01
3.643376529216766357e-01 5.417775735259056091e-02 -5.198962688446044922e-01
3.761689066886901855e-01 3.745738789439201355e-02 -5.282831788063049316e-01
3.000836670398712158e-01 6.129688769578933716e-02 -5.344468951225280762e-01
2.343447804450988770e-01 1.551493257284164429e-01 -5.537246465682983398e-01
1.713687926530838013e-01 1.730052381753921509e-01 -5.526831150054931641e-01
5.449764057993888855e-02 2.287040501832962036e-01 -5.101580023765563965e-01
-1.002879999577999115e-02 2.930642962455749512e-01 -4.173491299152374268e-01
7.121472060680389404e-02 3.320054411888122559e-01 -2.370930910110473633e-01
-3.885902464389801025e-02 3.711747527122497559e-01 -9.602015838027000427e-03
-1.027835309505462646e-01 4.934436678886413574e-01 1.417862474918365479e-01
4.718089476227760315e-03 4.966813921928405762e-01 2.485954388976097107e-02
-1.204812899231910706e-01 3.301306366920471191e-01 2.661144733428955078e-01
4.847105219960212708e-02 3.382099866867065430e-01 3.096363842487335205e-01
4.177091643214225769e-02 3.083634376525878906e-01 3.137719035148620605e-01
4.467508941888809204e-02 3.050329089164733887e-01 3.148069977760314941e-01
1.208773255348205566e-01 3.119049966335296631e-01 3.566815257072448730e-01
1.020167469978332520e-01 3.282978236675262451e-01 4.064047038555145264e-01
6.636552512645721436e-02 2.929028272628784180e-01 4.237972497940063477e-01
1.917252987623214722e-01 1.552778780460357666e-01 4.343796372413635254e-01
1.921683996915817261e-01 8.267186582088470459e-02 4.834785759449005127e-01
2.102774530649185181e-01 1.175034493207931519e-01 4.457936584949493408e-01
-1.789408773183822632e-01 9.451483935117721558e-02 4.184029698371887207e-01
9.960266202688217163e-02 2.728134095668792725e-01 4.061280190944671631e-01
6.922590732574462891e-02 2.593854367733001709e-01 3.245376050472259521e-01
-5.886564031243324280e-02 1.972383111715316772e-01 2.936275601387023926e-01
-1.074944362044334412e-01 2.809004187583923340e-01 2.170671671628952026e-01
-1.380795538425445557e-01 2.782126963138580322e-01 1.368590593338012695e-01
-9.558425843715667725e-02 2.356819957494735718e-01 7.337998598814010620e-02
-1.300603002309799194e-01 2.363965660333633423e-01 4.598387330770492554e-02
-1.472020745277404785e-01 2.356763035058975220e-01 4.068580642342567444e-02
-1.391462236642837524e-01 2.129202187061309814e-01 7.105349749326705933e-02
-1.225312203168869019e-01 1.798883527517318726e-01 1.252491772174835205e-01
-1.451303511857986450e-01 2.092727273702621460e-01 1.993140280246734619e-01
-2.960259094834327698e-02 2.008082121610641479e-01 2.832407355308532715e-01
3.576794639229774475e-02 1.754776090383529663e-01 3.925641775131225586e-01
1.564083844423294067e-01 1.411905139684677124e-01 4.598082602024078369e-01
2.709566056728363037e-01 6.570310890674591064e-02 5.174168348312377930e-01
3.604488968849182129e-01 -1.247849967330694199e-02 5.088107585906982422e-01
3.926451802253723145e-01 -9.588907659053802490e-02 4.718350768089294434e-01
3.999111354351043701e-01 -1.062296777963638306e-01 4.631152749061584473e-01
3.848697841167449951e-01 -7.882228493690490723e-02 4.626376926898956299e-01
4.042789638042449951e-01 -7.206054031848907471e-02 4.296327233314514160e-01
3.536817133426666260e-01 -3.987706825137138367e-02 4.187519848346710205e-01
2.839350104331970215e-01 6.306634098291397095e-02 4.598612487316131592e-01
1.524623036384582520e-01 1.949273645877838135e-01 4.452202320098876953e-01
8.221355825662612915e-02 2.622608244419097900e-01 3.495573401451110840e-01
-1.123901084065437317e-02 2.095629870891571045e-01 1.732035428285598755e-01
-3.480672463774681091e-02 1.640934646129608154e-01 -1.109584793448448181e-01
-8.357254415750503540e-02 2.192549556493759155e-01 -2.804128825664520264e-01
-1.018054187297821045e-01 2.063891142606735229e-01 -3.880615234375000000e-01
-6.182336807250976562e-02 1.886558830738067627e-01 -4.199844598770141602e-01
-6.221234798431396484e-02 1.825014650821685791e-01 -4.906029999256134033e-01
-4.445616900920867920e-02 1.613943576812744141e-01 -5.109775662422180176e-01
3.606872633099555969e-02 1.104872301220893860e-01 -5.796886086463928223e-01
6.489456444978713989e-02 2.251123487949371338e-01 -6.542605757713317871e-01
2.043261826038360596e-01 2.158120125532150269e-01 -6.253544688224792480e-01
1.819308847188949585e-01 1.881730705499649048e-01 -6.087750792503356934e-01
4.056199267506599426e-02 2.078287154436111450e-01 -5.755071640014648438e-01
