-2.202402651309967041e-01 3.087848424911499023e-02 6.681898981332778931e-02
-1.420024931430816650e-01 -5.388322100043296814e-02 1.672997623682022095e-01
-4.501928761601448059e-02 -1.452820003032684326e-01 1.338734626770019531e-01
2.381236255168914795e-01 -2.333841025829315186e-01 9.016674757003784180e-02
3.521889150142669678e-01 -1.820682734251022339e-01 1.235147751867771149e-02
3.357460200786590576e-01 -7.655939459800720215e-02 -7.677768170833587646e-02
2.484774291515350342e-01 1.698386967182159424e-01 7.747519016265869141e-02
-1.451254636049270630e-02 3.849129378795623779e-01 1.663815677165985107e-01
-1.036006212234497070e-01 4.564135372638702393e-01 2.769071459770202637e-01
-3.841884434223175049e-02 4.658375382423400879e-01 3.017506897449493408e-01
4.354803636670112610e-02 3.731732666492462158e-01 1.629063636064529419e-01
1.086482405662536621e-01 1.668839603662490845e-01 1.049012970179319382e-02
1.139887347817420959e-01 1.552689238451421261e-03 -9.254015982151031494e-02
4.755269363522529602e-02 -8.097738772630691528e-02 -9.515735507011413574e-02
7.672049850225448608e-02 -5.959190428256988525e-02 -2.907663397490978241e-02
9.367185831069946289e-02 -3.980823606252670288e-02 7.300629513338208199e-04
-2.106578648090362549e-02 -2.100490778684616089e-02 1.708791777491569519e-02
-6.894958019256591797e-02 -8.688528835773468018e-02 -2.315106801688671112e-03
-1.796898245811462402e-01 -7.998821139335632324e-02 -1.368233375251293182e-02
-1.518323570489883423e-01 -7.346888631582260132e-02 -3.072913736104965210e-03
-8.851287513971328735e-02 -1.439065635204315186e-01 -6.372091174125671387e-02
-1.605660021305084229e-01 -1.111212819814682007e-01 -2.882976643741130829e-02
-2.184263169765472412e-01 -8.416823297739028931e-02 -2.683133445680141449e-02
-1.824050843715667725e-01 -5.852153897285461426e-02 -3.767094807699322701e-03
-8.166278153657913208e-02 -1.681141369044780731e-02 1.844854839146137238e-02
-3.411474078893661499e-02 1.018673647195100784e-03 -1.009120047092437744e-02
-9.254106879234313965e-02 3.106302022933959961e-02 2.369311405345797539e-03
-1.309873312711715698e-01 5.601093545556068420e-02 7.117607444524765015e-02
-3.380545601248741150e-02 2.069293707609176636e-02 1.141782402992248535e-01
1.077646166086196899e-01 3.006713278591632843e-02 1.267024427652359009e-01
1.432108432054519653e-01 4.931518808007240295e-02 4.269903525710105896e-02
1.160544753074645996e-01 1.210565343499183655e-01 -9.702599048614501953e-02
7.987508922815322876e-02 1.445040553808212280e-01 -1.658539026975631714e-01
4.691765829920768738e-02 8.195602893829345703e-02 -2.888730466365814209e-01
7.766554504632949829e-02 2.504986152052879333e-02 -2.393525838851928711e-01
6.901398301124572754e-02 -1.044066026806831360e-01 -8.115101605653762817e-02
2.094316333532333374e-01 -2.091059982776641846e-01 1.224399432539939880e-01
3.734688162803649902e-01 -3.026947081089019775e-01 1.642323583364486694e-01
2.570819556713104248e-01 -2.803581357002258301e-01 -5.117862299084663391e-02
2.131096459925174713e-02 -1.990238428115844727e-01 -2.047066241502761841e-01
-2.544482052326202393e-01 -1.126708388328552246e-01 -2.378650903701782227e-01
-3.394073843955993652e-01 3.768242895603179932e-02 -8.839809894561767578e-02
-1.322569847106933594e-01 -6.721315532922744751e-02 -5.554162338376045227e-02
-4.056751355528831482e-02 -8.960716426372528076e-02 -8.176232129335403442e-02
-1.196553483605384827e-01 -1.387760788202285767e-01 -1.379815042018890381e-01
-1.870745420455932617e-01 -2.143418639898300171e-01 -1.184296011924743652e-01
-3.378501534461975098e-02 -1.378434002399444580e-01 4.693965241312980652e-02
7.189241051673889160e-02 -9.711674600839614868e-02 6.155226007103919983e-02
2.438583225011825562e-01 2.027913779020309448e-01 1.420043557882308960e-01
4.452359303832054138e-02 3.045499324798583984e-01 6.542002316564321518e-03
-2.111349403858184814e-01 1.705946475267410278e-01 -1.390976011753082275e-01
-2.825695276260375977e-01 4.780596494674682617e-02 -1.670376360416412354e-01
-2.756115198135375977e-01 -1.001115366816520691e-01 -2.049338817596435547e-01
1.913994550704956055e-02 -5.445763096213340759e-02 -5.688815563917160034e-02
1.147057563066482544e-01 2.363865263760089874e-02 -6.933967769145965576e-02
1.532867699861526489e-01 -8.914505131542682648e-03 -6.393579393625259399e-02
9.034911543130874634e-02 5.193671211600303650e-02 -5.236925208009779453e-04
3.833699971437454224e-02 1.035066321492195129e-01 7.262720167636871338e-02
-1.516721546649932861e-01 1.255295872688293457e-01 3.110702335834503174e-01
-2.765636146068572998e-01 1.103298142552375793e-01 3.553938865661621094e-01
-1.784291714429855347e-01 3.979182988405227661e-02 3.788968026638031006e-01
8.547375351190567017e-02 1.216474547982215881e-01 3.788625001907348633e-01
3.183784782886505127e-01 1.151806116104125977e-01 2.416322082281112671e-01
3.060953319072723389e-01 1.236691921949386597e-01 2.154038101434707642e-01
1.792905032634735107e-01 7.253836840391159058e-02 1.282245963811874390e-01
-2.876520855352282524e-03 -7.813052833080291748e-02 1.001377627253532410e-01
2.927331440150737762e-02 -7.631140947341918945e-02 6.802491843700408936e-02
1.560177803039550781e-01 -4.650848358869552612e-02 6.258138921111822128e-03
1.658093631267547607e-01 6.110847741365432739e-02 1.824934780597686768e-02
1.625075638294219971e-01 9.858008474111557007e-02 -8.015322685241699219e-02
3.056365251541137695e-02 1.678506433963775635e-01 -9.028331935405731201e-02
2.475645393133163452e-02 1.727150976657867432e-01 -1.636610478162765503e-01
4.377393051981925964e-02 1.042126044631004333e-01 -1.924562007188796997e-01
1.936492696404457092e-02 1.139964833855628967e-01 -9.753464907407760620e-02
8.343806862831115723e-02 8.201880753040313721e-02 -7.211324572563171387e-02
-8.790950477123260498e-02 2.747628092765808105e-01 -3.254529535770416260e-01
-5.348337441682815552e-02 9.704283624887466431e-02 -5.414028167724609375e-01
3.614164143800735474e-02 -2.233271896839141846e-01 -6.035659909248352051e-01
2.749824225902557373e-01 -4.393444359302520752e-01 -5.157189965248107910e-01
5.490095019340515137e-01 -5.471556782722473145e-01 -1.277589648962020874e-01
5.425626039505004883e-01 -4.113495349884033203e-01 1.217252239584922791e-01
3.776050806045532227e-01 -3.223573267459869385e-01 2.290142029523849487e-01
-5.914917215704917908e-03 -2.249016463756561279e-01 1.822099089622497559e-01
-1.486000269651412964e-01 -1.346085518598556519e-01 9.435965865850448608e-02
-9.567112475633621216e-02 -9.837917983531951904e-02 1.346648641629144549e-04
2.661259204614907503e-04 -4.157181084156036377e-02 2.433049120008945465e-02
8.556289970874786377e-02 4.908627644181251526e-02 3.684378787875175476e-02
1.004011109471321106e-01 7.942783087491989136e-02 -2.065288834273815155e-02
-1.104739611037075520e-03 -2.399394102394580841e-02 -5.740494281053543091e-02
-1.292383372783660889e-01 -1.109432801604270935e-01 -5.270504951477050781e-02
-2.411746829748153687e-01 -1.270033568143844604e-01 2.482443675398826599e-02
-1.722699254751205444e-01 -1.391078233718872070e-01 7.142022997140884399e-02
-5.400321632623672485e-02 -1.022521257400512695e-01 5.213494598865509033e-02
3.803155571222305298e-02 -6.220099702477455139e-02 1.723828958347439766e-03
2.563621662557125092e-02 9.984808973968029022e-03 -2.321425825357437134e-02
-9.085683524608612061e-02 6.230680271983146667e-02 -2.725064940750598907e-02
-7.154643535614013672e-02 4.122881218791007996e-02 -2.722927927970886230e-02
-1.383249461650848389e-01 -1.801786012947559357e-02 -1.590305939316749573e-02
-1.358178853988647461e-01 7.465638336725533009e-04 7.582057267427444458e-02
-8.135197311639785767e-02 6.611387431621551514e-02 1.784222722053527832e-01
-8.642372488975524902e-02 2.336482852697372437e-01 2.024330198764801025e-01
-2.553834021091461182e-02 2.281551510095596313e-01 1.398701071739196777e-01
-1.060353070497512817e-01 1.525706201791763306e-01 5.261861160397529602e-02
-1.934284269809722900e-01 1.552649401128292084e-02 -3.239175677299499512e-02
-1.283560693264007568e-01 -9.542060643434524536e-02 9.525900706648826599e-03
1.146522630006074905e-02 -7.033085078001022339e-02 4.445321857929229736e-02
2.235869318246841431e-01 -9.754686057567596436e-02 -1.983059011399745941e-02
3.304019570350646973e-01 -3.958350419998168945e-02 -9.487859159708023071e-02
3.182680904865264893e-01 3.675773367285728455e-02 -2.552150785923004150e-01
2.962278127670288086e-01 1.574927270412445068e-01 -2.313681095838546753e-01
6.279259175062179565e-02 2.609975636005401611e-01 -5.261905491352081299e-02
-1.183513402938842773e-01 2.850296199321746826e-01 1.119870394468307495e-01
-3.830745220184326172e-01 4.454031288623809814e-01 5.878883227705955505e-02
-4.710467159748077393e-01 5.224479436874389648e-01 -2.292779982089996338e-01
-4.812341928482055664e-01 4.876484274864196777e-01 -1.813135445117950439e-01
-3.709825575351715088e-01 3.182128965854644775e-01 1.406984180212020874e-01
3.059338545426726341e-03 -1.314971596002578735e-01 4.861675798892974854e-01
1.045694053173065186e-01 -3.086730539798736572e-01 5.133923292160034180e-01
2.264510393142700195e-01 -1.919200122356414795e-01 3.930477499961853027e-01
-2.118170261383056641e-02 4.641874134540557861e-02 2.928096950054168701e-01
-1.797717213630676270e-01 1.101154536008834839e-01 1.538254022598266602e-01
-1.134466454386711121e-01 2.825288102030754089e-02 1.167552322149276733e-01
-3.413717448711395264e-02 -1.105330213904380798e-01 9.233985841274261475e-02
5.645011737942695618e-02 -2.118830755352973938e-02 8.915588259696960449e-02
-1.433571279048919678e-01 1.432898547500371933e-02 -4.911257699131965637e-02
-2.635497152805328369e-01 -7.230939716100692749e-02 -1.303395926952362061e-01
-3.102324306964874268e-01 -2.375609725713729858e-01 -1.396457701921463013e-01
-2.519529461860656738e-01 -3.946855664253234863e-01 -2.008823491632938385e-02
-1.140690073370933533e-01 -3.627704381942749023e-01 2.838122844696044922e-02
-7.234793156385421753e-02 -3.165790140628814697e-01 -1.113821193575859070e-01
1.147512644529342651e-01 -1.209597960114479065e-01 -1.388365030288696289e-01
1.097660139203071594e-01 -2.669877558946609497e-02 -1.599535346031188965e-01
7.055887579917907715e-02 1.383313536643981934e-02 -1.087120398879051208e-01
2.396079525351524353e-02 9.624868631362915039e-03 -5.760570988059043884e-02
3.525088354945182800e-02 -4.636624455451965332e-02 3.470540046691894531e-02
1.544520165771245956e-02 -3.886982798576354980e-02 9.994330257177352905e-02
-2.998399548232555389e-02 -4.053535405546426773e-03 1.530552208423614502e-01
-1.139411851763725281e-01 3.640460968017578125e-02 2.369857877492904663e-01
-1.987705379724502563e-01 1.653607189655303955e-01 3.054272532463073730e-01
-1.320420354604721069e-01 3.235564231872558594e-01 3.942343294620513916e-01
1.284587010741233826e-02 3.935230076313018799e-01 3.772627711296081543e-01
3.033477962017059326e-01 3.711557984352111816e-01 2.956488430500030518e-01
4.272201359272003174e-01 1.987559944391250610e-01 2.115803658962249756e-01
3.541532754898071289e-01 4.997778311371803284e-02 7.793142646551132202e-02
1.974764168262481689e-01 -9.720043279230594635e-03 -2.143833786249160767e-02
5.163077265024185181e-02 -8.555478602647781372e-02 -1.031305864453315735e-01
-1.122210025787353516e-01 -9.681497514247894287e-02 -1.824285686016082764e-01
-3.064425289630889893e-01 -1.817169934511184692e-01 -2.464265227317810059e-01
-3.311223387718200684e-01 -2.511323988437652588e-01 -3.280954062938690186e-01
-1.141018196940422058e-01 -3.192102313041687012e-01 -3.757038414478302002e-01
3.168437480926513672e-01 -4.204510748386383057e-01 -4.010734856128692627e-01
3.741168081760406494e-01 -4.480857551097869873e-01 -4.206540584564208984e-01
3.019917309284210205e-01 -4.232633411884307861e-01 -3.672675490379333496e-01
2.154380530118942261e-01 -2.840948998928070068e-01 -2.734716236591339111e-01
6.639837473630905151e-02 -1.680039763450622559e-01 -1.496749520301818848e-01
-8.229280263185501099e-02 -1.317429989576339722e-01 -5.254619941115379333e-02
-1.861662864685058594e-01 -8.625497668981552124e-02 2.238498628139495850e-02
-1.463782936334609985e-01 5.256841704249382019e-02 -1.041783094406127930e-01
-9.079508483409881592e-02 3.094994127750396729e-01 -2.277176529169082642e-01
5.688986554741859436e-02 4.227348566055297852e-01 -2.872557640075683594e-01
-4.215066728647798300e-04 3.729019165039062500e-01 -2.260374277830123901e-01
2.733468264341354370e-02 1.845116913318634033e-01 8.129931055009365082e-03
7.920499145984649658e-02 -1.965587958693504333e-03 6.688314676284790039e-02
