-1.931922882795333862e-01 -1.195300221443176270e-01 6.570463627576828003e-02
-2.186924666166305542e-01 -1.327633559703826904e-01 1.272268127650022507e-02
-1.541978716850280762e-01 -1.132615506649017334e-01 -1.023529935628175735e-02
-4.052105173468589783e-02 -5.249965004622936249e-03 -2.614242769777774811e-02
1.452985219657421112e-02 7.606950122863054276e-03 -2.392636425793170929e-02
1.274405270814895630e-01 -1.255089510232210159e-02 6.397476792335510254e-02
2.362905293703079224e-01 -4.759303480386734009e-02 5.725355446338653564e-02
3.424639105796813965e-01 1.675943136215209961e-01 1.680758446455001831e-01
2.725571691989898682e-01 3.800992369651794434e-01 3.491880893707275391e-01
1.933094561100006104e-01 4.691795110702514648e-01 3.640718460083007812e-01
1.229870915412902832e-01 4.543188810348510742e-01 2.983363866806030273e-01
6.061845272779464722e-02 2.612895369529724121e-01 1.379409581422805786e-01
1.124552935361862183e-01 1.196351274847984314e-01 -2.351438626646995544e-02
6.817544996738433838e-02 2.722791396081447601e-02 -2.151035517454147339e-02
1.093135848641395569e-01 -1.077465638518333435e-01 -1.058578044176101685e-01
8.771646767854690552e-02 -1.744285076856613159e-01 -1.934943050146102905e-01
-8.741792291402816772e-02 -8.477683365345001221e-02 -1.768572032451629639e-01
-7.351607829332351685e-02 2.407309599220752716e-02 -4.890650510787963867e-03
-1.602943800389766693e-02 7.285707443952560425e-02 1.528663188219070435e-01
1.971372216939926147e-02 5.991009995341300964e-02 2.167932242155075073e-01
3.941318392753601074e-02 -5.591003969311714172e-02 1.793323159217834473e-01
-1.750962883234024048e-01 -9.781769663095474243e-02 2.487624622881412506e-02
-2.041641324758529663e-01 -4.545897617936134338e-02 2.022415213286876678e-02
-8.630908280611038208e-02 -3.415334224700927734e-02 5.565137602388858795e-03
2.137463353574275970e-02 5.032751336693763733e-02 2.672347240149974823e-02
6.862303614616394043e-02 1.083832234144210815e-01 1.180188059806823730e-01
-1.966969296336174011e-02 6.304532289505004883e-02 8.235306292772293091e-02
-9.186183661222457886e-02 5.330168455839157104e-02 1.124611198902130127e-01
-8.658897876739501953e-02 -6.297005712985992432e-02 8.959645777940750122e-02
-1.309425085783004761e-01 -1.023865267634391785e-01 -2.788415551185607910e-02
-1.788404136896133423e-01 -8.343315869569778442e-02 -7.421929389238357544e-02
-9.525633603334426880e-02 -1.176530420780181885e-01 -2.217071056365966797e-01
2.527168765664100647e-02 -1.195521056652069092e-01 -2.982829809188842773e-01
1.700994074344635010e-01 -1.942440420389175415e-01 -3.062432706356048584e-01
2.533978521823883057e-01 -1.902408003807067871e-01 -2.008661776781082153e-01
2.828157246112823486e-01 -1.297137886285781860e-01 3.916111309081315994e-04
2.624176442623138428e-01 -1.516717970371246338e-01 6.638461351394653320e-02
1.534480154514312744e-01 -1.423082202672958374e-01 -7.121729105710983276e-02
-1.667364314198493958e-02 -1.365934163331985474e-01 -2.166555672883987427e-01
-2.083015143871307373e-01 -1.192429959774017334e-01 -2.048779726028442383e-01
-3.322263360023498535e-01 -2.953101694583892822e-02 -9.411635249853134155e-02
-3.520987033843994141e-01 -4.271632432937622070e-02 2.019870653748512268e-02
-1.415520161390304565e-01 -1.758148074150085449e-01 -3.943946957588195801e-02
1.479504513554275036e-03 -1.332999467849731445e-01 -4.006190598011016846e-02
2.793357968330383301e-01 2.618735888972878456e-03 1.031026616692543030e-01
1.266372352838516235e-01 2.292010188102722168e-01 1.251899749040603638e-01
-1.898382455110549927e-01 1.689394265413284302e-01 3.343598172068595886e-02
-4.386541545391082764e-01 -7.269923388957977295e-02 -1.623106002807617188e-01
-5.169093012809753418e-01 -2.235770225524902344e-01 -3.275615572929382324e-01
-2.600892186164855957e-01 -1.929167211055755615e-01 -3.634487688541412354e-01
3.431882336735725403e-02 -2.737919427454471588e-02 -2.903177738189697266e-01
1.949985027313232422e-01 4.476504400372505188e-02 -2.273986041545867920e-01
9.781648218631744385e-02 6.999466568231582642e-02 -1.277540326118469238e-01
-6.918212771415710449e-02 5.569424852728843689e-02 2.085298486053943634e-02
-1.880188882350921631e-01 6.049474328756332397e-02 1.464095264673233032e-01
-2.213526070117950439e-01 4.216350987553596497e-02 2.299895435571670532e-01
-2.129482030868530273e-01 8.551106601953506470e-02 2.658716142177581787e-01
-1.731417179107666016e-01 4.701593145728111267e-02 2.530087530612945557e-01
5.361779779195785522e-02 6.985338032245635986e-02 2.059460580348968506e-01
3.327180743217468262e-01 -2.096302993595600128e-02 2.318042367696762085e-01
4.367051422595977783e-01 -1.099724695086479187e-01 1.882963031530380249e-01
5.341508984565734863e-01 -4.554229602217674255e-02 1.753077358007431030e-01
4.526122212409973145e-01 -1.287849619984626770e-03 1.480632573366165161e-01
3.404950797557830811e-01 1.126951947808265686e-01 1.572964936494827271e-01
3.040347695350646973e-01 2.023664563894271851e-01 2.864086627960205078e-01
1.281435042619705200e-01 2.013099640607833862e-01 2.813052833080291748e-01
1.184296160936355591e-01 2.426828593015670776e-01 1.683515310287475586e-01
1.676571816205978394e-01 1.912062615156173706e-01 -1.366710811853408813e-01
1.831046491861343384e-01 4.224990308284759521e-02 -3.652084171772003174e-01
1.629105955362319946e-01 3.519439487718045712e-04 -3.753008544445037842e-01
2.450256049633026123e-02 4.153963923454284668e-02 -2.769060134887695312e-01
-2.356736660003662109e-01 1.974331289529800415e-01 -7.577907294034957886e-02
-3.696815967559814453e-01 3.810481131076812744e-01 -1.189541816711425781e-01
-3.734069168567657471e-01 4.087702035903930664e-01 -1.959388554096221924e-01
-2.699152231216430664e-01 3.700096905231475830e-01 -2.538849711418151855e-01
-1.505671441555023193e-01 3.194571435451507568e-01 -2.134918123483657837e-01
-3.147559985518455505e-02 1.270890831947326660e-01 -5.278889462351799011e-02
-5.579239688813686371e-03 4.587649181485176086e-02 6.525272130966186523e-02
4.637829959392547607e-02 -2.138283252716064453e-01 1.396197080612182617e-01
2.904586195945739746e-01 -4.508452415466308594e-01 2.839679718017578125e-01
3.880499005317687988e-01 -4.536233544349670410e-01 3.299854695796966553e-01
3.989924788475036621e-01 -4.031740427017211914e-01 3.093939423561096191e-01
3.244273960590362549e-01 -2.373046875000000000e-01 3.268703818321228027e-01
1.357555985450744629e-01 -7.682174444198608398e-02 2.803736627101898193e-01
9.677601978182792664e-03 -3.723989054560661316e-02 2.663580775260925293e-01
-1.178852021694183350e-01 -9.169180877506732941e-03 2.323375344276428223e-01
-9.121058881282806396e-02 -1.322211883962154388e-02 1.842349618673324585e-01
-7.634232938289642334e-02 -2.012913301587104797e-02 1.205480471253395081e-01
1.308046132326126099e-01 -3.584640100598335266e-02 4.542812332510948181e-02
1.267106086015701294e-01 -9.798695892095565796e-02 1.141197085380554199e-01
3.307667747139930725e-02 -1.323034316301345825e-01 1.113404333591461182e-01
5.099923163652420044e-02 -1.399789005517959595e-01 4.849482327699661255e-02
-7.152837514877319336e-02 -9.987089037895202637e-02 -3.582414239645004272e-02
-1.137388348579406738e-01 5.947530642151832581e-02 -1.031967476010322571e-01
-2.392029464244842529e-01 1.091571673750877380e-01 -4.701527953147888184e-02
-2.944810390472412109e-01 1.074657663702964783e-01 -5.536267161369323730e-02
-3.292793929576873779e-01 6.882341206073760986e-02 -1.063007190823554993e-01
-2.362318485975265503e-01 2.368229776620864868e-01 -2.928715348243713379e-01
-1.162229552865028381e-01 3.482460677623748779e-01 -3.542008697986602783e-01
-2.721850387752056122e-02 3.522999286651611328e-01 -2.918958365917205811e-01
