-3.805346414446830750e-02 -7.187188416719436646e-02 -3.173826262354850769e-02
-9.032735973596572876e-02 -1.960711628198623657e-01 1.538248080760240555e-02
-1.171030104160308838e-01 -2.434167116880416870e-01 5.834351480007171631e-02
-9.902551770210266113e-02 -1.586251854896545410e-01 8.541844040155410767e-02
-7.810969650745391846e-02 -5.961609259247779846e-02 3.748007863759994507e-02
-1.154404431581497192e-01 3.932581096887588501e-02 5.983384326100349426e-02
-2.372347712516784668e-01 3.859684243798255920e-02 2.275588512420654297e-01
-2.872496545314788818e-01 9.134273044764995575e-03 3.419890999794006348e-01
-1.940705031156539917e-01 4.290195181965827942e-02 3.401924073696136475e-01
2.558053843677043915e-02 1.983587443828582764e-02 8.279509097337722778e-02
2.280943095684051514e-01 -6.110208109021186829e-02 -2.336877435445785522e-01
2.879896163940429688e-01 -5.827130377292633057e-02 -3.404553532600402832e-01
2.668534219264984131e-01 -4.878210276365280151e-02 -3.492097258567810059e-01
2.205810248851776123e-01 -1.706900820136070251e-02 -2.836543619632720947e-01
2.015132904052734375e-01 3.474244102835655212e-02 -1.764042973518371582e-01
9.355705231428146362e-02 1.892245002090930939e-02 -1.250497065484523773e-02
-7.537983357906341553e-02 3.103526681661605835e-02 1.424923837184906006e-01
-2.059666514396667480e-01 4.616817831993103027e-02 1.664524674415588379e-01
-2.406292855739593506e-01 3.832541033625602722e-02 3.617826849222183228e-02
-5.819899216294288635e-02 7.975431531667709351e-02 -8.990461379289627075e-02
9.117595106363296509e-02 1.127979382872581482e-01 -8.627029508352279663e-02
1.325964629650115967e-01 5.561660602688789368e-02 -3.773270547389984131e-02
9.031433612108230591e-02 -1.548467762768268585e-02 7.093740999698638916e-02
-5.245678871870040894e-02 -7.975899428129196167e-02 1.214439049363136292e-01
-8.347081393003463745e-02 -7.898006588220596313e-02 6.736399233341217041e-02
-7.283677905797958374e-02 7.911099120974540710e-03 3.358027338981628418e-02
-4.316405951976776123e-02 5.530195683240890503e-02 -8.164329826831817627e-02
6.667908281087875366e-02 5.086868256330490112e-02 -1.443593800067901611e-01
1.073828265070915222e-01 4.902031645178794861e-02 -1.169177144765853882e-01
1.314488202333450317e-01 -3.872732818126678467e-02 -1.020884141325950623e-01
1.107046529650688171e-01 -1.139053329825401306e-01 -4.495113715529441833e-02
8.809267729520797729e-02 -1.566030085086822510e-01 -6.848237663507461548e-02
7.610960304737091064e-02 -1.310776770114898682e-01 -8.592201769351959229e-02
-4.443318769335746765e-02 -5.683894082903862000e-02 -3.956779837608337402e-02
-1.231818422675132751e-01 -1.876502670347690582e-02 -1.326857786625623703e-02
-1.211796104907989502e-01 -2.957744523882865906e-02 4.084471985697746277e-02
9.983160346746444702e-02 -8.963490108726546168e-05 6.697866320610046387e-02
2.940039932727813721e-01 1.220995336771011353e-01 6.200318410992622375e-02
2.445269525051116943e-01 2.398360222578048706e-01 1.047462522983551025e-01
1.143821142613887787e-02 2.774650156497955322e-01 7.026451826095581055e-02
-2.454961836338043213e-01 1.041229739785194397e-01 -5.455422401428222656e-02
-2.856774926185607910e-01 -1.043803393840789795e-01 -1.091623380780220032e-01
-3.223328292369842529e-01 -2.078932970762252808e-01 -6.027176231145858765e-02
-2.935818135738372803e-01 -1.428218185901641846e-01 1.645356565713882446e-01
-1.198661774396896362e-01 9.937844425439834595e-02 2.683381438255310059e-01
2.439760863780975342e-01 3.050585389137268066e-01 8.481879532337188721e-02
4.648078083992004395e-01 3.378641307353973389e-01 -1.648447215557098389e-01
4.011400938034057617e-01 7.314168661832809448e-02 -2.804058492183685303e-01
8.069036155939102173e-02 -2.743615508079528809e-01 -9.123194962739944458e-02
-2.628303170204162598e-01 -4.542657434940338135e-01 1.111744493246078491e-01
-2.988073527812957764e-01 -3.687612116336822510e-01 1.894272416830062866e-01
-1.709072440862655640e-01 -6.589261814951896667e-03 1.302194595336914062e-01
-4.893786087632179260e-02 2.555597424507141113e-01 2.953612431883811951e-02
-6.877280771732330322e-02 3.617733418941497803e-01 1.098840497434139252e-03
-1.614819914102554321e-01 2.561650574207305908e-01 5.253416486084461212e-03
-1.726613193750381470e-01 8.953781425952911377e-02 -1.817525364458560944e-02
-1.142741218209266663e-01 -1.198076084256172180e-01 -5.171262845396995544e-02
-7.261503487825393677e-02 -2.873023748397827148e-01 -1.335287988185882568e-01
-5.480452626943588257e-02 -3.356989324092864990e-01 -2.199416160583496094e-01
-9.340825676918029785e-02 -3.702911138534545898e-01 -1.919593960046768188e-01
-1.425801962614059448e-01 -2.019618898630142212e-01 -9.461798518896102905e-02
-8.971111476421356201e-02 -3.309680894017219543e-02 1.137883663177490234e-01
-2.607861533761024475e-02 7.804168760776519775e-02 2.504732310771942139e-01
1.411652863025665283e-01 1.667410731315612793e-01 2.337373197078704834e-01
2.326440066099166870e-01 6.109742820262908936e-02 1.829007267951965332e-01
2.756778299808502197e-01 -2.023669891059398651e-02 5.597411468625068665e-02
2.736783325672149658e-01 -1.223697513341903687e-01 -9.702271223068237305e-02
1.975803673267364502e-01 -1.396366506814956665e-01 -1.480249315500259399e-01
1.690672636032104492e-01 4.402229934930801392e-02 -1.161305159330368042e-01
1.686877608299255371e-01 2.913685739040374756e-01 7.581727951765060425e-02
1.091264560818672180e-01 3.730974793434143066e-01 2.719410061836242676e-01
6.657277047634124756e-02 3.057907521724700928e-01 3.058210313320159912e-01
-7.416580338031053543e-03 1.030230298638343811e-01 2.275788784027099609e-01
-1.037818863987922668e-01 -9.665253013372421265e-02 1.987934671342372894e-02
-1.042072847485542297e-01 -1.484894007444381714e-01 -2.045825123786926270e-01
-1.444876194000244141e-01 -8.421876281499862671e-02 -2.732462584972381592e-01
-1.842791885137557983e-01 2.730955742299556732e-02 -3.470952808856964111e-01
-3.844563364982604980e-01 3.516579419374465942e-02 -4.290111362934112549e-01
-5.291788578033447266e-01 -7.868871837854385376e-02 -4.250801503658294678e-01
-5.457395911216735840e-01 -1.873989552259445190e-01 -3.729693293571472168e-01
-4.060693085193634033e-01 -1.921725571155548096e-01 -7.729417085647583008e-02
1.045467779040336609e-01 -7.210338488221168518e-03 2.892891764640808105e-01
4.109785556793212891e-01 1.515592187643051147e-01 3.600969612598419189e-01
4.685698151588439941e-01 2.252468466758728027e-01 3.215331435203552246e-01
3.334231674671173096e-01 1.725818067789077759e-01 1.520791053771972656e-01
9.356863051652908325e-02 6.381308287382125854e-02 -1.330912020057439804e-02
1.814091205596923828e-02 -8.915132284164428711e-02 -7.226762175559997559e-02
-3.774921223521232605e-02 -1.173905581235885620e-01 -1.047471314668655396e-01
2.054568193852901459e-02 -2.521476522088050842e-02 -9.117609262466430664e-02
7.049564272165298462e-02 1.785506680607795715e-02 -7.624077796936035156e-02
1.235088109970092773e-01 7.052791118621826172e-02 -2.956806309521198273e-02
1.754629164934158325e-01 -3.820634633302688599e-02 8.563446998596191406e-02
1.373196989297866821e-01 -3.008263185620307922e-02 1.721744090318679810e-01
1.333723813295364380e-01 4.711997136473655701e-02 1.874900162220001221e-01
1.592272520065307617e-01 1.282343566417694092e-01 1.277614533901214600e-01
2.154510915279388428e-01 7.163214683532714844e-02 1.149027422070503235e-01
2.139222770929336548e-01 -1.256725788116455078e-01 1.709758937358856201e-01
4.675985127687454224e-02 -2.335916310548782349e-01 1.857742071151733398e-01
-9.873753041028976440e-02 -2.481656223535537720e-01 1.412547975778579712e-01
-1.525220870971679688e-01 -1.190041750669479370e-01 3.122111223638057709e-02
