-5.319074988365173340e-01 -6.408706903457641602e-01 1.296106874942779541e-01
-5.714139342308044434e-01 -6.262862086296081543e-01 1.987600028514862061e-01
-5.432297587394714355e-01 -6.162565946578979492e-01 2.180266827344894409e-01
-5.398991703987121582e-01 -6.105966567993164062e-01 1.439094990491867065e-01
-4.818750321865081787e-01 -6.079403162002563477e-01 1.226809471845626831e-01
-5.024648904800415039e-01 -6.515786051750183105e-01 1.229416355490684509e-01
-5.202882885932922363e-01 -6.070895195007324219e-01 1.608667969703674316e-01
-4.170829951763153076e-01 -5.777539014816284180e-01 1.557913720607757568e-01
-3.337886929512023926e-01 -5.954017043113708496e-01 7.072850316762924194e-02
-8.592908829450607300e-02 -5.977305769920349121e-01 1.881442070007324219e-01
2.119665294885635376e-01 -5.417284965515136719e-01 3.031430244445800781e-01
3.285978436470031738e-01 -4.555805921554565430e-01 2.787850499153137207e-01
4.067956209182739258e-01 -4.006336033344268799e-01 2.328286617994308472e-01
4.061685502529144287e-01 -3.789700865745544434e-01 2.555039525032043457e-01
4.122719168663024902e-01 -3.758983314037322998e-01 2.447530031204223633e-01
3.855617046356201172e-01 -3.773222565650939941e-01 2.492921054363250732e-01
3.194019496440887451e-01 -3.879084289073944092e-01 1.270356178283691406e-01
2.818849086761474609e-01 -4.070856571197509766e-01 1.171765103936195374e-01
3.418787419795989990e-01 -4.283442199230194092e-01 1.112505272030830383e-01
3.753742575645446777e-01 -4.427400827407836914e-01 1.631054878234863281e-01
3.810919523239135742e-01 -4.590857625007629395e-01 6.349447369575500488e-02
4.056443572044372559e-01 -4.191626310348510742e-01 1.568703651428222656e-01
3.858573138713836670e-01 -4.511789977550506592e-01 1.078590005636215210e-01
3.453769981861114502e-01 -4.452970921993255615e-01 1.207550168037414551e-01
3.957638740539550781e-01 -4.299240410327911377e-01 1.870249360799789429e-01
3.804286718368530273e-01 -4.346798062324523926e-01 1.572759151458740234e-01
3.769385516643524170e-01 -4.366254806518554688e-01 1.538629680871963501e-01
4.215378761291503906e-01 -4.121495187282562256e-01 2.072375565767288208e-01
4.246563613414764404e-01 -4.155007302761077881e-01 1.164452284574508667e-01
4.557298421859741211e-01 -4.210523664951324463e-01 1.058129668235778809e-01
3.957297503948211670e-01 -4.201386272907257080e-01 1.338624805212020874e-01
4.048599004745483398e-01 -4.212152659893035889e-01 8.020310103893280029e-02
3.751107156276702881e-01 -4.099268019199371338e-01 8.059253543615341187e-02
3.390983045101165771e-01 -4.340369999408721924e-01 8.606819063425064087e-02
2.720374166965484619e-01 -3.608301877975463867e-01 1.301191002130508423e-01
1.922266632318496704e-01 -4.031800627708435059e-01 3.724634274840354919e-02
2.615121006965637207e-01 -4.221247136592864990e-01 -1.111149135977029800e-02
2.564868330955505371e-01 -4.590952694416046143e-01 3.472912823781371117e-03
-4.345127195119857788e-02 -5.363119244575500488e-01 5.671317502856254578e-02
-3.384574353694915771e-01 -5.751078128814697266e-01 8.181963860988616943e-02
-5.049620270729064941e-01 -5.218063592910766602e-01 2.434441745281219482e-01
-4.955857098102569580e-01 -5.265319347381591797e-01 2.392579019069671631e-01
-5.814972519874572754e-01 -5.483089685440063477e-01 2.699826955795288086e-01
-5.833830237388610840e-01 -5.774865150451660156e-01 1.898145824670791626e-01
-5.439262390136718750e-01 -5.392693877220153809e-01 7.660882920026779175e-02
-5.204976797103881836e-01 -4.393923878669738770e-01 2.337478101253509521e-01
-2.499406188726425171e-01 -3.663038015365600586e-01 2.330026328563690186e-01
-1.987874694168567657e-02 -1.597389876842498779e-01 2.206237614154815674e-01
-1.815038919448852539e-01 -4.620211943984031677e-02 1.089175567030906677e-01
-3.973450362682342529e-01 1.357962340116500854e-01 1.687115281820297241e-01
-4.416477680206298828e-01 3.242715597152709961e-01 1.871882081031799316e-01
-4.647223949432373047e-01 3.808234333992004395e-01 1.494015753269195557e-01
-5.215834379196166992e-01 4.022730886936187744e-01 1.637155413627624512e-01
-5.290572643280029297e-01 3.850249648094177246e-01 1.814881265163421631e-01
-5.259693861007690430e-01 3.649369478225708008e-01 2.057892382144927979e-01
-5.144919753074645996e-01 3.341539502143859863e-01 2.603437304496765137e-01
-5.015913248062133789e-01 3.009717762470245361e-01 3.521610498428344727e-01
-4.496524631977081299e-01 2.742051482200622559e-01 3.646916747093200684e-01
-3.381012082099914551e-01 1.823954433202743530e-01 3.663542270660400391e-01
-2.990748286247253418e-01 1.094566732645034790e-01 3.958948850631713867e-01
-2.046624571084976196e-01 4.458075389266014099e-02 3.365686237812042236e-01
-1.179184988141059875e-01 -8.085407316684722900e-02 1.027884036302566528e-01
3.978966549038887024e-02 -1.667440235614776611e-01 5.759903788566589355e-02
1.112858355045318604e-01 -1.829907894134521484e-01 3.186256811022758484e-02
1.738544702529907227e-01 -2.087259590625762939e-01 5.893281102180480957e-02
2.717736363410949707e-01 -3.147786259651184082e-01 -2.638152055442333221e-02
3.733139336109161377e-01 -3.673793971538543701e-01 3.466478735208511353e-02
4.025434255599975586e-01 -3.345625996589660645e-01 -2.190849557518959045e-02
4.302328824996948242e-01 -3.574102520942687988e-01 -7.974810898303985596e-02
3.686185777187347412e-01 -3.706077337265014648e-01 -1.934348344802856445e-01
3.817477226257324219e-01 -3.843682408332824707e-01 -1.940186023712158203e-01
3.375528454780578613e-01 -3.225300014019012451e-01 -1.562785357236862183e-01
3.609428703784942627e-01 -3.572953343391418457e-01 -6.886278092861175537e-02
3.496868014335632324e-01 -3.362530171871185303e-01 -5.334248021245002747e-02
3.078571259975433350e-01 7.795926183462142944e-02 3.716994822025299072e-02
3.038257062435150146e-01 7.642684131860733032e-02 6.213334575295448303e-02
3.214952945709228516e-01 1.393810193985700607e-02 9.711859375238418579e-02
3.066592514514923096e-01 3.817401453852653503e-02 5.634512379765510559e-02
3.108200728893280029e-01 7.775682210922241211e-02 8.892116695642471313e-02
2.889247834682464600e-01 -1.199824921786785126e-02 1.742643266916275024e-01
2.274419218301773071e-01 -1.146941855549812317e-01 1.523812264204025269e-01
3.240137994289398193e-01 -2.120517343282699585e-01 -3.154486045241355896e-02
3.663969039916992188e-01 -2.139765620231628418e-01 3.453589743003249168e-03
3.729650080204010010e-01 -1.813539266586303711e-01 2.556089311838150024e-02
3.884150981903076172e-01 -1.673455089330673218e-01 1.973687671124935150e-02
3.915127813816070557e-01 -2.149023413658142090e-01 3.433667868375778198e-02
4.158614277839660645e-01 -2.061537951231002808e-01 1.409702897071838379e-01
3.980660140514373779e-01 -2.121319174766540527e-01 1.634564995765686035e-01
3.294087946414947510e-01 -2.138815820217132568e-01 1.420700997114181519e-01
3.454096317291259766e-01 -2.078982889652252197e-01 1.768572926521301270e-01
3.523821234703063965e-01 -2.323658615350723267e-01 1.262945979833602905e-01
3.114483952522277832e-01 -2.064833641052246094e-01 1.406659036874771118e-01
2.916840016841888428e-01 -2.026942968368530273e-01 1.162943691015243530e-01
2.881648838520050049e-01 -1.859651058912277222e-01 1.177594214677810669e-01
3.016730248928070068e-01 -2.090606838464736938e-01 1.066841632127761841e-01
3.537166714668273926e-01 -2.091828733682632446e-01 1.461916565895080566e-01
3.737318217754364014e-01 -2.134972065687179565e-01 1.856273114681243896e-01
3.506407439708709717e-01 -2.578977942466735840e-01 1.261770874261856079e-01
3.606938421726226807e-01 -1.350757181644439697e-01 2.188548296689987183e-01
5.813098549842834473e-01 -7.944676280021667480e-02 9.525495022535324097e-02
