1.143223650662559057e-02
7.621491004417061538e-03
0.000000000000000000e+00
0.000000000000000000e+00
0.000000000000000000e+00
0.000000000000000000e+00
0.000000000000000000e+00
0.000000000000000000e+00
1.575292274225191247e-01
3.134128379885181559e-01
3.521327068397021587e-01
1.938671128569585400e-01
0.000000000000000000e+00
0.000000000000000000e+00
0.000000000000000000e+00
0.000000000000000000e+00
1.095650968088448911e-02
1.988815668955626337e-02
2.550196756716928068e-02
2.364819187754854321e-02
1.773808239583505100e-02
1.464320360145221663e-02
1.403388030463263540e-02
1.497266655334909130e-02
2.110155257642586796e-02
2.382589893728020991e-02
2.515723221069850885e-02
1.618690266959655136e-02
0.000000000000000000e+00
0.000000000000000000e+00
0.000000000000000000e+00
0.000000000000000000e+00
0.000000000000000000e+00
0.000000000000000000e+00
0.000000000000000000e+00
0.000000000000000000e+00
0.000000000000000000e+00
0.000000000000000000e+00
0.000000000000000000e+00
0.000000000000000000e+00
3.034118406449687333e-01
5.343051234431277496e-01
4.714101284144945891e-01
2.390772739363150046e-01
2.786694171764330097e-01
5.583926273610969604e-01
6.249460043598427106e-01
3.334364576794662804e-01
0.000000000000000000e+00
0.000000000000000000e+00
0.000000000000000000e+00
0.000000000000000000e+00
2.474630189756705373e-02
2.781255765310921418e-02
1.944012254486720062e-02
9.187748341567466073e-03
1.653641192447020741e-03
0.000000000000000000e+00
0.000000000000000000e+00
0.000000000000000000e+00
0.000000000000000000e+00
0.000000000000000000e+00
0.000000000000000000e+00
0.000000000000000000e+00
0.000000000000000000e+00
9.330648390532205946e-03
2.268896973853131924e-02
2.250304064184267469e-02
1.665172105026601831e-02
1.372882180047864387e-02
2.151138099705142415e-02
3.100844713702393535e-02
4.059134459773330178e-02
4.329633079447996885e-02
3.812660294832245084e-02
2.461176634659567944e-02
1.259299449423564171e-02
8.476486904795466071e-03
9.293957405243292308e-03
1.106235532354913481e-02
1.272636709797123587e-02
1.208401609965546221e-02
1.439888001668689771e-02
1.540038691719713450e-02
1.023429618851951807e-02
3.251251587074096509e-03
0.000000000000000000e+00
0.000000000000000000e+00
0.000000000000000000e+00
2.026790257256022142e-03
5.965939671135267984e-03
5.074246970731778952e-03
0.000000000000000000e+00
0.000000000000000000e+00
0.000000000000000000e+00
0.000000000000000000e+00
0.000000000000000000e+00
0.000000000000000000e+00
3.405744766295520920e-02
3.073834391940943322e-01
