7.641594582545206682e-02
0.000000000000000000e+00
0.000000000000000000e+00
0.000000000000000000e+00
2.857564583344381764e-02
0.000000000000000000e+00
0.000000000000000000e+00
0.000000000000000000e+00
3.019596568021760963e-02
7.009099562052679977e-02
4.615889343430693015e-02
7.713497574975906011e-03
0.000000000000000000e+00
0.000000000000000000e+00
0.000000000000000000e+00
1.133792148580370449e-03
1.091604493181547175e-02
0.000000000000000000e+00
0.000000000000000000e+00
0.000000000000000000e+00
0.000000000000000000e+00
1.704956239225874880e-03
2.527258785438393795e-04
8.547801736661671604e-03
1.407859271848034381e-02
2.102436486101896471e-02
1.743997540878293451e-02
0.000000000000000000e+00
0.000000000000000000e+00
0.000000000000000000e+00
0.000000000000000000e+00
0.000000000000000000e+00
0.000000000000000000e+00
0.000000000000000000e+00
0.000000000000000000e+00
0.000000000000000000e+00
0.000000000000000000e+00
0.000000000000000000e+00
0.000000000000000000e+00
0.000000000000000000e+00
0.000000000000000000e+00
3.541541242807286910e-02
9.590786604020096195e-02
1.526685121011172597e-01
1.664345104173557410e-01
1.241763397128897439e-01
8.527088192708358327e-02
7.252516920184509837e-03
0.000000000000000000e+00
0.000000000000000000e+00
0.000000000000000000e+00
0.000000000000000000e+00
0.000000000000000000e+00
0.000000000000000000e+00
8.623038608080548992e-03
1.608440631497095458e-02
1.381498456117767962e-02
8.375633213140411953e-03
6.490120693455203246e-03
1.087847010662737826e-02
1.872853548286918315e-02
2.168976838091602258e-02
1.795225948088082640e-02
1.707666487758864246e-02
1.768703773428851461e-02
1.721565160910496980e-02
1.671281648329779948e-02
4.678007588556347407e-03
0.000000000000000000e+00
0.000000000000000000e+00
0.000000000000000000e+00
0.000000000000000000e+00
0.000000000000000000e+00
0.000000000000000000e+00
0.000000000000000000e+00
3.039146292528864257e-01
5.207622539982824650e-01
4.514119947122184895e-01
2.212429663788232914e-01
0.000000000000000000e+00
0.000000000000000000e+00
0.000000000000000000e+00
0.000000000000000000e+00
0.000000000000000000e+00
1.786824468372626706e-01
3.556655253967674901e-01
3.890879951468816933e-01
1.888812382466737994e-01
0.000000000000000000e+00
0.000000000000000000e+00
0.000000000000000000e+00
0.000000000000000000e+00
0.000000000000000000e+00
4.863237172482658827e-02
8.244827960796211053e-02
1.167759220706266338e-01
3.575958084776618192e-03
0.000000000000000000e+00
0.000000000000000000e+00
0.000000000000000000e+00
1.483871392967965330e-01
