2.012873440980911255e-01 1.007742509245872498e-01 -6.024222373962402344e-01
1.536273807287216187e-01 8.548768609762191772e-02 -6.068394780158996582e-01
9.418775141239166260e-02 1.239925846457481384e-01 -6.114878654479980469e-01
7.252347189933061600e-03 2.056126892566680908e-01 -5.837402939796447754e-01
-9.539205580949783325e-02 3.176076710224151611e-01 -4.815210103988647461e-01
-1.558610424399375916e-02 3.722986876964569092e-01 -3.962764143943786621e-01
4.402001947164535522e-02 3.616799116134643555e-01 -2.531514763832092285e-01
1.544603053480386734e-02 4.568678140640258789e-01 1.059127077460289001e-01
-4.373110458254814148e-02 5.629079937934875488e-01 3.442147374153137207e-01
1.260089725255966187e-01 5.434218049049377441e-01 2.185281217098236084e-01
2.284281402826309204e-01 5.312581658363342285e-01 1.305408030748367310e-01
1.242222115397453308e-01 3.018223047256469727e-01 4.080156683921813965e-01
2.905304133892059326e-01 3.057283163070678711e-01 4.015076160430908203e-01
2.889527976512908936e-01 2.585272192955017090e-01 4.199247062206268311e-01
3.188323974609375000e-01 2.139976918697357178e-01 4.104353785514831543e-01
3.232466578483581543e-01 1.911215037107467651e-01 4.307478070259094238e-01
2.649115025997161865e-01 1.889431178569793701e-01 4.445884227752685547e-01
2.841096222400665283e-01 1.910675615072250366e-01 4.836954176425933838e-01
3.134276568889617920e-01 1.115474849939346313e-01 4.782545566558837891e-01
3.476469814777374268e-01 1.375593543052673340e-01 4.825277924537658691e-01
3.367460370063781738e-01 1.314080655574798584e-01 4.790096282958984375e-01
2.983792722225189209e-01 1.198265701532363892e-01 5.477116107940673828e-01
3.135215044021606445e-01 9.247047454118728638e-02 5.524756312370300293e-01
2.252691835165023804e-01 1.847072392702102661e-01 5.155223608016967773e-01
1.272045522928237915e-01 2.575673758983612061e-01 4.411610364913940430e-01
1.361089199781417847e-02 3.820543289184570312e-01 3.134414851665496826e-01
-1.227541640400886536e-01 3.802936077117919922e-01 -5.693809315562248230e-02
-6.797904521226882935e-02 4.286844432353973389e-01 -2.808218300342559814e-01
-8.945418894290924072e-02 4.583020806312561035e-01 -2.571833133697509766e-01
-2.248599380254745483e-01 4.546182453632354736e-01 -2.207325696945190430e-01
-3.284050226211547852e-01 4.046373963356018066e-01 -2.688302695751190186e-01
-3.973979353904724121e-01 3.789522945880889893e-01 -3.150236606597900391e-01
-4.868145585060119629e-01 4.164182841777801514e-01 -2.884053885936737061e-01
-5.178507566452026367e-01 4.246498942375183105e-01 -3.145331144332885742e-01
-4.728404879570007324e-01 3.881166279315948486e-01 -3.644156455993652344e-01
-4.259708523750305176e-01 3.383006155490875244e-01 -4.305461049079895020e-01
-4.777921736240386963e-01 3.623444139957427979e-01 -4.364286661148071289e-01
-4.734604954719543457e-01 3.520571589469909668e-01 -4.354835748672485352e-01
-3.888321518898010254e-01 2.959924638271331787e-01 -4.256541728973388672e-01
-3.715815842151641846e-01 2.011677175760269165e-01 -4.797684848308563232e-01
-2.847535610198974609e-01 1.666954308748245239e-01 -5.748805999755859375e-01
-2.247513830661773682e-01 1.601311415433883667e-01 -5.885581374168395996e-01
-1.904551386833190918e-01 1.431856304407119751e-01 -6.393373012542724609e-01
-1.081814318895339966e-01 6.428552418947219849e-02 -6.355500817298889160e-01
1.796536333858966827e-02 6.601120549021288753e-05 -6.205883622169494629e-01
8.915288746356964111e-02 7.458186894655227661e-02 -6.303074359893798828e-01
1.077257990837097168e-01 5.102343857288360596e-02 -6.731587052345275879e-01
1.150285303592681885e-01 4.270757362246513367e-02 -6.843242049217224121e-01
1.242366060614585876e-01 9.946130961179733276e-02 -6.277899146080017090e-01
1.744487285614013672e-01 6.777856498956680298e-02 -5.876186490058898926e-01
2.276579588651657104e-01 8.600751310586929321e-02 -5.482842922210693359e-01
1.481798142194747925e-01 6.724791601300239563e-03 -4.516022205352783203e-01
1.859078109264373779e-01 8.140594698488712311e-03 -4.159300029277801514e-01
2.578397393226623535e-01 -3.159631043672561646e-02 -3.192979991436004639e-01
2.373217791318893433e-01 4.831958562135696411e-02 -2.476796358823776245e-01
2.899183034896850586e-01 3.728766366839408875e-02 -2.559325397014617920e-01
3.621787428855895996e-01 5.627505481243133545e-02 -3.262710571289062500e-01
3.157862126827239990e-01 6.483992189168930054e-02 -3.688004910945892334e-01
3.526709377765655518e-01 7.239428162574768066e-02 -3.336540162563323975e-01
3.195788562297821045e-01 5.486055463552474976e-02 -3.726882040500640869e-01
2.836502194404602051e-01 8.864057064056396484e-02 -3.937508761882781982e-01
2.199828475713729858e-01 1.930102556943893433e-01 -4.031768441200256348e-01
1.606961786746978760e-01 2.648686766624450684e-01 -3.858342766761779785e-01
1.154065653681755066e-01 1.924307942390441895e-01 -4.687307476997375488e-01
6.948578357696533203e-02 2.022851556539535522e-01 -5.429455041885375977e-01
-4.734025523066520691e-02 2.020670175552368164e-01 -5.819740891456604004e-01
-3.085878852289170027e-04 2.076128274202346802e-01 -6.032752990722656250e-01
-6.284189969301223755e-02 2.438800185918807983e-01 -5.693476796150207520e-01
-1.691912412643432617e-01 2.352434843778610229e-01 -5.214725136756896973e-01
-1.908112615346908569e-01 2.370664924383163452e-01 -5.054570436477661133e-01
-3.096368014812469482e-01 2.423673272132873535e-01 -4.782129228115081787e-01
-3.710109591484069824e-01 2.916836738586425781e-01 -4.123644530773162842e-01
-2.675243616104125977e-01 1.350202858448028564e-01 -4.663029909133911133e-01
-1.412045955657958984e-01 -7.878335565328598022e-02 -4.931522309780120850e-01
-1.002266705036163330e-01 1.865118891000747681e-01 -5.209361314773559570e-01
-1.629690378904342651e-01 1.642733961343765259e-01 -5.194473266601562500e-01
6.208718987181782722e-04 1.902478039264678955e-01 -3.765331804752349854e-01
7.771062105894088745e-02 1.724137216806411743e-01 -3.250220715999603271e-01
-2.211120873689651489e-01 8.075864613056182861e-02 -3.242824077606201172e-01
-1.812506914138793945e-01 4.886047542095184326e-02 -2.755946218967437744e-01
-3.064704835414886475e-01 -3.245714008808135986e-01 8.021257072687149048e-02
-3.789691030979156494e-01 -3.401070237159729004e-01 3.262034654617309570e-01
-3.526241481304168701e-01 -4.489397704601287842e-01 3.408871889114379883e-01
-3.536159992218017578e-01 -6.758658885955810547e-01 1.866028308868408203e-01
-3.071450293064117432e-01 -6.429834365844726562e-01 2.520950138568878174e-01
-4.243468940258026123e-01 -6.675703525543212891e-01 2.461747229099273682e-01
-5.219199135899543762e-02 -5.349073410034179688e-01 2.815761864185333252e-01
1.617030650377273560e-01 1.011631172150373459e-02 4.691106379032135010e-01
2.395391277968883514e-02 2.748609185218811035e-01 4.604761302471160889e-01
1.336828526109457016e-02 3.351214230060577393e-01 4.287218749523162842e-01
-2.075887322425842285e-01 4.129000306129455566e-01 3.987926542758941650e-01
-3.612644076347351074e-01 4.431278407573699951e-01 3.664312362670898438e-01
-3.883386850357055664e-01 4.716538488864898682e-01 2.733998298645019531e-01
-4.539631307125091553e-01 4.995705783367156982e-01 1.918707638978958130e-01
-4.920496344566345215e-01 4.763966500759124756e-01 2.086491584777832031e-01
-4.865723252296447754e-01 4.683044850826263428e-01 2.026769369840621948e-01
-4.856367707252502441e-01 3.893891274929046631e-01 1.270175129175186157e-01
-4.562245309352874756e-01 3.976477980613708496e-01 1.008877158164978027e-01
-3.969621658325195312e-01 4.364318251609802246e-01 9.556917101144790649e-02
-3.960551023483276367e-01 2.469382882118225098e-01 -8.341264910995960236e-03
-3.055964410305023193e-01 4.831369221210479736e-01 -9.430368244647979736e-02
