1.002338826656341553e-01 2.395303919911384583e-02 -1.574757099151611328e-01
1.305404752492904663e-01 1.825163699686527252e-02 -1.804445981979370117e-01
7.220057398080825806e-02 6.131179630756378174e-02 -1.448150575160980225e-01
-1.289444789290428162e-02 1.441382616758346558e-01 -2.803502976894378662e-02
-6.475148350000381470e-02 2.141689807176589966e-01 1.326573044061660767e-01
-2.420736402273178101e-01 2.642588615417480469e-01 2.720447182655334473e-01
-3.939439356327056885e-01 4.462725222110748291e-01 3.086657226085662842e-01
-4.460871219635009766e-01 5.889986753463745117e-01 1.170321777462959290e-01
-2.954375147819519043e-01 6.211178898811340332e-01 -1.454878300428390503e-01
-2.535522878170013428e-01 4.029395580291748047e-01 9.058874100446701050e-02
-4.986866191029548645e-02 -6.012670323252677917e-02 4.637513160705566406e-01
-9.360799193382263184e-02 -3.681971728801727295e-01 5.913534164428710938e-01
-2.826643362641334534e-02 -3.531493544578552246e-01 4.910512268543243408e-01
1.764014661312103271e-01 -1.596908718347549438e-01 1.107978597283363342e-01
2.874998375773429871e-02 -1.718732863664627075e-01 -7.230758666992187500e-02
-1.392878890037536621e-01 -7.414586097002029419e-02 -4.141275212168693542e-02
-1.863078773021697998e-01 -1.077884584665298462e-01 6.571464240550994873e-02
-1.806415617465972900e-01 -2.034233883023262024e-02 1.435541063547134399e-01
-5.012694001197814941e-02 4.256731644272804260e-02 1.592589020729064941e-01
-1.749853976070880890e-02 -6.027467548847198486e-03 1.663823276758193970e-01
-7.937416434288024902e-02 7.196722179651260376e-02 8.789552748203277588e-02
1.679854467511177063e-02 -6.047971174120903015e-02 -2.809579856693744659e-02
8.650907129049301147e-02 -9.686729311943054199e-02 -2.458995282649993896e-01
1.703724116086959839e-01 -1.014766991138458252e-01 -4.393276870250701904e-01
2.353725433349609375e-01 -1.748184114694595337e-01 -5.550859570503234863e-01
3.682485818862915039e-01 -2.022199779748916626e-01 -5.059987306594848633e-01
3.557877540588378906e-01 -3.313650488853454590e-01 -3.537796437740325928e-01
1.865173131227493286e-01 -3.776338994503021240e-01 -2.193735092878341675e-01
-1.874191015958786011e-01 -2.904185354709625244e-01 -1.013519242405891418e-01
-4.486790299415588379e-01 -2.078560739755630493e-01 -1.473694890737533569e-01
-4.393479526042938232e-01 -1.965529769659042358e-01 -1.814240813255310059e-01
-4.098394215106964111e-01 -2.433753460645675659e-01 -1.882933378219604492e-01
-1.935602277517318726e-01 -3.299927115440368652e-01 -1.014734655618667603e-01
4.533558338880538940e-02 -2.953527271747589111e-01 -2.491951733827590942e-02
1.258436441421508789e-01 -1.949499547481536865e-01 -1.566687971353530884e-02
1.863483190536499023e-01 -1.006072387099266052e-01 -4.138845577836036682e-02
2.100465446710586548e-01 4.952049348503351212e-03 1.968889869749546051e-02
2.650581002235412598e-01 -1.941268146038055420e-02 7.710813730955123901e-02
3.234618306159973145e-01 -9.105513803660869598e-03 1.013461947441101074e-01
2.402724623680114746e-01 -1.043575536459684372e-02 8.920869976282119751e-02
1.167134121060371399e-01 -1.070409547537565231e-02 -5.562156066298484802e-02
8.793930709362030029e-02 4.945863783359527588e-02 1.748245768249034882e-02
6.458343565464019775e-02 1.770839840173721313e-01 1.335670351982116699e-01
6.512225419282913208e-02 2.995067238807678223e-01 1.229417771100997925e-01
9.293954074382781982e-02 2.947534024715423584e-01 7.497765123844146729e-02
9.715624898672103882e-02 1.294523775577545166e-01 -6.657051295042037964e-02
-1.497865468263626099e-02 -6.129496172070503235e-02 -1.071565151214599609e-01
-2.172545157372951508e-02 3.549062414094805717e-03 3.409373387694358826e-02
-1.168881654739379883e-01 1.637157946825027466e-01 1.249517425894737244e-01
-1.554701775312423706e-01 2.305306643247604370e-01 1.821128427982330322e-01
-1.758757531642913818e-01 2.659739553928375244e-01 1.987890750169754028e-01
-1.601032465696334839e-01 3.172213137149810791e-01 2.396559864282608032e-01
8.123122155666351318e-03 3.302923738956451416e-01 2.567318975925445557e-01
1.726690232753753662e-01 3.995251655578613281e-01 1.567860096693038940e-01
2.344765365123748779e-01 4.346671402454376221e-01 -5.227447301149368286e-02
1.795979142189025879e-01 3.386667072772979736e-01 -2.461768537759780884e-01
1.383959501981735229e-01 2.786010205745697021e-01 -2.232005298137664795e-01
2.354774996638298035e-02 6.271490454673767090e-02 -1.370855569839477539e-01
-7.160460203886032104e-02 -8.082842826843261719e-02 -1.693949289619922638e-02
-1.193596348166465759e-01 -1.323790252208709717e-01 2.091004885733127594e-02
-2.723658680915832520e-01 -3.211897909641265869e-01 -4.798057489097118378e-03
-2.950305640697479248e-01 -4.550668597221374512e-01 -1.881473138928413391e-02
-2.410776466131210327e-01 -4.822423160076141357e-01 -8.499368280172348022e-02
-1.342655718326568604e-01 -4.100420773029327393e-01 -1.751526892185211182e-01
8.838868141174316406e-02 -2.313100993633270264e-01 -1.723387986421585083e-01
-2.393960207700729370e-02 -6.329838931560516357e-02 -8.090337365865707397e-02
-2.424909770488739014e-01 -7.509069144725799561e-02 -2.281823940575122833e-02
-2.353104501962661743e-01 -1.181740313768386841e-01 4.013723880052566528e-02
-2.200739979743957520e-01 -2.703057229518890381e-01 2.689617685973644257e-02
-4.364667832851409912e-02 -2.873757183551788330e-01 -1.072315615601837635e-03
1.904060840606689453e-01 -1.270217895507812500e-01 3.908283263444900513e-02
3.087379634380340576e-01 3.539385646581649780e-02 4.975846409797668457e-02
3.732611835002899170e-01 3.143183887004852295e-01 -8.563225716352462769e-02
2.675352394580841064e-01 4.053100943565368652e-01 -2.775975763797760010e-01
5.508605018258094788e-02 4.314320385456085205e-01 -2.684870362281799316e-01
-1.128766834735870361e-01 4.499255716800689697e-01 -5.652700364589691162e-02
-1.729600727558135986e-01 1.170226484537124634e-01 3.374716341495513916e-01
-2.199350148439407349e-01 -2.378614991903305054e-02 4.060165286064147949e-01
-2.859004437923431396e-01 -1.110576689243316650e-01 3.703054189682006836e-01
-3.620758652687072754e-01 -5.770738050341606140e-02 4.062041938304901123e-01
-2.898606359958648682e-01 8.625350147485733032e-02 3.941634595394134521e-01
-2.551223039627075195e-01 -1.968632191419601440e-01 4.292280077934265137e-01
-2.584411203861236572e-01 -2.775509655475616455e-01 3.295634388923645020e-01
-9.821979701519012451e-02 -3.058168292045593262e-01 1.633389294147491455e-01
1.014763340353965759e-01 -1.170771047472953796e-01 1.855400502681732178e-01
2.483715713024139404e-01 2.700449824333190918e-01 1.694383472204208374e-01
5.864033102989196777e-02 2.521214187145233154e-01 1.974640190601348877e-01
-7.731252163648605347e-02 2.139272242784500122e-01 1.822691708803176880e-01
-1.968671679496765137e-01 -7.797875255346298218e-02 -1.297006905078887939e-01
-1.194268912076950073e-01 -2.667634189128875732e-01 -2.756197154521942139e-01
1.724597513675689697e-01 -1.673757582902908325e-01 -3.207587599754333496e-01
2.266887426376342773e-01 -1.184486821293830872e-01 -2.938430905342102051e-01
2.994592785835266113e-01 1.287040207535028458e-02 -2.706199884414672852e-01
1.896565258502960205e-01 3.016548790037631989e-02 -2.825358510017395020e-01
8.978702127933502197e-02 1.276077702641487122e-02 -2.677134573459625244e-01
1.784012168645858765e-01 7.240875810384750366e-02 -1.937059760093688965e-01
2.388163655996322632e-01 1.587318032979965210e-01 -1.300100535154342651e-01
2.987752854824066162e-01 1.707343012094497681e-01 -9.156259149312973022e-02
3.127463459968566895e-01 6.717097014188766479e-02 -1.436961442232131958e-01
2.343445420265197754e-01 -6.745728850364685059e-02 -1.651256531476974487e-01
1.584950089454650879e-01 -1.196290031075477600e-01 -1.599133014678955078e-01
