-1.002223342657089233e-01 -1.144374012947082520e-01 -8.531927317380905151e-02
-1.750207096338272095e-01 -1.420320421457290649e-01 -1.344176530838012695e-01
-1.850239038467407227e-01 -7.157853245735168457e-02 -9.361365437507629395e-02
-6.589698791503906250e-02 8.492546528577804565e-02 5.625248700380325317e-02
1.510835587978363037e-01 1.248762905597686768e-01 9.641097486019134521e-02
2.386840432882308960e-01 1.348387449979782104e-02 5.353377014398574829e-02
8.670900017023086548e-02 -1.056108623743057251e-01 -4.487535730004310608e-02
-2.245508283376693726e-01 -2.397965043783187866e-01 2.546663209795951843e-02
-2.507580518722534180e-01 -2.769508659839630127e-01 2.720890641212463379e-01
8.249612897634506226e-02 -2.874550819396972656e-01 3.792161941528320312e-01
4.366358518600463867e-01 -2.939752936363220215e-01 2.513854801654815674e-01
5.072348117828369141e-01 -1.559061706066131592e-01 -6.493045389652252197e-02
1.534843891859054565e-01 2.166427671909332275e-02 -2.791430950164794922e-01
-2.674375176429748535e-01 1.902946233749389648e-01 -2.389990538358688354e-01
-3.763876259326934814e-01 2.390005141496658325e-01 -3.562315180897712708e-02
-2.864238619804382324e-01 2.390731126070022583e-01 4.751734808087348938e-02
-1.264345049858093262e-01 2.216988056898117065e-01 -1.450027432292699814e-02
-1.063078269362449646e-01 2.630158364772796631e-01 -1.729115843772888184e-01
-1.681407988071441650e-01 3.561682403087615967e-01 -2.489682286977767944e-01
-1.201065108180046082e-01 3.695097267627716064e-01 -1.702664047479629517e-01
-1.066862493753433228e-01 2.804327309131622314e-01 -1.953801698982715607e-02
-4.336016252636909485e-02 -1.873029209673404694e-02 1.153111010789871216e-01
9.436964988708496094e-02 -3.332464098930358887e-01 1.839876621961593628e-01
1.143976598978042603e-01 -4.092570543289184570e-01 6.520275026559829712e-02
2.148173600435256958e-01 -2.814472019672393799e-01 -9.785594046115875244e-02
1.778082251548767090e-01 -6.241462379693984985e-02 -2.208545058965682983e-01
6.282105296850204468e-02 7.063791900873184204e-02 -2.357231080532073975e-01
-3.601041063666343689e-02 7.593146711587905884e-02 -6.484731286764144897e-02
-1.312602460384368896e-01 5.309909954667091370e-02 1.382296234369277954e-01
-1.852505952119827271e-01 4.357928410172462463e-02 2.611320018768310547e-01
-2.723167836666107178e-01 -2.791991084814071655e-02 2.506952881813049316e-01
-2.981034815311431885e-01 -1.722306758165359497e-01 1.126280128955841064e-01
-1.105969250202178955e-01 -3.116108477115631104e-01 -5.258576944470405579e-02
2.168587297201156616e-01 -2.741332352161407471e-01 -2.262956053018569946e-01
3.554104864597320557e-01 5.963740870356559753e-03 -2.845323085784912109e-01
1.980189979076385498e-01 2.857415378093719482e-01 -2.418081611394882202e-01
-9.999739378690719604e-02 4.278536438941955566e-01 -1.859330534934997559e-01
-1.475230902433395386e-01 3.370525240898132324e-01 -1.076642125844955444e-01
5.715827643871307373e-02 -4.024465754628181458e-02 -9.387563914060592651e-02
2.631648778915405273e-01 -2.972612082958221436e-01 -9.934395551681518555e-02
1.849886476993560791e-01 -2.645311355590820312e-01 3.364215791225433350e-02
2.711815759539604187e-02 -2.809270983561873436e-03 1.650778353214263916e-01
-1.459362506866455078e-01 1.840252876281738281e-01 2.436292171478271484e-01
-1.459218412637710571e-01 9.873104840517044067e-02 2.631246149539947510e-01
-7.243388146162033081e-02 -3.440065681934356689e-02 1.119440197944641113e-01
1.403139438480138779e-02 -7.574125379323959351e-02 -4.800682514905929565e-02
1.481794863939285278e-01 5.804945901036262512e-02 -1.155518665909767151e-01
1.881084144115447998e-01 1.489905714988708496e-01 -1.143627315759658813e-01
1.142341271042823792e-01 1.041809171438217163e-01 1.098719239234924316e-02
-1.202325895428657532e-01 -4.852729290723800659e-02 3.523945435881614685e-02
-2.411016225814819336e-01 -1.713243424892425537e-01 1.234720367938280106e-02
-2.094394415616989136e-01 -2.302517592906951904e-01 4.981073085218667984e-03
-1.791984215378761292e-02 -1.749634891748428345e-01 2.653243206441402435e-02
1.852812767028808594e-01 -3.648363798856735229e-02 1.240142583847045898e-01
2.200538069009780884e-01 4.899737983942031860e-02 1.616499125957489014e-01
2.200659066438674927e-01 -3.906456753611564636e-02 2.090282142162322998e-01
1.893535107374191284e-01 -2.938686609268188477e-01 2.535151243209838867e-01
1.061012148857116699e-01 -4.208297431468963623e-01 2.093732804059982300e-01
2.325762063264846802e-02 -3.239700198173522949e-01 8.155149966478347778e-02
-3.914585337042808533e-02 8.468863368034362793e-02 -1.577042341232299805e-01
-4.439257830381393433e-02 4.558210670948028564e-01 -4.078369140625000000e-01
4.231232777237892151e-02 5.145351886749267578e-01 -5.239828824996948242e-01
7.796371728181838989e-02 4.732128381729125977e-01 -5.674134492874145508e-01
7.527238875627517700e-02 1.562321037054061890e-01 -4.643840789794921875e-01
2.753758803009986877e-03 -3.124854862689971924e-01 -9.344126284122467041e-02
-1.661753058433532715e-01 -4.177312850952148438e-01 2.505564391613006592e-01
-2.957163453102111816e-01 -3.220574855804443359e-01 4.224192202091217041e-01
-3.206658065319061279e-01 3.558894619345664978e-02 3.487411141395568848e-01
-1.212471425533294678e-01 3.634499609470367432e-01 2.165232896804809570e-01
1.339077651500701904e-01 3.587917089462280273e-01 1.064370051026344299e-01
2.549971044063568115e-01 2.085623443126678467e-01 1.483863964676856995e-02
1.741062253713607788e-01 2.085364051163196564e-02 6.824202835559844971e-02
-2.542884647846221924e-02 -9.376015514135360718e-03 1.790457367897033691e-01
-1.224255114793777466e-01 7.946120202541351318e-02 2.295725196599960327e-01
-1.662933677434921265e-01 6.684987246990203857e-02 1.100080832839012146e-01
-2.352090030908584595e-01 9.625958651304244995e-02 -2.045476287603378296e-01
-1.983700394630432129e-01 -1.327202469110488892e-01 -4.663343727588653564e-01
-1.757768839597702026e-01 -2.839231491088867188e-01 -3.794894814491271973e-01
-3.286636993288993835e-02 -2.457070052623748779e-01 -1.562581956386566162e-01
9.391477704048156738e-02 -2.051497548818588257e-01 1.277405768632888794e-01
6.891227513551712036e-02 4.414925724267959595e-02 1.658398807048797607e-01
1.240064501762390137e-01 1.825146526098251343e-01 7.770981639623641968e-02
1.074122916907072067e-02 1.531806290149688721e-01 1.009978801012039185e-01
-6.778702139854431152e-02 1.269595175981521606e-01 8.336224406957626343e-02
-1.213233172893524170e-01 -3.750991448760032654e-02 1.052324250340461731e-01
-1.007233336567878723e-01 -1.518698185682296753e-01 5.953712016344070435e-02
1.350728273391723633e-01 -8.865748345851898193e-02 3.681475296616554260e-02
2.479637265205383301e-01 -4.032729938626289368e-02 9.380507469177246094e-02
2.239950299263000488e-01 5.100423842668533325e-02 1.052722707390785217e-01
1.192040294408798218e-01 6.646149605512619019e-02 7.858799397945404053e-02
-4.631588235497474670e-03 -4.508502781391143799e-02 5.912130698561668396e-02
-2.088453061878681183e-02 -1.176612228155136108e-01 1.143523156642913818e-01
-8.303415030241012573e-02 -1.898385733366012573e-01 2.420821487903594971e-01
-1.529516130685806274e-01 -1.532268971204757690e-01 3.073622286319732666e-01
-1.728519052267074585e-01 -4.362081736326217651e-02 2.496690154075622559e-01
-1.369161307811737061e-01 4.605973884463310242e-02 -4.111763462424278259e-02
3.593209758400917053e-02 1.065682694315910339e-01 -2.786278128623962402e-01
1.068385988473892212e-01 5.140855535864830017e-02 -3.421839177608489990e-01
8.232590556144714355e-02 5.264942720532417297e-02 -3.052753210067749023e-01
-1.466817129403352737e-02 3.068985790014266968e-02 -9.527231007814407349e-02
-9.713204950094223022e-02 -3.841445967555046082e-02 9.122258983552455902e-03
-3.715504333376884460e-02 -1.445392966270446777e-01 8.300422132015228271e-02
-1.957344450056552887e-02 -2.054266333580017090e-01 8.979781717061996460e-02
2.005347423255443573e-02 -9.409817308187484741e-02 -4.300663992762565613e-02
8.867377787828445435e-02 1.097399443387985229e-01 -8.734966069459915161e-02
1.460261195898056030e-01 2.712165713310241699e-01 -1.530124247074127197e-01
2.118451893329620361e-01 3.460948467254638672e-01 -1.016739904880523682e-01
1.006748750805854797e-01 2.571547627449035645e-01 -1.819883182179182768e-04
-2.287845164537429810e-01 1.978357136249542236e-01 -1.978437155485153198e-01
-4.944921135902404785e-01 1.931023746728897095e-01 -3.292707800865173340e-01
-5.181301236152648926e-01 1.712454557418823242e-01 -3.884844779968261719e-01
-3.201128244400024414e-01 1.825012713670730591e-01 -2.893441617488861084e-01
1.055266782641410828e-01 9.278613142669200897e-03 1.829225718975067139e-01
3.612162768840789795e-01 -1.704027503728866577e-01 3.294071257114410400e-01
2.926504313945770264e-01 -2.798110544681549072e-01 3.299000859260559082e-01
1.883988678455352783e-01 -2.628529369831085205e-01 1.797549575567245483e-01
6.754852086305618286e-02 -7.634519785642623901e-02 -4.421848431229591370e-02
3.079675324261188507e-02 1.869257353246212006e-02 -8.227571099996566772e-02
1.318577677011489868e-01 2.315757051110267639e-02 -8.508473634719848633e-02
2.521935701370239258e-01 -3.460548818111419678e-02 -4.545314237475395203e-02
3.028197288513183594e-01 -1.653812825679779053e-01 -1.133885327726602554e-02
3.266248404979705811e-01 -2.339041531085968018e-01 -7.831893861293792725e-02
1.754501461982727051e-01 -3.126966059207916260e-01 -2.211909741163253784e-01
-2.199134044349193573e-02 -2.344786524772644043e-01 -1.904635131359100342e-01
-9.270396828651428223e-02 7.144450396299362183e-02 -6.824738532304763794e-02
-2.332905828952789307e-01 3.062475025653839111e-01 1.846031546592712402e-01
-2.206202596426010132e-01 3.890579938888549805e-01 2.618258297443389893e-01
-2.346246689558029175e-01 2.077430933713912964e-01 9.900451451539993286e-02
-1.926035732030868530e-01 -5.105793476104736328e-02 -1.745579391717910767e-02
9.975775144994258881e-03 -1.655898094177246094e-01 -5.761284381151199341e-02
1.938624233007431030e-01 -1.905740499496459961e-01 3.921898454427719116e-02
2.503020465373992920e-01 -5.678696557879447937e-02 1.612782031297683716e-01
9.626423567533493042e-02 1.155891362577676773e-02 1.455294638872146606e-01
-1.792191267013549805e-01 3.410397097468376160e-02 6.130778044462203979e-02
-3.493706285953521729e-01 3.482747822999954224e-02 4.251096025109291077e-02
-2.563293576240539551e-01 -5.896432325243949890e-02 -5.380422342568635941e-03
-6.781568378210067749e-02 4.036876372992992401e-03 5.462246946990489960e-03
4.250925034284591675e-02 5.992774665355682373e-02 5.470773950219154358e-02
8.327109366655349731e-02 8.397484570741653442e-02 -6.204441655427217484e-03
-4.150778800249099731e-02 5.771479010581970215e-02 -2.103074640035629272e-02
-9.966214187443256378e-03 -1.335416827350854874e-02 -1.279396563768386841e-01
1.533831804990768433e-01 -1.213688496500253677e-02 -1.995791196823120117e-01
1.963175684213638306e-01 -3.654390946030616760e-02 -1.832947880029678345e-01
2.283753901720046997e-01 -1.811753585934638977e-02 -9.272519499063491821e-02
9.604210406541824341e-02 7.919670641422271729e-02 8.957183361053466797e-02
-5.685744434595108032e-02 1.190759465098381042e-01 2.034591287374496460e-01
-3.793538361787796021e-02 9.776376187801361084e-02 1.626513600349426270e-01
-1.072259396314620972e-01 -3.362460806965827942e-02 2.331881225109100342e-02
-1.088697835803031921e-01 -1.708858758211135864e-01 -1.029807701706886292e-01
-1.135358661413192749e-01 -1.187439039349555969e-01 -1.160752251744270325e-01
-1.232209876179695129e-01 -3.521317988634109497e-02 -3.867268562316894531e-02
-3.996861353516578674e-02 2.266119047999382019e-02 2.212199848145246506e-03
