-1.310363858938217163e-01 5.084960907697677612e-02 1.165829375386238098e-01
-4.180219396948814392e-02 -4.466234240680932999e-03 5.309593677520751953e-02
4.724260047078132629e-02 -4.258350655436515808e-02 6.537321954965591431e-02
1.539839208126068115e-01 -1.360023468732833862e-01 8.758082985877990723e-02
1.158995404839515686e-01 -7.360157370567321777e-02 1.239066570997238159e-01
-1.102654859423637390e-01 8.610911667346954346e-02 1.471517384052276611e-01
-2.825207710266113281e-01 4.335337132215499878e-02 -2.300489507615566254e-02
-2.738952636718750000e-01 2.143140882253646851e-02 -9.070707857608795166e-02
3.320144861936569214e-02 4.349896684288978577e-02 2.130971401929855347e-01
3.244874775409698486e-01 2.781695723533630371e-01 2.793048620223999023e-01
2.790941596031188965e-01 4.804697036743164062e-01 -2.118352800607681274e-02
4.385057464241981506e-02 4.972613155841827393e-01 -4.181125462055206299e-01
-1.319319307804107666e-01 3.578798472881317139e-01 -5.885636806488037109e-01
-3.924517333507537842e-02 2.176761776208877563e-01 -5.135786533355712891e-01
1.507722735404968262e-01 1.218697875738143921e-01 -2.905658483505249023e-01
1.332975625991821289e-01 1.955441832542419434e-01 -1.540563255548477173e-01
8.042642474174499512e-02 2.616685926914215088e-01 -1.427105218172073364e-01
-1.173151750117540359e-02 1.887824386358261108e-01 -2.163715846836566925e-02
6.968569755554199219e-02 5.121940374374389648e-02 4.126328974962234497e-02
-9.331727772951126099e-02 -9.731681644916534424e-02 1.412235051393508911e-01
-9.483445435762405396e-02 -1.610717624425888062e-01 4.049947559833526611e-01
-8.134073019027709961e-02 -1.315599828958511353e-01 4.815157353878021240e-01
-1.196438167244195938e-02 -2.894194051623344421e-02 4.363834857940673828e-01
1.340281665325164795e-01 4.142073914408683777e-02 2.507234215736389160e-01
1.478695869445800781e-01 1.223586648702621460e-01 -1.810415834188461304e-02
7.380810379981994629e-02 2.523102052509784698e-02 -1.177290230989456177e-01
-4.690339416265487671e-02 -9.389986842870712280e-02 -1.208653822541236877e-01
-4.533914849162101746e-02 -1.584610790014266968e-01 -1.269984841346740723e-01
6.480197608470916748e-02 -1.505082547664642334e-01 -8.514977246522903442e-02
5.759308859705924988e-02 -3.134734556078910828e-02 3.836590424180030823e-02
-2.126068621873855591e-02 1.209534332156181335e-01 1.643249392509460449e-01
-5.111342668533325195e-02 2.478344142436981201e-01 2.540707588195800781e-01
3.775667771697044373e-02 2.631027400493621826e-01 2.800543904304504395e-01
1.852554678916931152e-01 2.020173668861389160e-01 1.358867138624191284e-01
9.859126061201095581e-02 1.817328333854675293e-01 -1.637800037860870361e-01
9.462553076446056366e-03 -2.634706906974315643e-02 -1.580796688795089722e-01
-5.778434127569198608e-02 -1.605753153562545776e-01 7.658732682466506958e-02
3.643677756190299988e-02 -2.463253587484359741e-01 3.694732785224914551e-01
1.182750761508941650e-01 -3.590689897537231445e-01 3.379718661308288574e-01
2.017095535993576050e-01 -3.119800388813018799e-01 2.817422710359096527e-02
1.601746082305908203e-01 -2.898471653461456299e-01 -1.638869494199752808e-01
6.320230662822723389e-02 -2.864797413349151611e-01 -1.403958052396774292e-01
-6.739489734172821045e-02 -1.361885070800781250e-01 7.095584273338317871e-02
-2.198826819658279419e-01 -4.226587247103452682e-03 1.590479910373687744e-01
-1.197314262390136719e-01 4.880416020750999451e-02 1.698483079671859741e-01
-3.747477382421493530e-02 1.452837437391281128e-01 9.201578050851821899e-02
3.627978637814521790e-02 3.088659234344959259e-02 2.950333990156650543e-02
-5.840059742331504822e-02 -8.774910122156143188e-02 1.726546324789524078e-02
-2.994936704635620117e-01 -1.035586372017860413e-01 4.898284003138542175e-02
-3.393810093402862549e-01 -8.601985126733779907e-02 4.804590716958045959e-03
-2.667509913444519043e-01 2.426225226372480392e-03 2.426553517580032349e-02
-1.649612933397293091e-02 -3.036244586110115051e-02 4.457556456327438354e-02
1.642662435770034790e-01 -2.642910182476043701e-02 5.270826816558837891e-02
2.065172344446182251e-01 4.866737872362136841e-02 9.043489396572113037e-02
1.138440221548080444e-01 9.134683758020401001e-02 3.631577640771865845e-02
-2.919387444853782654e-02 1.555083543062210083e-01 1.129607320763170719e-03
-1.408087462186813354e-01 2.482887059450149536e-01 -1.650612056255340576e-01
4.353271797299385071e-02 3.869430124759674072e-01 -3.844139873981475830e-01
2.843694686889648438e-01 4.794532358646392822e-01 -4.730467498302459717e-01
3.181320130825042725e-01 4.375117123126983643e-01 -4.574064016342163086e-01
2.709662914276123047e-01 3.434129059314727783e-01 -3.398044109344482422e-01
3.099488839507102966e-02 1.643193066120147705e-01 -1.228687241673469543e-01
-1.799193322658538818e-01 -2.412577420473098755e-01 7.404882460832595825e-02
-1.684846431016921997e-01 -4.739218056201934814e-01 9.442266821861267090e-02
-2.412550300359725952e-01 -6.006566882133483887e-01 -2.704801224172115326e-02
-1.725424975156784058e-01 -4.899020195007324219e-01 -2.061106115579605103e-01
7.424150407314300537e-02 -2.595966160297393799e-01 -3.886250853538513184e-01
9.918536245822906494e-02 -1.293947547674179077e-01 -3.839280307292938232e-01
5.169492214918136597e-02 -3.818439319729804993e-02 -1.491831243038177490e-01
-1.188292056322097778e-01 -9.811072051525115967e-02 5.949278827756643295e-03
-2.750402688980102539e-01 -3.335942700505256653e-02 1.596702262759208679e-02
-2.696120142936706543e-01 -4.778911173343658447e-02 -3.749910276383161545e-03
-2.558693885803222656e-01 -5.086680874228477478e-02 8.783740922808647156e-03
-1.917847841978073120e-01 9.448409080505371094e-02 7.237119972705841064e-02
-1.239852607250213623e-01 2.371031939983367920e-01 1.544366925954818726e-01
-1.295206546783447266e-01 1.355202645063400269e-01 1.602698713541030884e-01
-7.626610994338989258e-02 -6.810397375375032425e-03 2.119884043931961060e-01
-5.834298580884933472e-02 -2.996695935726165771e-01 3.575872480869293213e-01
7.166551053524017334e-02 -4.418841600418090820e-01 2.370651662349700928e-01
2.468404322862625122e-01 -3.011790215969085693e-01 1.963505595922470093e-01
1.718451827764511108e-01 -2.445733398199081421e-01 6.165259331464767456e-02
2.376863062381744385e-01 -7.239096611738204956e-02 9.288387809647247195e-05
2.554439604282379150e-01 -1.448300629854202271e-01 -2.721847593784332275e-02
1.445352733135223389e-01 -9.607846289873123169e-02 -5.748039856553077698e-02
1.780097633600234985e-01 1.794611476361751556e-02 4.931220412254333496e-02
1.185521036386489868e-01 -5.608993023633956909e-02 1.411609500646591187e-01
1.580834537744522095e-01 -3.342995420098304749e-02 1.882288157939910889e-01
1.666628718376159668e-01 8.120525628328323364e-03 1.383256912231445312e-01
-8.094984106719493866e-03 6.799401342868804932e-02 8.929213881492614746e-02
-1.697174757719039917e-01 1.734193414449691772e-01 -5.206256732344627380e-02
-2.072231918573379517e-01 2.056108564138412476e-01 -6.649255007505416870e-02
-1.790081411600112915e-01 1.818567365407943726e-01 -9.698826074600219727e-02
2.520471811294555664e-02 2.026994973421096802e-01 -1.078760549426078796e-01
1.108166873455047607e-01 3.252547383308410645e-01 -1.531702131032943726e-01
1.750951856374740601e-01 4.954973757266998291e-01 -1.308701634407043457e-01
9.695611149072647095e-02 5.337050557136535645e-01 -7.731036096811294556e-02
-4.828608781099319458e-02 5.119146704673767090e-01 5.983066279441118240e-03
-9.584064781665802002e-02 3.325249552726745605e-01 -1.496740337461233139e-02
-1.099548116326332092e-01 1.962812095880508423e-01 -8.667348325252532959e-02
9.880839288234710693e-02 1.265417039394378662e-01 -5.963785573840141296e-03
1.895448714494705200e-01 4.292856901884078979e-03 1.046028658747673035e-01
2.121192365884780884e-01 1.122166961431503296e-01 2.017838805913925171e-01
2.511421144008636475e-01 1.457958668470382690e-01 1.042332053184509277e-01
2.270424216985702515e-01 2.536175549030303955e-01 -2.095915749669075012e-02
2.104967236518859863e-01 2.577130794525146484e-01 -1.163782030344009399e-01
-1.739413291215896606e-02 1.466720998287200928e-01 -1.688165515661239624e-01
-1.648762971162796021e-01 1.191798001527786255e-01 -1.402930170297622681e-01
-2.127236723899841309e-01 2.914550341665744781e-02 -1.243808567523956299e-01
-2.905713915824890137e-01 2.642755955457687378e-02 -1.034441683441400528e-02
-2.347453534603118896e-01 3.438863530755043030e-02 1.361680030822753906e-01
3.052849555388092995e-03 -4.071420133113861084e-01 3.317818641662597656e-01
1.608727276325225830e-01 -5.134924054145812988e-01 5.090862512588500977e-01
1.750246286392211914e-01 -5.482997894287109375e-01 5.292769074440002441e-01
1.035849452018737793e-01 -4.411703944206237793e-01 4.758222401142120361e-01
-2.774936892092227936e-02 -8.715166896581649780e-02 3.611623346805572510e-01
-3.810805501416325569e-03 -1.181050091981887817e-01 2.192603945732116699e-01
1.412958931177854538e-02 -6.529777497053146362e-02 1.891846060752868652e-01
-3.017703443765640259e-02 -9.613729268312454224e-02 1.389353424310684204e-01
-3.462634235620498657e-02 -1.362883001565933228e-01 1.489223986864089966e-01
2.197970077395439148e-02 -1.617453396320343018e-01 7.799682021141052246e-02
8.473676629364490509e-03 -1.101095676422119141e-01 -5.409569293260574341e-02
-1.366386860609054565e-01 -1.027809381484985352e-01 -1.987477093935012817e-01
-1.287416517734527588e-01 -7.489139586687088013e-02 -2.880244255065917969e-01
-7.878825068473815918e-02 -2.303157895803451538e-01 -3.711673021316528320e-01
5.132689699530601501e-02 -3.157099783420562744e-01 -3.819546401500701904e-01
6.680034101009368896e-02 -2.160026431083679199e-01 -2.737832963466644287e-01
-1.062864214181900024e-01 -1.933228522539138794e-01 -1.653927713632583618e-01
-2.263504266738891602e-01 -5.641205608844757080e-02 1.297346502542495728e-02
-2.219048738479614258e-01 -9.014860540628433228e-02 4.051961004734039307e-02
-5.306225642561912537e-02 -2.228224277496337891e-01 -1.514276769012212753e-02
-7.473843637853860855e-03 -1.771056801080703735e-01 -1.689989492297172546e-02
-9.317924082279205322e-02 -1.149139106273651123e-01 -1.216754838824272156e-01
-1.924917250871658325e-01 -3.046991676092147827e-02 -3.035034239292144775e-01
-2.276346534490585327e-01 5.495494231581687927e-02 -1.858411133289337158e-01
-2.458755373954772949e-01 1.019150912761688232e-01 -5.408617481589317322e-02
-1.047174260020256042e-01 3.050628118216991425e-02 -1.975548081099987030e-02
1.113810986280441284e-01 1.158862560987472534e-01 9.362833946943283081e-02
8.649922907352447510e-02 7.348328083753585815e-02 -6.917091459035873413e-02
-3.198439255356788635e-02 1.071807816624641418e-01 -3.928547352552413940e-02
-4.634378850460052490e-02 1.661761850118637085e-01 5.468733608722686768e-02
-1.134108081459999084e-01 8.298381417989730835e-02 2.562064677476882935e-02
1.068560313433408737e-02 2.804897166788578033e-02 1.064275205135345459e-01
1.786402863217517734e-04 -9.598792344331741333e-02 -2.103516831994056702e-02
-2.236983180046081543e-01 -1.823456138372421265e-01 -2.218662053346633911e-01
-5.107393860816955566e-02 -2.001281231641769409e-01 -1.477279067039489746e-01
-6.668934971094131470e-02 -8.080834150314331055e-02 -5.299401283264160156e-02
-1.978044360876083374e-01 5.690905824303627014e-02 1.414255797863006592e-01
-1.145854890346527100e-01 1.818240582942962646e-01 2.280278801918029785e-01
-2.383745461702346802e-01 8.682774007320404053e-02 3.184152301400899887e-03
5.762357637286186218e-02 -5.845393519848585129e-03 -8.916551619768142700e-02
2.431552112102508545e-01 -5.572803318500518799e-02 -1.622794568538665771e-01
1.717277169227600098e-01 -3.447052836418151855e-02 -1.356216520071029663e-01
