-6.246016621589660645e-01 -5.233812928199768066e-01 1.480032205581665039e-01
-6.343450546264648438e-01 -4.747542142868041992e-01 2.072352021932601929e-01
-6.557382345199584961e-01 -5.023483633995056152e-01 2.609477043151855469e-01
-6.647785902023315430e-01 -4.489403665065765381e-01 1.871014684438705444e-01
-6.218687891960144043e-01 -4.248796105384826660e-01 1.736038774251937866e-01
-6.049925684928894043e-01 -3.817687928676605225e-01 2.376813441514968872e-01
-6.063069701194763184e-01 -3.678078949451446533e-01 3.262475728988647461e-01
-6.314769387245178223e-01 -4.411051273345947266e-01 3.021330237388610840e-01
-6.618365645408630371e-01 -5.251487493515014648e-01 1.844037473201751709e-01
-6.803097128868103027e-01 -5.679407119750976562e-01 1.928192377090454102e-01
-3.652692437171936035e-01 -5.715446472167968750e-01 2.193085551261901855e-01
-5.466373637318611145e-02 -5.061737895011901855e-01 9.348335862159729004e-02
-2.791820764541625977e-01 -4.444143772125244141e-01 3.485839068889617920e-02
-3.109234273433685303e-01 -4.081164896488189697e-01 -7.480320334434509277e-02
-2.982045412063598633e-01 -4.033502936363220215e-01 -1.523223519325256348e-01
-2.641904354095458984e-01 -3.329377174377441406e-01 -2.062009572982788086e-01
-2.676463723182678223e-01 -3.010265231132507324e-01 -1.705906540155410767e-01
-1.718675941228866577e-01 -1.646987795829772949e-01 -1.674665957689285278e-01
-2.294029146432876587e-01 -1.300543695688247681e-01 -1.482790261507034302e-01
-1.197234913706779480e-01 -6.616821140050888062e-02 -1.357306540012359619e-01
-1.957090497016906738e-01 5.594752728939056396e-03 -5.540153756737709045e-02
-2.187300920486450195e-01 1.133057288825511932e-02 5.458784103393554688e-02
-7.980037480592727661e-02 -1.051460113376379013e-02 2.282789200544357300e-01
-4.558240622282028198e-02 6.674893945455551147e-02 4.061070978641510010e-01
9.950982034206390381e-02 2.427689135074615479e-01 3.550546765327453613e-01
1.694104671478271484e-01 3.137843608856201172e-01 3.451060056686401367e-01
1.519294381141662598e-01 3.017188608646392822e-01 3.893913924694061279e-01
8.089828491210937500e-02 3.185615539550781250e-01 3.836283385753631592e-01
9.174216538667678833e-02 3.242818117141723633e-01 3.497332334518432617e-01
7.972815632820129395e-02 3.620234727859497070e-01 3.409566879272460938e-01
7.409422844648361206e-02 3.569961488246917725e-01 3.510267138481140137e-01
6.823626905679702759e-02 3.489891588687896729e-01 3.875930309295654297e-01
8.804392069578170776e-02 3.583854734897613525e-01 4.409281909465789795e-01
2.240316271781921387e-01 3.714935183525085449e-01 4.033429622650146484e-01
2.986545264720916748e-01 3.208481073379516602e-01 4.006462097167968750e-01
1.761240065097808838e-01 2.931144237518310547e-01 4.032274484634399414e-01
1.616955995559692383e-01 2.307629585266113281e-01 2.783570885658264160e-01
1.988031268119812012e-01 -1.401116251945495605e-01 2.340295165777206421e-01
2.545562386512756348e-01 5.179292708635330200e-02 3.958379924297332764e-01
3.808142244815826416e-01 1.779801249504089355e-01 4.273976981639862061e-01
3.256923556327819824e-01 2.203223705291748047e-01 3.755365014076232910e-01
2.552422583103179932e-01 1.525533497333526611e-01 3.223799467086791992e-01
2.699881792068481445e-01 6.723580509424209595e-02 2.822094857692718506e-01
2.400925159454345703e-01 6.515385210514068604e-02 2.876857817173004150e-01
2.578967511653900146e-01 4.508287832140922546e-02 3.195826411247253418e-01
3.127737939357757568e-01 5.015183985233306885e-02 3.337334990501403809e-01
3.604061007499694824e-01 5.195239558815956116e-02 2.945913970470428467e-01
3.634294867515563965e-01 5.737811699509620667e-02 3.202370703220367432e-01
2.948967218399047852e-01 2.287863753736019135e-02 3.374000191688537598e-01
2.330135405063629150e-01 -6.629661191254854202e-03 3.641803264617919922e-01
1.133093312382698059e-01 -3.511023521423339844e-02 4.077043235301971436e-01
1.166325435042381287e-01 2.455656230449676514e-02 4.228112101554870605e-01
1.598637998104095459e-01 3.187767043709754944e-02 4.373131394386291504e-01
2.000047117471694946e-01 6.758950650691986084e-02 3.549422025680541992e-01
1.433921009302139282e-01 2.979498356580734253e-02 4.063070416450500488e-01
1.599642634391784668e-01 -4.489524662494659424e-02 3.550842404365539551e-01
1.220697239041328430e-01 -2.306344918906688690e-02 4.266157746315002441e-01
1.351666301488876343e-01 1.388326566666364670e-02 4.177791476249694824e-01
5.089537799358367920e-02 1.589514911174774170e-01 4.297778904438018799e-01
2.874923348426818848e-01 2.852811813354492188e-01 1.747880727052688599e-01
3.115734755992889404e-01 3.246905505657196045e-01 1.273804008960723877e-01
2.549855113029479980e-01 3.944716453552246094e-01 1.436771005392074585e-01
2.404498308897018433e-01 3.479043245315551758e-01 9.494958817958831787e-02
2.431527823209762573e-01 2.528550922870635986e-01 8.098006248474121094e-02
8.632102049887180328e-03 1.302268058061599731e-01 1.598059982061386108e-01
-2.024905830621719360e-01 7.844576984643936157e-02 1.350931264460086823e-02
-3.166189789772033691e-01 2.133101224899291992e-01 -2.529275715351104736e-01
-2.531330883502960205e-01 2.572546899318695068e-01 -3.489117324352264404e-01
-2.442725151777267456e-01 2.120458036661148071e-01 -4.563319981098175049e-01
-2.100725919008255005e-01 2.827503383159637451e-01 -4.627848267555236816e-01
-1.187623217701911926e-01 2.791908979415893555e-01 -4.262130856513977051e-01
-1.595092266798019409e-01 2.883304357528686523e-01 -4.125747084617614746e-01
-1.498283147811889648e-01 2.163574397563934326e-01 -4.285077452659606934e-01
-1.079500988125801086e-01 1.892202794551849365e-01 -4.591097831726074219e-01
-6.560389697551727295e-02 2.173214256763458252e-01 -4.404166936874389648e-01
-3.389296308159828186e-02 1.911324262619018555e-01 -4.068450331687927246e-01
-4.233939349651336670e-01 2.238822132349014282e-01 2.654449045658111572e-01
-5.550923347473144531e-01 2.588900923728942871e-01 3.822257816791534424e-01
-5.607058405876159668e-01 -1.356097683310508728e-02 3.394401669502258301e-01
-5.663859844207763672e-01 -3.619570657610893250e-02 2.662935256958007812e-01
-5.755535960197448730e-01 -1.235647052526473999e-01 2.172708511352539062e-01
-4.495009183883666992e-01 -1.336719542741775513e-01 2.744922935962677002e-01
-5.128782391548156738e-01 -2.595389820635318756e-02 1.329587548971176147e-01
-4.576000869274139404e-01 3.043760731816291809e-02 6.120278313755989075e-02
-5.289825201034545898e-01 2.643562257289886475e-01 1.309242397546768188e-01
-5.471917390823364258e-01 3.426019847393035889e-01 1.516242474317550659e-01
-4.693510234355926514e-01 4.056574404239654541e-01 8.073810487985610962e-02
-4.332292079925537109e-01 3.472177386283874512e-01 8.888326585292816162e-02
-3.961610794067382812e-01 3.346301913261413574e-01 7.337449491024017334e-02
-3.748286366462707520e-01 3.303095996379852295e-01 6.222939863801002502e-02
-4.436846375465393066e-01 3.420083522796630859e-01 1.026229932904243469e-01
-4.645568430423736572e-01 3.430702090263366699e-01 1.076704114675521851e-01
-4.288161695003509521e-01 3.198488056659698486e-01 1.208112686872482300e-01
-4.100345969200134277e-01 3.161482810974121094e-01 1.427234113216400146e-01
-3.563974797725677490e-01 3.085409998893737793e-01 1.589831411838531494e-01
-2.076312601566314697e-01 3.301028609275817871e-01 1.906199902296066284e-01
1.261249333620071411e-01 3.795442879199981689e-01 1.791832745075225830e-01
1.166128218173980713e-01 4.241014122962951660e-01 1.645887196063995361e-01
1.723776012659072876e-01 4.005973637104034424e-01 2.011290788650512695e-01
1.340447664260864258e-01 3.963454961776733398e-01 1.657068282365798950e-01
1.887916922569274902e-01 3.872525691986083984e-01 1.699682474136352539e-01
2.648073434829711914e-01 4.176609218120574951e-01 1.600186079740524292e-01
3.245024979114532471e-01 3.133742809295654297e-01 1.643085479736328125e-01
3.662991523742675781e-01 2.974090576171875000e-01 1.488153189420700073e-01
3.699686229228973389e-01 3.108551800251007080e-01 8.987880498170852661e-02
3.943531811237335205e-01 2.643598020076751709e-01 4.853104427456855774e-02
4.177928566932678223e-01 2.447960525751113892e-01 -2.762128412723541260e-02
3.224828243255615234e-01 2.841500043869018555e-01 -8.799631148576736450e-03
3.054651916027069092e-01 2.324412614107131958e-01 2.584596723318099976e-02
2.914938926696777344e-01 1.478273719549179077e-01 -2.231884188950061798e-02
3.211717903614044189e-01 1.426078081130981445e-01 3.693709149956703186e-02
3.559170067310333252e-01 1.026934478431940079e-02 7.975056022405624390e-02
3.268970847129821777e-01 7.105404138565063477e-02 1.044055819511413574e-01
4.016710817813873291e-01 6.415953487157821655e-02 3.175746500492095947e-01
2.923002839088439941e-01 1.374794170260429382e-02 3.811602890491485596e-01
3.049488663673400879e-01 5.319241806864738464e-02 3.943013548851013184e-01
3.620879054069519043e-01 2.120782248675823212e-02 4.232596457004547119e-01
3.600187599658966064e-01 8.173677138984203339e-03 4.236067533493041992e-01
3.567589521408081055e-01 5.242871120572090149e-02 4.090840518474578857e-01
3.308765888214111328e-01 8.050923049449920654e-02 4.109952151775360107e-01
2.861300110816955566e-01 5.343675240874290466e-02 4.715741872787475586e-01
1.966567486524581909e-01 -2.362960804020985961e-04 4.406276047229766846e-01
1.656887233257293701e-01 2.278685010969638824e-02 4.481242001056671143e-01
1.773895621299743652e-01 -1.317582577466964722e-01 3.946372866630554199e-01
1.472716033458709717e-01 -3.245285153388977051e-01 3.468958139419555664e-01
-2.576223313808441162e-01 -4.231343567371368408e-01 1.055164560675621033e-01
-2.826483249664306641e-01 -4.630676805973052979e-01 6.753853708505630493e-02
-3.415567576885223389e-01 -5.102041959762573242e-01 2.310474216938018799e-01
-4.546080827713012695e-01 -4.910516440868377686e-01 1.799866408109664917e-01
-4.820280671119689941e-01 -4.852522015571594238e-01 2.070458680391311646e-01
-4.872391223907470703e-01 -4.969674050807952881e-01 2.542262375354766846e-01
-5.755395889282226562e-01 -5.305327177047729492e-01 1.435726732015609741e-01
-5.975688099861145020e-01 -4.870414733886718750e-01 2.150462567806243896e-01
-6.741689443588256836e-01 -5.037397146224975586e-01 2.499828487634658813e-01
-7.015867233276367188e-01 -5.270891189575195312e-01 1.292605847120285034e-01
-6.369469761848449707e-01 -5.225448608398437500e-01 1.478177160024642944e-01
-6.590460538864135742e-01 -5.407213568687438965e-01 2.018110603094100952e-01
-6.492720246315002441e-01 -5.213275551795959473e-01 9.807954728603363037e-02
-5.957397222518920898e-01 -4.940936565399169922e-01 2.138326764106750488e-01
-6.766238212585449219e-01 -4.493747651576995850e-01 1.911616325378417969e-01
-6.508786082267761230e-01 -4.451158642768859863e-01 2.326558083295822144e-01
-5.977085828781127930e-01 -4.933725893497467041e-01 1.546894758939743042e-01
-5.884965658187866211e-01 -4.773772060871124268e-01 1.829476207494735718e-01
-5.859256386756896973e-01 -5.130318999290466309e-01 1.845417618751525879e-01
-6.371734142303466797e-01 -4.690309166908264160e-01 1.647635996341705322e-01
-6.871181726455688477e-01 -5.396496057510375977e-01 1.005100160837173462e-01
-6.372191905975341797e-01 -5.818112492561340332e-01 1.229767575860023499e-01
-6.622607111930847168e-01 -5.900399684906005859e-01 1.259827911853790283e-01
-5.977562069892883301e-01 -5.807880759239196777e-01 1.214223727583885193e-01
-6.108344197273254395e-01 -6.369330883026123047e-01 1.031819432973861694e-01
-6.543176174163818359e-01 -6.264852881431579590e-01 5.470512062311172485e-02
-5.535318255424499512e-01 -4.217030704021453857e-01 1.763780601322650909e-02
