1.143223650662559057e-02
7.621491004417061538e-03
0.000000000000000000e+00
0.000000000000000000e+00
0.000000000000000000e+00
0.000000000000000000e+00
0.000000000000000000e+00
0.000000000000000000e+00
0.000000000000000000e+00
0.000000000000000000e+00
0.000000000000000000e+00
0.000000000000000000e+00
0.000000000000000000e+00
0.000000000000000000e+00
0.000000000000000000e+00
0.000000000000000000e+00
0.000000000000000000e+00
0.000000000000000000e+00
0.000000000000000000e+00
0.000000000000000000e+00
2.225705636842466306e-01
4.891901961129093701e-01
5.879248932391178961e-01
3.802650517237065042e-01
0.000000000000000000e+00
0.000000000000000000e+00
0.000000000000000000e+00
0.000000000000000000e+00
0.000000000000000000e+00
0.000000000000000000e+00
0.000000000000000000e+00
0.000000000000000000e+00
0.000000000000000000e+00
0.000000000000000000e+00
0.000000000000000000e+00
0.000000000000000000e+00
6.406535023830650655e-02
7.299541273136953001e-02
2.067728325850000728e-02
0.000000000000000000e+00
0.000000000000000000e+00
0.000000000000000000e+00
0.000000000000000000e+00
1.754823998169801128e-02
2.389437908525916289e-03
0.000000000000000000e+00
0.000000000000000000e+00
0.000000000000000000e+00
0.000000000000000000e+00
4.903508872310614799e-04
5.116816654297568975e-03
1.868805619695971740e-02
2.276773906217887875e-02
2.581680355020811099e-02
2.186089025192507543e-02
3.720585110386487489e-03
0.000000000000000000e+00
0.000000000000000000e+00
0.000000000000000000e+00
4.700475729151639206e-03
1.692226037309394610e-02
2.432490796668166158e-02
2.534240829905197792e-02
1.748441453003023172e-02
8.944965661889559688e-03
2.981561215728293496e-03
0.000000000000000000e+00
6.403146777059202759e-03
9.165727935657943734e-03
6.425737027114256962e-03
5.822056931756303122e-03
1.930980849236171946e-03
0.000000000000000000e+00
0.000000000000000000e+00
0.000000000000000000e+00
0.000000000000000000e+00
1.464363679929754913e-01
2.641918870381902429e-01
2.349597429533073212e-01
1.169285763395314925e-01
0.000000000000000000e+00
1.791124349482205169e-01
3.649347498216737318e-01
4.211849608965969605e-01
2.514895493374783020e-01
0.000000000000000000e+00
0.000000000000000000e+00
0.000000000000000000e+00
0.000000000000000000e+00
0.000000000000000000e+00
0.000000000000000000e+00
0.000000000000000000e+00
0.000000000000000000e+00
0.000000000000000000e+00
0.000000000000000000e+00
0.000000000000000000e+00
0.000000000000000000e+00
0.000000000000000000e+00
0.000000000000000000e+00
0.000000000000000000e+00
0.000000000000000000e+00
5.310703217447033421e-03
5.788398331384702819e-03
0.000000000000000000e+00
0.000000000000000000e+00
5.565560196800444642e-03
2.537320604922356504e-02
2.885517764577242086e-02
3.620092513848143650e-02
8.362302058239841351e-02
9.103772793882117242e-02
6.461747106796608686e-02
0.000000000000000000e+00
0.000000000000000000e+00
0.000000000000000000e+00
1.834041637976758718e-02
6.912414164027474994e-02
5.727990781642887386e-02
8.035965399249556107e-04
0.000000000000000000e+00
0.000000000000000000e+00
0.000000000000000000e+00
0.000000000000000000e+00
0.000000000000000000e+00
0.000000000000000000e+00
0.000000000000000000e+00
0.000000000000000000e+00
0.000000000000000000e+00
1.914734127468135094e-01
3.307998295212387641e-01
2.974852056830347702e-01
1.481501742606656236e-01
0.000000000000000000e+00
0.000000000000000000e+00
0.000000000000000000e+00
0.000000000000000000e+00
0.000000000000000000e+00
0.000000000000000000e+00
0.000000000000000000e+00
0.000000000000000000e+00
0.000000000000000000e+00
0.000000000000000000e+00
0.000000000000000000e+00
0.000000000000000000e+00
0.000000000000000000e+00
1.524298200883412221e-03
3.048596401766824442e-03
3.429670951987677172e-03
3.810745502208530010e-04
0.000000000000000000e+00
0.000000000000000000e+00
0.000000000000000000e+00
