-2.368226833641529083e-02 -2.802402675151824951e-01 7.792929559946060181e-02
-9.442106634378433228e-02 -3.319469690322875977e-01 1.241313740611076355e-01
-1.163752079010009766e-01 -2.335714548826217651e-01 1.223779022693634033e-01
-9.171448647975921631e-02 9.898539632558822632e-02 1.530697382986545563e-02
-2.510519511997699738e-02 2.754078209400177002e-01 -9.646589308977127075e-02
5.588367208838462830e-02 2.884378731250762939e-01 -1.419069617986679077e-01
1.498260349035263062e-02 1.857135444879531860e-01 -1.259366273880004883e-01
8.526717312633991241e-03 6.615062057971954346e-02 -2.459595911204814911e-02
1.083511486649513245e-01 9.889922291040420532e-02 6.010926514863967896e-02
2.350020259618759155e-01 2.710952609777450562e-02 1.687674671411514282e-01
4.274855554103851318e-01 -1.439991295337677002e-01 3.374314904212951660e-01
4.357398748397827148e-01 -3.460224568843841553e-01 4.161092042922973633e-01
2.068311572074890137e-01 -3.306636810302734375e-01 3.345653116703033447e-01
-1.605228185653686523e-01 -4.767083004117012024e-02 3.674240037798881531e-02
-4.131597280502319336e-01 2.714022696018218994e-01 -3.360583186149597168e-01
-4.735443592071533203e-01 5.642682313919067383e-01 -4.408182203769683838e-01
-3.742377460002899170e-01 5.831168293952941895e-01 -4.229563772678375244e-01
-2.722810208797454834e-01 4.379528462886810303e-01 -3.948605954647064209e-01
-1.525218188762664795e-01 1.176168322563171387e-01 -2.960754334926605225e-01
8.121172338724136353e-02 -3.714615404605865479e-01 -4.306649416685104370e-02
1.509975045919418335e-01 -4.015584290027618408e-01 2.196894139051437378e-01
2.311387807130813599e-01 -3.433431982994079590e-01 3.152857124805450439e-01
2.467138618230819702e-01 -2.323773950338363647e-01 2.307393848896026611e-01
2.288629561662673950e-01 -1.077374070882797241e-01 9.713322669267654419e-02
2.920036613941192627e-01 -4.166324809193611145e-02 9.113402664661407471e-02
1.489566266536712646e-01 1.332941800355911255e-01 9.942276030778884888e-02
-5.013372749090194702e-02 1.980111896991729736e-01 1.441754549741744995e-01
-2.167123109102249146e-01 1.607183516025543213e-01 1.637484878301620483e-01
-3.532848060131072998e-01 8.026298135519027710e-02 9.998490661382675171e-02
-3.617128729820251465e-01 7.585132494568824768e-03 -1.261987537145614624e-02
-2.917901575565338135e-01 2.949542133137583733e-03 -1.788795143365859985e-01
-1.342280209064483643e-01 -3.694150969386100769e-02 -2.352963835000991821e-01
6.251559406518936157e-02 -1.960748732089996338e-01 -1.504990309476852417e-01
1.568310707807540894e-01 -3.347275257110595703e-01 -5.241873487830162048e-02
1.286109089851379395e-01 -4.088391363620758057e-01 8.412338793277740479e-02
2.634228393435478210e-02 -2.865883708000183105e-01 1.493531763553619385e-01
-5.319443717598915100e-02 -5.692264810204505920e-02 1.786236912012100220e-01
-5.193832144141197205e-02 1.445793956518173218e-01 2.015538364648818970e-01
5.074026435613632202e-02 3.012049794197082520e-01 4.049191996455192566e-02
1.606328785419464111e-01 2.255225628614425659e-01 -1.141089722514152527e-01
2.505878210067749023e-01 7.363720983266830444e-02 -1.857217550277709961e-01
2.139222919940948486e-01 -6.696494668722152710e-02 -1.996820718050003052e-01
8.824390172958374023e-02 -1.759777814149856567e-01 -1.038623824715614319e-01
1.473967172205448151e-02 -1.875298768281936646e-01 -8.616896718740463257e-02
3.228651592507958412e-03 -1.616472750902175903e-01 -1.144345626235008240e-01
1.458108872175216675e-01 -6.009593978524208069e-02 -4.548478126525878906e-02
2.614043354988098145e-01 1.539937406778335571e-01 1.788669824600219727e-01
2.876758575439453125e-01 3.371185064315795898e-01 4.030666053295135498e-01
2.089537084102630615e-01 3.190256059169769287e-01 4.452255070209503174e-01
-1.892904751002788544e-02 1.351079940795898438e-01 2.981187999248504639e-01
-2.309932261705398560e-01 -6.861180067062377930e-02 -1.212699934840202332e-01
-3.225424587726593018e-01 -1.618692725896835327e-01 -3.675475120544433594e-01
-2.969513535499572754e-01 -2.586464025080204010e-02 -4.136632382869720459e-01
-3.932542502880096436e-01 5.258111655712127686e-02 -4.502095282077789307e-01
-4.789682328701019287e-01 3.079324029386043549e-02 -4.778494536876678467e-01
-4.646531045436859131e-01 5.328574776649475098e-02 -4.446786046028137207e-01
-2.487842440605163574e-01 5.730052012950181961e-03 -1.226491704583168030e-01
2.650898993015289307e-01 6.805418431758880615e-02 3.421492278575897217e-01
4.117230474948883057e-01 1.099074706435203552e-01 4.503694176673889160e-01
3.566640913486480713e-01 9.189848601818084717e-02 3.780797719955444336e-01
2.137245684862136841e-01 7.753923535346984863e-02 1.505607068538665771e-01
6.726186722517013550e-02 5.356369540095329285e-02 -7.395197451114654541e-02
5.742945522069931030e-02 2.292074821889400482e-02 -1.406970620155334473e-01
6.885587237775325775e-03 4.296771809458732605e-02 -1.748040765523910522e-01
-6.646841764450073242e-02 2.769922837615013123e-02 -1.243181228637695312e-01
-1.070746481418609619e-01 -1.272418797016143799e-01 3.144858032464981079e-02
-4.605384077876806259e-03 -2.630335390567779541e-01 1.287192255258560181e-01
1.474715173244476318e-01 -3.434896767139434814e-01 2.017765194177627563e-01
2.953317165374755859e-01 -2.638952136039733887e-01 2.064275592565536499e-01
3.208515644073486328e-01 -8.495038747787475586e-02 1.620834022760391235e-01
1.419048458337783813e-01 8.896970003843307495e-02 1.024411097168922424e-01
-2.624373510479927063e-02 1.639449447393417358e-01 2.146455459296703339e-02
-1.096600964665412903e-01 1.216486766934394836e-01 -2.832414582371711731e-02
