-5.787538290023803711e-01 -1.049794703722000122e-01 2.308008372783660889e-01
-6.658602356910705566e-01 -1.177272945642471313e-01 2.520910501480102539e-01
-5.919069647789001465e-01 -1.643395610153675079e-02 2.403008341789245605e-01
-5.664463043212890625e-01 -1.125825121998786926e-01 9.155330806970596313e-02
-4.704012274742126465e-01 1.063970327377319336e-01 -5.702961236238479614e-02
-4.429748654365539551e-01 2.401986271142959595e-01 -5.615239217877388000e-02
-4.262202680110931396e-01 3.239931762218475342e-01 -9.314753860235214233e-02
-4.781734347343444824e-01 3.593763709068298340e-01 -1.699104011058807373e-01
-4.817567765712738037e-01 3.096182644367218018e-01 -2.560435049235820770e-02
-4.766348302364349365e-01 2.818703353404998779e-01 -1.095891594886779785e-01
-4.231547713279724121e-01 2.374190092086791992e-01 -1.945894509553909302e-01
-3.791869878768920898e-01 1.934609711170196533e-01 -1.625760793685913086e-01
-3.363685905933380127e-01 1.450398564338684082e-01 -8.460965007543563843e-02
-2.373042255640029907e-01 2.091284990310668945e-01 -3.236758112907409668e-01
-1.793955415487289429e-01 2.489991188049316406e-01 -2.717589139938354492e-01
-1.150492504239082336e-01 2.505235373973846436e-01 -3.024832904338836670e-01
-1.229967921972274780e-01 1.343003958463668823e-01 -3.272772431373596191e-01
-1.297185122966766357e-01 1.189142987132072449e-01 -3.107842504978179932e-01
-1.958341151475906372e-01 1.286365389823913574e-01 -2.445805221796035767e-01
-3.139569163322448730e-01 -1.288065761327743530e-01 3.907265663146972656e-01
-4.013077914714813232e-01 2.459804266691207886e-01 4.951466247439384460e-02
-4.171877801418304443e-01 3.573029637336730957e-01 6.664176285266876221e-02
-4.718263447284698486e-01 5.024991035461425781e-01 9.436193853616714478e-02
-4.682447910308837891e-01 4.653424620628356934e-01 1.393086463212966919e-01
-5.381870269775390625e-01 4.734433591365814209e-01 8.897257596254348755e-02
-5.375401377677917480e-01 4.695097506046295166e-01 8.735745400190353394e-02
-5.711156129837036133e-01 4.337870478630065918e-01 1.027644500136375427e-01
-5.993316769599914551e-01 4.254384338855743408e-01 1.376278102397918701e-01
-5.728338956832885742e-01 3.889485001564025879e-01 2.019635587930679321e-01
-5.258800983428955078e-01 3.084243237972259521e-01 2.792119979858398438e-01
-4.503002762794494629e-01 2.898657619953155518e-01 3.680099546909332275e-01
-3.555933237075805664e-01 2.384186387062072754e-01 4.293319284915924072e-01
-3.008289337158203125e-01 2.143122702836990356e-01 4.155414998531341553e-01
-2.340895086526870728e-01 1.610363572835922241e-01 4.367294907569885254e-01
-2.184139341115951538e-01 8.662923425436019897e-02 4.459199905395507812e-01
-5.569735541939735413e-02 -7.771519571542739868e-02 3.992702364921569824e-01
3.183026239275932312e-02 -2.016515284776687622e-01 3.075867593288421631e-01
7.988032698631286621e-02 -2.431177049875259399e-01 2.466934919357299805e-01
2.218718826770782471e-01 -2.866352796554565430e-01 2.286768555641174316e-01
3.422341942787170410e-01 -3.456222712993621826e-01 1.761631220579147339e-01
3.733593821525573730e-01 -3.465342223644256592e-01 1.746785789728164673e-01
4.660516381263732910e-01 -3.432441651821136475e-01 2.053476125001907349e-01
4.527389109134674072e-01 -3.774785101413726807e-01 1.456474959850311279e-01
4.253329634666442871e-01 -4.032199382781982422e-01 1.240011006593704224e-01
4.750936329364776611e-01 -4.324207603931427002e-01 3.202843293547630310e-02
4.734973609447479248e-01 -4.186389744281768799e-01 -3.152610443066805601e-04
4.180786311626434326e-01 -4.106210768222808838e-01 -7.852335274219512939e-02
4.055322110652923584e-01 -4.120455682277679443e-01 -1.886849850416183472e-01
3.191794753074645996e-01 -3.444444835186004639e-01 -1.804589182138442993e-01
2.807022035121917725e-01 -2.394667565822601318e-01 -8.675808459520339966e-02
3.015274405479431152e-01 -3.485333546996116638e-02 -8.296518586575984955e-03
3.087936043739318848e-01 1.523884981870651245e-01 9.480897337198257446e-02
2.946816086769104004e-01 1.511312127113342285e-01 6.503910571336746216e-02
3.018881678581237793e-01 1.233381405472755432e-01 7.259140908718109131e-02
2.810237705707550049e-01 1.357091963291168213e-01 1.604466438293457031e-01
2.777094244956970215e-01 1.749404668807983398e-01 1.065583229064941406e-01
1.668929457664489746e-01 5.463413149118423462e-02 5.580873414874076843e-02
3.566436469554901123e-01 -2.303886264562606812e-01 -3.441373258829116821e-02
3.504237830638885498e-01 -1.818806976079940796e-01 -2.536678686738014221e-02
3.208315968513488770e-01 -1.452216655015945435e-01 1.531115453690290451e-02
3.407355546951293945e-01 -8.782422542572021484e-02 4.349529743194580078e-02
3.619487583637237549e-01 -9.280262887477874756e-02 6.953367590904235840e-02
3.378264307975769043e-01 -8.724749088287353516e-02 1.589908450841903687e-01
3.061677515506744385e-01 -6.267775595188140869e-02 2.186650782823562622e-01
3.379725813865661621e-01 -5.324677377939224243e-02 1.990427225828170776e-01
2.919747531414031982e-01 -4.286517947912216187e-02 2.185983806848526001e-01
2.685278654098510742e-01 -2.839938271790742874e-03 2.401110231876373291e-01
2.141015082597732544e-01 1.133918389678001404e-02 2.680218517780303955e-01
2.443223744630813599e-01 2.988996356725692749e-02 2.663006186485290527e-01
2.567533850669860840e-01 1.448436640202999115e-02 1.743763834238052368e-01
2.582293748855590820e-01 -8.542367815971374512e-02 1.455243229866027832e-01
3.154467642307281494e-01 -1.873233616352081299e-01 1.023024171590805054e-01
3.923674225807189941e-01 -1.779813617467880249e-01 9.435005486011505127e-02
