8.622949570417404175e-02 -1.897308975458145142e-01 2.411245182156562805e-02
2.918832302093505859e-01 -6.495977193117141724e-02 -5.163741856813430786e-02
4.468924105167388916e-01 7.295425236225128174e-02 -9.777842462062835693e-02
4.982240200042724609e-01 1.721847057342529297e-01 -7.147923856973648071e-02
4.155101478099822998e-01 1.565006971359252930e-01 -1.274843364953994751e-01
1.289623081684112549e-01 -1.230554888024926186e-03 -1.769047826528549194e-01
2.019208297133445740e-02 -8.642914891242980957e-02 -6.498946249485015869e-02
-3.589797765016555786e-02 -9.312179684638977051e-02 -3.643572703003883362e-02
6.480824947357177734e-02 -1.114542111754417419e-01 9.230987727642059326e-02
1.106978282332420349e-01 -7.600742578506469727e-02 2.084512561559677124e-01
3.979303874075412750e-04 -2.838997542858123779e-02 1.188099533319473267e-01
1.182350963354110718e-01 1.750649958848953247e-01 -1.161677390336990356e-01
-8.040631562471389771e-02 4.449820518493652344e-01 -4.234667420387268066e-01
-5.141476914286613464e-02 5.571243166923522949e-01 -5.177589654922485352e-01
-9.457439929246902466e-02 4.830244481563568115e-01 -4.094677865505218506e-01
-1.834835559129714966e-01 2.210132181644439697e-01 -5.245951190590858459e-02
-8.001172542572021484e-02 -4.260744899511337280e-02 1.510898619890213013e-01
-2.809884548187255859e-01 -2.723156213760375977e-01 5.701628923416137695e-01
-1.991977542638778687e-01 -4.128315448760986328e-01 5.481393933296203613e-01
-1.031027808785438538e-01 -4.927776455879211426e-01 4.914926290512084961e-01
-7.838570326566696167e-02 -3.894498348236083984e-01 1.934551000595092773e-01
2.110437676310539246e-02 -2.103245854377746582e-01 -1.832253634929656982e-01
-7.212419062852859497e-02 -1.192071363329887390e-01 3.145700553432106972e-03
-1.484036743640899658e-01 -3.649208694696426392e-02 -9.386888891458511353e-02
-1.473128646612167358e-01 -4.364393278956413269e-02 -1.797651648521423340e-01
-2.379612624645233154e-01 -8.746623061597347260e-03 -2.438308149576187134e-01
-1.910687536001205444e-01 1.587522961199283600e-02 -1.021097078919410706e-01
-1.234511956572532654e-01 -1.470169518142938614e-02 7.973089069128036499e-02
-5.593565478920936584e-02 3.570420295000076294e-02 2.162641286849975586e-01
-1.050846744328737259e-02 1.060389503836631775e-01 3.142618238925933838e-01
-1.789375394582748413e-02 9.784020483493804932e-02 3.523876667022705078e-01
2.068612352013587952e-02 3.360987827181816101e-02 3.840479552745819092e-01
1.597075723111629486e-02 -4.851524531841278076e-02 3.968139290809631348e-01
1.815879195928573608e-01 -3.333233296871185303e-02 3.477075397968292236e-01
3.405137360095977783e-01 5.759348720312118530e-02 3.015131652355194092e-01
3.571731448173522949e-01 6.728899478912353516e-02 1.738458126783370972e-01
3.965984880924224854e-01 1.957932710647583008e-01 1.119163185358047485e-01
2.242984324693679810e-01 2.794826626777648926e-01 9.421775490045547485e-02
7.657575607299804688e-02 3.090552389621734619e-01 1.906398385763168335e-01
4.355392977595329285e-02 3.386881053447723389e-01 2.732684612274169922e-01
-4.050505161285400391e-02 1.574527025222778320e-01 2.007367014884948730e-01
6.060689315199851990e-02 5.396354570984840393e-02 1.114206090569496155e-01
3.621068224310874939e-02 2.923483029007911682e-02 -6.821099668741226196e-02
3.575563058257102966e-02 -3.584971651434898376e-03 -1.479863077402114868e-01
1.972626596689224243e-01 2.579977735877037048e-02 -1.665651351213455200e-01
2.736495733261108398e-01 -3.584591671824455261e-02 -3.052314221858978271e-01
3.403558731079101562e-01 -1.277124732732772827e-01 -3.327921926975250244e-01
2.486834675073623657e-01 -6.175616756081581116e-02 -3.616449236869812012e-01
-1.329961568117141724e-01 2.319404929876327515e-01 -3.789568543434143066e-01
-3.649020791053771973e-01 4.505559802055358887e-01 -2.970147430896759033e-01
-3.152228295803070068e-01 4.697192311286926270e-01 -3.023703396320343018e-01
-1.222879737615585327e-01 3.301275074481964111e-01 -2.749161720275878906e-01
1.043993085622787476e-01 9.673603624105453491e-02 -1.181292980909347534e-01
1.204799413681030273e-01 6.733281910419464111e-02 -2.777233906090259552e-02
-6.019904837012290955e-02 -5.596012994647026062e-02 9.603869169950485229e-02
1.289280205965042114e-01 -3.742398619651794434e-01 3.303767442703247070e-01
2.129618227481842041e-01 -5.068535208702087402e-01 3.911504745483398438e-01
1.884773522615432739e-01 -5.256274938583374023e-01 4.088237583637237549e-01
1.329463422298431396e-01 -3.096589446067810059e-01 3.191777765750885010e-01
-9.081535786390304565e-02 -1.181477680802345276e-02 1.396375596523284912e-01
-1.586428135633468628e-01 1.639934256672859192e-02 1.622837334871292114e-01
-1.196702793240547180e-01 5.908980965614318848e-03 1.841404885053634644e-01
-9.080629795789718628e-02 -7.728190161287784576e-03 1.644521504640579224e-01
-1.481819152832031250e-01 -1.388913094997406006e-01 9.592312574386596680e-02
-1.432591229677200317e-01 -1.800263077020645142e-01 5.181900411844253540e-02
-1.625790148973464966e-01 -2.210983335971832275e-01 7.130701094865798950e-02
-1.252353340387344360e-01 -1.326975524425506592e-01 1.006967201828956604e-01
-2.884423732757568359e-02 4.999268800020217896e-02 4.130261391401290894e-02
7.028625905513763428e-02 9.030688554048538208e-02 -5.398599058389663696e-02
1.423563510179519653e-01 1.411771923303604126e-01 -1.279078871011734009e-01
6.612708419561386108e-02 1.781833469867706299e-01 -2.034230232238769531e-01
-3.405368328094482422e-02 2.094195187091827393e-01 -2.003504037857055664e-01
-1.494615674018859863e-01 1.875297576189041138e-01 -1.809682250022888184e-01
