-1.602650806307792664e-02 -1.067526265978813171e-01 -3.613280132412910461e-02
1.388528477400541306e-02 -1.054072752594947815e-01 -9.265939146280288696e-02
1.014254838228225708e-01 1.430488973855972290e-01 -1.245426982641220093e-01
3.889719247817993164e-01 2.719573378562927246e-01 -1.985916495323181152e-01
4.537809491157531738e-01 2.636744678020477295e-01 -1.362980008125305176e-01
5.115883350372314453e-01 1.220020875334739685e-01 -1.706462353467941284e-01
4.213619232177734375e-01 -8.895827084779739380e-02 -1.565793007612228394e-01
4.320557415485382080e-02 -6.112289428710937500e-02 -7.920457422733306885e-02
6.615579477511346340e-04 1.489013731479644775e-01 8.130991458892822266e-02
-1.211681962013244629e-01 4.026434123516082764e-01 3.185560405254364014e-01
-2.506436109542846680e-01 5.321366190910339355e-01 3.216998875141143799e-01
-1.310665458440780640e-01 5.461682677268981934e-01 1.081771925091743469e-01
-1.522131413221359253e-01 3.534466624259948730e-01 6.268391758203506470e-02
-5.542830377817153931e-02 1.009396463632583618e-01 2.780884206295013428e-01
-1.400941759347915649e-01 2.583270333707332611e-02 4.954681098461151123e-01
-2.816839218139648438e-01 -1.202368661761283875e-01 5.352313518524169922e-01
-2.506551742553710938e-01 -9.231538325548171997e-02 3.117347061634063721e-01
-3.037108853459358215e-02 -1.769403070211410522e-01 8.041123300790786743e-02
1.668025702238082886e-01 -1.643226891756057739e-01 4.316730424761772156e-02
2.726650834083557129e-01 -2.528047375380992889e-02 1.354648321866989136e-01
1.629576683044433594e-01 1.427491195499897003e-02 2.433654665946960449e-01
1.401259899139404297e-01 1.594206690788269043e-02 2.088390141725540161e-01
4.140737280249595642e-02 -4.075583536177873611e-03 1.063083261251449585e-01
-1.358713805675506592e-01 -5.543496459722518921e-02 2.547638863325119019e-02
7.029982283711433411e-03 -7.875471562147140503e-02 -3.473765775561332703e-02
-5.547586828470230103e-02 -4.391966015100479126e-02 -1.690489053726196289e-02
2.872272394597530365e-02 -8.516410738229751587e-02 -1.328261494636535645e-01
1.076943501830101013e-01 -1.215082779526710510e-01 -3.446832001209259033e-01
1.921728551387786865e-01 -1.641883999109268188e-01 -5.506593585014343262e-01
2.974237501621246338e-01 -2.252542525529861450e-01 -5.946720242500305176e-01
2.761483192443847656e-01 -1.634158343076705933e-01 -4.783766269683837891e-01
2.377663403749465942e-01 -1.648802906274795532e-01 -3.054490983486175537e-01
2.365972846746444702e-02 -1.943157613277435303e-01 -8.328783512115478516e-02
-6.561933457851409912e-02 -2.050924599170684814e-01 1.805611327290534973e-02
-1.486058086156845093e-01 -2.974664866924285889e-01 1.503457725048065186e-01
-1.689425557851791382e-01 -2.466421723365783691e-01 2.551366686820983887e-01
-3.317934274673461914e-02 -1.799553185701370239e-01 2.670561075210571289e-01
1.906350627541542053e-02 -1.546472012996673584e-01 2.365317493677139282e-01
1.941515877842903137e-02 -7.014471292495727539e-02 1.894798576831817627e-01
-4.856767877936363220e-02 -7.343330979347229004e-02 1.473003625869750977e-01
-1.328736245632171631e-01 -1.208037137985229492e-01 -1.208927948027849197e-02
-7.312874495983123779e-02 -8.321633934974670410e-02 -9.748718887567520142e-02
-1.185708120465278625e-01 -5.813644826412200928e-02 -1.939594298601150513e-01
-1.183627620339393616e-01 2.523216232657432556e-02 -1.430887728929519653e-01
-1.443579792976379395e-01 1.152290254831314087e-01 -3.424575179815292358e-02
-3.524452075362205505e-02 1.324516981840133667e-01 3.441332280635833740e-02
1.089393254369497299e-02 1.995536983013153076e-01 2.220158465206623077e-02
-6.218100897967815399e-03 2.465336322784423828e-01 1.501797139644622803e-01
-1.092058420181274414e-01 1.759161353111267090e-01 1.839930713176727295e-01
-2.350738942623138428e-01 2.741963788866996765e-02 2.294563800096511841e-01
-1.413378417491912842e-01 -1.207970753312110901e-01 2.481776475906372070e-01
-1.591010838747024536e-01 -1.275275498628616333e-01 9.969517588615417480e-02
-1.246366873383522034e-01 -6.217265501618385315e-02 1.473826766014099121e-01
-3.459082916378974915e-02 -1.036128848791122437e-01 6.808731704950332642e-02
-1.652274429798126221e-01 -4.614615812897682190e-02 -4.636116698384284973e-02
3.471059724688529968e-02 -6.993832439184188843e-02 -1.330704092979431152e-01
6.449627107940614223e-04 -6.243416666984558105e-02 -8.965336531400680542e-02
1.468983106315135956e-02 -9.658329933881759644e-02 1.793617755174636841e-02
6.205591559410095215e-02 -2.200359553098678589e-01 6.066568940877914429e-02
-2.492290437221527100e-01 -1.569006443023681641e-01 4.948427900671958923e-03
-1.028377264738082886e-01 -4.032424837350845337e-02 -3.865953907370567322e-02
7.203160226345062256e-02 1.099061444401741028e-01 8.795529603958129883e-02
2.238948047161102295e-01 3.447773456573486328e-01 -2.666587941348552704e-02
2.906206846237182617e-01 4.062103927135467529e-01 -2.196840792894363403e-01
6.655812612734735012e-04 3.582395315170288086e-01 -4.124563038349151611e-01
-1.967635601758956909e-01 3.058143556118011475e-01 -5.302552580833435059e-01
-2.028744816780090332e-01 3.029812276363372803e-01 -3.823715448379516602e-01
-1.522971391677856445e-01 3.793291747570037842e-01 -2.769235670566558838e-01
1.181657984852790833e-01 3.892503380775451660e-01 -9.399094432592391968e-02
2.508078515529632568e-01 2.997852563858032227e-01 5.600233003497123718e-02
2.869056165218353271e-01 -4.758547618985176086e-02 2.346499860286712646e-01
2.251351624727249146e-01 -2.603478729724884033e-01 4.397177398204803467e-01
1.068521738052368164e-01 -3.204268813133239746e-01 5.305165648460388184e-01
1.213832572102546692e-01 -1.575704813003540039e-01 4.326038360595703125e-01
1.483696550130844116e-01 7.647283375263214111e-02 -1.654782146215438843e-02
1.715912073850631714e-01 1.341349184513092041e-01 -2.352422773838043213e-01
1.692739129066467285e-01 1.181532815098762512e-01 -2.697158157825469971e-01
4.463908448815345764e-02 2.140175178647041321e-02 -1.639106720685958862e-01
2.964537777006626129e-02 2.472589537501335144e-02 -4.882162809371948242e-02
-6.536160409450531006e-02 8.036943152546882629e-03 -5.439875274896621704e-02
-1.464939117431640625e-01 -4.474430158734321594e-02 -6.198738142848014832e-02
-1.979980915784835815e-01 2.738296426832675934e-02 1.826278492808341980e-02
-1.614753305912017822e-01 3.576555103063583374e-02 1.350028812885284424e-01
-4.160304367542266846e-02 9.098459035158157349e-02 3.262785673141479492e-01
1.328295916318893433e-01 4.505797475576400757e-02 4.198948442935943604e-01
4.799451306462287903e-02 8.000620454549789429e-02 2.987833917140960693e-01
-1.370767802000045776e-01 1.335716843605041504e-01 -2.459822036325931549e-02
-9.067228436470031738e-02 -6.469908356666564941e-02 -1.548695098608732224e-02
-2.059256471693515778e-02 -4.899309948086738586e-02 1.996306329965591431e-01
2.317495197057723999e-01 -1.307250410318374634e-01 4.315299689769744873e-01
1.900354325771331787e-01 -1.297482699155807495e-01 4.488019943237304688e-01
-1.270249206572771072e-02 -5.033956840634346008e-02 2.013243585824966431e-01
-8.540828526020050049e-02 -1.672690063714981079e-01 1.309583634138107300e-01
-8.708235621452331543e-02 -1.375795453786849976e-01 8.325214684009552002e-02
-8.059083484113216400e-03 -6.827856600284576416e-02 3.654527664184570312e-02
-5.105880647897720337e-02 -2.359963953495025635e-02 4.738947004079818726e-02
-1.838655173778533936e-01 -5.639353394508361816e-02 -2.238632738590240479e-02
-1.917993426322937012e-01 -4.045980423688888550e-02 -4.832075536251068115e-02
-7.849977910518646240e-02 1.739204116165637970e-02 -1.197135820984840393e-01
7.608544826507568359e-02 3.655289486050605774e-02 -1.217863708734512329e-01
3.824850916862487793e-02 6.093271821737289429e-02 -4.824438318610191345e-02
-1.247939392924308777e-01 -3.351198509335517883e-02 -5.338810849934816360e-03
-1.825294494628906250e-01 -1.250220090150833130e-01 2.727294107899069786e-03
-1.578332036733627319e-01 -1.713814884424209595e-01 -1.005908846855163574e-01
-1.504674460738897324e-02 -1.490988582372665405e-01 -1.021832227706909180e-01
5.874873697757720947e-02 -5.461584404110908508e-02 -1.287056356668472290e-01
5.630710348486900330e-02 -2.058185404166579247e-03 -7.938384264707565308e-02
-3.282883390784263611e-02 5.816186219453811646e-02 -1.089290156960487366e-02
-1.161653846502304077e-01 2.231785794720053673e-03 -2.529254928231239319e-02
-1.312360763549804688e-01 4.499488568399101496e-04 -1.081978064030408859e-02
-5.298540368676185608e-02 2.176687680184841156e-02 -1.072454825043678284e-02
1.620496511459350586e-01 4.406862705945968628e-02 4.804629459977149963e-02
3.475057184696197510e-01 1.039247140288352966e-01 8.043327182531356812e-02
1.843289881944656372e-01 -1.817991584539413452e-01 -2.963861525058746338e-01
-2.459550946950912476e-01 -2.729662656784057617e-01 -4.114381074905395508e-01
-4.729553461074829102e-01 -2.438747733831405640e-01 -3.905969560146331787e-01
-3.335356414318084717e-01 -2.017215937376022339e-01 -2.529070079326629639e-01
1.837630867958068848e-01 -6.965106725692749023e-02 7.662983238697052002e-02
4.636518359184265137e-01 -2.500274181365966797e-01 -8.452894166111946106e-03
3.878244161605834961e-01 -3.490267693996429443e-01 -3.915612772107124329e-02
1.815427839756011963e-01 -3.060322701930999756e-01 -1.010000780224800110e-01
1.539220809936523438e-01 -2.340989708900451660e-01 -1.204599514603614807e-01
1.284820586442947388e-01 -9.536372125148773193e-02 -8.408614993095397949e-02
9.786320477724075317e-02 2.776748687028884888e-02 -1.127928271889686584e-01
9.941969998180866241e-03 1.073838248848915100e-01 -6.912118196487426758e-02
-2.228833921253681183e-02 1.398481726646423340e-01 -1.970450952649116516e-02
-3.442743420600891113e-02 1.573541760444641113e-01 -2.109552966430783272e-03
-4.372498393058776855e-02 1.769260913133621216e-01 -2.846239879727363586e-02
-1.058983281254768372e-01 2.606343030929565430e-01 -1.279219537973403931e-01
-6.212173774838447571e-02 2.878692746162414551e-01 -1.662161648273468018e-01
1.208498477935791016e-01 3.327060639858245850e-01 -6.503766775131225586e-02
2.527759373188018799e-01 3.521978855133056641e-01 1.295448690652847290e-01
2.676510512828826904e-01 3.570386767387390137e-01 3.031861484050750732e-01
1.466188132762908936e-01 4.153430163860321045e-01 3.497465252876281738e-01
1.201632097363471985e-01 4.047376811504364014e-01 2.808583080768585205e-01
1.641393601894378662e-01 3.921249210834503174e-01 1.461981087923049927e-01
1.437103450298309326e-01 2.674089372158050537e-01 -4.314837604761123657e-02
5.967827886343002319e-02 9.082505106925964355e-02 -1.375086605548858643e-01
3.471748903393745422e-02 2.377555333077907562e-02 -5.937552824616432190e-02
5.244522541761398315e-02 -5.239653401076793671e-03 1.756305061280727386e-02
7.845424860715866089e-02 6.549552781507372856e-04 -5.431633815169334412e-02
7.344998419284820557e-02 1.926834881305694580e-02 -1.545013636350631714e-01
6.634568423032760620e-02 4.976572468876838684e-02 -2.540217638015747070e-01
8.260504901409149170e-02 6.400658190250396729e-02 -1.988781392574310303e-01
8.742310106754302979e-02 1.046421527862548828e-01 -4.284919798374176025e-02
