1.143223650662559057e-02
7.621491004417061538e-03
1.555586482199045884e-01
3.085659995350071849e-01
3.406372321697628269e-01
1.807684398309242768e-01
0.000000000000000000e+00
0.000000000000000000e+00
0.000000000000000000e+00
0.000000000000000000e+00
0.000000000000000000e+00
1.982831723953913314e-02
6.116351487032720829e-02
7.185199719441306976e-02
4.659103881238712414e-02
0.000000000000000000e+00
0.000000000000000000e+00
0.000000000000000000e+00
0.000000000000000000e+00
3.340496157947959923e-03
5.529008765179834611e-03
0.000000000000000000e+00
0.000000000000000000e+00
0.000000000000000000e+00
0.000000000000000000e+00
0.000000000000000000e+00
0.000000000000000000e+00
0.000000000000000000e+00
0.000000000000000000e+00
0.000000000000000000e+00
4.532156560980813743e-03
3.578624722788267820e-02
4.513207498720991223e-02
2.789985137999505954e-02
0.000000000000000000e+00
0.000000000000000000e+00
0.000000000000000000e+00
0.000000000000000000e+00
0.000000000000000000e+00
1.774320227104057585e-03
1.033871722082033715e-03
0.000000000000000000e+00
0.000000000000000000e+00
0.000000000000000000e+00
0.000000000000000000e+00
0.000000000000000000e+00
0.000000000000000000e+00
0.000000000000000000e+00
0.000000000000000000e+00
0.000000000000000000e+00
0.000000000000000000e+00
2.533836763888125398e-01
4.130898857967208460e-01
3.528669975391106606e-01
1.693369447031614350e-01
0.000000000000000000e+00
0.000000000000000000e+00
0.000000000000000000e+00
0.000000000000000000e+00
0.000000000000000000e+00
0.000000000000000000e+00
0.000000000000000000e+00
0.000000000000000000e+00
0.000000000000000000e+00
0.000000000000000000e+00
0.000000000000000000e+00
0.000000000000000000e+00
0.000000000000000000e+00
0.000000000000000000e+00
0.000000000000000000e+00
0.000000000000000000e+00
0.000000000000000000e+00
2.167193342210807505e-01
4.097784836712439205e-01
4.454469185294058220e-01
2.300991933518865551e-01
0.000000000000000000e+00
0.000000000000000000e+00
0.000000000000000000e+00
0.000000000000000000e+00
1.553018927291887653e-02
0.000000000000000000e+00
0.000000000000000000e+00
0.000000000000000000e+00
0.000000000000000000e+00
0.000000000000000000e+00
2.799952468020579406e-03
6.891688699864996492e-02
6.940924396986274114e-02
3.470078425905329805e-02
0.000000000000000000e+00
0.000000000000000000e+00
0.000000000000000000e+00
0.000000000000000000e+00
9.963096893135292564e-03
1.433004516980099924e-02
1.034553209162200789e-02
1.024097150565290125e-03
0.000000000000000000e+00
0.000000000000000000e+00
0.000000000000000000e+00
0.000000000000000000e+00
0.000000000000000000e+00
0.000000000000000000e+00
0.000000000000000000e+00
0.000000000000000000e+00
1.537846536180266033e-03
2.844731751334343348e-03
2.488974562436449545e-03
0.000000000000000000e+00
0.000000000000000000e+00
0.000000000000000000e+00
0.000000000000000000e+00
0.000000000000000000e+00
0.000000000000000000e+00
0.000000000000000000e+00
6.423015585214122414e-01
8.338592093512495751e-01
5.512524569586251255e-01
0.000000000000000000e+00
0.000000000000000000e+00
0.000000000000000000e+00
0.000000000000000000e+00
4.242766735671304329e-02
0.000000000000000000e+00
0.000000000000000000e+00
5.093092530687620169e-03
4.763365008294604894e-03
1.579892893489942681e-03
0.000000000000000000e+00
0.000000000000000000e+00
0.000000000000000000e+00
1.240661184812503516e-04
1.023230754874633261e-03
3.545648772444068113e-03
4.769508277067621010e-03
3.245451387735633422e-03
0.000000000000000000e+00
0.000000000000000000e+00
0.000000000000000000e+00
0.000000000000000000e+00
0.000000000000000000e+00
0.000000000000000000e+00
2.210157410257920785e-01
3.433559033481065059e-01
