-4.079305231571197510e-01 -1.007928773760795593e-01 -2.707573473453521729e-01
-4.774025678634643555e-01 -2.476821988821029663e-01 -2.220296114683151245e-01
-4.756869375705718994e-01 -1.960216015577316284e-01 -2.663231492042541504e-01
-4.232260882854461670e-01 -1.790456175804138184e-01 -2.981782257556915283e-01
-1.966443210840225220e-01 -1.563501656055450439e-01 -3.556095659732818604e-01
-5.434859544038772583e-02 2.188338190317153931e-01 -5.134317874908447266e-01
-5.875719338655471802e-02 2.561903893947601318e-01 -5.275946855545043945e-01
-1.369175612926483154e-01 3.063540458679199219e-01 -5.350313186645507812e-01
-2.632978558540344238e-01 1.694154888391494751e-01 -5.036438703536987305e-01
-3.602596521377563477e-01 1.076938733458518982e-01 -4.103809595108032227e-01
-1.501533240079879761e-01 3.574117124080657959e-01 -2.057282179594039917e-01
-3.151799365878105164e-02 4.942213296890258789e-01 1.282758563756942749e-01
-3.959253802895545959e-02 5.139306783676147461e-01 2.494221627712249756e-01
1.415472328662872314e-01 4.591237306594848633e-01 5.914354324340820312e-02
6.931510567665100098e-02 2.693458497524261475e-01 2.933388352394104004e-01
2.156634479761123657e-01 2.962738871574401855e-01 3.112017810344696045e-01
2.098166942596435547e-01 3.991545736789703369e-01 4.318930804729461670e-01
1.756153404712677002e-01 3.671491742134094238e-01 4.575973451137542725e-01
2.304087430238723755e-01 3.201764523983001709e-01 4.332241714000701904e-01
2.046205252408981323e-01 2.997532188892364502e-01 4.236020147800445557e-01
2.359959781169891357e-01 2.263140678405761719e-01 4.480038881301879883e-01
3.469775617122650146e-01 1.574326157569885254e-01 3.402963280677795410e-01
3.473534882068634033e-01 1.614586263895034790e-01 3.704627156257629395e-01
3.817049860954284668e-01 1.481051892042160034e-01 3.343479931354522705e-01
3.580614328384399414e-01 2.060331255197525024e-01 3.967356681823730469e-01
3.148870468139648438e-01 1.951112449169158936e-01 4.112700223922729492e-01
3.015430569648742676e-01 1.720328629016876221e-01 4.419238865375518799e-01
2.121644467115402222e-01 1.491343528032302856e-01 5.312981605529785156e-01
9.540476649999618530e-02 2.624307572841644287e-01 5.053781867027282715e-01
-8.103398978710174561e-02 3.842282891273498535e-01 3.655175566673278809e-01
-1.268049776554107666e-01 3.854877948760986328e-01 9.220314212143421173e-03
-1.756623536348342896e-01 2.940599918365478516e-01 -1.330447345972061157e-01
-1.521329730749130249e-01 3.374990820884704590e-01 -9.012438356876373291e-02
-1.636459082365036011e-01 4.540689289569854736e-01 -2.038957476615905762e-01
-1.346022486686706543e-01 4.783518016338348389e-01 -2.104739695787429810e-01
-1.824542731046676636e-01 4.892119169235229492e-01 -1.789660006761550903e-01
-2.621259391307830811e-01 4.881112873554229736e-01 -1.444398909807205200e-01
-2.488167285919189453e-01 4.792896509170532227e-01 -1.329761296510696411e-01
-2.515321969985961914e-01 4.402130842208862305e-01 -7.950697839260101318e-02
-3.539398312568664551e-01 4.342753887176513672e-01 -1.954407058656215668e-02
-3.579567074775695801e-01 4.481887519359588623e-01 3.281887853518128395e-03
-3.752596080303192139e-01 3.990108072757720947e-01 -3.040449926629662514e-03
-4.344485700130462646e-01 3.802466690540313721e-01 -2.134125120937824249e-02
-4.673846662044525146e-01 3.966199457645416260e-01 -9.127438999712467194e-03
-4.878970086574554443e-01 3.731421828269958496e-01 2.826354466378688812e-02
-4.907172322273254395e-01 3.473967909812927246e-01 9.925761818885803223e-02
-4.632817208766937256e-01 2.779772281646728516e-01 9.872134029865264893e-02
-3.891968429088592529e-01 1.253356486558914185e-01 -1.475143153220415115e-02
-3.548970818519592285e-01 3.286833316087722778e-02 -1.732793264091014862e-02
-3.364616036415100098e-01 -2.207569628953933716e-01 1.597320735454559326e-01
-5.766305923461914062e-01 -2.295446246862411499e-01 3.037808537483215332e-01
-5.996811389923095703e-01 -3.203717768192291260e-01 3.281581103801727295e-01
-6.154822111129760742e-01 -4.201622903347015381e-01 3.212678134441375732e-01
-6.277567148208618164e-01 -4.621223807334899902e-01 3.194499015808105469e-01
-6.267116665840148926e-01 -5.083765983581542969e-01 2.681258618831634521e-01
-6.110551953315734863e-01 -5.190899968147277832e-01 1.942970305681228638e-01
-6.502657532691955566e-01 -5.501706004142761230e-01 2.019370943307876587e-01
-6.125581264495849609e-01 -5.296822190284729004e-01 1.127332374453544617e-01
-6.475360989570617676e-01 -5.208214521408081055e-01 1.849723756313323975e-01
-6.171860098838806152e-01 -4.870224297046661377e-01 1.648057997226715088e-01
-6.450648307800292969e-01 -5.990222692489624023e-01 1.058359444141387939e-01
-6.624903678894042969e-01 -6.159362196922302246e-01 1.109444573521614075e-01
-5.971060395240783691e-01 -6.308188438415527344e-01 1.324543952941894531e-01
-3.323200941085815430e-01 -5.411093831062316895e-01 5.859945714473724365e-02
-2.395881414413452148e-01 -5.009274482727050781e-01 -3.284672275185585022e-03
-3.264221847057342529e-01 -4.532532393932342529e-01 -6.531210243701934814e-02
-3.674608469009399414e-01 -4.340517520904541016e-01 -1.079478114843368530e-01
-4.636233747005462646e-01 -3.868703842163085938e-01 -1.910985261201858521e-01
-2.314582169055938721e-01 -2.991807162761688232e-01 -6.500294804573059082e-02
-2.397884279489517212e-01 -2.433790415525436401e-01 -1.007444784045219421e-01
-2.106505185365676880e-01 -2.201919555664062500e-01 -3.473231196403503418e-02
-1.695197075605392456e-01 -1.281278729438781738e-01 -9.860340505838394165e-02
-1.972152590751647949e-01 -4.502090066671371460e-02 1.829594820737838745e-01
-2.304543256759643555e-01 -1.004101783037185669e-01 2.642943859100341797e-01
-5.322712287306785583e-02 -2.818130552768707275e-01 2.290957421064376831e-01
5.582752078771591187e-02 -6.690064817667007446e-02 2.351499497890472412e-01
8.868820965290069580e-02 1.474062055349349976e-01 2.339724004268646240e-01
8.192289620637893677e-02 2.252321094274520874e-01 2.367694973945617676e-01
1.632917523384094238e-01 2.063125818967819214e-01 1.624798774719238281e-01
1.187530308961868286e-01 2.508939802646636963e-01 1.590505540370941162e-01
7.678936421871185303e-02 2.402386665344238281e-01 1.831236183643341064e-01
3.364494815468788147e-02 2.975009381771087646e-01 2.325864732265472412e-01
3.787369281053543091e-02 2.501744031906127930e-01 2.788907885551452637e-01
4.997611045837402344e-02 3.307354450225830078e-01 3.368270695209503174e-01
8.684197068214416504e-02 2.955018281936645508e-01 3.628042340278625488e-01
1.990828961133956909e-01 2.367058247327804565e-01 4.332650005817413330e-01
2.149907201528549194e-01 1.801629513502120972e-01 4.455486834049224854e-01
1.752773076295852661e-01 1.450708359479904175e-01 4.170482158660888672e-01
1.478118747472763062e-01 2.422338575124740601e-01 2.940214276313781738e-01
2.781695127487182617e-01 -4.712446406483650208e-02 1.883957535028457642e-01
3.521510958671569824e-01 7.626356929540634155e-02 4.059416651725769043e-01
4.150531589984893799e-01 1.393022090196609497e-01 4.644057452678680420e-01
4.074419438838958740e-01 1.575534939765930176e-01 4.810098111629486084e-01
3.842101097106933594e-01 1.771941334009170532e-01 4.977943301200866699e-01
4.029239118099212646e-01 1.140643209218978882e-01 4.825357496738433838e-01
4.042126238346099854e-01 9.231404215097427368e-02 4.704152345657348633e-01
3.804912269115447998e-01 9.406150877475738525e-02 4.878568649291992188e-01
3.545587360858917236e-01 8.744818717241287231e-02 5.233606100082397461e-01
3.283973336219787598e-01 8.684950321912765503e-02 5.284175872802734375e-01
3.554097712039947510e-01 9.419890493154525757e-02 5.110421180725097656e-01
3.535505831241607666e-01 1.027764528989791870e-01 4.901126623153686523e-01
3.586015105247497559e-01 1.261109560728073120e-01 4.909987449645996094e-01
3.308278024196624756e-01 1.194805428385734558e-01 5.128325819969177246e-01
2.861062288284301758e-01 9.761404246091842651e-02 5.163357257843017578e-01
2.709157168865203857e-01 9.865780919790267944e-02 4.734950959682464600e-01
2.491031587123870850e-01 1.043106094002723694e-01 4.523258209228515625e-01
2.587370872497558594e-01 1.143428534269332886e-01 4.583198726177215576e-01
2.430430203676223755e-01 1.349634677171707153e-01 4.475969672203063965e-01
2.325921803712844849e-01 1.171669960021972656e-01 4.467936754226684570e-01
2.346671074628829956e-01 1.088901087641716003e-01 4.590252935886383057e-01
1.957384049892425537e-01 1.115116924047470093e-01 4.616913497447967529e-01
1.868972331285476685e-01 1.586181372404098511e-01 4.805406033992767334e-01
2.177835255861282349e-01 1.200411021709442139e-01 4.874424040317535400e-01
2.231933325529098511e-01 4.178107529878616333e-02 4.898195564746856689e-01
3.645512461662292480e-01 -8.591080456972122192e-02 3.661255240440368652e-01
-5.198123455047607422e-01 1.828589886426925659e-01 3.041503727436065674e-01
-5.260137319564819336e-01 1.562615931034088135e-01 3.535085320472717285e-01
-3.962342739105224609e-01 1.885487437248229980e-01 2.641264498233795166e-01
-3.628033995628356934e-01 9.405712783336639404e-02 1.303756684064865112e-01
-4.137543737888336182e-01 2.452829033136367798e-01 1.486657559871673584e-01
-4.574277400970458984e-01 3.365631401538848877e-01 9.546783566474914551e-02
-4.217386245727539062e-01 3.222512900829315186e-01 4.810844361782073975e-02
-4.246988296508789062e-01 2.855470776557922363e-01 -5.737071484327316284e-02
-4.114517569541931152e-01 2.386493384838104248e-01 -1.219381317496299744e-01
-3.816905915737152100e-01 2.555578052997589111e-01 -1.409748494625091553e-01
-3.677817583084106445e-01 2.715838551521301270e-01 -1.619032323360443115e-01
-3.993571996688842773e-01 3.216195702552795410e-01 -1.240848824381828308e-01
-3.712543845176696777e-01 3.171599805355072021e-01 -1.044056415557861328e-01
-3.439677357673645020e-01 3.532730042934417725e-01 -9.414143115282058716e-02
-3.404667973518371582e-01 3.933318257331848145e-01 -9.638169407844543457e-02
-2.681912779808044434e-01 3.969334065914154053e-01 -4.397280886769294739e-02
-1.682971268892288208e-01 4.184568822383880615e-01 9.596816264092922211e-03
-9.975221008062362671e-02 4.060494601726531982e-01 2.008077129721641541e-02
2.987614367157220840e-03 3.590502142906188965e-01 9.175605326890945435e-02
1.476135402917861938e-01 3.460137546062469482e-01 1.356892883777618408e-01
2.653360664844512939e-01 3.412302732467651367e-01 1.383611559867858887e-01
2.883121073246002197e-01 3.495189249515533447e-01 1.334556490182876587e-01
3.393940031528472900e-01 3.303074836730957031e-01 1.055530756711959839e-01
3.271328210830688477e-01 3.577550947666168213e-01 9.726593643426895142e-02
3.190096020698547363e-01 4.023516476154327393e-01 9.190339595079421997e-02
3.713112473487854004e-01 3.124591112136840820e-01 7.014263421297073364e-02
4.076179563999176025e-01 2.051278203725814819e-01 6.998028606176376343e-02
3.006424307823181152e-01 2.202514261007308960e-01 1.957796514034271240e-02
3.321898579597473145e-01 2.082881033420562744e-01 5.999259650707244873e-03
3.502556979656219482e-01 1.812835037708282471e-01 -3.032669238746166229e-02
