1.143223650662559057e-02
7.621491004417061538e-03
0.000000000000000000e+00
1.867554753649165733e-01
3.763679864629221328e-01
4.259138910372400888e-01
2.438220317888371014e-01
0.000000000000000000e+00
0.000000000000000000e+00
0.000000000000000000e+00
0.000000000000000000e+00
1.758930655596153275e-02
1.069467211074830171e-02
5.429216262877432225e-03
6.394465375944161166e-05
0.000000000000000000e+00
0.000000000000000000e+00
0.000000000000000000e+00
0.000000000000000000e+00
0.000000000000000000e+00
0.000000000000000000e+00
0.000000000000000000e+00
0.000000000000000000e+00
0.000000000000000000e+00
0.000000000000000000e+00
0.000000000000000000e+00
0.000000000000000000e+00
3.102510635617569809e-04
3.397333750412730863e-02
5.202388637800828275e-02
4.705424360376694870e-02
3.542544284798150589e-02
1.182475445764653507e-02
0.000000000000000000e+00
0.000000000000000000e+00
0.000000000000000000e+00
0.000000000000000000e+00
0.000000000000000000e+00
8.833029519182722389e-02
1.630849752520176776e-01
1.417578603371077162e-01
3.470792620876503309e-02
0.000000000000000000e+00
0.000000000000000000e+00
0.000000000000000000e+00
3.994624904394107785e-03
0.000000000000000000e+00
0.000000000000000000e+00
0.000000000000000000e+00
0.000000000000000000e+00
0.000000000000000000e+00
0.000000000000000000e+00
0.000000000000000000e+00
0.000000000000000000e+00
2.066981510208863448e-01
3.491144430092125717e-01
3.023586523693003736e-01
1.490370261932001672e-01
0.000000000000000000e+00
0.000000000000000000e+00
0.000000000000000000e+00
0.000000000000000000e+00
0.000000000000000000e+00
0.000000000000000000e+00
0.000000000000000000e+00
0.000000000000000000e+00
0.000000000000000000e+00
0.000000000000000000e+00
0.000000000000000000e+00
0.000000000000000000e+00
0.000000000000000000e+00
0.000000000000000000e+00
0.000000000000000000e+00
0.000000000000000000e+00
0.000000000000000000e+00
0.000000000000000000e+00
1.524298200883412221e-03
1.524298200883412221e-03
3.810745502208530552e-04
0.000000000000000000e+00
0.000000000000000000e+00
