-3.980532884597778320e-01 1.838314682245254517e-01 4.062229990959167480e-01
-5.752409100532531738e-01 -9.970910847187042236e-02 2.126756906509399414e-01
-5.584750175476074219e-01 -1.559361368417739868e-01 2.821190953254699707e-01
-4.710880517959594727e-01 -1.582479476928710938e-01 2.526555359363555908e-01
-4.998823404312133789e-01 -1.486999243497848511e-01 1.479616910219192505e-01
-4.313305616378784180e-01 -1.468052566051483154e-01 9.486131370067596436e-02
-5.504704117774963379e-01 1.166171059012413025e-01 -3.871156647801399231e-02
-5.026587843894958496e-01 2.808109223842620850e-01 -1.676977239549160004e-02
-4.309721589088439941e-01 2.956899702548980713e-01 -9.894355386495590210e-02
-4.150151014328002930e-01 2.589328587055206299e-01 -8.298860490322113037e-02
-4.718770980834960938e-01 3.273051977157592773e-01 -1.730274558067321777e-01
-5.715707540512084961e-01 3.058929145336151123e-01 -1.020154654979705811e-01
-5.638837218284606934e-01 2.410101890563964844e-01 -1.527482569217681885e-01
-5.510100722312927246e-01 2.238241285085678101e-01 -9.060712903738021851e-02
-5.655807256698608398e-01 2.217253893613815308e-01 1.663443050347268581e-03
-4.942272305488586426e-01 2.195903956890106201e-01 -9.217427670955657959e-02
-5.574058890342712402e-01 2.423822730779647827e-01 1.756290346384048462e-02
-5.805596709251403809e-01 2.318070232868194580e-01 9.540332108736038208e-02
-4.815773069858551025e-01 2.128495126962661743e-01 3.225745260715484619e-02
-1.098712086677551270e-01 3.424200117588043213e-01 1.667050421237945557e-01
-8.679260499775409698e-03 3.802909553050994873e-01 1.553797572851181030e-01
9.130056202411651611e-02 3.836783170700073242e-01 1.066732108592987061e-01
1.659612357616424561e-01 3.923575282096862793e-01 1.397223323583602905e-01
2.511528730392456055e-01 3.642196953296661377e-01 1.516025066375732422e-01
2.515102624893188477e-01 3.670390546321868896e-01 1.401917785406112671e-01
2.115864455699920654e-01 3.774440586566925049e-01 2.097974121570587158e-01
2.893011271953582764e-01 3.408565223217010498e-01 2.061696350574493408e-01
3.789781033992767334e-01 3.484834134578704834e-01 1.855769455432891846e-01
4.194670319557189941e-01 3.179701268672943115e-01 1.102189496159553528e-01
3.811851739883422852e-01 3.173527121543884277e-01 1.348054707050323486e-01
4.009062051773071289e-01 2.646904587745666504e-01 1.083440184593200684e-01
3.586332499980926514e-01 2.586444318294525146e-01 7.242093980312347412e-02
3.916512727737426758e-01 2.601666748523712158e-01 2.807982079684734344e-02
3.622213006019592285e-01 2.721746265888214111e-01 -4.864455759525299072e-02
3.225621879100799561e-01 2.300332188606262207e-01 -1.293159276247024536e-01
2.792236804962158203e-01 2.851755917072296143e-01 -1.046114414930343628e-01
2.815214693546295166e-01 2.727230787277221680e-01 -1.362852752208709717e-01
3.005675375461578369e-01 2.036297321319580078e-01 -1.536147389560937881e-02
3.281887471675872803e-01 8.126731961965560913e-02 1.136272698640823364e-01
2.667708992958068848e-01 6.455790996551513672e-02 1.656486243009567261e-01
4.613943994045257568e-01 8.165085315704345703e-02 3.596057891845703125e-01
4.201786518096923828e-01 1.003701388835906982e-01 3.452079594135284424e-01
3.713282346725463867e-01 6.533781439065933228e-02 4.966764748096466064e-01
3.769157826900482178e-01 1.302483491599559784e-02 4.979837536811828613e-01
4.012348949909210205e-01 -5.231936462223529816e-03 4.893284738063812256e-01
4.016200006008148193e-01 4.967237822711467743e-03 4.805678129196166992e-01
3.851441144943237305e-01 -1.091519650071859360e-02 4.476875662803649902e-01
4.064250290393829346e-01 3.406769037246704102e-02 4.765941500663757324e-01
4.356180131435394287e-01 1.013405099511146545e-01 4.660934209823608398e-01
4.261383712291717529e-01 9.191410988569259644e-02 4.600828886032104492e-01
2.750931084156036377e-01 1.277154311537742615e-02 4.636307060718536377e-01
2.104654908180236816e-01 -1.088861972093582153e-01 3.276212215423583984e-01
1.865906454622745514e-02 -3.960749208927154541e-01 2.227627784013748169e-01
-1.784256398677825928e-01 -3.602486848831176758e-01 3.013113737106323242e-01
-3.697086870670318604e-01 -5.096415877342224121e-01 1.773662120103836060e-01
-4.734398424625396729e-01 -5.728593468666076660e-01 1.500495672225952148e-01
-5.317235589027404785e-01 -5.347113013267517090e-01 2.050726264715194702e-01
-5.839457511901855469e-01 -5.448617935180664062e-01 1.521779000759124756e-01
-5.454748868942260742e-01 -5.120840668678283691e-01 2.054383754730224609e-01
-5.894760489463806152e-01 -4.510080516338348389e-01 2.764812707901000977e-01
-5.954067707061767578e-01 -5.136312246322631836e-01 1.770997494459152222e-01
-6.084765195846557617e-01 -4.898136556148529053e-01 1.657795906066894531e-01
-5.573359727859497070e-01 -4.157113134860992432e-01 1.538895666599273682e-01
-6.356022953987121582e-01 -4.359148740768432617e-01 2.399276643991470337e-01
-6.015673875808715820e-01 -4.950250387191772461e-01 1.060693264007568359e-01
-6.881685256958007812e-01 -5.809573531150817871e-01 1.168511509895324707e-01
-6.052361726760864258e-01 -5.277247428894042969e-01 1.952583491802215576e-01
-6.220414042472839355e-01 -5.632414817810058594e-01 1.034341827034950256e-01
-6.568850874900817871e-01 -5.943778157234191895e-01 1.116761192679405212e-01
-6.702004671096801758e-01 -6.254057288169860840e-01 8.266543596982955933e-02
-6.756938099861145020e-01 -5.839128494262695312e-01 1.550280749797821045e-01
-6.442308425903320312e-01 -5.894345045089721680e-01 8.192219585180282593e-02
-6.195681095123291016e-01 -6.281400322914123535e-01 1.190942972898483276e-01
-6.301523447036743164e-01 -6.027763485908508301e-01 9.991061687469482422e-02
-6.190106272697448730e-01 -5.707808136940002441e-01 9.545315057039260864e-02
-6.569253206253051758e-01 -6.082001924514770508e-01 5.617037788033485413e-02
-6.129857301712036133e-01 -6.051141023635864258e-01 7.704736292362213135e-02
-6.126124858856201172e-01 -6.006501317024230957e-01 8.368072658777236938e-02
-5.907269716262817383e-01 -5.709128975868225098e-01 6.751181930303573608e-02
-5.890876650810241699e-01 -5.667384266853332520e-01 9.545787237584590912e-03
-5.140811204910278320e-01 -4.450733959674835205e-01 6.460289005190134048e-03
