-3.928231075406074524e-02 -1.112300753593444824e-01 7.441751658916473389e-02
-3.206498548388481140e-02 -7.768350094556808472e-02 2.040725052356719971e-01
8.207181096076965332e-02 1.937711145728826523e-03 1.860675811767578125e-01
9.089694917201995850e-02 1.881443709135055542e-01 7.561954855918884277e-02
-6.771984510123729706e-03 2.466142773628234863e-01 1.107451412826776505e-02
-1.247542053461074829e-01 2.258830368518829346e-01 -6.061884015798568726e-02
-2.180184572935104370e-01 1.241646558046340942e-01 6.016241759061813354e-02
4.438554868102073669e-02 1.196717768907546997e-01 5.670929700136184692e-02
2.820591926574707031e-01 2.083529382944107056e-01 -1.780197210609912872e-02
3.803254365921020508e-01 2.151886373758316040e-01 2.702475711703300476e-02
3.144207298755645752e-01 2.468501329421997070e-01 6.621538847684860229e-02
-7.163660228252410889e-02 7.650653831660747528e-03 1.425334662199020386e-01
-2.938087582588195801e-01 -6.024444103240966797e-02 9.874244034290313721e-02
-2.962501049041748047e-01 -1.492044236510992050e-02 -2.469329861924052238e-03
-8.976612985134124756e-02 -6.886740028858184814e-02 3.280947357416152954e-02
6.669095158576965332e-02 -1.647975593805313110e-01 2.856554090976715088e-01
-4.964307323098182678e-02 -4.151919484138488770e-01 4.625470936298370361e-01
-2.678716480731964111e-01 -4.831822514533996582e-01 4.606835544109344482e-01
-3.867280483245849609e-01 -3.012055754661560059e-01 2.195403128862380981e-01
-2.755937576293945312e-01 5.230759829282760620e-02 -2.569115757942199707e-01
-1.155849080532789230e-02 2.989867329597473145e-01 -4.026352167129516602e-01
2.042076736688613892e-01 3.567557036876678467e-01 -3.623287379741668701e-01
2.452754527330398560e-01 2.328619360923767090e-01 -2.420936971902847290e-01
1.358435899019241333e-01 8.351594209671020508e-02 -1.165344044566154480e-01
1.420405693352222443e-02 -9.294866025447845459e-02 -7.728336751461029053e-02
-6.131280586123466492e-02 -1.861539632081985474e-01 -9.130872786045074463e-02
-1.958838291466236115e-02 -1.331560015678405762e-01 -7.529779523611068726e-02
7.801271975040435791e-02 -5.545106157660484314e-02 -1.101710125803947449e-01
1.417188346385955811e-01 4.475932940840721130e-02 -1.011587902903556824e-01
1.480399668216705322e-01 -2.034840546548366547e-02 -5.069699510931968689e-02
8.961491286754608154e-02 -2.634501457214355469e-02 -9.785458445549011230e-02
3.726171702146530151e-02 7.135082036256790161e-02 -1.247303113341331482e-01
1.181828510016202927e-02 1.411229223012924194e-01 -1.626772880554199219e-01
-2.913871034979820251e-02 2.283483445644378662e-01 -6.853327900171279907e-02
-1.985688135027885437e-02 2.479069381952285767e-01 1.600370109081268311e-01
-8.373646438121795654e-02 2.255815416574478149e-01 1.471615880727767944e-01
-2.965659797191619873e-01 2.721323966979980469e-01 3.793085366487503052e-02
-4.701882898807525635e-01 1.375326365232467651e-01 -1.772296279668807983e-01
-5.050471425056457520e-01 4.076254367828369141e-02 -2.376570552587509155e-01
-2.060897052288055420e-01 5.102990567684173584e-02 2.662443928420543671e-02
3.414019048213958740e-01 -4.454838111996650696e-03 1.181627213954925537e-01
4.981005489826202393e-01 -3.317753970623016357e-02 1.356702893972396851e-01
3.802638947963714600e-01 -2.440766245126724243e-01 -2.963098464533686638e-03
8.707846701145172119e-02 -3.546397984027862549e-01 -1.092678755521774292e-01
-7.173209637403488159e-02 -2.626442015171051025e-01 1.004858687520027161e-02
-1.910469122231006622e-02 -1.030573397874832153e-01 9.939252585172653198e-02
1.458297222852706909e-01 7.500533014535903931e-02 1.345085352659225464e-01
2.914021313190460205e-01 -4.460674710571765900e-03 -1.888562925159931183e-02
3.770531415939331055e-01 -1.818049401044845581e-01 -2.048564851284027100e-01
3.625280559062957764e-01 -2.219259440898895264e-01 -2.765329480171203613e-01
1.571735441684722900e-01 -1.849956214427947998e-01 -2.471185326576232910e-01
-3.806041553616523743e-02 4.371700435876846313e-02 -1.002839133143424988e-01
-1.445626765489578247e-01 2.499649524688720703e-01 8.604771643877029419e-02
-1.931476145982742310e-01 1.662804931402206421e-01 1.171746253967285156e-01
-2.107498347759246826e-01 1.300020962953567505e-01 1.449252516031265259e-01
-2.485338300466537476e-01 8.031500875949859619e-02 1.578334271907806396e-01
-2.420317828655242920e-01 4.742935765534639359e-03 1.437153071165084839e-01
-1.135837882757186890e-01 -9.164667688310146332e-03 1.511231064796447754e-01
-1.553962100297212601e-02 -1.291102170944213867e-01 4.318352788686752319e-02
-2.623223001137375832e-03 -9.855790436267852783e-02 -2.971199527382850647e-02
-4.895612597465515137e-02 -5.227593705058097839e-03 -6.237166747450828552e-02
-2.710993401706218719e-02 -2.254606038331985474e-02 -3.261001780629158020e-02
4.805411025881767273e-02 9.388197213411331177e-03 5.265833064913749695e-02
9.399552643299102783e-02 -1.797150261700153351e-02 7.801312953233718872e-02
9.978495538234710693e-02 4.165064916014671326e-02 9.536471217870712280e-02
-9.537678211927413940e-03 5.773242190480232239e-02 -2.006226591765880585e-02
-1.081728562712669373e-02 -2.027716720476746559e-03 -1.325760185718536377e-01
-4.534772410988807678e-02 3.099047578871250153e-02 -1.396706849336624146e-01
-6.896608322858810425e-02 4.548883065581321716e-02 -5.327814072370529175e-02
-7.030850648880004883e-02 6.163964420557022095e-02 9.115873277187347412e-02
-1.314400322735309601e-02 4.246662184596061707e-02 1.146635338664054871e-01
1.370572596788406372e-01 1.876460947096347809e-02 3.091554343700408936e-02
1.539685577154159546e-01 -5.285175051540136337e-03 -5.603189021348953247e-02
4.472399130463600159e-02 -5.696068983525037766e-03 -6.908900290727615356e-02
-1.295154988765716553e-01 -4.349493235349655151e-02 -1.547253970056772232e-02
-1.709643602371215820e-01 -5.816455185413360596e-02 5.908781290054321289e-02
-8.810476213693618774e-02 -3.615777939558029175e-02 5.539770051836967468e-02
-1.121649425476789474e-02 -2.661392092704772949e-02 4.719746112823486328e-02
8.641587570309638977e-03 1.159961149096488953e-02 -9.448159253224730492e-04
-1.725226826965808868e-02 2.742496319115161896e-02 -3.180511295795440674e-02
-2.048817835748195648e-02 3.406861796975135803e-02 -2.151176705956459045e-02
