2.130805552005767822e-01 -3.128937780857086182e-01 -7.764248549938201904e-02
3.504227101802825928e-01 -2.623680531978607178e-01 -5.640266463160514832e-02
4.120743572711944580e-01 -2.026923447847366333e-01 -5.626088008284568787e-02
4.726386964321136475e-01 5.791091546416282654e-02 -2.176492661237716675e-02
3.826625049114227295e-01 -7.486999500542879105e-03 -2.332008033990859985e-01
2.960952222347259521e-01 -9.782758355140686035e-02 -1.870033442974090576e-01
2.178529351949691772e-01 -1.423143688589334488e-02 -1.544152200222015381e-01
1.170763298869132996e-01 -7.656568288803100586e-02 -1.511137466877698898e-02
1.273415535688400269e-01 1.726303994655609131e-02 -1.664010621607303619e-02
-2.284617424011230469e-01 -7.101137936115264893e-02 -1.269262284040451050e-01
-3.997277915477752686e-01 -9.751845151185989380e-02 -1.582381278276443481e-01
-3.978706896305084229e-01 8.609458804130554199e-03 -1.258550882339477539e-01
-2.624640464782714844e-01 4.556295275688171387e-02 1.204871833324432373e-01
-4.689742997288703918e-02 1.190856173634529114e-01 1.450920701026916504e-01
-5.557615682482719421e-02 3.129684180021286011e-02 1.687580049037933350e-01
-2.173856049776077271e-01 6.203718017786741257e-03 7.165225595235824585e-02
-1.812096089124679565e-01 1.695860475301742554e-01 -6.675531715154647827e-02
8.159714937210083008e-02 5.168728828430175781e-01 -8.090052753686904907e-02
3.141324520111083984e-01 6.427407860755920410e-01 -7.113885134458541870e-02
4.154622852802276611e-01 6.239062547683715820e-01 -1.484616287052631378e-02
2.914581596851348877e-01 4.996753633022308350e-01 1.217483058571815491e-01
9.818484634160995483e-02 2.937414050102233887e-01 1.969266235828399658e-01
6.805228441953659058e-02 2.399413436651229858e-01 2.025049924850463867e-01
-5.991499871015548706e-02 2.036923766136169434e-01 1.687019318342208862e-01
1.644647307693958282e-02 1.280873119831085205e-01 1.160951852798461914e-01
8.507039397954940796e-02 1.141605451703071594e-01 1.193494945764541626e-01
2.157279402017593384e-01 1.581228822469711304e-01 8.981985598802566528e-02
2.203553169965744019e-01 6.042123585939407349e-02 6.820794939994812012e-02
1.327996104955673218e-01 6.753264367580413818e-02 7.189795374870300293e-03
8.386132121086120605e-02 1.251911465078592300e-02 -8.515335619449615479e-02
8.098684996366500854e-02 3.113535605370998383e-02 -1.255768984556198120e-01
1.692194789648056030e-01 2.560591697692871094e-02 -1.967813223600387573e-01
7.458551228046417236e-02 -8.593215793371200562e-02 -2.108421623706817627e-01
-6.732400506734848022e-02 -1.584477871656417847e-01 -1.658537238836288452e-01
-6.462220102548599243e-02 -2.211494594812393188e-01 -1.579678207635879517e-01
-8.553397655487060547e-02 -1.351497173309326172e-01 -1.762450858950614929e-02
-3.152086138725280762e-01 4.680961370468139648e-02 1.163561865687370300e-01
-1.584749072790145874e-01 -1.750937998294830322e-01 3.056878149509429932e-01
6.581865600310266018e-04 -2.887800335884094238e-01 5.444319248199462891e-01
1.979493200778961182e-01 -3.700836002826690674e-01 5.459043979644775391e-01
1.395702809095382690e-01 -3.315470814704895020e-01 5.480584502220153809e-01
-2.168869674205780029e-01 -4.078983142971992493e-02 4.768417179584503174e-01
-3.526214063167572021e-01 -1.463831514120101929e-01 2.590273022651672363e-01
-2.229059636592864990e-01 -1.522595435380935669e-01 2.152694612741470337e-01
1.096408590674400330e-01 -1.748547703027725220e-01 1.109165102243423462e-01
1.940818428993225098e-01 -8.985909074544906616e-02 8.579255640506744385e-02
1.440316587686538696e-01 3.424650058150291443e-03 3.714558482170104980e-02
5.781380832195281982e-02 5.841033905744552612e-02 2.722518285736441612e-03
-9.684533625841140747e-02 1.653623953461647034e-02 -1.452677696943283081e-01
-1.060744822025299072e-01 -1.077957004308700562e-01 -3.423457145690917969e-01
1.835737749934196472e-02 -2.525164186954498291e-01 -4.141511023044586182e-01
-3.527210652828216553e-02 -3.093885183334350586e-01 -3.725343644618988037e-01
-7.742208987474441528e-02 -3.103522360324859619e-01 -2.599838078022003174e-01
-1.113359779119491577e-01 -2.746002376079559326e-01 -1.486178934574127197e-01
-2.379098534584045410e-01 -1.449341028928756714e-01 -1.243370994925498962e-01
-5.841588601469993591e-02 -1.656193286180496216e-01 -1.773017644882202148e-01
-6.032462418079376221e-02 -1.146307960152626038e-01 -6.825497001409530640e-02
-1.364674568176269531e-01 -4.279840365052223206e-02 -5.333757773041725159e-02
-5.128705129027366638e-02 7.203391287475824356e-03 -4.985290393233299255e-02
-1.740938983857631683e-02 3.222408890724182129e-02 -4.491455480456352234e-02
9.538824856281280518e-02 -2.469193190336227417e-02 -6.841927021741867065e-02
-1.791124930605292320e-03 -3.080664575099945068e-02 -2.034010738134384155e-02
1.649958640336990356e-02 -6.931981444358825684e-02 -3.004958480596542358e-02
-6.774331629276275635e-02 1.350392773747444153e-02 -1.123029440641403198e-01
-1.819359064102172852e-01 8.569663017988204956e-02 -6.583020836114883423e-02
-9.454315155744552612e-02 1.168929189443588257e-01 -4.944803193211555481e-02
-1.788635849952697754e-01 1.279744803905487061e-01 -2.062436938285827637e-02
-6.903683394193649292e-02 -2.694891765713691711e-02 -3.106272593140602112e-02
-2.585532492958009243e-04 -1.084299609065055847e-01 -5.983582884073257446e-02
3.718631714582443237e-02 -7.273378223180770874e-02 1.538087800145149231e-02
4.612851142883300781e-02 3.281101956963539124e-02 1.057088151574134827e-01
-3.057001624256372452e-03 7.794707268476486206e-02 4.452346637845039368e-02
-1.192837804555892944e-01 3.866148367524147034e-02 -4.968475550413131714e-02
-1.743866205215454102e-01 -4.572333022952079773e-02 -1.297469884157180786e-01
6.237550172954797745e-03 -3.646955639123916626e-02 -7.222551852464675903e-02
3.953000158071517944e-02 -7.578630931675434113e-03 3.451643511652946472e-02
2.483907341957092285e-02 5.540218576788902283e-02 4.056379944086074829e-02
2.740006521344184875e-02 1.167174950242042542e-01 2.383371256291866302e-02
7.974808663129806519e-02 7.210337370634078979e-02 -7.520662993192672729e-02
1.586314737796783447e-01 1.081603243947029114e-01 -2.204561978578567505e-02
1.276111602783203125e-01 5.477056652307510376e-02 -2.390800230205059052e-02
