1.143223650662559057e-02
7.621491004417061538e-03
0.000000000000000000e+00
0.000000000000000000e+00
0.000000000000000000e+00
0.000000000000000000e+00
0.000000000000000000e+00
0.000000000000000000e+00
0.000000000000000000e+00
0.000000000000000000e+00
0.000000000000000000e+00
0.000000000000000000e+00
0.000000000000000000e+00
0.000000000000000000e+00
0.000000000000000000e+00
0.000000000000000000e+00
0.000000000000000000e+00
0.000000000000000000e+00
0.000000000000000000e+00
0.000000000000000000e+00
0.000000000000000000e+00
0.000000000000000000e+00
0.000000000000000000e+00
0.000000000000000000e+00
2.367857561850418568e-01
4.774156577169039184e-01
5.420292910589918911e-01
3.093715323820797058e-01
0.000000000000000000e+00
0.000000000000000000e+00
0.000000000000000000e+00
0.000000000000000000e+00
0.000000000000000000e+00
0.000000000000000000e+00
0.000000000000000000e+00
0.000000000000000000e+00
0.000000000000000000e+00
0.000000000000000000e+00
0.000000000000000000e+00
0.000000000000000000e+00
2.020146339698004195e-02
5.132379795680405699e-02
3.286205129192738827e-02
0.000000000000000000e+00
0.000000000000000000e+00
0.000000000000000000e+00
0.000000000000000000e+00
3.511106332173272344e-03
0.000000000000000000e+00
0.000000000000000000e+00
0.000000000000000000e+00
0.000000000000000000e+00
0.000000000000000000e+00
1.160220705987122236e-02
1.928707578127028532e-02
1.767809467004535784e-02
1.298451521800190675e-02
8.131646883073471305e-03
1.315560510796197694e-02
1.394760415657810178e-02
8.595648293309807869e-03
7.456602530591795869e-03
2.899922319776438058e-03
0.000000000000000000e+00
0.000000000000000000e+00
0.000000000000000000e+00
3.487193229637516878e-03
3.159611344894511166e-04
0.000000000000000000e+00
0.000000000000000000e+00
1.462122971343212535e-02
4.296739989094347512e-02
4.340214154872754776e-02
1.890855680760005625e-02
0.000000000000000000e+00
0.000000000000000000e+00
8.431367459415236177e-07
2.649131876169750696e-02
4.658793083589950201e-02
2.674000921333318306e-02
0.000000000000000000e+00
0.000000000000000000e+00
0.000000000000000000e+00
0.000000000000000000e+00
0.000000000000000000e+00
0.000000000000000000e+00
1.060029603519655264e-02
1.170201409901407141e-02
1.295633700647892163e-02
1.031829295999191903e-02
1.216533227774938865e-02
1.747159885149192002e-02
2.259410813250862723e-02
2.784124174667976584e-02
1.937804442142119707e-02
7.279851994961557098e-03
0.000000000000000000e+00
0.000000000000000000e+00
0.000000000000000000e+00
0.000000000000000000e+00
0.000000000000000000e+00
0.000000000000000000e+00
0.000000000000000000e+00
0.000000000000000000e+00
0.000000000000000000e+00
0.000000000000000000e+00
2.478073240416640566e-01
3.468974672683848848e-01
