4.201989248394966125e-02 -1.274878382682800293e-01 1.010787934064865112e-01
-8.778212219476699829e-02 -1.231423690915107727e-01 1.123911291360855103e-01
1.572440192103385925e-02 -2.552897334098815918e-01 8.419211208820343018e-02
-4.994175955653190613e-02 -1.510973721742630005e-01 -1.054398901760578156e-02
1.390286684036254883e-01 -1.681811064481735229e-01 -6.730373948812484741e-02
8.698653429746627808e-02 -4.643114656209945679e-02 -1.094820499420166016e-01
-6.312424689531326294e-02 7.387682795524597168e-02 -1.470409426838159561e-02
-6.017888337373733521e-02 -1.386193558573722839e-02 1.147744134068489075e-01
-6.528706103563308716e-02 -1.359663624316453934e-02 1.864395737648010254e-01
-8.751907944679260254e-02 4.969543218612670898e-02 2.726184129714965820e-01
7.302533835172653198e-02 1.694652810692787170e-02 2.432841956615447998e-01
2.093060761690139771e-01 8.790451288223266602e-02 2.260421663522720337e-01
1.427112072706222534e-01 3.290738165378570557e-01 -9.097050875425338745e-02
-5.797936581075191498e-03 4.624582231044769287e-01 -3.688603639602661133e-01
-1.878954768180847168e-01 4.702848196029663086e-01 -4.928316771984100342e-01
-1.578942537307739258e-01 4.040317833423614502e-01 -4.309780895709991455e-01
1.107400879263877869e-01 1.989227980375289917e-01 -1.980874389410018921e-01
3.013493418693542480e-01 1.843089610338211060e-01 -1.335996985435485840e-01
1.968212574720382690e-01 2.422975897789001465e-01 -1.684277802705764771e-01
4.270092397928237915e-02 2.294161021709442139e-01 -1.808538287878036499e-01
-1.949043869972229004e-01 2.250324636697769165e-01 -1.186454817652702332e-01
-9.587743133306503296e-02 1.436546444892883301e-01 -4.512598272413015366e-03
6.298615783452987671e-02 -1.995630860328674316e-01 3.323387205600738525e-01
6.109153106808662415e-02 -3.314273953437805176e-01 5.024107694625854492e-01
3.887681663036346436e-02 -3.029558062553405762e-01 5.292630195617675781e-01
-1.005092710256576538e-01 -1.812977641820907593e-01 4.119900166988372803e-01
-1.347494125366210938e-01 3.512166440486907959e-02 2.948665060102939606e-02
-1.674268580973148346e-02 -2.109465189278125763e-02 -2.355303168296813965e-01
6.928768008947372437e-02 4.067395348101854324e-03 -2.828895151615142822e-01
1.184377521276473999e-01 -3.260942548513412476e-02 -2.208391427993774414e-01
1.664999425411224365e-01 -4.094673320651054382e-02 -9.490352869033813477e-02
1.846817731857299805e-01 -2.081748545169830322e-01 -7.019975781440734863e-02
2.775001823902130127e-01 -2.233135849237442017e-01 -9.248296171426773071e-02
2.321275174617767334e-01 -1.004851832985877991e-01 -1.398383080959320068e-01
1.927536278963088989e-01 -5.116467177867889404e-02 -5.209793150424957275e-02
5.247092247009277344e-02 9.872785769402980804e-03 5.351999029517173767e-02
-9.397983551025390625e-02 3.340510651469230652e-02 2.378770709037780762e-01
-1.801332086324691772e-02 -2.201502397656440735e-02 4.001040458679199219e-01
8.373752236366271973e-02 5.662599578499794006e-02 4.070288240909576416e-01
-2.678880840539932251e-02 1.880372464656829834e-01 2.506681978702545166e-01
-2.007335871458053589e-01 1.649924814701080322e-01 1.771091818809509277e-01
-1.949637383222579956e-01 1.599990576505661011e-01 2.007551640272140503e-01
4.807477444410324097e-02 -8.887627720832824707e-02 1.772095113992691040e-01
3.632843494415283203e-01 -2.948044836521148682e-01 8.326461911201477051e-02
3.176423609256744385e-01 -2.825064957141876221e-01 -4.930318519473075867e-02
7.279117405414581299e-02 -2.157277315855026245e-01 3.481477499008178711e-02
-7.201334089040756226e-02 -5.642243847250938416e-02 2.177682071924209595e-01
1.499529113061726093e-03 4.405687376856803894e-02 2.995146512985229492e-01
2.634079568088054657e-02 9.867738932371139526e-03 2.211168557405471802e-01
-9.908287972211837769e-02 -5.701341480016708374e-02 1.137552708387374878e-01
-1.918436437845230103e-01 -1.417036354541778564e-01 -8.057204633951187134e-02
-1.152822971343994141e-01 -1.417832374572753906e-01 -1.792981326580047607e-01
6.921979598701000214e-03 7.748323696432635188e-05 -9.800914674997329712e-02
1.584410220384597778e-01 9.228785336017608643e-02 1.218808591365814209e-01
2.016696184873580933e-01 9.200013428926467896e-02 2.372318208217620850e-01
1.632527858018875122e-01 2.424725331366062164e-02 1.716097295284271240e-01
1.838168799877166748e-01 -9.068498620763421059e-04 4.334405437111854553e-02
1.105719357728958130e-01 7.496098428964614868e-02 -8.884846419095993042e-02
1.236713118851184845e-02 1.137902587652206421e-01 -1.095977574586868286e-01
-1.145037412643432617e-01 8.366666734218597412e-02 -7.087060064077377319e-02
-2.034081667661666870e-01 -3.588500618934631348e-02 -2.951798262074589729e-03
-8.374845981597900391e-02 -1.274496167898178101e-01 -4.434676468372344971e-02
-1.962118968367576599e-02 -1.177599132061004639e-01 -6.867212802171707153e-02
2.078890800476074219e-01 -8.783883601427078247e-02 -5.230438709259033203e-02
3.289704024791717529e-01 5.088982172310352325e-03 3.220404684543609619e-02
1.805494725704193115e-01 8.583684265613555908e-02 6.642973423004150391e-02
2.002907842397689819e-01 1.893192082643508911e-01 -2.988179214298725128e-02
-3.327997624874114990e-01 3.662684261798858643e-01 -3.663042783737182617e-01
-5.275332927703857422e-01 3.322699964046478271e-01 -4.164508879184722900e-01
-4.775108993053436279e-01 1.823832839727401733e-01 -2.076822519302368164e-01
-4.454861879348754883e-01 -8.801489323377609253e-02 -2.475975081324577332e-02
-2.185595333576202393e-01 -3.109172582626342773e-01 6.454780697822570801e-02
-2.693072855472564697e-01 -3.108541965484619141e-01 -3.082339167594909668e-01
-2.547199428081512451e-01 -2.665342688560485840e-01 -4.638493359088897705e-01
-3.459558635950088501e-02 -1.432578265666961670e-01 -4.201257228851318359e-01
2.701207064092159271e-03 -6.608004681766033173e-03 -3.227947950363159180e-01
1.581491529941558838e-01 -2.364823967218399048e-02 -2.810988426208496094e-01
1.114863976836204529e-01 -1.043308973312377930e-01 -2.067448794841766357e-01
3.097145818173885345e-02 -1.035984158515930176e-01 -5.110473930835723877e-02
7.306215912103652954e-02 -5.657661706209182739e-02 1.783280521631240845e-01
-7.125937193632125854e-02 9.283921122550964355e-02 3.532144427299499512e-01
1.281439214944839478e-01 5.157172679901123047e-02 3.492154777050018311e-01
2.456402331590652466e-01 1.693077385425567627e-02 3.758289217948913574e-01
3.277778625488281250e-01 1.397879719734191895e-01 2.930526435375213623e-01
3.823443055152893066e-01 4.600201845169067383e-01 -6.771431863307952881e-02
2.899002134799957275e-01 6.030680537223815918e-01 -2.690809965133666992e-01
1.516900807619094849e-01 5.433714389801025391e-01 -3.291392922401428223e-01
-1.380001753568649292e-01 1.544399261474609375e-01 -1.097952574491500854e-01
-3.247943222522735596e-01 -3.664277791976928711e-01 3.416797816753387451e-01
-2.506765723228454590e-01 -4.498037099838256836e-01 4.027550518512725830e-01
-1.649516671895980835e-01 -3.510180413722991943e-01 3.421618342399597168e-01
2.203023061156272888e-02 -1.993008255958557129e-01 2.682251334190368652e-01
1.441391408443450928e-01 -1.957410573959350586e-01 2.262948453426361084e-01
1.431144475936889648e-01 -2.094594538211822510e-01 2.696502804756164551e-01
2.229587137699127197e-01 -2.092450708150863647e-01 2.574220299720764160e-01
2.836479544639587402e-01 -9.013216942548751831e-02 1.404325515031814575e-01
2.792887091636657715e-01 -3.782522678375244141e-02 1.300690919160842896e-01
2.644652426242828369e-01 -9.738592058420181274e-02 1.943034827709197998e-01
1.238211393356323242e-01 -1.352428346872329712e-01 1.773243397474288940e-01
6.484906375408172607e-02 -1.250334680080413818e-01 2.007404863834381104e-01
-7.730151526629924774e-03 -3.422669693827629089e-02 9.257218241691589355e-02
5.912521854043006897e-03 -3.823046386241912842e-02 5.330980941653251648e-02
7.147067040205001831e-02 -6.479923427104949951e-02 4.317846614867448807e-03
3.233309835195541382e-03 -5.316389352083206177e-02 -4.383879154920578003e-02
-1.047152802348136902e-01 3.060544729232788086e-01 -2.791991531848907471e-01
-1.751416325569152832e-01 4.987335205078125000e-01 -4.255887269973754883e-01
-1.266034394502639771e-01 5.065456032752990723e-01 -4.077565073966979980e-01
-2.786128781735897064e-02 4.063247144222259521e-01 -2.989245355129241943e-01
