-4.213979542255401611e-01 -3.307602405548095703e-01 7.462200522422790527e-02
-5.271374583244323730e-01 -4.240353107452392578e-01 1.096440255641937256e-01
-5.927457213401794434e-01 -5.466303229331970215e-01 1.494067758321762085e-01
-5.772787332534790039e-01 -4.683756232261657715e-01 1.457232385873794556e-01
-5.984861254692077637e-01 -5.146352052688598633e-01 5.300331115722656250e-02
-6.326224207878112793e-01 -5.373980402946472168e-01 8.187054842710494995e-02
-6.304897665977478027e-01 -5.358546972274780273e-01 5.700691044330596924e-02
-6.781859993934631348e-01 -5.491287708282470703e-01 5.641161650419235229e-02
-6.570010185241699219e-01 -5.625943541526794434e-01 7.465647906064987183e-02
-6.499714851379394531e-01 -5.738384723663330078e-01 1.397367268800735474e-01
-6.694758534431457520e-01 -6.076044440269470215e-01 1.481071263551712036e-01
-6.896548271179199219e-01 -6.165266633033752441e-01 2.040948420763015747e-01
-5.976588129997253418e-01 -5.504686236381530762e-01 1.288060843944549561e-01
-3.664182126522064209e-01 -4.349152445793151855e-01 1.090601086616516113e-01
-3.525301218032836914e-01 -4.752693772315979004e-01 -3.567342087626457214e-02
-4.007047414779663086e-01 -4.063254296779632568e-01 2.762068063020706177e-03
-3.751307129859924316e-01 -3.981260061264038086e-01 -9.079433232545852661e-02
-2.630717158317565918e-01 -2.972934246063232422e-01 -3.672980517148971558e-02
-3.111299276351928711e-01 -2.419590502977371216e-01 -1.319085359573364258e-01
-2.318524867296218872e-01 -1.886217296123504639e-01 -5.978706851601600647e-02
-2.221771627664566040e-01 -1.889512687921524048e-01 -2.062601894140243530e-01
-1.534497290849685669e-01 -1.787620186805725098e-01 -1.399639546871185303e-01
-1.715838015079498291e-01 -1.391446888446807861e-01 -1.385552585124969482e-01
-1.211806759238243103e-01 4.837461560964584351e-02 7.124077528715133667e-02
-1.975125670433044434e-01 -1.459381729364395142e-01 5.671407282352447510e-02
-1.097952127456665039e-01 -7.846935838460922241e-02 3.610940277576446533e-01
-8.969479799270629883e-02 -1.013515070080757141e-01 3.704545199871063232e-01
-3.337528556585311890e-02 2.013039737939834595e-01 3.851379156112670898e-01
-3.800860792398452759e-02 3.026963174343109131e-01 3.199871182441711426e-01
1.756449975073337555e-02 3.260490894317626953e-01 3.165937960147857666e-01
7.076170295476913452e-02 3.033776879310607910e-01 2.748245298862457275e-01
7.173541188240051270e-02 2.563384175300598145e-01 2.412098348140716553e-01
8.427694439888000488e-02 2.458513826131820679e-01 1.465149670839309692e-01
7.968328893184661865e-02 1.233694776892662048e-01 -3.359538316726684570e-02
1.031469181180000305e-01 1.332013309001922607e-01 -1.035726815462112427e-01
9.019236266613006592e-02 1.969801038503646851e-01 -7.503180205821990967e-02
9.141528606414794922e-02 1.973834633827209473e-01 -4.887292161583900452e-03
1.237566769123077393e-01 1.893766820430755615e-01 7.931138575077056885e-02
2.139914184808731079e-01 1.408055126667022705e-01 1.998193860054016113e-01
2.019289880990982056e-01 7.316929101943969727e-02 2.463650256395339966e-01
2.911365628242492676e-01 2.771335840225219727e-02 1.816942393779754639e-01
8.974879980087280273e-02 7.589253038167953491e-02 2.925916612148284912e-01
7.448185235261917114e-02 -1.012773662805557251e-01 3.895479440689086914e-01
2.750747799873352051e-01 2.907104790210723877e-02 4.041891098022460938e-01
3.031580150127410889e-01 1.089708283543586731e-01 3.052467703819274902e-01
2.919600307941436768e-01 7.438271492719650269e-02 2.160494476556777954e-01
2.924116849899291992e-01 -2.032730914652347565e-02 2.256179302930831909e-01
3.530573546886444092e-01 -5.561686679720878601e-02 2.315350025892257690e-01
3.481433391571044922e-01 -8.239775151014328003e-02 2.755369544029235840e-01
3.762548565864562988e-01 -9.980562329292297363e-02 3.212921619415283203e-01
3.205995857715606689e-01 -1.044064462184906006e-01 3.457824289798736572e-01
1.538937687873840332e-01 -8.706241846084594727e-02 4.137494266033172607e-01
7.765845954418182373e-02 -1.101551502943038940e-01 3.171215057373046875e-01
1.865512728691101074e-01 -1.355808973312377930e-01 2.807986140251159668e-01
2.852690219879150391e-01 -1.098960861563682556e-01 2.703459262847900391e-01
3.529036045074462891e-01 -8.954522013664245605e-02 3.068145811557769775e-01
3.506180047988891602e-01 -1.290775388479232788e-01 3.048598170280456543e-01
3.234684765338897705e-01 -1.556070744991302490e-01 3.013540804386138916e-01
3.162170350551605225e-01 -1.276275068521499634e-01 2.810954153537750244e-01
3.054266870021820068e-01 -1.151798740029335022e-01 2.890131473541259766e-01
2.470472455024719238e-01 -1.475801169872283936e-01 3.136709332466125488e-01
2.418450266122817993e-01 -1.883439570665359497e-01 3.358833789825439453e-01
1.830622702836990356e-01 -2.418657839298248291e-01 3.085277974605560303e-01
2.153881490230560303e-01 -2.534857690334320068e-01 1.348800212144851685e-01
2.041759043931961060e-01 -2.476904988288879395e-01 2.163302749395370483e-01
1.484744250774383545e-01 -2.115585654973983765e-01 2.175635546445846558e-01
2.704449594020843506e-01 -2.949950098991394043e-01 8.290526270866394043e-02
2.056997269392013550e-01 -2.657826840877532959e-01 1.464392691850662231e-01
3.505371510982513428e-01 -2.094637453556060791e-01 1.023333445191383362e-01
5.416552722454071045e-02 -5.555805563926696777e-02 2.813345789909362793e-01
-1.236178353428840637e-01 -1.212703585624694824e-01 4.111324548721313477e-01
8.575236424803733826e-03 -1.627588123083114624e-01 4.301873445510864258e-01
-1.437368541955947876e-01 -8.485127985477447510e-02 3.651758730411529541e-01
-2.803757786750793457e-01 1.807523965835571289e-01 3.505289554595947266e-01
-4.236582517623901367e-01 3.593779802322387695e-01 1.900183558464050293e-01
-3.888802528381347656e-01 3.294003009796142578e-01 1.715766936540603638e-01
-4.724814593791961670e-01 2.479419559240341187e-01 1.756956875324249268e-01
-4.484158158302307129e-01 3.420151174068450928e-01 1.736329346895217896e-01
-5.361422896385192871e-01 9.063293039798736572e-02 -1.073466092348098755e-01
-5.494851469993591309e-01 1.949045658111572266e-01 7.708890736103057861e-02
-4.990837872028350830e-01 1.763338148593902588e-01 7.358621060848236084e-02
-4.469288289546966553e-01 9.926087409257888794e-02 9.782744199037551880e-02
-3.337628245353698730e-01 1.049683541059494019e-01 2.540889084339141846e-01
-2.341327965259552002e-01 -3.196357563138008118e-02 1.845960915088653564e-01
-9.578842669725418091e-02 -2.377634495496749878e-02 1.794943809509277344e-01
-1.292746067047119141e-01 3.269078582525253296e-02 1.939864456653594971e-01
2.656724154949188232e-01 1.459385156631469727e-01 -4.474555328488349915e-02
2.202623039484024048e-01 1.973628550767898560e-01 -1.147668529301881790e-02
2.006457746028900146e-01 1.933361142873764038e-01 -1.677862368524074554e-02
6.606837362051010132e-02 1.082713529467582703e-01 1.307333409786224365e-01
4.641808196902275085e-02 5.023638904094696045e-02 3.390249311923980713e-01
-2.125367149710655212e-02 4.693714529275894165e-02 2.993438243865966797e-01
3.546775842551141977e-04 9.247017651796340942e-02 2.943076193332672119e-01
8.107632398605346680e-02 2.982662990689277649e-02 3.117140531539916992e-01
1.426262259483337402e-01 -2.221407741308212280e-02 2.757464945316314697e-01
2.023273855447769165e-01 2.376602962613105774e-03 2.448537796735763550e-01
2.228454947471618652e-01 4.557173699140548706e-02 2.451782077550888062e-01
2.443002462387084961e-01 -1.272582076489925385e-02 1.901155561208724976e-01
2.491330504417419434e-01 -8.208109438419342041e-02 2.082811444997787476e-01
2.452663332223892212e-01 -6.049359217286109924e-02 2.263126373291015625e-01
2.816081345081329346e-01 -4.372242838144302368e-02 2.577212154865264893e-01
3.007763624191284180e-01 -4.979977756738662720e-02 2.623052000999450684e-01
3.243115544319152832e-01 -1.355936229228973389e-01 1.718588918447494507e-01
2.512503862380981445e-01 -2.648242712020874023e-01 1.062249913811683655e-01
2.406838983297348022e-01 -2.837660610675811768e-01 8.605385571718215942e-02
2.312049418687820435e-01 -2.551506459712982178e-01 1.587208658456802368e-01
4.996505975723266602e-01 -7.186233997344970703e-02 9.511420875787734985e-02
5.558997392654418945e-01 -1.458003818988800049e-01 3.514810651540756226e-02
