-4.662942513823509216e-02 5.855328962206840515e-02 -7.386986166238784790e-02
-2.199156954884529114e-02 4.507299512624740601e-02 -4.958585649728775024e-02
-2.318606339395046234e-02 -3.477111458778381348e-02 -3.753001615405082703e-02
2.852393686771392822e-02 -1.420098990201950073e-01 3.942393139004707336e-02
5.678147822618484497e-02 -7.807225733995437622e-02 1.685290336608886719e-01
-4.373874887824058533e-02 3.439425677061080933e-02 1.227832958102226257e-01
-8.238841593265533447e-02 1.579658836126327515e-01 1.083381399512290955e-01
-1.361014246940612793e-01 2.095323503017425537e-01 5.891636013984680176e-02
-9.056714177131652832e-02 1.144508942961692810e-01 -9.083154611289501190e-03
-3.836647793650627136e-02 9.974756278097629547e-03 1.540038920938968658e-02
4.815461486577987671e-02 -1.758007109165191650e-01 1.256895959377288818e-01
2.125668078660964966e-01 -3.263211548328399658e-01 2.731242179870605469e-01
3.314778208732604980e-01 -3.344895541667938232e-01 3.441414237022399902e-01
3.521783053874969482e-01 -2.342132329940795898e-01 2.700495421886444092e-01
6.770370900630950928e-02 -3.027758328244090080e-03 -2.864537574350833893e-02
-2.144607603549957275e-01 1.002807915210723877e-01 -2.279254943132400513e-01
-2.535856366157531738e-01 8.752550929784774780e-02 -2.282880991697311401e-01
-1.100431382656097412e-01 3.953768685460090637e-02 -1.423396617174148560e-01
1.034472882747650146e-01 9.330875426530838013e-02 -2.080540359020233154e-02
4.832693934440612793e-02 2.377422153949737549e-01 -4.022184386849403381e-02
-1.888810098171234131e-01 3.734404146671295166e-01 -2.089656442403793335e-01
-3.243253827095031738e-01 4.384783506393432617e-01 -2.877429425716400146e-01
-2.841763198375701904e-01 3.999403119087219238e-01 -2.832853198051452637e-01
-6.523205339908599854e-02 3.106464743614196777e-01 -1.792111843824386597e-01
2.100743949413299561e-01 -2.426896989345550537e-02 1.318211853504180908e-01
2.808319926261901855e-01 -2.903519868850708008e-01 1.967289894819259644e-01
1.963285207748413086e-01 -4.089861512184143066e-01 1.490257084369659424e-01
1.079147607088088989e-01 -4.452240765094757080e-01 3.728059306740760803e-02
-4.818474501371383667e-02 -2.834507226943969727e-01 -6.701356172561645508e-02
-7.466917484998703003e-02 -1.186435297131538391e-01 -1.598350703716278076e-01
-6.190452724695205688e-02 -6.838628649711608887e-02 -2.314404249191284180e-01
-4.155461862683296204e-02 -4.791424423456192017e-02 -1.484964042901992798e-01
-4.065036773681640625e-02 9.648779407143592834e-03 3.435357008129358292e-03
-9.404309093952178955e-02 1.415331959724426270e-01 2.039930075407028198e-01
-1.534483432769775391e-01 3.013532757759094238e-01 2.490850090980529785e-01
-2.715828716754913330e-01 3.361445069313049316e-01 1.545478403568267822e-01
-2.959245741367340088e-01 1.879601776599884033e-01 7.553725689649581909e-02
-2.546247243881225586e-01 -6.385903805494308472e-02 4.706839472055435181e-02
-1.065158471465110779e-01 -1.683386713266372681e-01 3.077252209186553955e-02
1.108627319335937500e-01 -1.002838537096977234e-01 7.877321541309356689e-02
1.829518526792526245e-01 2.524290233850479126e-02 -5.715256929397583008e-02
1.713824570178985596e-01 1.567519828677177429e-02 -2.555392086505889893e-01
1.763590872287750244e-01 -7.654400914907455444e-02 -3.002882599830627441e-01
2.231680005788803101e-01 -6.555185467004776001e-02 -2.633581757545471191e-01
2.032263278961181641e-01 3.861241787672042847e-02 -1.401608902961015701e-02
3.422773256897926331e-02 1.308597028255462646e-01 1.831223517656326294e-01
-1.425925344228744507e-01 1.118106544017791748e-01 1.868219673633575439e-01
-1.240446940064430237e-01 5.443145707249641418e-02 9.677826613187789917e-02
5.154791474342346191e-02 1.078071165829896927e-02 -5.231453850865364075e-02
1.821107715368270874e-01 -8.197989314794540405e-02 -1.134417876601219177e-01
1.017452925443649292e-01 -1.982498764991760254e-01 -2.751924470067024231e-02
-1.436817198991775513e-01 -2.398666590452194214e-01 9.409968554973602295e-02
-2.476978749036788940e-01 -1.253734529018402100e-01 1.553793102502822876e-01
-1.234708204865455627e-01 4.822406917810440063e-02 1.107035055756568909e-01
9.078593552112579346e-02 1.023677513003349304e-01 -9.788162074983119965e-03
2.099361419677734375e-01 1.622393168509006500e-02 -5.675680190324783325e-02
1.589262187480926514e-01 -4.335404187440872192e-02 -2.395073696970939636e-02
1.198593378067016602e-01 3.194938600063323975e-02 3.062685765326023102e-02
1.707425415515899658e-01 1.904455423355102539e-01 -1.939599984325468540e-03
1.725760549306869507e-01 1.855665594339370728e-01 -1.286111027002334595e-01
6.187841296195983887e-02 4.374929517507553101e-02 -1.986412405967712402e-01
-1.787562668323516846e-01 -1.718970835208892822e-01 -1.727757751941680908e-01
-3.425956964492797852e-01 -2.768234312534332275e-01 -4.837675392627716064e-02
-3.302813470363616943e-01 -1.659506112337112427e-01 1.051346510648727417e-01
-2.256916761398315430e-01 -1.012102365493774414e-01 1.875546872615814209e-01
1.950100809335708618e-01 2.318880893290042877e-02 2.998072504997253418e-01
4.534954130649566650e-01 1.559364199638366699e-01 3.099950253963470459e-01
4.648418724536895752e-01 2.397334426641464233e-01 1.855273246765136719e-01
3.003382682800292969e-01 3.715164661407470703e-01 -1.273468285799026489e-01
-1.995765715837478638e-01 2.813093960285186768e-01 -4.151422083377838135e-01
-2.588473260402679443e-01 6.973588466644287109e-02 -4.553680717945098877e-01
-1.086857691407203674e-01 -1.904656440019607544e-01 -3.240332305431365967e-01
8.736393414437770844e-03 -3.711908757686614990e-01 -6.609041243791580200e-02
3.192204982042312622e-02 -3.356412649154663086e-01 1.514925658702850342e-01
-8.755196630954742432e-02 -2.703453302383422852e-01 1.475703120231628418e-01
-5.853636935353279114e-02 -1.315086185932159424e-01 6.911847740411758423e-02
-4.933053627610206604e-02 7.639659196138381958e-02 -5.241532344371080399e-03
-1.510932147502899170e-01 1.752155274152755737e-01 1.573895919136703014e-03
-2.657435834407806396e-01 3.424216806888580322e-01 1.575157344341278076e-01
-3.227825164794921875e-01 2.514261901378631592e-01 2.035993635654449463e-01
-2.828385531902313232e-01 1.125832200050354004e-01 1.612684130668640137e-01
-1.239970475435256958e-01 -4.015738889575004578e-02 1.190581768751144409e-01
1.074371561408042908e-01 -3.571156561374664307e-01 1.708275675773620605e-01
3.114667534828186035e-01 -4.177768826484680176e-01 3.342014849185943604e-01
3.769234120845794678e-01 -3.765203058719635010e-01 3.072748780250549316e-01
2.589238584041595459e-01 -3.425744920969009399e-02 -4.153243452310562134e-02
-5.787864699959754944e-02 5.411604642868041992e-01 -4.345091879367828369e-01
-3.617392778396606445e-01 6.054435372352600098e-01 -5.289468765258789062e-01
-4.590553641319274902e-01 4.590476155281066895e-01 -4.545778334140777588e-01
-3.342134654521942139e-01 -9.339329786598682404e-03 -1.525465995073318481e-01
-4.356724023818969727e-02 -3.749882876873016357e-01 1.373998075723648071e-01
1.542903780937194824e-01 -2.521280944347381592e-01 1.623609066009521484e-01
1.691413968801498413e-01 -1.191012188792228699e-01 6.508627533912658691e-02
5.331465229392051697e-02 -9.963454306125640869e-02 6.574593950062990189e-03
-3.989741951227188110e-02 -1.475049406290054321e-01 5.635030195116996765e-02
2.588068135082721710e-02 -1.414356976747512817e-01 6.936243176460266113e-02
1.531274765729904175e-01 1.622720807790756226e-02 5.701009929180145264e-02
1.974982172250747681e-01 1.868981271982192993e-01 2.549853734672069550e-02
1.405369937419891357e-01 1.445296406745910645e-01 2.796684578061103821e-02
5.121642723679542542e-02 -1.901306398212909698e-02 1.809076033532619476e-02
1.126528251916170120e-02 -1.795995831489562988e-01 -3.118091262876987457e-02
1.002776697278022766e-01 -1.803070604801177979e-01 -4.073935374617576599e-02
2.551707029342651367e-01 -7.350696623325347900e-02 1.718647032976150513e-01
3.125489652156829834e-01 -3.607764095067977905e-02 3.916483819484710693e-01
2.341031581163406372e-01 -4.989278689026832581e-02 4.389790892601013184e-01
1.327856630086898804e-02 -9.404524415731430054e-02 2.800608873367309570e-01
-1.696143299341201782e-01 -6.973695755004882812e-02 -3.370089828968048096e-02
-1.876445412635803223e-01 -1.827548816800117493e-02 -1.672535389661788940e-01
