6.987856586370277956e-02
0.000000000000000000e+00
0.000000000000000000e+00
0.000000000000000000e+00
1.957522503261602265e-02
7.116623628315366622e-03
0.000000000000000000e+00
0.000000000000000000e+00
1.318869677155613471e-02
2.171843503027803129e-02
2.535016515711463816e-02
2.467624014134740459e-02
3.097279117477488158e-02
3.678559686127053779e-02
3.375537793319715457e-02
1.945137405937339206e-02
6.356669590781264959e-04
0.000000000000000000e+00
0.000000000000000000e+00
0.000000000000000000e+00
0.000000000000000000e+00
0.000000000000000000e+00
0.000000000000000000e+00
0.000000000000000000e+00
0.000000000000000000e+00
0.000000000000000000e+00
0.000000000000000000e+00
0.000000000000000000e+00
0.000000000000000000e+00
0.000000000000000000e+00
0.000000000000000000e+00
0.000000000000000000e+00
0.000000000000000000e+00
0.000000000000000000e+00
3.448399170567424399e-01
5.448066300180126609e-01
4.564319727501925383e-01
2.093831374325456074e-01
0.000000000000000000e+00
0.000000000000000000e+00
0.000000000000000000e+00
0.000000000000000000e+00
2.656626198893935475e-01
5.221218149084813076e-01
5.784488560925364897e-01
3.122743882362584711e-01
0.000000000000000000e+00
0.000000000000000000e+00
0.000000000000000000e+00
0.000000000000000000e+00
0.000000000000000000e+00
0.000000000000000000e+00
0.000000000000000000e+00
0.000000000000000000e+00
0.000000000000000000e+00
0.000000000000000000e+00
0.000000000000000000e+00
0.000000000000000000e+00
0.000000000000000000e+00
0.000000000000000000e+00
0.000000000000000000e+00
0.000000000000000000e+00
0.000000000000000000e+00
0.000000000000000000e+00
0.000000000000000000e+00
2.682366873010680395e-04
2.284490642600916360e-02
4.414299708528209715e-02
0.000000000000000000e+00
0.000000000000000000e+00
0.000000000000000000e+00
0.000000000000000000e+00
1.872007853057058302e-01
3.159691733622190801e-01
4.658287957458088768e-01
4.886956760598380467e-01
3.767418303887044573e-01
1.969633406701349065e-01
0.000000000000000000e+00
0.000000000000000000e+00
0.000000000000000000e+00
0.000000000000000000e+00
3.918341380463024465e-03
0.000000000000000000e+00
0.000000000000000000e+00
0.000000000000000000e+00
0.000000000000000000e+00
0.000000000000000000e+00
0.000000000000000000e+00
0.000000000000000000e+00
0.000000000000000000e+00
0.000000000000000000e+00
0.000000000000000000e+00
0.000000000000000000e+00
0.000000000000000000e+00
0.000000000000000000e+00
1.479878559002313458e-02
2.942411759982949127e-02
3.158659472582030919e-02
2.693211937458001026e-02
1.507146182839680729e-02
0.000000000000000000e+00
0.000000000000000000e+00
0.000000000000000000e+00
0.000000000000000000e+00
1.561121674936152282e-01
2.498873801896870084e-01
2.125852312399632293e-01
