-5.033338908106088638e-03 -9.853349626064300537e-02 -9.968397766351699829e-02
6.541541218757629395e-02 -1.200100257992744446e-01 -1.236766576766967773e-01
1.774756461381912231e-01 -6.304991990327835083e-02 -7.461909949779510498e-02
2.399236708879470825e-01 8.732354640960693359e-02 2.561740018427371979e-02
2.350329607725143433e-01 1.977753788232803345e-01 3.939755633473396301e-02
1.448282152414321899e-01 1.935923099517822266e-01 2.507451921701431274e-02
-3.549760580062866211e-02 8.324915915727615356e-02 8.354290388524532318e-03
-1.692868173122406006e-01 -4.371589422225952148e-02 3.655044361948966980e-02
-2.181031852960586548e-01 -9.374906867742538452e-02 6.491298228502273560e-02
-9.981668740510940552e-02 -4.284878447651863098e-02 2.880541607737541199e-02
9.324195235967636108e-02 4.985557869076728821e-02 -3.802005201578140259e-02
1.379801630973815918e-01 9.151500463485717773e-02 -3.391076251864433289e-02
9.291424416005611420e-03 4.247451573610305786e-02 3.583093360066413879e-02
-1.888842433691024780e-01 -4.877569898962974548e-02 7.831405848264694214e-02
-1.955137103796005249e-01 -8.289720863103866577e-02 -4.313408583402633667e-02
-4.511560872197151184e-02 -6.726694852113723755e-02 -2.233466058969497681e-01
9.920874983072280884e-02 -2.353593241423368454e-03 -3.072224259376525879e-01
1.736979037523269653e-01 1.159691810607910156e-02 -2.653253376483917236e-01
9.699039161205291748e-02 4.026344418525695801e-02 -3.504807502031326294e-02
3.971746936440467834e-02 9.297430515289306641e-02 1.071698516607284546e-01
3.738518431782722473e-02 6.352066993713378906e-02 1.575245112180709839e-01
3.175540640950202942e-02 5.934472382068634033e-02 1.473671644926071167e-01
5.852166935801506042e-02 5.062597244977951050e-02 8.254434168338775635e-02
5.193772912025451660e-02 9.492586553096771240e-02 7.511217892169952393e-02
1.042858809232711792e-01 4.301134496927261353e-02 -3.260146453976631165e-02
2.105705887079238892e-01 -1.274083554744720459e-01 -1.760067790746688843e-01
2.820338606834411621e-01 -2.721128463745117188e-01 -2.294467687606811523e-01
2.497351318597793579e-01 -3.413649499416351318e-01 -8.603061549365520477e-03
1.181637868285179138e-01 -3.033866882324218750e-01 3.666040897369384766e-01
-1.288580894470214844e-01 -1.563187688589096069e-01 4.874725341796875000e-01
-3.754378259181976318e-01 1.325761377811431885e-01 4.528981149196624756e-01
-5.058544874191284180e-01 3.912521600723266602e-01 1.570372134447097778e-01
-5.830541253089904785e-01 4.365706443786621094e-01 -8.152146823704242706e-03
-4.928773939609527588e-01 1.893560141324996948e-01 2.662542741745710373e-03
-5.978055670857429504e-02 -1.540691554546356201e-01 -3.794316947460174561e-02
4.031068086624145508e-01 -1.309425681829452515e-01 -4.104426801204681396e-01
5.305324792861938477e-01 1.106824353337287903e-01 -6.277686953544616699e-01
3.879945576190948486e-01 4.056390523910522461e-01 -6.168581843376159668e-01
4.147275909781455994e-02 4.237590432167053223e-01 -4.500806629657745361e-01
-2.300743162631988525e-01 -1.234343200922012329e-01 1.149748712778091431e-01
-2.668172121047973633e-01 -4.389950335025787354e-01 3.710831999778747559e-01
-2.914739251136779785e-01 -5.047790408134460449e-01 4.284299015998840332e-01
-2.046895623207092285e-01 -3.102089464664459229e-01 4.047914445400238037e-01
-9.277135133743286133e-02 1.079318225383758545e-01 2.722704112529754639e-01
5.392250046133995056e-02 2.434006035327911377e-01 1.278974562883377075e-01
1.646383702754974365e-01 1.479434221982955933e-01 -6.001121178269386292e-02
3.866180032491683960e-02 -5.615266505628824234e-03 -1.270573884248733521e-01
-2.695027180016040802e-02 -1.354642361402511597e-01 -9.353996813297271729e-02
-3.165540844202041626e-02 -1.186227649450302124e-01 -7.881069928407669067e-02
1.014380343258380890e-02 -3.967345505952835083e-02 -7.211024314165115356e-02
1.015023887157440186e-01 -8.252992294728755951e-03 -5.605432018637657166e-02
1.111001968383789062e-01 2.001033909618854523e-02 -5.581419542431831360e-02
8.677031844854354858e-02 1.110614463686943054e-02 -2.079436555504798889e-02
7.836741209030151367e-02 -4.920266568660736084e-03 -3.768094256520271301e-02
4.466284811496734619e-02 3.312457725405693054e-02 -5.936931073665618896e-02
2.857870608568191528e-02 4.247807338833808899e-02 -3.772650286555290222e-02
1.832159794867038727e-02 2.509707212448120117e-02 -7.760373502969741821e-02
-3.499002009630203247e-02 -3.070130199193954468e-02 -6.658305972814559937e-02
-6.446240097284317017e-02 -8.761951327323913574e-02 2.895839139819145203e-02
-8.117119222879409790e-02 -5.667030438780784607e-02 1.368772238492965698e-01
-7.169295847415924072e-02 9.614246897399425507e-03 1.743796020746231079e-01
3.018615534529089928e-03 4.727958235889673233e-03 4.086655750870704651e-02
3.824442625045776367e-02 -6.691519916057586670e-02 -1.361777633428573608e-01
7.812597788870334625e-03 -1.316641271114349365e-01 -1.610036492347717285e-01
-3.925141412764787674e-03 -1.134302988648414612e-01 -4.002278670668601990e-03
-2.045051380991935730e-02 -3.373530507087707520e-02 1.444649696350097656e-01
6.941310316324234009e-02 7.515156269073486328e-02 1.456891000270843506e-01
1.982545256614685059e-01 1.404998302459716797e-01 1.841516233980655670e-02
2.290772646665573120e-01 1.151278391480445862e-01 -9.629444777965545654e-02
3.762990534305572510e-01 2.093754410743713379e-01 5.233070999383926392e-02
4.091686904430389404e-01 3.058782517910003662e-01 6.599903106689453125e-02
3.584698140621185303e-01 4.082567691802978516e-01 1.278426125645637512e-02
1.490551084280014038e-01 3.341502845287322998e-01 -1.622165888547897339e-01
-3.211417198181152344e-01 -2.161859273910522461e-01 -3.840421736240386963e-01
-4.547096788883209229e-01 -5.457640886306762695e-01 -2.696449160575866699e-01
-4.633549749851226807e-01 -5.996566414833068848e-01 -1.184685006737709045e-01
-3.615008890628814697e-01 -4.185228645801544189e-01 6.356280297040939331e-02
-1.719916164875030518e-01 1.882894933223724365e-01 2.110609114170074463e-01
-9.476022422313690186e-02 4.425533711910247803e-01 9.936803579330444336e-02
-3.680952638387680054e-02 3.795648813247680664e-01 -6.524131167680025101e-03
5.534081533551216125e-02 1.567122340202331543e-01 -9.797760099172592163e-02
1.647550761699676514e-01 -5.095543339848518372e-03 -1.156476065516471863e-01
1.982336193323135376e-01 2.308676205575466156e-02 -5.174457095563411713e-03
1.833636611700057983e-01 9.344902634620666504e-02 9.257574379444122314e-02
1.146574094891548157e-01 5.325908958911895752e-02 1.497374027967453003e-01
6.956229358911514282e-02 -1.581375859677791595e-02 1.955119669437408447e-01
5.062069743871688843e-02 -1.069051548838615417e-01 2.580194473266601562e-01
-3.826792910695075989e-02 -1.508885025978088379e-01 3.339243233203887939e-01
-2.015505284070968628e-01 -1.612336784601211548e-01 3.617760837078094482e-01
-3.164112865924835205e-01 -1.555973738431930542e-01 2.852646112442016602e-01
-3.273768126964569092e-01 -8.287952095270156860e-02 1.105940341949462891e-01
-1.666046380996704102e-01 9.482654742896556854e-03 -1.176047697663307190e-01
6.381147354841232300e-02 1.312321275472640991e-01 -2.568195462226867676e-01
2.270604074001312256e-01 1.614653021097183228e-01 -2.175999432802200317e-01
2.914180159568786621e-01 9.903227537870407104e-02 -1.695453375577926636e-01
1.997778415679931641e-01 3.188851522281765938e-03 -9.035223722457885742e-02
6.255139410495758057e-02 -7.702936232089996338e-02 -2.747896127402782440e-02
-1.004241630434989929e-01 -6.854105740785598755e-02 -6.352186203002929688e-02
-1.980896294116973877e-01 -5.577804893255233765e-02 -2.634628117084503174e-02
-1.942569017410278320e-01 -9.382212907075881958e-02 -9.492810070514678955e-02
-1.528624743223190308e-01 -1.180964559316635132e-01 -1.390663832426071167e-01
-3.602969646453857422e-02 1.139665674418210983e-02 -1.246688812971115112e-01
1.130643710494041443e-01 2.126172184944152832e-01 -1.622952669858932495e-01
1.668612807989120483e-01 3.017656207084655762e-01 -9.207628667354583740e-02
1.116407811641693115e-01 2.170148342847824097e-01 -6.807415932416915894e-02
3.275445848703384399e-02 1.164990104734897614e-02 -3.503043577075004578e-02
-2.458544261753559113e-02 -1.016340330243110657e-01 1.828243397176265717e-02
-9.737374261021614075e-03 -9.150216728448867798e-02 5.126412492245435715e-03
