3.691902160644531250e-01 -2.541625313460826874e-02 -5.627472400665283203e-01
4.581867754459381104e-01 -5.411398783326148987e-02 -5.370489358901977539e-01
4.218679666519165039e-01 -6.619975715875625610e-02 -5.319040417671203613e-01
3.544897437095642090e-01 6.384455598890781403e-03 -5.964769721031188965e-01
3.888970911502838135e-01 4.577395692467689514e-02 -6.088454723358154297e-01
3.656548857688903809e-01 5.774549022316932678e-02 -6.030982136726379395e-01
3.227159976959228516e-01 1.297714859247207642e-01 -5.943244099617004395e-01
3.296072483062744141e-01 1.114199981093406677e-01 -5.779061913490295410e-01
3.053217530250549316e-01 1.114525869488716125e-01 -5.509206056594848633e-01
3.215058445930480957e-01 1.179412081837654114e-01 -5.617393255233764648e-01
3.733796477317810059e-01 5.893135443329811096e-02 -5.447540283203125000e-01
4.246216416358947754e-01 3.003001399338245392e-02 -5.260242819786071777e-01
4.512846767902374268e-01 1.789902336895465851e-02 -5.566574335098266602e-01
4.228313863277435303e-01 7.473640888929367065e-02 -5.778842568397521973e-01
4.459317624568939209e-01 7.314687967300415039e-02 -5.656425952911376953e-01
4.844545423984527588e-01 7.354541867971420288e-02 -5.513356924057006836e-01
4.923250377178192139e-01 -5.212908610701560974e-03 -5.627940893173217773e-01
5.425705313682556152e-01 -1.488364883698523045e-03 -5.469163656234741211e-01
4.727667868137359619e-01 3.760403022170066833e-02 -5.635400414466857910e-01
4.559347629547119141e-01 3.646698221564292908e-02 -5.911198258399963379e-01
4.262880086898803711e-01 2.034717798233032227e-02 -5.970567464828491211e-01
3.919056057929992676e-01 5.260375887155532837e-02 -6.093817949295043945e-01
4.002638161182403564e-01 1.239354629069566727e-02 -5.866757631301879883e-01
3.607441484928131104e-01 1.603225246071815491e-02 -6.132856011390686035e-01
3.480766415596008301e-01 4.823295865207910538e-03 -6.208296418190002441e-01
3.404892683029174805e-01 4.962976090610027313e-03 -5.872171521186828613e-01
3.027514219284057617e-01 -6.551194936037063599e-03 -5.874705910682678223e-01
2.705470919609069824e-01 -3.919031471014022827e-02 -5.890958905220031738e-01
9.207447618246078491e-02 -5.090457946062088013e-02 -5.989135503768920898e-01
-1.471844017505645752e-01 3.331505879759788513e-02 -6.143585443496704102e-01
-3.103438317775726318e-01 1.938709765672683716e-01 -6.676132678985595703e-01
-1.245897486805915833e-01 9.662514925003051758e-02 -6.183856725692749023e-01
-1.469404846429824829e-01 2.466292306780815125e-02 -6.153539419174194336e-01
-1.611051708459854126e-01 1.298836767673492432e-01 -5.886142253875732422e-01
-2.009724974632263184e-01 5.556293204426765442e-02 -4.648861289024353027e-01
-4.149529337882995605e-02 -3.349024802446365356e-02 -2.119250446557998657e-01
1.458500325679779053e-01 -1.284236609935760498e-01 2.240620702505111694e-01
1.011977270245552063e-01 7.534881681203842163e-02 -1.463620662689208984e-01
-2.164079435169696808e-02 1.571016944944858551e-02 -2.471261173486709595e-01
-3.719777464866638184e-01 -4.845170378684997559e-01 1.536766886711120605e-01
-3.515747785568237305e-01 -4.385988712310791016e-01 2.119639962911605835e-01
-5.282328128814697266e-01 -6.159147024154663086e-01 1.491925567388534546e-01
-4.730918705463409424e-01 -6.714429855346679688e-01 1.414381265640258789e-01
-4.619138240814208984e-01 -6.618568301200866699e-01 1.173383966088294983e-01
-3.282769918441772461e-01 -6.431456208229064941e-01 9.618062525987625122e-02
-1.207684725522994995e-02 -5.962136387825012207e-01 1.926463097333908081e-01
1.124234348535537720e-01 -5.765818357467651367e-01 5.344698578119277954e-02
1.080724298954010010e-01 -4.965510964393615723e-01 8.153980970382690430e-02
2.177269160747528076e-01 -4.440561830997467041e-01 9.943103790283203125e-02
2.490881234407424927e-01 -4.143775105476379395e-01 1.102650091052055359e-01
2.315245866775512695e-01 -3.681544959545135498e-01 1.049697473645210266e-01
2.887518107891082764e-01 -3.816096484661102295e-01 1.046071946620941162e-01
2.760923504829406738e-01 -3.530054986476898193e-01 9.955019503831863403e-02
2.880231142044067383e-01 -3.536974787712097168e-01 1.401659697294235229e-01
3.226704299449920654e-01 -3.798522949218750000e-01 9.489619731903076172e-02
3.058179616928100586e-01 -3.925331830978393555e-01 6.905473023653030396e-02
3.288615345954895020e-01 -3.939231932163238525e-01 6.457862257957458496e-02
3.267058134078979492e-01 -4.029901921749114990e-01 7.426015287637710571e-02
3.262139260768890381e-01 -4.099313616752624512e-01 8.011255413293838501e-02
3.061606287956237793e-01 -4.226581454277038574e-01 5.974797531962394714e-02
2.723536193370819092e-01 -4.450226128101348877e-01 4.637014493346214294e-02
2.902880609035491943e-01 -4.355212450027465820e-01 6.586969643831253052e-02
3.791015446186065674e-01 -3.977669775485992432e-01 1.116448640823364258e-01
3.584772944450378418e-01 -4.351775944232940674e-01 1.255351006984710693e-01
3.133498132228851318e-01 -4.550665616989135742e-01 9.160505980253219604e-02
2.997103333473205566e-01 -5.305186510086059570e-01 -3.260773140937089920e-03
3.150326311588287354e-01 -5.477832555770874023e-01 1.006311364471912384e-02
3.625102639198303223e-01 -5.532807707786560059e-01 -2.110726758837699890e-02
4.015285670757293701e-01 -5.201585888862609863e-01 5.322509258985519409e-02
3.859785497188568115e-01 -5.101322531700134277e-01 -6.242819130420684814e-02
3.843244910240173340e-01 -5.007592439651489258e-01 2.143698930740356445e-02
3.060583472251892090e-01 -5.218200087547302246e-01 -2.501488476991653442e-02
3.057095408439636230e-01 -5.976452827453613281e-01 -5.438344180583953857e-02
-4.357804059982299805e-01 1.686596870422363281e-02 4.797266125679016113e-01
-5.637686252593994141e-01 1.811506748199462891e-01 3.491729199886322021e-01
-5.515301227569580078e-01 1.589881032705307007e-01 3.827055990695953369e-01
-5.301300287246704102e-01 7.326148450374603271e-02 2.784803211688995361e-01
-5.938681960105895996e-01 -2.357535250484943390e-02 1.624755375087261200e-02
-5.134230256080627441e-01 8.603187277913093567e-03 -1.607800461351871490e-02
-4.289811849594116211e-01 5.603557452559471130e-02 -1.539007760584354401e-02
-4.971665441989898682e-01 2.651637494564056396e-01 -2.411038428544998169e-02
-4.514282941818237305e-01 3.255397677421569824e-01 -1.563104242086410522e-02
-4.102751910686492920e-01 2.495721578598022461e-01 -1.467368192970752716e-02
-4.031889438629150391e-01 1.758901774883270264e-01 -5.572779476642608643e-02
-4.402266144752502441e-01 1.804351508617401123e-01 -8.923638612031936646e-02
-4.502269923686981201e-01 2.010608613491058350e-01 -9.372056275606155396e-02
-4.717197716236114502e-01 2.164491117000579834e-01 -9.649448841810226440e-02
-4.793173074722290039e-01 2.201638370752334595e-01 -1.374872475862503052e-01
-4.753936529159545898e-01 2.148730158805847168e-01 -1.375705748796463013e-01
-4.906508326530456543e-01 2.476787120103836060e-01 -5.788175761699676514e-02
-4.199385344982147217e-01 2.464342266321182251e-01 3.063555806875228882e-02
-2.425324618816375732e-01 2.710073590278625488e-01 1.124439388513565063e-01
5.543347075581550598e-02 2.850083112716674805e-01 9.019361436367034912e-02
9.540545940399169922e-02 2.684569656848907471e-01 1.438174843788146973e-01
2.153461873531341553e-01 3.398978710174560547e-01 1.182990893721580505e-01
3.240070044994354248e-01 2.647956609725952148e-01 1.391993314027786255e-01
2.304522693157196045e-01 2.803227007389068604e-01 1.906483769416809082e-01
2.128120660781860352e-01 2.443019300699234009e-01 2.509142458438873291e-01
2.643712460994720459e-01 1.992435604333877563e-01 1.062389686703681946e-01
3.071302771568298340e-01 1.848285943269729614e-01 1.963296085596084595e-01
2.275630831718444824e-01 2.071724683046340942e-01 2.711469531059265137e-01
2.403742671012878418e-01 2.165852189064025879e-01 2.285622358322143555e-01
2.931170761585235596e-01 2.180422991514205933e-01 1.789000928401947021e-01
2.876425385475158691e-01 2.501538097858428955e-01 1.748080402612686157e-01
2.503711581230163574e-01 2.971614599227905273e-01 2.128196060657501221e-01
2.502185702323913574e-01 2.949402332305908203e-01 2.738180756568908691e-01
2.616966366767883301e-01 2.273433208465576172e-01 2.714946568012237549e-01
2.713982164859771729e-01 2.640032768249511719e-01 2.828712463378906250e-01
