3.964601159095764160e-01 -2.007205039262771606e-02 -5.621145963668823242e-01
4.426943659782409668e-01 -1.212891861796379089e-01 -5.625620484352111816e-01
4.307943284511566162e-01 -1.270164102315902710e-01 -5.722500681877136230e-01
4.515697658061981201e-01 -1.453804373741149902e-01 -5.482891201972961426e-01
4.513809084892272949e-01 -1.167932525277137756e-01 -5.558818578720092773e-01
4.978242814540863037e-01 -7.812610268592834473e-02 -5.554351210594177246e-01
4.992042481899261475e-01 -3.847946971654891968e-02 -5.537983775138854980e-01
4.874561429023742676e-01 -6.947457790374755859e-02 -5.828139185905456543e-01
4.849807918071746826e-01 -5.513737350702285767e-02 -5.829707980155944824e-01
4.659933149814605713e-01 -5.397603660821914673e-02 -5.670671463012695312e-01
4.442598223686218262e-01 -3.905310481786727905e-02 -5.615913867950439453e-01
4.785738587379455566e-01 -4.208082705736160278e-02 -5.759308338165283203e-01
4.853977560997009277e-01 -4.829524084925651550e-02 -5.714344978332519531e-01
4.854427278041839600e-01 -3.711280226707458496e-02 -5.743621587753295898e-01
4.732539057731628418e-01 1.958683505654335022e-02 -5.691962242126464844e-01
4.978968799114227295e-01 5.081331729888916016e-02 -5.606653094291687012e-01
5.241584181785583496e-01 3.931286558508872986e-02 -5.332005620002746582e-01
5.107979774475097656e-01 3.563915193080902100e-02 -5.553248524665832520e-01
4.880197644233703613e-01 2.022575400769710541e-02 -5.564180612564086914e-01
4.981763958930969238e-01 2.923929505050182343e-02 -5.460072159767150879e-01
4.633496999740600586e-01 3.764893859624862671e-02 -5.665888786315917969e-01
4.594619274139404297e-01 2.131603099405765533e-02 -5.930178761482238770e-01
4.444992840290069580e-01 4.930821806192398071e-02 -5.637441277503967285e-01
4.640241563320159912e-01 7.618126273155212402e-02 -5.597466230392456055e-01
4.282674789428710938e-01 8.167304843664169312e-02 -5.734721422195434570e-01
3.682951927185058594e-01 2.496911771595478058e-02 -5.935034155845642090e-01
3.235062360763549805e-01 7.976651191711425781e-03 -6.119008064270019531e-01
2.191424220800399780e-01 -6.060831248760223389e-02 -6.041182875633239746e-01
1.131139099597930908e-01 -2.717439457774162292e-02 -5.964946150779724121e-01
-2.041195146739482880e-02 -3.682179842144250870e-03 -5.757064223289489746e-01
-1.334116905927658081e-01 1.363935917615890503e-01 -6.063840389251708984e-01
-9.569382667541503906e-02 1.325252652168273926e-01 -5.780348181724548340e-01
-2.767481505870819092e-01 9.003513306379318237e-02 -5.097026228904724121e-01
-3.001164793968200684e-01 3.114240244030952454e-02 -2.677829265594482422e-01
-4.629648104310035706e-02 1.318820267915725708e-01 -2.654128670692443848e-01
-5.049125757068395615e-03 9.891435503959655762e-02 -2.777590453624725342e-01
4.428667575120925903e-02 3.985974565148353577e-02 -2.139919251203536987e-01
4.641074687242507935e-02 6.141209602355957031e-02 -2.370046675205230713e-01
-8.863078057765960693e-02 1.793614402413368225e-02 -2.634724378585815430e-01
-1.994129419326782227e-01 -4.420777261257171631e-01 6.991302222013473511e-02
-2.831416428089141846e-01 -4.000132381916046143e-01 1.322752684354782104e-01
-3.487218618392944336e-01 -5.134194493293762207e-01 1.380388587713241577e-01
-5.161706805229187012e-01 -5.972712635993957520e-01 2.179663777351379395e-01
-2.922722697257995605e-01 -6.053875684738159180e-01 2.248236685991287231e-01
-4.792300611734390259e-02 -6.329383254051208496e-01 1.676389873027801514e-01
2.119193971157073975e-01 -5.521541237831115723e-01 2.304360270500183105e-01
2.337895929813385010e-01 -4.683683216571807861e-01 1.415421664714813232e-01
2.429189383983612061e-01 -3.830016851425170898e-01 1.891364008188247681e-01
2.010712772607803345e-01 -3.281024694442749023e-01 2.142009139060974121e-01
2.759575843811035156e-01 -2.653255760669708252e-01 2.353846132755279541e-01
2.835206985473632812e-01 -2.648862004280090332e-01 2.366673052310943604e-01
2.603868544101715088e-01 -2.796593308448791504e-01 2.326302379369735718e-01
2.408119738101959229e-01 -2.887717485427856445e-01 1.878854930400848389e-01
2.443428486585617065e-01 -3.160462379455566406e-01 1.896380782127380371e-01
2.957356572151184082e-01 -3.346949815750122070e-01 1.954600661993026733e-01
3.179179430007934570e-01 -3.486305177211761475e-01 1.906677633523941040e-01
3.185291886329650879e-01 -3.373289406299591064e-01 1.982028931379318237e-01
2.653349041938781738e-01 -3.701466917991638184e-01 1.541555672883987427e-01
2.781670093536376953e-01 -4.046964645385742188e-01 1.492805778980255127e-01
3.053705096244812012e-01 -4.131481945514678955e-01 1.045076847076416016e-01
3.173436522483825684e-01 -4.095346629619598389e-01 1.512069851160049438e-01
3.323098421096801758e-01 -4.166194498538970947e-01 1.488561332225799561e-01
3.011943101882934570e-01 -4.273277819156646729e-01 1.189317256212234497e-01
3.436894416809082031e-01 -4.702934324741363525e-01 1.054260507225990295e-01
2.978430092334747314e-01 -5.386263132095336914e-01 3.059171140193939209e-02
3.450190722942352295e-01 -5.159719586372375488e-01 1.316124573349952698e-02
3.514535725116729736e-01 -5.066583752632141113e-01 4.926652461290359497e-02
3.770320117473602295e-01 -4.991560280323028564e-01 2.977605350315570831e-02
3.432002663612365723e-01 -4.778501093387603760e-01 2.693588100373744965e-02
3.625281453132629395e-01 -4.331614375114440918e-01 1.246577575802803040e-01
3.044358789920806885e-01 -4.444561004638671875e-01 1.610321104526519775e-01
1.648087203502655029e-01 -5.421619415283203125e-01 1.069931760430335999e-01
1.280282586812973022e-01 -6.334302425384521484e-01 4.780917242169380188e-02
-4.955846667289733887e-01 -3.703693673014640808e-02 3.545591533184051514e-01
-4.741194546222686768e-01 3.152459263801574707e-01 4.896881878376007080e-01
-4.371754229068756104e-01 1.854717731475830078e-01 4.479011297225952148e-01
-4.048995673656463623e-01 -7.405736297369003296e-02 2.589739263057708740e-01
-5.045142769813537598e-01 4.557173699140548706e-02 2.017677575349807739e-01
-5.251418948173522949e-01 3.002931177616119385e-01 2.876258492469787598e-01
-5.302516222000122070e-01 4.109599888324737549e-01 1.752873659133911133e-01
-4.899070560932159424e-01 3.816709518432617188e-01 1.494441926479339600e-01
-4.892444610595703125e-01 3.730351924896240234e-01 1.296402513980865479e-01
-4.760867357254028320e-01 3.329647481441497803e-01 8.906724303960800171e-02
-5.292982459068298340e-01 3.160689473152160645e-01 5.605691671371459961e-02
-5.126855969429016113e-01 3.326805830001831055e-01 9.299623966217041016e-02
-4.885525107383728027e-01 3.551529943943023682e-01 2.666162035893648863e-04
-5.158591866493225098e-01 3.780490756034851074e-01 7.251660339534282684e-03
-5.127804279327392578e-01 4.168048799037933350e-01 1.426381245255470276e-02
-5.452665090560913086e-01 3.600923120975494385e-01 3.130988404154777527e-02
-5.502231717109680176e-01 3.017309606075286865e-01 1.085938438773155212e-01
-5.468964576721191406e-01 2.610072493553161621e-01 1.431243568658828735e-01
-5.382446646690368652e-01 2.682044208049774170e-01 1.820648610591888428e-01
-4.194605052471160889e-01 2.741727530956268311e-01 1.965979039669036865e-01
-2.028700429946184158e-03 3.909414708614349365e-01 1.760190576314926147e-01
6.433561444282531738e-02 4.104433953762054443e-01 1.947183609008789062e-01
1.244630292057991028e-01 4.233318865299224854e-01 1.604911684989929199e-01
2.318314313888549805e-01 3.517321050167083740e-01 1.829962432384490967e-01
3.138756155967712402e-01 3.268439769744873047e-01 1.937571465969085693e-01
3.599414229393005371e-01 3.512241244316101074e-01 1.519898772239685059e-01
3.908941447734832764e-01 3.509072065353393555e-01 1.770959645509719849e-01
3.823291361331939697e-01 3.071513772010803223e-01 1.169544681906700134e-01
3.956907391548156738e-01 2.926972210407257080e-01 8.423817902803421021e-02
4.335333108901977539e-01 2.743439674377441406e-01 1.952752284705638885e-02
4.679811298847198486e-01 2.204447835683822632e-01 -5.344842374324798584e-02
4.004993438720703125e-01 2.344997525215148926e-01 -3.882481902837753296e-02
3.153564929962158203e-01 2.764275670051574707e-01 -1.006343886256217957e-01
2.909989058971405029e-01 2.510457038879394531e-01 -9.367686510086059570e-02
3.022602200508117676e-01 2.054428458213806152e-01 1.233326643705368042e-02
3.196386694908142090e-01 -1.605678498744964600e-01 3.080722987651824951e-01
3.394118845462799072e-01 1.380449160933494568e-03 4.899145364761352539e-01
3.573627173900604248e-01 6.676074117422103882e-03 5.206993222236633301e-01
4.196925759315490723e-01 1.378950104117393494e-02 5.045281648635864258e-01
3.957952857017517090e-01 7.953529059886932373e-02 4.987989664077758789e-01
3.803281784057617188e-01 6.504052877426147461e-02 4.818676710128784180e-01
3.367124497890472412e-01 6.366471201181411743e-02 4.849362671375274658e-01
3.644691407680511475e-01 -1.855587027966976166e-02 4.847913086414337158e-01
3.241465687751770020e-01 -4.609942808747291565e-02 4.787906110286712646e-01
3.666333258152008057e-01 -4.743072390556335449e-02 4.595950245857238770e-01
3.657090365886688232e-01 4.078738018870353699e-02 4.616677761077880859e-01
3.441558480262756348e-01 7.376167178153991699e-02 4.764691293239593506e-01
2.757604718208312988e-01 -4.669060558080673218e-02 5.059960484504699707e-01
1.239544600248336792e-01 -3.032577931880950928e-01 3.099829256534576416e-01
3.839381411671638489e-02 -4.757061600685119629e-01 1.588606834411621094e-01
-1.364671736955642700e-01 -4.363740980625152588e-01 1.282671838998794556e-01
-4.343319237232208252e-01 -4.863082170486450195e-01 2.612208127975463867e-01
-5.540282726287841797e-01 -5.204418897628784180e-01 6.893105059862136841e-02
-5.780304670333862305e-01 -4.690364003181457520e-01 1.827962696552276611e-01
-5.730420947074890137e-01 -5.091139078140258789e-01 9.868389368057250977e-02
-6.145676970481872559e-01 -5.164852142333984375e-01 2.484590262174606323e-01
-5.995581150054931641e-01 -4.934273362159729004e-01 1.786680966615676880e-01
-5.918124914169311523e-01 -4.753856360912322998e-01 2.294996827840805054e-01
-6.158925294876098633e-01 -5.003600716590881348e-01 8.861187100410461426e-02
-5.186975598335266113e-01 -4.137522280216217041e-01 1.587648987770080566e-01
-5.984457731246948242e-01 -4.628286063671112061e-01 1.365944594144821167e-01
-5.919684767723083496e-01 -4.209035933017730713e-01 2.204901874065399170e-01
-5.909417271614074707e-01 -4.700972735881805420e-01 1.993544399738311768e-01
-5.922910571098327637e-01 -4.957378804683685303e-01 7.754587382078170776e-02
-6.061997413635253906e-01 -5.158663988113403320e-01 2.032025456428527832e-01
-5.773864388465881348e-01 -4.538396596908569336e-01 2.003813982009887695e-01
-6.385814547538757324e-01 -5.005184412002563477e-01 1.298483610153198242e-01
-6.246241927146911621e-01 -3.969349861145019531e-01 1.391752958297729492e-01
-6.309729218482971191e-01 -4.751224517822265625e-01 1.260427534580230713e-01
-6.350264549255371094e-01 -5.354077219963073730e-01 9.688387811183929443e-02
-6.592300534248352051e-01 -5.710362195968627930e-01 7.924896478652954102e-02
-6.324072480201721191e-01 -5.458025336265563965e-01 9.776200354099273682e-02
-6.843003034591674805e-01 -6.224363446235656738e-01 6.653055548667907715e-02
-6.382438540458679199e-01 -6.291746497154235840e-01 3.377507999539375305e-02
-6.808906793594360352e-01 -6.186183094978332520e-01 3.651654347777366638e-02
-6.267539262771606445e-01 -5.569534897804260254e-01 4.924612119793891907e-02
-5.334560275077819824e-01 -3.017431497573852539e-01 1.007701549679040909e-02
