1.294831652194261551e-02 1.526234671473503113e-02 9.657883085310459137e-03
5.041100829839706421e-02 -9.778888197615742683e-04 5.377360433340072632e-02
5.929713696241378784e-02 -4.059439525008201599e-02 8.830075711011886597e-02
6.027844175696372986e-02 -9.595561772584915161e-02 5.622024461627006531e-02
6.410036981105804443e-02 -8.673300594091415405e-02 5.761174485087394714e-03
7.640600204467773438e-02 -1.627337187528610229e-02 -8.022382110357284546e-02
8.829404413700103760e-02 8.248911052942276001e-02 -7.799904048442840576e-02
2.666019089519977570e-02 1.355620920658111572e-01 1.279315911233425140e-04
-5.728415399789810181e-02 9.118458628654479980e-02 3.588298708200454712e-02
-9.281702339649200439e-02 9.603972546756267548e-03 3.714694082736968994e-02
-7.207734882831573486e-02 -2.674504183232784271e-02 -3.346598148345947266e-02
-2.396811172366142273e-02 5.872718524187803268e-03 -7.408995926380157471e-02
-3.612374141812324524e-02 8.573880046606063843e-02 -2.657537721097469330e-02
-7.313011586666107178e-02 9.387064725160598755e-02 3.702714666724205017e-02
-6.957560032606124878e-02 3.004911914467811584e-02 7.177843153476715088e-02
-5.056381691247224808e-03 -1.005650125443935394e-02 4.705280438065528870e-02
8.427508175373077393e-02 -2.612581849098205566e-02 -4.963488131761550903e-02
1.145394816994667053e-01 1.375253871083259583e-02 -1.126878261566162109e-01
8.909973502159118652e-02 3.303527459502220154e-02 -1.272843927145004272e-01
-7.508683484047651291e-03 7.753823883831501007e-03 -9.236751496791839600e-02
-7.275582849979400635e-02 -2.309338189661502838e-02 1.261136587709188461e-02
-4.948136210441589355e-02 -5.909723788499832153e-02 3.290998190641403198e-02
4.846724867820739746e-02 -1.390306204557418823e-01 -1.628261059522628784e-02
2.012254744768142700e-01 -1.819691210985183716e-01 -1.312488466501235962e-01
2.658050060272216797e-01 -1.265475004911422729e-01 -1.847738027572631836e-01
1.997701674699783325e-01 6.536635104566812515e-03 -7.933332026004791260e-02
1.299393028020858765e-01 1.029426082968711853e-01 1.355978846549987793e-01
1.105588674545288086e-01 -3.538425639271736145e-02 3.760704398155212402e-01
6.716660410165786743e-02 -1.949516683816909790e-01 4.476702213287353516e-01
-7.229246944189071655e-02 -7.557406276464462280e-02 3.856181800365447998e-01
-3.043772280216217041e-01 1.931607276201248169e-01 2.070750594139099121e-01
-4.109261929988861084e-01 3.812000751495361328e-01 -3.427302837371826172e-02
-3.276525735855102539e-01 2.094465494155883789e-01 -4.523601010441780090e-02
-1.355044394731521606e-01 -2.316485643386840820e-01 -1.090418249368667603e-01
2.589208818972110748e-02 -3.249922096729278564e-01 -2.547340393066406250e-01
4.737012833356857300e-02 -6.957241147756576538e-02 -3.872515559196472168e-01
-2.391908876597881317e-02 3.516884744167327881e-01 -4.918704926967620850e-01
-1.962739415466785431e-02 5.189422369003295898e-01 -4.687077701091766357e-01
5.250501632690429688e-02 4.392246305942535400e-01 -3.168641626834869385e-01
9.543655067682266235e-02 5.180844292044639587e-02 9.244681149721145630e-02
2.999906055629253387e-02 -3.290661871433258057e-01 4.127447307109832764e-01
-1.984515637159347534e-01 -4.253111779689788818e-01 4.803133606910705566e-01
-3.066542446613311768e-01 -3.271173536777496338e-01 3.913945555686950684e-01
-2.134409844875335693e-01 -8.100460469722747803e-02 1.602803468704223633e-01
9.841727092862129211e-03 1.438051164150238037e-01 -9.808910638093948364e-02
1.877629607915878296e-01 1.225029677152633667e-01 -1.825169622898101807e-01
1.339393705129623413e-01 4.987544566392898560e-02 -1.192322373390197754e-01
7.689057290554046631e-02 -4.349255934357643127e-02 -1.055568605661392212e-01
8.628012239933013916e-02 -1.339594423770904541e-01 -9.748630225658416748e-02
1.555054336786270142e-01 -1.166632026433944702e-01 -1.473265886306762695e-01
1.654732823371887207e-01 -1.015886068344116211e-01 -1.038106828927993774e-01
8.821465075016021729e-02 -3.675628453493118286e-02 3.705095499753952026e-02
3.568765148520469666e-02 5.584157630801200867e-02 1.022921353578567505e-01
-7.307631894946098328e-03 5.776528641581535339e-02 4.781070351600646973e-02
3.101103566586971283e-02 8.715725503861904144e-03 -8.644467592239379883e-02
4.393840208649635315e-02 -6.832590699195861816e-02 -1.445562094449996948e-01
1.971645833691582084e-04 -7.281806319952011108e-02 -6.164789572358131409e-02
-6.304962933063507080e-02 -2.499873191118240356e-02 1.057500541210174561e-01
-1.195902824401855469e-01 5.590218119323253632e-03 1.471012830734252930e-01
-8.923830091953277588e-02 3.339759632945060730e-02 9.241369366645812988e-02
1.819984987378120422e-02 -6.793636828660964966e-02 -3.541681542992591858e-02
8.006370812654495239e-02 -9.630306810140609741e-02 -1.111452654004096985e-01
7.268510758876800537e-02 -6.777603179216384888e-02 -4.055268317461013794e-02
1.115773245692253113e-02 4.419566132128238678e-03 3.590023517608642578e-02
-3.878972679376602173e-02 1.174721196293830872e-01 7.828377932310104370e-02
-5.310997366905212402e-02 1.199274361133575439e-01 6.243067234754562378e-02
-4.096053168177604675e-02 9.446377307176589966e-02 8.580361492931842804e-03
5.604148376733064651e-03 6.560321152210235596e-02 -7.518051564693450928e-02
6.325282901525497437e-02 -2.144216932356357574e-02 -1.405932754278182983e-01
3.211676180362701416e-01 -3.828899934887886047e-02 -1.241448521614074707e-01
4.188794791698455811e-01 1.797631382942199707e-01 1.296302885748445988e-03
3.633905649185180664e-01 3.785545825958251953e-01 1.630151122808456421e-01
6.898567825555801392e-02 3.368576765060424805e-01 1.306114494800567627e-01
-3.767741024494171143e-01 4.680285975337028503e-02 -1.253757029771804810e-01
-3.967079222202301025e-01 -3.901624381542205811e-01 -2.912428975105285645e-01
-3.361019790172576904e-01 -4.312343597412109375e-01 -3.003944158554077148e-01
-1.769209653139114380e-01 -1.648455560207366943e-01 -1.696252822875976562e-01
-8.931637555360794067e-02 4.574474692344665527e-02 -4.544634430203586817e-04
-1.102352291345596313e-01 1.157757788896560669e-01 2.847518213093280792e-02
-1.846911967732012272e-03 3.020892152562737465e-03 9.310745447874069214e-02
8.462278544902801514e-02 -6.480921059846878052e-02 1.580351293087005615e-01
1.339054256677627563e-01 -3.050806745886802673e-02 2.312158197164535522e-01
1.359998285770416260e-01 -2.608794346451759338e-02 2.428204417228698730e-01
1.954762935638427734e-01 -6.682189553976058960e-02 2.011217772960662842e-01
2.207048684358596802e-01 -1.727574155665934086e-03 5.889639258384704590e-02
1.540044546127319336e-01 2.090010792016983032e-01 -9.693162888288497925e-02
-1.320388866588473320e-03 3.042883276939392090e-01 -1.577658802270889282e-01
-1.365509033203125000e-01 2.617740631103515625e-01 -1.384212076663970947e-01
-1.509620249271392822e-01 -3.877126798033714294e-02 1.124262660741806030e-01
-1.943849027156829834e-01 -4.191972315311431885e-01 3.744415342807769775e-01
-2.563495039939880371e-01 -4.711022377014160156e-01 4.765242934226989746e-01
-3.280471861362457275e-01 -4.132004082202911377e-01 4.371336102485656738e-01
-3.386713266372680664e-01 -1.746105998754501343e-01 1.353518068790435791e-01
-1.823029816150665283e-01 1.615580022335052490e-01 -2.456559687852859497e-01
-3.470531851053237915e-02 2.101580351591110229e-01 -3.552536666393280029e-01
1.316495239734649658e-01 2.478249073028564453e-01 -3.284063637256622314e-01
2.136217206716537476e-01 1.783760637044906616e-01 -2.560008764266967773e-01
2.057203799486160278e-01 5.245812609791755676e-02 -1.777123808860778809e-01
1.645812988281250000e-01 -8.630002290010452271e-02 -1.105938181281089783e-01
1.032163277268409729e-01 -2.493837028741836548e-01 -4.683316871523857117e-02
1.424990892410278320e-01 -1.464218050241470337e-01 -2.669070661067962646e-02
2.011503577232360840e-01 6.705231964588165283e-02 -1.061796247959136963e-01
1.969691514968872070e-01 2.650057077407836914e-01 -1.857963949441909790e-01
1.152445375919342041e-01 3.679253756999969482e-01 -1.584767103195190430e-01
-1.827606856822967529e-01 4.103982746601104736e-01 -1.462826579809188843e-01
-4.364673793315887451e-01 4.847106933593750000e-01 -1.030652225017547607e-01
-5.018829703330993652e-01 4.529541432857513428e-01 -8.421016484498977661e-02
-4.456441998481750488e-01 2.408412098884582520e-01 -6.384457647800445557e-02
-9.032407402992248535e-02 -1.799944341182708740e-01 9.297590702772140503e-02
2.713965773582458496e-01 -4.230097234249114990e-01 1.096193715929985046e-01
3.699731528759002686e-01 -4.130046069622039795e-01 5.629270896315574646e-02
3.587597608566284180e-01 -2.722526490688323975e-01 7.963930256664752960e-03
2.364184409379959106e-01 -1.366697102785110474e-01 -3.680990636348724365e-02
1.300217658281326294e-01 -1.528261005878448486e-01 5.435942485928535461e-02
6.195446476340293884e-02 -1.468377411365509033e-01 1.169967055320739746e-01
-4.053201898932456970e-02 -4.253017157316207886e-02 7.617225497961044312e-02
-6.780965719372034073e-03 9.153381735086441040e-02 4.839249327778816223e-02
1.444526910781860352e-01 9.519228339195251465e-02 -8.662976324558258057e-02
2.157194018363952637e-01 -8.811020106077194214e-02 -2.375607341527938843e-01
2.253701686859130859e-01 -2.456555068492889404e-01 -3.432203531265258789e-01
1.529009640216827393e-01 -2.304495722055435181e-01 -3.153824210166931152e-01
1.207140162587165833e-01 -4.097280651330947876e-02 -1.070681437849998474e-01
1.577865630388259888e-01 1.615994870662689209e-01 1.929801255464553833e-01
-8.036701940000057220e-03 1.479485183954238892e-01 3.147573769092559814e-01
-2.711814939975738525e-01 1.174556165933609009e-01 2.662933468818664551e-01
-3.811465501785278320e-01 1.649532765150070190e-01 2.288414835929870605e-01
-3.545214831829071045e-01 1.831468343734741211e-01 1.081647798418998718e-01
-1.569860577583312988e-01 1.352715045213699341e-01 3.533696755766868591e-02
-7.570753246545791626e-02 -7.352999597787857056e-02 -8.115503191947937012e-02
-1.210325509309768677e-01 -1.832419037818908691e-01 -1.720486283302307129e-01
-6.441065669059753418e-02 -1.200272813439369202e-01 -6.152497604489326477e-02
2.512480691075325012e-02 9.271570295095443726e-02 6.989740580320358276e-02
1.762625426054000854e-01 1.138785257935523987e-01 1.081739664077758789e-01
1.795523017644882202e-01 7.260762155055999756e-02 1.049003899097442627e-01
4.913393035531044006e-02 -7.800105959177017212e-03 -1.608218252658843994e-02
-1.524856500327587128e-02 -1.388118118047714233e-01 -7.999121397733688354e-02
5.749130621552467346e-03 -4.565736651420593262e-02 -7.798084616661071777e-02
6.177468597888946533e-02 -1.174379140138626099e-01 -1.262184381484985352e-01
1.027667149901390076e-01 -9.716331213712692261e-02 -6.298889219760894775e-02
4.959020018577575684e-02 3.985500708222389221e-02 1.528753712773323059e-02
-2.715036645531654358e-02 6.958699226379394531e-02 5.950547382235527039e-02
-2.004983276128768921e-02 9.034233540296554565e-02 5.205350741744041443e-02
-7.963523268699645996e-02 -2.885034680366516113e-02 2.201793249696493149e-03
-1.981999166309833527e-02 -1.279726326465606689e-01 -1.292993500828742981e-02
6.118963658809661865e-02 -3.668837249279022217e-02 6.859219074249267578e-02
-7.168576586991548538e-03 1.473286598920822144e-01 1.147541329264640808e-01
-6.762792915105819702e-02 1.948549002408981323e-01 9.036921709775924683e-02
-2.407260686159133911e-01 1.311765760183334351e-01 1.092455722391605377e-02
-2.639849781990051270e-01 2.922111749649047852e-02 -6.479908525943756104e-02
-1.620535105466842651e-01 -5.306695401668548584e-02 -6.350786983966827393e-02
