4.220396282643813085e-02
0.000000000000000000e+00
0.000000000000000000e+00
0.000000000000000000e+00
4.153453841647337247e-02
1.625998227389305675e-02
1.510442847516312373e-02
1.000790815749803830e-02
1.243133319898966950e-02
2.140677680056097057e-02
3.362788112037034399e-02
4.607200092421743359e-02
4.640947367520075612e-02
3.133115336548091684e-02
1.693165407939097034e-02
0.000000000000000000e+00
0.000000000000000000e+00
0.000000000000000000e+00
0.000000000000000000e+00
0.000000000000000000e+00
0.000000000000000000e+00
0.000000000000000000e+00
0.000000000000000000e+00
0.000000000000000000e+00
0.000000000000000000e+00
0.000000000000000000e+00
0.000000000000000000e+00
0.000000000000000000e+00
0.000000000000000000e+00
0.000000000000000000e+00
0.000000000000000000e+00
0.000000000000000000e+00
0.000000000000000000e+00
0.000000000000000000e+00
0.000000000000000000e+00
3.016317987174645943e-01
5.380860626076831021e-01
4.767409855075376846e-01
2.422029504808694000e-01
0.000000000000000000e+00
0.000000000000000000e+00
0.000000000000000000e+00
2.705180874113939371e-01
5.481416893976334137e-01
6.197860539925700296e-01
3.459313779259404753e-01
0.000000000000000000e+00
0.000000000000000000e+00
0.000000000000000000e+00
0.000000000000000000e+00
0.000000000000000000e+00
0.000000000000000000e+00
0.000000000000000000e+00
0.000000000000000000e+00
4.750930194976012329e-04
0.000000000000000000e+00
0.000000000000000000e+00
0.000000000000000000e+00
0.000000000000000000e+00
0.000000000000000000e+00
0.000000000000000000e+00
0.000000000000000000e+00
1.535966341236816128e-02
2.829358461087738696e-02
3.621068808052581994e-02
3.030676838547478186e-02
1.837478728532110361e-02
1.233202041242203312e-02
0.000000000000000000e+00
0.000000000000000000e+00
0.000000000000000000e+00
0.000000000000000000e+00
1.893043795057809120e-01
3.175165618804689505e-01
4.619792078059252183e-01
5.090045957814043343e-01
4.236136133859135233e-01
2.487231304530014842e-01
0.000000000000000000e+00
0.000000000000000000e+00
0.000000000000000000e+00
0.000000000000000000e+00
0.000000000000000000e+00
0.000000000000000000e+00
0.000000000000000000e+00
0.000000000000000000e+00
0.000000000000000000e+00
0.000000000000000000e+00
0.000000000000000000e+00
0.000000000000000000e+00
0.000000000000000000e+00
0.000000000000000000e+00
0.000000000000000000e+00
0.000000000000000000e+00
0.000000000000000000e+00
0.000000000000000000e+00
0.000000000000000000e+00
4.402072190554384701e-03
1.327177190734418755e-02
1.655034403235486687e-02
1.132771953117782913e-02
5.613909728128063312e-03
8.617764642366279940e-03
1.500932265022091386e-02
2.385677518639020209e-02
0.000000000000000000e+00
0.000000000000000000e+00
0.000000000000000000e+00
6.456863455248348926e-02
1.642381769899632360e-01
1.566814447023706647e-01
3.779468763144212123e-02
0.000000000000000000e+00
0.000000000000000000e+00
0.000000000000000000e+00
5.483921300848590072e-03
0.000000000000000000e+00
0.000000000000000000e+00
0.000000000000000000e+00
0.000000000000000000e+00
0.000000000000000000e+00
0.000000000000000000e+00
0.000000000000000000e+00
2.119846213253077372e-01
3.604990277528519749e-01
3.123446360640357855e-01
1.517631373264848316e-01
0.000000000000000000e+00
0.000000000000000000e+00
0.000000000000000000e+00
0.000000000000000000e+00
0.000000000000000000e+00
0.000000000000000000e+00
0.000000000000000000e+00
0.000000000000000000e+00
0.000000000000000000e+00
0.000000000000000000e+00
0.000000000000000000e+00
0.000000000000000000e+00
0.000000000000000000e+00
0.000000000000000000e+00
0.000000000000000000e+00
0.000000000000000000e+00
0.000000000000000000e+00
0.000000000000000000e+00
1.524298200883412221e-03
1.524298200883412221e-03
3.810745502208530552e-04
0.000000000000000000e+00
0.000000000000000000e+00
