-6.072403048165142536e-04 -7.440122216939926147e-02 1.193718761205673218e-01
-2.095959521830081940e-02 -4.671086370944976807e-02 1.467547714710235596e-01
6.113815307617187500e-02 -4.426465928554534912e-02 1.142002865672111511e-01
9.979794919490814209e-02 5.962679907679557800e-02 6.099288351833820343e-03
1.504101604223251343e-01 1.001793444156646729e-01 -5.707539990544319153e-02
1.179500147700309753e-01 4.469218105077743530e-02 -1.423527449369430542e-01
1.818112656474113464e-02 1.900146715342998505e-02 -1.471624374389648438e-01
-1.717798411846160889e-02 -5.890714377164840698e-02 -1.140735074877738953e-01
-1.095959842205047607e-01 -2.924762107431888580e-02 -5.486482009291648865e-02
-1.228085085749626160e-01 3.207294642925262451e-02 2.264245413243770599e-03
-8.678679913282394409e-02 1.946059614419937134e-02 2.735312469303607941e-02
-3.617121279239654541e-02 -4.830841906368732452e-03 4.184927325695753098e-03
-2.235155552625656128e-03 -5.790418758988380432e-02 -3.014369122684001923e-02
7.372818421572446823e-03 -4.782047495245933533e-02 -3.289615362882614136e-02
-2.746219001710414886e-02 2.444103360176086426e-02 8.633186668157577515e-02
1.972783729434013367e-02 4.940620437264442444e-02 1.434613913297653198e-01
-5.675555672496557236e-03 5.260090157389640808e-02 1.543221026659011841e-01
-1.096673533320426941e-01 4.801718890666961670e-02 1.263466626405715942e-01
-1.119179576635360718e-01 -6.432135403156280518e-02 3.998221829533576965e-02
-1.344532966613769531e-01 -1.056642085313796997e-01 7.009332533925771713e-03
-1.403996795415878296e-01 -1.357673406600952148e-01 -3.981781005859375000e-02
-1.060732901096343994e-01 -1.169022545218467712e-01 -1.464819069951772690e-02
-6.042186915874481201e-02 -3.049460798501968384e-02 1.795959845185279846e-02
-4.616020619869232178e-02 -8.058047294616699219e-02 -6.055700778961181641e-02
-2.659472404047846794e-03 -1.324024349451065063e-01 -1.898537725210189819e-01
1.625286601483821869e-02 -2.499362081289291382e-01 -3.005264997482299805e-01
-3.809724003076553345e-02 -2.434180229902267456e-01 -2.994149625301361084e-01
3.336922079324722290e-02 -1.397372633218765259e-01 -1.273008882999420166e-01
-4.255260527133941650e-02 6.093951687216758728e-02 -2.149371355772018433e-01
4.547877237200737000e-02 4.164396822452545166e-01 -3.828981816768646240e-01
1.341578457504510880e-02 4.498256444931030273e-01 -3.830518424510955811e-01
-1.852601021528244019e-01 3.890725970268249512e-01 -1.060897037386894226e-01
-1.885187178850173950e-01 3.289434313774108887e-01 2.194062322378158569e-01
-2.321814000606536865e-01 2.331182211637496948e-01 2.814810574054718018e-01
3.042469173669815063e-02 3.465637862682342529e-01 1.120087131857872009e-01
2.397246509790420532e-01 2.821902036666870117e-01 -5.546961724758148193e-02
1.880813837051391602e-01 5.572313815355300903e-02 -5.770144518464803696e-03
-8.068866282701492310e-02 -2.842379510402679443e-01 3.687660694122314453e-01
-1.837804764509201050e-01 -4.716116189956665039e-01 5.462582707405090332e-01
-2.098867893218994141e-01 -5.096121430397033691e-01 5.770608782768249512e-01
-2.881119549274444580e-01 -4.460747539997100830e-01 4.782656729221343994e-01
-1.543943732976913452e-01 -1.278717070817947388e-01 2.092076838016510010e-01
6.890358775854110718e-02 2.196148484945297241e-01 1.920312345027923584e-01
1.811942011117935181e-01 3.283237218856811523e-01 3.101312816143035889e-01
1.969858109951019287e-01 2.644227147102355957e-01 2.460255622863769531e-01
-2.949070557951927185e-02 2.158892601728439331e-01 1.229605078697204590e-01
-2.151731550693511963e-01 5.762775987386703491e-02 5.945554748177528381e-02
-8.941096812486648560e-02 4.834512248635292053e-02 7.083194702863693237e-02
-9.103083983063697815e-03 7.447335869073867798e-02 1.481988877058029175e-01
3.535936772823333740e-02 -2.918289974331855774e-02 6.887853890657424927e-02
1.009022817015647888e-01 -7.917488366365432739e-02 -1.161568146198987961e-02
1.160432770848274231e-01 -1.305844634771347046e-01 -7.594090700149536133e-02
5.552949756383895874e-02 -1.859421655535697937e-02 -3.295823186635971069e-02
-5.134665220975875854e-02 8.048243075609207153e-02 1.985413581132888794e-02
-6.624068319797515869e-02 4.464685171842575073e-02 3.828352689743041992e-02
5.082729458808898926e-02 -7.268834114074707031e-02 1.111085433512926102e-02
5.789182707667350769e-02 -1.364997327327728271e-01 -5.075448006391525269e-02
1.550670266151428223e-01 -1.261498928070068359e-01 -7.877704501152038574e-02
3.946094959974288940e-02 -1.996150612831115723e-02 -2.494127862155437469e-02
-3.958247601985931396e-03 1.311002075672149658e-01 3.045465610921382904e-02
7.008057553321123123e-03 9.802258014678955078e-02 4.111225530505180359e-02
-4.936208948493003845e-02 5.544039979577064514e-02 3.879132494330406189e-02
1.184252053499221802e-01 -2.613704651594161987e-02 -1.748048886656761169e-02
1.533135920763015747e-01 -4.951604828238487244e-02 -1.905812881886959076e-02
1.362034082412719727e-01 3.323306143283843994e-02 6.906736525706946850e-04
5.908800289034843445e-02 8.546489477157592773e-02 -3.303691372275352478e-02
-2.792833186686038971e-02 9.024208784103393555e-02 -6.520514190196990967e-02
9.202930331230163574e-02 6.996212154626846313e-02 -1.594584435224533081e-02
1.468050926923751831e-01 2.435293607413768768e-02 -1.443317998200654984e-02
1.333554536104202271e-01 -9.302067011594772339e-02 -4.518461599946022034e-02
1.297537833452224731e-01 -1.280505657196044922e-01 -7.558377087116241455e-02
-1.570263206958770752e-01 -8.392258733510971069e-02 -4.425371587276458740e-01
-4.077687263488769531e-01 -9.438879787921905518e-02 -3.999423384666442871e-01
-5.653488039970397949e-01 -5.852770805358886719e-02 -3.276684284210205078e-01
-4.250489175319671631e-01 -1.004243791103363037e-01 -1.750502288341522217e-01
-5.476176738739013672e-02 -2.570430934429168701e-01 1.128382906317710876e-01
2.181365489959716797e-01 -2.455235421657562256e-01 -7.223603874444961548e-02
2.893678545951843262e-01 -3.014648556709289551e-01 -1.776208430528640747e-01
7.172896713018417358e-02 -3.115133643150329590e-01 -1.406396627426147461e-01
1.436400711536407471e-01 -2.972548305988311768e-01 -5.425379797816276550e-02
1.400180906057357788e-01 -2.631338834762573242e-01 4.066132009029388428e-02
1.313067413866519928e-02 -1.173181459307670593e-01 9.050189703702926636e-02
-3.927608951926231384e-02 3.435431420803070068e-02 1.151361614465713501e-01
-1.980138011276721954e-02 1.637891978025436401e-01 2.800668962299823761e-02
-9.208049625158309937e-02 1.831013113260269165e-01 -1.480671167373657227e-01
-1.348666399717330933e-01 2.343720942735671997e-01 -3.237257301807403564e-01
-2.908311784267425537e-01 8.613336086273193359e-02 -3.093387484550476074e-01
-3.915330469608306885e-01 -5.531998351216316223e-02 -5.447246506810188293e-02
-3.317891955375671387e-01 -5.985441431403160095e-02 1.107998341321945190e-01
-2.299316525459289551e-01 -2.965464070439338684e-02 1.584223508834838867e-01
2.189916744828224182e-02 2.540955543518066406e-01 -1.983145624399185181e-02
3.524428606033325195e-01 5.682377219200134277e-01 -8.002012223005294800e-02
4.444089829921722412e-01 6.497396230697631836e-01 -4.022544249892234802e-02
4.516565203666687012e-01 6.174014806747436523e-01 -5.515987519174814224e-03
3.587298095226287842e-01 5.034470558166503906e-01 1.665608584880828857e-01
2.337377816438674927e-01 3.479653894901275635e-01 2.715621590614318848e-01
2.802778482437133789e-01 2.823321819305419922e-01 2.387020438909530640e-01
1.695026308298110962e-01 1.632527559995651245e-01 2.435338348150253296e-01
8.032201230525970459e-02 6.775441765785217285e-02 9.788486361503601074e-02
9.303629398345947266e-02 9.745851904153823853e-02 -1.417763158679008484e-02
1.621819436550140381e-01 1.871367990970611572e-01 -8.756176382303237915e-02
2.272958457469940186e-01 1.851296722888946533e-01 -1.790203899145126343e-01
6.824456155300140381e-02 7.688514143228530884e-02 -2.152777612209320068e-01
-3.525184094905853271e-02 -7.416950166225433350e-02 -2.566301226615905762e-01
-9.327817708253860474e-02 -1.696941256523132324e-01 -1.916704773902893066e-01
-1.806439608335494995e-01 -1.566045731306076050e-01 -9.135030955076217651e-02
-2.002055197954177856e-01 -2.756322026252746582e-01 3.966669142246246338e-01
-1.823651045560836792e-01 -3.449049890041351318e-01 6.491344571113586426e-01
-1.392316371202468872e-01 -3.927870988845825195e-01 6.530032753944396973e-01
-4.466572310775518417e-03 -3.592440187931060791e-01 5.891079306602478027e-01
2.502162195742130280e-02 -1.381582170724868774e-01 2.915444672107696533e-01
-4.096741229295730591e-02 -1.340807527303695679e-01 1.291139274835586548e-01
-4.950648173689842224e-03 -1.951033920049667358e-01 9.876618534326553345e-02
-2.369688823819160461e-02 -1.567394584417343140e-01 6.023931130766868591e-02
2.722925506532192230e-02 -1.153155490756034851e-01 3.618390113115310669e-02
9.328370541334152222e-02 -1.015858538448810577e-02 6.769997999072074890e-03
1.086052283644676208e-01 3.858551755547523499e-02 -3.171287849545478821e-02
1.189837753772735596e-01 3.290489315986633301e-03 -2.434691227972507477e-02
-1.295293960720300674e-02 2.634362317621707916e-02 -7.997320592403411865e-02
-1.269621700048446655e-01 -1.266479939222335815e-01 -2.832619547843933105e-01
-2.035280130803585052e-02 -2.705682814121246338e-01 -3.091455996036529541e-01
6.304566562175750732e-02 -4.098071455955505371e-01 -3.562684059143066406e-01
-3.351454436779022217e-02 -3.678731024265289307e-01 -3.378541171550750732e-01
-1.051827520132064819e-01 -2.881602346897125244e-01 -3.609221577644348145e-01
-2.680929601192474365e-01 -1.042565703392028809e-01 -3.839169442653656006e-01
-1.424949467182159424e-01 -4.380071163177490234e-02 -2.620086371898651123e-01
-1.008820608258247375e-01 -1.973079144954681396e-02 -2.074670977890491486e-02
-2.398208379745483398e-01 1.065958961844444275e-01 9.176575392484664917e-02
-2.363452464342117310e-01 5.948561243712902069e-03 9.583286941051483154e-02
-1.941769868135452271e-01 -8.336748927831649780e-03 -2.121117338538169861e-02
1.208821386098861694e-01 -7.384360581636428833e-02 -3.951657563447952271e-03
1.865401118993759155e-01 -1.332565993070602417e-01 1.657177135348320007e-02
9.860058873891830444e-02 -1.345520722679793835e-03 -2.004090510308742523e-02
-1.892521977424621582e-01 7.142916321754455566e-02 7.732483744621276855e-02
-1.639266163110733032e-01 4.117339104413986206e-02 -6.374055147171020508e-02
-1.327336877584457397e-01 1.039601042866706848e-01 5.475910007953643799e-02
-6.943269073963165283e-02 -1.477355603128671646e-02 8.357632160186767578e-02
9.434346854686737061e-02 -4.565070196986198425e-02 -3.279026970267295837e-02
5.302997678518295288e-02 -1.004040539264678955e-01 -8.599230647087097168e-02
9.694972634315490723e-02 -1.305072009563446045e-01 -2.084418088197708130e-01
1.788321067579090595e-03 -4.868168756365776062e-02 -1.529535055160522461e-01
-2.434258610010147095e-01 1.605652458965778351e-02 -3.424123302102088928e-02
-2.067639976739883423e-01 4.922122461721301079e-04 4.586174152791500092e-03
-5.495144799351692200e-02 -2.771436050534248352e-02 -5.119214206933975220e-02
2.277619205415248871e-02 -5.788092501461505890e-03 -3.107934631407260895e-02
-8.708636462688446045e-02 2.570023015141487122e-02 -1.398392915725708008e-01
-2.817695438861846924e-01 1.272988915443420410e-01 -1.388595253229141235e-01
-1.230324655771255493e-01 1.073042377829551697e-01 -5.258980765938758850e-02
7.051566988229751587e-02 5.399747565388679504e-02 -7.606171071529388428e-03
2.407218217849731445e-01 1.082441676408052444e-02 8.523366600275039673e-02
