2.808765747352225950e-01
0.000000000000000000e+00
0.000000000000000000e+00
0.000000000000000000e+00
0.000000000000000000e+00
0.000000000000000000e+00
0.000000000000000000e+00
1.663973978636938645e-03
1.367838768623088307e-02
2.553851609142179790e-02
2.620553320060849470e-02
2.302830029772380549e-02
1.606483100562466557e-02
1.290313217044192044e-02
1.314502519548445096e-02
1.103944235563614727e-02
7.843852330634651718e-03
7.008661421681595255e-03
7.732322783355121028e-03
2.620928370544390110e-03
0.000000000000000000e+00
0.000000000000000000e+00
0.000000000000000000e+00
0.000000000000000000e+00
0.000000000000000000e+00
0.000000000000000000e+00
0.000000000000000000e+00
0.000000000000000000e+00
0.000000000000000000e+00
0.000000000000000000e+00
0.000000000000000000e+00
0.000000000000000000e+00
2.787618424079967294e-01
5.087775768515074848e-01
4.554435141176678137e-01
2.301690283333952258e-01
0.000000000000000000e+00
0.000000000000000000e+00
0.000000000000000000e+00
0.000000000000000000e+00
0.000000000000000000e+00
0.000000000000000000e+00
0.000000000000000000e+00
0.000000000000000000e+00
2.735180261008156588e-01
5.326701882569682134e-01
5.875941859336787365e-01
3.123118467667230225e-01
0.000000000000000000e+00
0.000000000000000000e+00
0.000000000000000000e+00
0.000000000000000000e+00
0.000000000000000000e+00
0.000000000000000000e+00
0.000000000000000000e+00
0.000000000000000000e+00
0.000000000000000000e+00
0.000000000000000000e+00
0.000000000000000000e+00
0.000000000000000000e+00
0.000000000000000000e+00
0.000000000000000000e+00
0.000000000000000000e+00
0.000000000000000000e+00
0.000000000000000000e+00
0.000000000000000000e+00
1.829622729217597610e-02
2.454167551669514391e-02
2.889415382237962848e-02
2.789519668368384275e-02
2.412727962080105093e-02
2.671367136581082741e-02
2.661428008030476342e-02
2.145685912326989950e-02
1.382004338165332587e-02
2.625769138413327260e-03
0.000000000000000000e+00
0.000000000000000000e+00
0.000000000000000000e+00
0.000000000000000000e+00
1.562088171310128514e-03
1.155063616470049757e-02
2.016791818396392738e-02
2.326162821637480643e-02
3.061232404957207193e-02
3.136498059320171755e-02
2.238025958005696731e-02
9.494184938195867479e-03
0.000000000000000000e+00
0.000000000000000000e+00
5.413815934107598336e-03
1.145800741737050890e-02
1.384284877694700287e-02
7.068628795894669158e-03
9.170818737182574384e-03
1.274363977179067756e-02
1.081694729048645123e-02
7.700804005897374065e-04
0.000000000000000000e+00
0.000000000000000000e+00
0.000000000000000000e+00
0.000000000000000000e+00
0.000000000000000000e+00
1.356492183180378272e-02
0.000000000000000000e+00
0.000000000000000000e+00
0.000000000000000000e+00
0.000000000000000000e+00
2.258343431204181684e-01
