4.424054548144340515e-02 -9.564464539289474487e-02 2.865566872060298920e-02
1.280826330184936523e-01 -9.662041068077087402e-02 -2.717350237071514130e-02
1.418090015649795532e-01 -5.847627669572830200e-02 -1.356013119220733643e-01
3.385608643293380737e-02 9.931679815053939819e-03 -1.644547730684280396e-01
-1.006701290607452393e-01 6.765533238649368286e-03 -1.079052090644836426e-01
-1.700818687677383423e-01 -2.756253257393836975e-02 -3.551003336906433105e-02
-5.091848224401473999e-02 -1.686162315309047699e-02 -2.417886257171630859e-02
1.699702888727188110e-01 3.404304012656211853e-02 -7.978223264217376709e-02
2.259176820516586304e-01 1.332465112209320068e-01 1.186888571828603745e-02
2.230957895517349243e-01 2.906569242477416992e-01 2.303216308355331421e-01
7.112605124711990356e-02 4.467332661151885986e-01 4.253062009811401367e-01
-2.184942662715911865e-01 4.767009913921356201e-01 4.472899436950683594e-01
-4.154340326786041260e-01 3.242743313312530518e-01 3.064832687377929688e-01
-4.767069518566131592e-01 -9.215269237756729126e-02 -9.374604374170303345e-02
-3.600883185863494873e-01 -4.237341582775115967e-01 -4.481111466884613037e-01
1.284611877053976059e-02 -5.154880881309509277e-01 -4.970683455467224121e-01
3.654150664806365967e-01 -4.017624557018280029e-01 -3.771225512027740479e-01
4.653535485267639160e-01 -5.459223687648773193e-02 -1.304339170455932617e-01
3.370869755744934082e-01 2.038057893514633179e-01 8.082727342844009399e-02
7.552488893270492554e-02 2.372138202190399170e-01 1.611640006303787231e-01
-8.350651711225509644e-02 1.346750706434249878e-01 7.095297425985336304e-02
-4.557345807552337646e-02 -4.946530610322952271e-02 -6.164776161313056946e-02
3.017491102218627930e-02 -1.887365281581878662e-01 -1.624937504529953003e-01
8.086044341325759888e-02 -1.803700178861618042e-01 -1.649089306592941284e-01
9.044397622346878052e-02 -6.772506237030029297e-02 -5.056047439575195312e-02
1.809337921440601349e-02 7.532214373350143433e-02 3.678145632147789001e-02
3.165949508547782898e-02 1.122842207551002502e-01 4.189959168434143066e-02
4.138272255659103394e-03 -7.009226828813552856e-03 -4.331772401928901672e-02
-3.174250572919845581e-02 -1.474938094615936279e-01 -1.175960674881935120e-01
-8.530502207577228546e-03 -1.532898098230361938e-01 -1.426157057285308838e-01
-8.742712438106536865e-02 -3.717067092657089233e-02 -1.051044315099716187e-01
-5.794070288538932800e-02 7.475283741950988770e-02 4.639807157218456268e-03
1.110676769167184830e-02 1.658467203378677368e-01 8.835219591856002808e-02
3.639804199337959290e-02 1.393644809722900391e-01 1.361230611801147461e-01
3.511783108115196228e-02 1.497673057019710541e-02 1.434959471225738525e-01
-1.119883880019187927e-01 -1.413055062294006348e-01 6.758835911750793457e-02
-2.098592817783355713e-01 -1.782371252775192261e-01 1.991096511483192444e-02
-2.357060164213180542e-01 -3.259875997900962830e-02 -1.832531765103340149e-02
-1.421693563461303711e-01 1.584164798259735107e-01 -2.386082336306571960e-02
2.626045234501361847e-02 2.164745777845382690e-01 5.236884951591491699e-02
1.123712062835693359e-01 9.510142356157302856e-02 9.038571268320083618e-02
1.727618277072906494e-01 -2.484334632754325867e-02 1.472767144441604614e-01
5.004295334219932556e-02 -1.451414376497268677e-01 1.318534761667251587e-01
-1.592134237289428711e-01 -1.448494195938110352e-01 1.462127119302749634e-01
-2.502981722354888916e-01 -6.930123269557952881e-02 1.707266569137573242e-01
-3.083118796348571777e-01 4.100774601101875305e-02 1.378944218158721924e-01
-1.736701875925064087e-01 1.997006237506866455e-01 8.920056372880935669e-02
8.801492862403392792e-03 1.525600552558898926e-01 -1.218792721629142761e-01
1.195924729108810425e-01 7.862297445535659790e-02 -1.943079531192779541e-01
2.202439606189727783e-01 -4.679284989833831787e-02 -1.810322999954223633e-01
1.902749538421630859e-01 -1.434567123651504517e-01 -1.060981377959251404e-01
1.455450356006622314e-01 -1.212503090500831604e-01 -1.699085161089897156e-02
8.428750932216644287e-02 -1.366894394159317017e-01 -7.944110780954360962e-02
5.583391711115837097e-02 -5.413147062063217163e-02 -1.148686408996582031e-01
7.327870279550552368e-02 3.033032082021236420e-02 -1.020463556051254272e-01
1.251396238803863525e-01 6.286910176277160645e-02 -5.734634399414062500e-02
1.266997456550598145e-01 3.435884788632392883e-02 -4.953194409608840942e-02
5.559524148702621460e-02 -7.212567329406738281e-02 -7.136571407318115234e-02
-1.238548569381237030e-02 -1.224033460021018982e-01 -7.211448997259140015e-02
-9.040433168411254883e-02 -9.730113297700881958e-02 -4.972932115197181702e-02
-1.669943332672119141e-01 1.966561563313007355e-02 2.103814110159873962e-02
-2.353471070528030396e-01 1.410053223371505737e-01 7.324682921171188354e-02
-2.643367052078247070e-01 1.921113878488540649e-01 1.147887930274009705e-01
-1.697147339582443237e-01 1.733818501234054565e-01 1.292304992675781250e-01
3.871702775359153748e-02 3.956379368901252747e-02 4.972786828875541687e-02
1.981261372566223145e-01 -1.172488629817962646e-01 -3.362522646784782410e-02
2.385936826467514038e-01 -2.182893157005310059e-01 -6.632781028747558594e-02
1.464253067970275879e-01 -2.136389464139938354e-01 -3.198539838194847107e-02
-4.413057118654251099e-02 -1.401000469923019409e-01 4.296564310789108276e-02
-1.203313320875167847e-01 -9.060083329677581787e-02 -1.962061598896980286e-02
-6.423544883728027344e-02 -9.127395600080490112e-02 -1.500661224126815796e-01
6.577829271554946899e-02 -6.209312379360198975e-02 -2.302497774362564087e-01
1.559759527444839478e-01 6.538943946361541748e-02 -1.999218463897705078e-01
9.345209598541259766e-02 2.328092008829116821e-01 2.055575512349605560e-02
-3.774188086390495300e-02 2.727784812450408936e-01 2.334399223327636719e-01
-1.549270655959844589e-02 2.265867888927459717e-01 2.962232828140258789e-01
1.655815988779067993e-01 1.410492062568664551e-01 2.783590853214263916e-01
2.625269591808319092e-01 -5.750584974884986877e-02 3.055476844310760498e-01
2.249455451965332031e-01 -1.843422502279281616e-01 3.234730660915374756e-01
-6.611632555723190308e-02 -2.582854032516479492e-01 2.802768647670745850e-01
-2.973684966564178467e-01 -1.716852784156799316e-01 7.200840860605239868e-02
-2.958188056945800781e-01 8.246441185474395752e-02 -2.578496634960174561e-01
-2.222965061664581299e-01 1.710734069347381592e-01 -4.306080043315887451e-01
-1.957539767026901245e-01 2.616990804672241211e-01 -5.223076343536376953e-01
-4.057755172252655029e-01 2.555988430976867676e-01 -5.169334411621093750e-01
-5.245416760444641113e-01 2.302139699459075928e-01 -4.265742599964141846e-01
-4.076923727989196777e-01 1.063196137547492981e-01 -1.364689618349075317e-01
5.515701137483119965e-03 -1.776300966739654541e-01 2.370681613683700562e-01
4.630661606788635254e-01 -1.875098645687103271e-01 3.060074448585510254e-01
5.077571868896484375e-01 -1.425666362047195435e-01 2.379410117864608765e-01
4.007323086261749268e-01 -2.834418788552284241e-02 5.303791537880897522e-02
2.028176933526992798e-01 1.841032132506370544e-02 -5.337253957986831665e-02
4.233391210436820984e-02 -5.247692018747329712e-02 -1.254547107964754105e-02
1.701637916266918182e-02 -6.423884630203247070e-02 -6.349888164550065994e-03
-3.492304310202598572e-02 -4.479800909757614136e-02 5.075017735362052917e-02
-4.143107309937477112e-02 -3.280109912157058716e-02 8.673036098480224609e-02
-2.541174925863742828e-02 -1.554018259048461914e-02 8.817023783922195435e-02
1.298028230667114258e-02 7.540591806173324585e-02 7.433362305164337158e-02
5.054890364408493042e-02 1.113688573241233826e-01 2.028778661042451859e-03
3.955388814210891724e-02 9.361831098794937134e-02 -1.091200858354568481e-03
4.252391681075096130e-02 -7.441987749189138412e-03 3.621254861354827881e-02
9.323319792747497559e-02 -1.023539900779724121e-01 1.490305960178375244e-01
1.723165214061737061e-01 -6.807600706815719604e-02 3.112450838088989258e-01
2.181938439607620239e-01 9.443417191505432129e-03 3.193131983280181885e-01
1.879157721996307373e-01 -2.677416987717151642e-02 3.213753998279571533e-01
5.709938704967498779e-02 -1.620351076126098633e-01 1.917549967765808105e-01
-8.866371959447860718e-02 -2.535127699375152588e-01 -5.380823463201522827e-02
-1.456865221261978149e-01 -2.289864271879196167e-01 -1.234247758984565735e-01
-1.326715797185897827e-01 -1.005689352750778198e-01 -1.860173046588897705e-01
