-6.054302453994750977e-01 -1.024639755487442017e-01 2.472133189439773560e-01
-6.727120876312255859e-01 -1.534009873867034912e-01 1.545680463314056396e-01
-6.463388800621032715e-01 -1.026781350374221802e-01 2.140371948480606079e-01
-4.748227596282958984e-01 1.097634956240653992e-01 1.563454568386077881e-01
-4.449951946735382080e-01 3.554480969905853271e-01 -1.855317689478397369e-02
-4.013626277446746826e-01 4.883413612842559814e-01 -7.034087926149368286e-02
-3.599337339401245117e-01 5.032451748847961426e-01 -1.056764498353004456e-01
-3.714634180068969727e-01 4.758789241313934326e-01 -3.743928298354148865e-02
-3.316727876663208008e-01 4.454161226749420166e-01 2.182904072105884552e-02
-3.280900418758392334e-01 4.569376111030578613e-01 9.328797459602355957e-02
-2.603475451469421387e-01 4.434877336025238037e-01 1.491650640964508057e-01
-2.819350063800811768e-01 4.062609970569610596e-01 3.497578948736190796e-02
-1.734564900398254395e-01 4.838368594646453857e-01 -5.525497719645500183e-02
-1.153780892491340637e-01 4.398072063922882080e-01 -1.637865900993347168e-01
-1.814329028129577637e-01 3.312121331691741943e-01 -2.691501080989837646e-01
-1.423595547676086426e-01 3.114201724529266357e-01 -2.629167735576629639e-01
-1.128197684884071350e-01 3.110404014587402344e-01 -2.341841310262680054e-01
-1.817354559898376465e-01 2.347359210252761841e-01 -2.075494676828384399e-01
-1.392302960157394409e-01 1.229274794459342957e-01 -2.089228630065917969e-01
-4.069025516510009766e-01 -2.978254556655883789e-01 2.176662087440490723e-01
-3.169508576393127441e-01 -2.033911347389221191e-01 1.625450998544692993e-01
-2.761855423450469971e-01 3.321313858032226562e-01 7.271585613489151001e-02
-4.099998474121093750e-01 4.174794852733612061e-01 1.320603787899017334e-01
-5.052020549774169922e-01 4.199162125587463379e-01 1.485084891319274902e-01
-5.178058147430419922e-01 4.612181484699249268e-01 1.408962905406951904e-01
-5.854948163032531738e-01 3.992809057235717773e-01 1.710266619920730591e-01
-6.028293371200561523e-01 3.621645271778106689e-01 1.360758095979690552e-01
-6.143612861633300781e-01 3.422367870807647705e-01 1.395968645811080933e-01
-5.974552035331726074e-01 3.533842265605926514e-01 1.325660794973373413e-01
-5.984855890274047852e-01 3.309716284275054932e-01 1.800085753202438354e-01
-5.459650158882141113e-01 3.665707409381866455e-01 2.327687442302703857e-01
-4.561969935894012451e-01 3.553079664707183838e-01 2.785111665725708008e-01
-3.435261845588684082e-01 2.880364358425140381e-01 3.877617120742797852e-01
-2.947424054145812988e-01 1.911160796880722046e-01 4.148697853088378906e-01
-1.918000727891921997e-01 1.845905482769012451e-01 3.926152288913726807e-01
-9.294842928647994995e-02 9.967975318431854248e-02 3.294484019279479980e-01
3.800256177783012390e-02 -9.240907616913318634e-03 2.953381240367889404e-01
6.977869570255279541e-02 -1.113496795296669006e-01 1.905791610479354858e-01
1.226844191551208496e-01 -2.265860140323638916e-01 1.327360719442367554e-01
1.629636287689208984e-01 -3.179129660129547119e-01 1.128063797950744629e-01
2.054921090602874756e-01 -3.387068510055541992e-01 1.454761922359466553e-01
2.127744257450103760e-01 -3.397014141082763672e-01 9.245928376913070679e-02
1.971691846847534180e-01 -3.269115984439849854e-01 1.294365078210830688e-01
2.246535718441009521e-01 -3.912079632282257080e-01 8.295812457799911499e-02
1.690284907817840576e-01 -3.776218593120574951e-01 8.490602672100067139e-02
2.530820369720458984e-01 -4.417315125465393066e-01 1.861551590263843536e-02
2.897412776947021484e-01 -4.496131837368011475e-01 8.980513550341129303e-03
3.103201389312744141e-01 -4.463473558425903320e-01 4.483557865023612976e-02
2.964395880699157715e-01 -4.446095228195190430e-01 3.081292286515235901e-02
3.200406432151794434e-01 -4.456950724124908447e-01 -2.028717659413814545e-02
2.811672985553741455e-01 -4.535406231880187988e-01 -1.375877205282449722e-02
1.770230233669281006e-01 -4.458318352699279785e-01 1.669373735785484314e-02
1.497885882854461670e-01 -4.305417239665985107e-01 8.695577271282672882e-03
2.597249150276184082e-01 -4.866518676280975342e-01 -8.549837768077850342e-02
2.935056090354919434e-01 -4.902445375919342041e-01 -9.957458078861236572e-02
2.725889384746551514e-01 -4.658734798431396484e-01 -4.586042836308479309e-03
2.907229363918304443e-01 -4.122873544692993164e-01 5.758221074938774109e-02
3.182742595672607422e-01 -4.220888018608093262e-01 3.043136000633239746e-02
3.290427327156066895e-01 -4.030029773712158203e-01 5.920518934726715088e-02
2.800228893756866455e-01 -3.553585112094879150e-01 1.181776449084281921e-01
3.356470763683319092e-01 -3.788164556026458740e-01 7.972191274166107178e-02
3.522761166095733643e-01 -2.798646390438079834e-01 1.173786297440528870e-01
3.894593119621276855e-01 -1.677119582891464233e-01 1.703978627920150757e-01
3.547684252262115479e-01 5.897968262434005737e-02 2.663647234439849854e-01
2.975136339664459229e-01 1.875660866498947144e-01 2.308959066867828369e-01
2.960124015808105469e-01 2.662842869758605957e-01 1.561373174190521240e-01
1.326284259557723999e-01 3.208440840244293213e-01 1.640434563159942627e-01
6.829744577407836914e-02 3.841088116168975830e-01 3.422549739480018616e-02
7.147687673568725586e-02 3.739494383335113525e-01 -1.791517138481140137e-01
2.137848362326622009e-02 3.592453896999359131e-01 -3.756774067878723145e-01
-4.348968341946601868e-02 3.246581554412841797e-01 -4.576656818389892578e-01
-1.187264025211334229e-01 2.786752581596374512e-01 -5.235885381698608398e-01
-7.546488940715789795e-02 2.483488321304321289e-01 -5.716416835784912109e-01
-3.501974046230316162e-03 1.835435628890991211e-01 -6.045805215835571289e-01
9.893294423818588257e-02 1.572236120700836182e-01 -6.256815195083618164e-01
1.158916726708412170e-01 1.409930437803268433e-01 -6.137297749519348145e-01
1.744394898414611816e-01 1.062919795513153076e-01 -5.969029664993286133e-01
2.923280000686645508e-01 6.338625401258468628e-02 -6.329148411750793457e-01
3.171735405921936035e-01 1.666699163615703583e-02 -6.430134773254394531e-01
2.223692387342453003e-01 6.442572176456451416e-02 -6.585872769355773926e-01
2.893391847610473633e-01 1.001442596316337585e-01 -6.596352458000183105e-01
3.128940165042877197e-01 1.536871343851089478e-01 -6.242697238922119141e-01
2.923792600631713867e-01 9.722626954317092896e-02 -6.343043446540832520e-01
