-2.138429433107376099e-01 -1.662560105323791504e-01 1.287792176008224487e-01
-3.288173377513885498e-01 -1.799490004777908325e-01 1.484654396772384644e-01
-3.357155323028564453e-01 -1.019849926233291626e-01 2.653479017317295074e-02
-1.936245411634445190e-01 1.097500026226043701e-01 -1.457598060369491577e-01
4.480731859803199768e-02 2.998704612255096436e-01 -1.902956366539001465e-01
3.216797113418579102e-01 3.820447921752929688e-01 -4.896935075521469116e-02
3.843298554420471191e-01 3.818128705024719238e-01 1.557224541902542114e-01
4.466175436973571777e-01 2.296626418828964233e-01 2.709071338176727295e-01
4.636253118515014648e-01 -1.519954651594161987e-01 3.326872885227203369e-01
4.058302640914916992e-01 -4.503092467784881592e-01 2.754296362400054932e-01
2.857396900653839111e-01 -4.637193381786346436e-01 6.275310367345809937e-02
-1.054094210267066956e-01 -2.499859631061553955e-01 -1.807163804769515991e-01
-3.137332499027252197e-01 1.497766822576522827e-01 -3.502739369869232178e-01
-2.979120016098022461e-01 4.118751883506774902e-01 -3.037777841091156006e-01
-2.147456556558609009e-01 4.167326986789703369e-01 -1.275402307510375977e-01
-1.616020649671554565e-01 3.989539444446563721e-01 -8.176112920045852661e-02
-3.186133801937103271e-01 3.456554710865020752e-01 -2.034117728471755981e-01
-4.460561573505401611e-01 2.468641102313995361e-01 -3.324036300182342529e-01
-3.528482615947723389e-01 1.254698038101196289e-01 -3.488555252552032471e-01
-5.026989057660102844e-02 -8.829639852046966553e-02 -1.701658666133880615e-01
3.101432025432586670e-01 -1.135653406381607056e-01 1.351383477449417114e-01
5.193757414817810059e-01 -7.902634888887405396e-02 2.550026774406433105e-01
4.883381128311157227e-01 -7.086153328418731689e-02 2.715330123901367188e-01
2.921156585216522217e-01 -2.167959883809089661e-02 1.898449063301086426e-01
-1.461657602339982986e-02 -1.174397468566894531e-01 7.129815965890884399e-02
-2.143871486186981201e-01 -1.760169565677642822e-01 4.041353613138198853e-02
-3.402999937534332275e-01 -1.491352915763854980e-01 9.152308106422424316e-02
-4.500344991683959961e-01 -1.741904616355895996e-01 1.660429239273071289e-01
-4.472894072532653809e-01 -1.275389641523361206e-01 2.534283399581909180e-01
-3.778607845306396484e-01 -1.030187681317329407e-01 2.298736125230789185e-01
-1.879755258560180664e-01 -6.708870828151702881e-02 1.086635664105415344e-01
4.895417392253875732e-02 -6.283797323703765869e-02 -7.928953319787979126e-02
1.124783977866172791e-01 -8.344407379627227783e-02 -2.736617922782897949e-01
1.583500206470489502e-01 -1.474171760492026806e-03 -3.240910470485687256e-01
2.024082839488983154e-01 4.790858924388885498e-02 -2.701472043991088867e-01
2.747552096843719482e-01 8.533845841884613037e-02 -9.369549900293350220e-02
2.824265658855438232e-01 7.065328210592269897e-02 7.085914909839630127e-02
1.498270779848098755e-01 2.559999749064445496e-02 1.339275389909744263e-01
1.017812173813581467e-02 4.095739871263504028e-02 1.116047054529190063e-01
-5.222018435597419739e-02 2.481167204678058624e-02 2.515941858291625977e-02
6.112493108958005905e-03 2.106606494635343552e-03 -3.040433302521705627e-02
5.916348099708557129e-02 -2.132537961006164551e-02 -4.480406641960144043e-02
6.332139670848846436e-02 -8.372461050748825073e-02 1.193917356431484222e-02
4.189638793468475342e-02 -4.191757738590240479e-02 8.291527628898620605e-02
-1.560021308250725269e-03 1.406610943377017975e-02 1.282179951667785645e-01
-9.447859483771026134e-04 3.840905800461769104e-02 8.772061765193939209e-02
3.576818853616714478e-04 2.452528104186058044e-02 -8.091429248452186584e-03
2.940247952938079834e-02 5.369208287447690964e-03 -1.215967833995819092e-01
9.485874325037002563e-02 5.749563127756118774e-02 -1.890950053930282593e-01
9.574918448925018311e-02 1.051071286201477051e-01 -1.699347794055938721e-01
3.737708553671836853e-02 9.248871356248855591e-03 -8.054598420858383179e-02
-9.450011700391769409e-02 -1.267460137605667114e-01 7.660513371229171753e-02
-2.507801055908203125e-01 -1.134685426950454712e-01 1.665475219488143921e-01
-2.935871183872222900e-01 8.717787452042102814e-03 1.336895078420639038e-01
-2.917091250419616699e-01 1.053240150213241577e-01 8.022775873541831970e-03
-1.658311635255813599e-01 6.005893275141716003e-02 -8.822653442621231079e-02
1.822390034794807434e-02 -7.892317324876785278e-02 -9.681664407253265381e-02
9.979096055030822754e-02 -1.131778061389923096e-01 -3.764149174094200134e-02
5.987858399748802185e-02 -8.530687540769577026e-02 -1.026150770485401154e-03
-1.095242574810981750e-01 -2.149054594337940216e-02 1.613767631351947784e-02
-6.459015607833862305e-02 4.160762205719947815e-02 5.840564519166946411e-02
1.818412244319915771e-01 7.356923073530197144e-02 1.235794201493263245e-01
3.973626196384429932e-01 1.144366562366485596e-01 8.477246761322021484e-02
4.626861214637756348e-01 9.496518969535827637e-02 -6.191113591194152832e-02
2.720841765403747559e-01 -1.952597498893737793e-02 -2.429748326539993286e-01
-9.388863295316696167e-02 -2.502874433994293213e-01 -3.871021866798400879e-01
-3.202143907546997070e-01 -3.600499331951141357e-01 -3.764345049858093262e-01
-3.438929915428161621e-01 -2.847473025321960449e-01 -3.238594233989715576e-01
-1.781652569770812988e-01 1.761704916134476662e-03 -2.226430773735046387e-01
-5.955750821158289909e-04 3.116276264190673828e-01 -1.188938319683074951e-02
7.507560402154922485e-02 3.338475525379180908e-01 2.152684032917022705e-01
3.568342188373208046e-03 2.389972209930419922e-01 3.548182547092437744e-01
-7.106700539588928223e-02 1.887682080268859863e-01 3.730609416961669922e-01
-6.933587789535522461e-02 1.727861911058425903e-01 2.983559668064117432e-01
-3.616337105631828308e-02 1.060129925608634949e-01 1.093268916010856628e-01
1.249770894646644592e-01 -9.108291566371917725e-02 1.089409366250038147e-02
2.358864843845367432e-01 -2.337716370820999146e-01 2.465004846453666687e-02
2.457484900951385498e-01 -1.967494785785675049e-01 8.951800316572189331e-02
1.371045112609863281e-01 -6.158535927534103394e-02 1.291790008544921875e-01
-1.496662199497222900e-01 5.050752311944961548e-02 4.643017053604125977e-02
-2.565739452838897705e-01 6.993553787469863892e-02 -7.661805301904678345e-02
-2.242680639028549194e-01 2.652385830879211426e-02 -1.503308564424514771e-01
-1.195722222328186035e-01 7.943088188767433167e-03 -1.320882439613342285e-01
