1.143223650662559057e-02
2.295262441372341311e-01
3.845883371464047795e-01
3.760223469149754916e-01
1.344912921069468803e-01
0.000000000000000000e+00
0.000000000000000000e+00
0.000000000000000000e+00
0.000000000000000000e+00
0.000000000000000000e+00
0.000000000000000000e+00
0.000000000000000000e+00
2.184243108118832655e-01
3.511112030614725876e-01
2.957185143897974600e-01
1.375211621508495297e-01
0.000000000000000000e+00
0.000000000000000000e+00
2.367857561850418568e-01
4.491639944465083967e-01
4.839529155691933981e-01
2.473220523264852977e-01
0.000000000000000000e+00
0.000000000000000000e+00
0.000000000000000000e+00
0.000000000000000000e+00
2.783013560057805494e-02
0.000000000000000000e+00
0.000000000000000000e+00
0.000000000000000000e+00
0.000000000000000000e+00
0.000000000000000000e+00
0.000000000000000000e+00
0.000000000000000000e+00
0.000000000000000000e+00
0.000000000000000000e+00
0.000000000000000000e+00
0.000000000000000000e+00
0.000000000000000000e+00
0.000000000000000000e+00
0.000000000000000000e+00
0.000000000000000000e+00
0.000000000000000000e+00
4.468249703006531987e-03
8.726852000450667501e-03
9.929173722267536917e-03
1.034486048959335283e-02
1.192507610094121345e-02
8.998996190463959266e-03
1.366401656576471217e-02
1.815856922787653302e-02
2.984386886774433728e-02
3.227082636146465927e-02
2.693459645219221932e-02
2.592907156898235574e-02
2.113621131142024573e-02
1.938727240773711891e-02
1.268737929189166398e-02
6.577155664581084936e-03
6.766890506098821069e-03
9.123103012098466788e-03
1.015001449497434857e-02
7.255398121961161365e-03
3.732868740564426920e-03
0.000000000000000000e+00
0.000000000000000000e+00
0.000000000000000000e+00
1.080566960966747835e-03
8.418359894583020767e-03
1.083065843839631399e-02
1.185818919067525151e-02
9.730585944917422014e-03
4.895615367947667856e-03
0.000000000000000000e+00
0.000000000000000000e+00
0.000000000000000000e+00
0.000000000000000000e+00
0.000000000000000000e+00
0.000000000000000000e+00
0.000000000000000000e+00
0.000000000000000000e+00
3.557215154914340760e-02
2.890781903387367735e-01
