2.207392603158950806e-01 -7.727707922458648682e-02 -9.127264469861984253e-02
4.330821335315704346e-01 3.385569155216217041e-02 -8.673384040594100952e-02
4.904281497001647949e-01 1.750354766845703125e-01 -1.575338989496231079e-01
4.847323000431060791e-01 2.090616971254348755e-01 -1.715689301490783691e-01
3.725730478763580322e-01 7.395032048225402832e-02 -1.635016798973083496e-01
3.325961530208587646e-01 -4.911335185170173645e-02 -3.395063057541847229e-02
2.721757888793945312e-01 -1.197746470570564270e-01 1.619689762592315674e-01
-3.570275381207466125e-02 -1.065271347761154175e-02 2.409856170415878296e-01
-3.926889598369598389e-02 9.602446109056472778e-02 2.833437025547027588e-01
-1.881202310323715210e-02 2.854714989662170410e-01 -1.735820807516574860e-02
-3.474035114049911499e-02 4.607909023761749268e-01 -3.590368330478668213e-01
5.838276073336601257e-02 4.598605036735534668e-01 -5.134643316268920898e-01
-5.593218654394149780e-02 3.392955660820007324e-01 -4.985663890838623047e-01
-5.968791991472244263e-02 1.322945654392242432e-01 -2.346663326025009155e-01
-4.060307890176773071e-02 -3.352322429418563843e-02 -4.664534330368041992e-02
-2.497715502977371216e-01 6.257464177906513214e-03 2.051304839551448822e-02
-2.814359664916992188e-01 5.960659682750701904e-02 9.515001624822616577e-02
-3.881017565727233887e-01 -1.708146035671234131e-01 4.326416552066802979e-01
-1.460105329751968384e-01 -3.952899873256683350e-01 6.026752591133117676e-01
1.275091618299484253e-01 -5.110296010971069336e-01 5.740900635719299316e-01
1.403128355741500854e-01 -4.733439087867736816e-01 3.365900516510009766e-01
-4.208738449960947037e-03 -3.477139174938201904e-01 -1.080397367477416992e-01
-3.813894093036651611e-01 -2.081815302371978760e-01 -2.862676978111267090e-01
-5.048463940620422363e-01 -1.538290232419967651e-01 -1.864843666553497314e-01
-4.198542237281799316e-01 -1.015419438481330872e-01 -1.162028387188911438e-01
-3.513257503509521484e-01 -9.070369601249694824e-02 -7.337815314531326294e-02
-2.226597219705581665e-01 -9.974104166030883789e-02 -2.739641442894935608e-02
-2.121255546808242798e-01 -2.712664753198623657e-02 -3.690589591860771179e-02
-1.145539581775665283e-01 8.711180835962295532e-02 9.440162219107151031e-03
7.893833518028259277e-02 1.769320219755172729e-01 1.289539188146591187e-01
1.412348151206970215e-01 2.510431706905364990e-01 2.888688445091247559e-01
2.748737633228302002e-01 2.730308473110198975e-01 3.432253003120422363e-01
3.145845234394073486e-01 2.355392277240753174e-01 3.549332618713378906e-01
3.834095299243927002e-01 1.234688088297843933e-01 2.901360988616943359e-01
3.642853498458862305e-01 -1.941298693418502808e-02 2.285281717777252197e-01
2.681394815444946289e-01 -5.520351231098175049e-02 1.965641826391220093e-01
1.788578927516937256e-01 -6.418284773826599121e-02 1.750852465629577637e-01
7.314728200435638428e-02 2.554336935281753540e-02 1.468875259160995483e-01
5.136137362569570541e-03 6.938164681196212769e-02 1.120489835739135742e-01
-1.955324225127696991e-02 8.750348538160324097e-02 4.018769413232803345e-02
-9.409300982952117920e-02 4.190279170870780945e-02 -3.129996359348297119e-02
-1.043272092938423157e-01 2.492040395736694336e-02 -9.148465842008590698e-02
-7.471492141485214233e-02 1.289192400872707367e-02 -9.983327984809875488e-02
-1.049180980771780014e-02 5.424782261252403259e-02 -1.027213409543037415e-02
-1.642768271267414093e-02 1.463938802480697632e-01 -1.860325224697589874e-02
-4.441555961966514587e-02 1.739627420902252197e-01 3.782822564244270325e-02
-1.110370829701423645e-01 2.008256763219833374e-01 3.552020713686943054e-02
-1.920273527503013611e-02 1.405972093343734741e-01 -8.236816525459289551e-02
7.386511564254760742e-02 9.386374056339263916e-02 -1.082024648785591125e-01
-1.006152331829071045e-01 -1.674206368625164032e-02 -1.502415239810943604e-01
-1.673845052719116211e-01 -1.131492853164672852e-01 -1.453800499439239502e-01
-1.134284287691116333e-01 -1.046570390462875366e-01 -9.822832047939300537e-02
1.108342707157135010e-01 -2.557344920933246613e-02 -1.004852876067161560e-01
1.920415014028549194e-01 1.093953847885131836e-01 -2.369051985442638397e-02
9.451154619455337524e-02 1.536303162574768066e-01 7.787287235260009766e-02
1.008680388331413269e-01 5.306278914213180542e-02 9.700985997915267944e-02
1.869274377822875977e-01 -1.491357013583183289e-02 1.120148450136184692e-01
2.101761698722839355e-01 -2.741116331890225410e-03 4.804462939500808716e-02
2.550779581069946289e-01 7.512566167861223221e-03 7.479103747755289078e-03
2.835332155227661133e-01 1.262323785340413451e-04 1.207679975777864456e-03
3.724106550216674805e-01 -3.406591713428497314e-02 3.739914158359169960e-03
3.716105818748474121e-01 -1.023354474455118179e-03 -5.394292995333671570e-03
2.731921076774597168e-01 4.475636035203933716e-02 -1.129922717809677124e-01
7.095557451248168945e-02 1.546224653720855713e-01 -1.096377596259117126e-01
-1.700909137725830078e-01 8.261315524578094482e-02 -1.683098077774047852e-01
-2.586844265460968018e-01 -7.193323224782943726e-02 -2.341287881135940552e-01
-9.647425264120101929e-02 -2.156918197870254517e-01 -2.751614749431610107e-01
1.899135410785675049e-01 -3.485757708549499512e-01 -4.328898191452026367e-01
3.291715383529663086e-01 -3.837476968765258789e-01 -3.981787860393524170e-01
2.508882582187652588e-01 -4.642701745033264160e-01 -3.426674604415893555e-01
1.091231312602758408e-02 -4.778547585010528564e-01 -2.387849539518356323e-01
-7.075731456279754639e-02 -3.988673388957977295e-01 -5.606202036142349243e-02
-9.606607258319854736e-02 -1.494798064231872559e-01 5.960904434323310852e-02
-1.272867769002914429e-01 4.758695885539054871e-02 2.123434692621231079e-01
-2.271494716405868530e-01 7.843545079231262207e-02 2.416318356990814209e-01
-2.546927034854888916e-01 8.562269061803817749e-02 2.038737982511520386e-01
-7.853281497955322266e-02 4.235822334885597229e-02 1.984263807535171509e-01
-6.664833426475524902e-02 1.018954664468765259e-01 -2.101522497832775116e-02
-6.492955237627029419e-02 1.538875699043273926e-01 -1.795026212930679321e-01
-8.204638212919235229e-02 2.254075258970260620e-01 -2.101939767599105835e-01
-5.930229276418685913e-02 2.289466559886932373e-01 -1.620519608259201050e-01
1.350506991147994995e-01 1.500913500785827637e-01 3.418462723493576050e-02
9.232760220766067505e-02 5.146292969584465027e-02 5.653318762779235840e-02
