1.143223650662559057e-02
1.743067648268562253e-01
3.348754362563965969e-01
3.769204212883353056e-01
2.091064810072574554e-01
0.000000000000000000e+00
0.000000000000000000e+00
0.000000000000000000e+00
0.000000000000000000e+00
8.534090588751808842e-03
0.000000000000000000e+00
0.000000000000000000e+00
2.284958728863321442e-04
2.789096064837751424e-02
5.575308602004382108e-02
6.705900319791884001e-02
4.777482315526564854e-02
1.853164560848329784e-02
0.000000000000000000e+00
0.000000000000000000e+00
0.000000000000000000e+00
0.000000000000000000e+00
0.000000000000000000e+00
0.000000000000000000e+00
0.000000000000000000e+00
0.000000000000000000e+00
0.000000000000000000e+00
4.037578360547701504e-04
0.000000000000000000e+00
0.000000000000000000e+00
0.000000000000000000e+00
0.000000000000000000e+00
0.000000000000000000e+00
0.000000000000000000e+00
0.000000000000000000e+00
6.494816092919672434e-03
1.007544341084795451e-02
5.999668048341019223e-03
0.000000000000000000e+00
0.000000000000000000e+00
0.000000000000000000e+00
0.000000000000000000e+00
0.000000000000000000e+00
0.000000000000000000e+00
0.000000000000000000e+00
0.000000000000000000e+00
0.000000000000000000e+00
0.000000000000000000e+00
0.000000000000000000e+00
6.802084196821662175e-03
7.570457972342887684e-03
4.889966351749861807e-03
5.471599874885484105e-03
1.360571511346691034e-02
1.731772930272567831e-02
1.392008301024333893e-02
1.067493398878900830e-02
4.315127347839287086e-03
4.254764571566050854e-03
6.251992710088507578e-03
5.335427475679751022e-03
8.063146383517856564e-03
4.278305530986358657e-03
1.858968249028499766e-03
3.989682378642038334e-03
0.000000000000000000e+00
0.000000000000000000e+00
0.000000000000000000e+00
0.000000000000000000e+00
4.860758931923210222e-03
7.518517841424794158e-03
9.921553510505090948e-03
8.641933593293908006e-03
4.485019402146503409e-03
0.000000000000000000e+00
0.000000000000000000e+00
0.000000000000000000e+00
0.000000000000000000e+00
0.000000000000000000e+00
0.000000000000000000e+00
1.571205997449145186e-01
2.736412374530786118e-01
2.406015721371984051e-01
1.203007860685992025e-01
0.000000000000000000e+00
0.000000000000000000e+00
1.987380766508757279e-01
3.859636734358569132e-01
4.319960847288003003e-01
2.418923679773454516e-01
0.000000000000000000e+00
0.000000000000000000e+00
0.000000000000000000e+00
0.000000000000000000e+00
1.616496948472971248e-02
8.248784743397550440e-03
1.406270104450338919e-02
5.742464822939425013e-03
0.000000000000000000e+00
0.000000000000000000e+00
0.000000000000000000e+00
0.000000000000000000e+00
0.000000000000000000e+00
0.000000000000000000e+00
0.000000000000000000e+00
0.000000000000000000e+00
0.000000000000000000e+00
0.000000000000000000e+00
0.000000000000000000e+00
0.000000000000000000e+00
0.000000000000000000e+00
0.000000000000000000e+00
0.000000000000000000e+00
0.000000000000000000e+00
0.000000000000000000e+00
0.000000000000000000e+00
1.242683840792336604e-02
1.331275416793312009e-02
7.706810628370166366e-03
1.438678827280286121e-02
4.590244030987240820e-02
8.409503760645736792e-02
7.347173266020087801e-02
2.434265744886777300e-02
0.000000000000000000e+00
0.000000000000000000e+00
0.000000000000000000e+00
1.015681482893558175e-02
1.454133233096585251e-02
3.540851615096469226e-03
2.052546631160491637e-03
2.290616467165395003e-03
2.507314240344706854e-05
0.000000000000000000e+00
0.000000000000000000e+00
7.868355628892559827e-04
1.019256091959541179e-02
1.368075137648760813e-02
1.037143092656286035e-02
1.848266227091218978e-03
0.000000000000000000e+00
3.389950489149564251e-03
1.390754062430543149e-02
2.306648276284259044e-02
1.935062212560146461e-02
1.115097771765185576e-02
2.786273301159701045e-03
2.292006189112150497e-03
7.601688920359793260e-03
5.053398234162314283e-03
0.000000000000000000e+00
1.875656541861961402e-03
7.929061474600349740e-03
1.080093350704973941e-02
4.653966561824652605e-03
0.000000000000000000e+00
0.000000000000000000e+00
0.000000000000000000e+00
0.000000000000000000e+00
0.000000000000000000e+00
0.000000000000000000e+00
0.000000000000000000e+00
2.870575927755112944e-01
3.884281650516121509e-01
