9.717101603746414185e-02 -6.497178226709365845e-02 -2.188546583056449890e-02
-3.157204762101173401e-02 -3.618599846959114075e-02 -1.954650431871414185e-01
-7.577771693468093872e-02 -6.748058646917343140e-02 -3.157105743885040283e-01
3.404763340950012207e-02 -4.945490509271621704e-02 -3.558927774429321289e-01
2.391377389430999756e-01 -5.823052302002906799e-02 -1.697146743535995483e-01
3.137156665325164795e-01 -9.867117553949356079e-02 -1.689844392240047455e-02
2.208851575851440430e-01 -1.245719939470291138e-01 1.539211422204971313e-01
7.252083625644445419e-03 -1.488533467054367065e-01 2.237111330032348633e-01
-4.340613633394241333e-02 -8.641486614942550659e-02 2.385859042406082153e-01
-9.253723174333572388e-02 2.187397144734859467e-02 2.238217890262603760e-01
-1.509974747896194458e-01 1.447636932134628296e-01 5.704677477478981018e-02
-8.326179534196853638e-02 3.768929243087768555e-01 -1.774609386920928955e-01
1.103755012154579163e-01 5.709443092346191406e-01 -4.263437688350677490e-01
2.165045291185379028e-01 6.238318085670471191e-01 -3.994981050491333008e-01
2.039653658866882324e-01 5.923612117767333984e-01 -1.253466606140136719e-01
-2.276958674192428589e-01 3.091789186000823975e-01 1.698251962661743164e-01
-3.334676325321197510e-01 -1.362730264663696289e-01 4.121865928173065186e-01
-2.166575044393539429e-01 -4.051835834980010986e-01 4.750272631645202637e-01
-8.270611613988876343e-02 -4.417309761047363281e-01 5.107682347297668457e-01
6.369525939226150513e-02 -3.666842877864837646e-01 4.483549594879150391e-01
-1.032104992191307247e-04 -2.845934033393859863e-01 1.395823657512664795e-01
-7.167243212461471558e-02 -1.827714294195175171e-01 -9.496906399726867676e-02
-7.473632693290710449e-02 -1.707454025745391846e-01 -2.188678830862045288e-01
-7.887132465839385986e-02 -1.110386699438095093e-01 -1.860704272985458374e-01
-4.963109269738197327e-02 -1.379363238811492920e-01 -9.760972112417221069e-02
6.063162535429000854e-02 -1.786218285560607910e-01 -2.588370814919471741e-02
6.510392576456069946e-02 -3.454223275184631348e-02 -1.358163915574550629e-02
1.212016195058822632e-01 1.461452394723892212e-01 -1.413018256425857544e-01
2.481975853443145752e-01 3.969746530055999756e-01 -2.948943376541137695e-01
3.899962007999420166e-01 5.179864764213562012e-01 -3.240587115287780762e-01
3.825143873691558838e-01 4.637241363525390625e-01 -3.339946568012237549e-01
3.073955476284027100e-01 3.125948309898376465e-01 -3.062092661857604980e-01
1.784657686948776245e-01 -6.197892501950263977e-02 -2.425176650285720825e-01
-3.025094047188758850e-02 -2.813525497913360596e-01 -1.356620639562606812e-01
-2.239373475313186646e-01 -3.265462219715118408e-01 -3.008499182760715485e-02
-3.520117104053497314e-01 -3.861239254474639893e-01 2.607390098273754120e-02
-4.665693938732147217e-01 -3.859532177448272705e-01 -3.187987208366394043e-02
-4.688578248023986816e-01 -4.349238574504852295e-01 -1.176904961466789246e-01
-2.942947745323181152e-01 -3.977583050727844238e-01 -2.184605002403259277e-01
-5.380501598119735718e-02 -3.427379131317138672e-01 -2.999852895736694336e-01
2.182939946651458740e-01 -2.197538912296295166e-01 -1.793543845415115356e-01
2.823603153228759766e-01 -3.805391117930412292e-02 -2.583529241383075714e-02
1.924213916063308716e-01 6.073956191539764404e-02 1.240741237998008728e-01
3.395580872893333435e-02 2.429516911506652832e-01 1.900931298732757568e-01
4.215279966592788696e-02 4.209758937358856201e-01 1.749156564474105835e-01
2.890751063823699951e-01 5.295442342758178711e-01 8.209724724292755127e-02
3.365919888019561768e-01 5.282636880874633789e-01 8.327271789312362671e-02
3.623593449592590332e-01 3.603092432022094727e-01 1.206251606345176697e-01
1.826085448265075684e-01 7.492351531982421875e-02 1.092924624681472778e-01
-6.630034744739532471e-02 -9.862403571605682373e-02 1.666493266820907593e-01
-2.146577686071395874e-01 -3.137823641300201416e-01 8.806559257209300995e-03
-2.288828343152999878e-01 -3.941415846347808838e-01 -7.104799896478652954e-02
-9.666985273361206055e-02 -4.291531443595886230e-01 -2.463583089411258698e-02
7.145556807518005371e-02 -3.460969030857086182e-01 2.888013795018196106e-02
1.378503143787384033e-01 -1.163711324334144592e-01 1.119466274976730347e-01
3.274801885709166527e-03 -3.055324032902717590e-02 1.171374022960662842e-01
-9.833608567714691162e-02 4.667757079005241394e-03 6.329581141471862793e-02
-1.061776578426361084e-01 7.562565803527832031e-02 4.607683792710304260e-02
-8.201400190591812134e-02 1.206923723220825195e-01 1.363338343799114227e-02
-1.543411016464233398e-01 1.773469895124435425e-01 -6.532860547304153442e-02
-1.749364137649536133e-01 2.112574279308319092e-01 -3.493910282850265503e-02
-1.324257105588912964e-01 2.734034657478332520e-01 3.546008840203285217e-02
1.912718266248703003e-01 4.093389809131622314e-01 8.991683274507522583e-02
3.757300376892089844e-01 4.309563934803009033e-01 1.621118634939193726e-01
4.150992035865783691e-01 3.484945893287658691e-01 1.726871132850646973e-01
3.316421806812286377e-01 1.385027021169662476e-01 1.585872024297714233e-01
1.409435570240020752e-01 -1.315305531024932861e-01 1.115931496024131775e-01
-1.885444968938827515e-01 -3.411709070205688477e-01 -6.431747972965240479e-02
-2.987975776195526123e-01 -3.932310938835144043e-01 -2.857023775577545166e-01
-2.904631197452545166e-01 -4.170891940593719482e-01 -3.143504858016967773e-01
-2.986671626567840576e-01 -3.117404282093048096e-01 -3.430599868297576904e-01
-2.170349657535552979e-01 -2.152684032917022705e-01 -2.640452086925506592e-01
-3.168940842151641846e-01 -1.948110163211822510e-01 -1.254915297031402588e-01
-2.548910975456237793e-01 -1.929889917373657227e-01 -1.237550899386405945e-01
-2.919478528201580048e-02 -2.179496139287948608e-01 -6.464630365371704102e-02
1.008879393339157104e-01 -2.976887486875057220e-02 1.186215318739414215e-02
1.355516463518142700e-01 9.496363252401351929e-02 2.453595213592052460e-02
1.276431083679199219e-01 3.125035762786865234e-01 1.664629727602005005e-01
4.159533977508544922e-02 3.642258644104003906e-01 2.164214551448822021e-01
-2.174349315464496613e-02 3.396719396114349365e-01 9.907980263233184814e-02
-1.931369602680206299e-01 1.167411431670188904e-01 1.233377456665039062e-01
-2.856508791446685791e-01 -1.012982502579689026e-01 2.235777676105499268e-01
-3.258147537708282471e-01 -2.306004762649536133e-01 4.085786938667297363e-01
-2.087630331516265869e-01 -3.532024323940277100e-01 4.113032519817352295e-01
5.807733163237571716e-02 -2.158123850822448730e-01 3.669927418231964111e-01
2.299242019653320312e-01 -2.076037824153900146e-01 1.487527638673782349e-01
3.125219941139221191e-01 -4.296457022428512573e-02 -1.752060465514659882e-02
2.612465023994445801e-01 8.871282637119293213e-02 -2.081725150346755981e-01
2.078887522220611572e-01 -2.399501018226146698e-02 -3.564539849758148193e-01
-9.417489916086196899e-02 -1.213457956910133362e-01 -3.091070055961608887e-01
-2.138367742300033569e-01 -3.009120225906372070e-01 -2.263714522123336792e-01
-8.624254167079925537e-02 -2.610864341259002686e-01 -1.097272932529449463e-01
9.149616211652755737e-02 -1.098747029900550842e-01 -4.632761701941490173e-02
1.757914423942565918e-01 -6.064176559448242188e-02 4.266680404543876648e-02
-1.957544870674610138e-02 -2.820144174620509148e-03 4.750675335526466370e-02
-1.598151475191116333e-01 3.888614475727081299e-02 1.081949621438980103e-01
-1.439973711967468262e-01 3.270718082785606384e-02 1.778086125850677490e-01
-6.878792494535446167e-02 6.725151836872100830e-02 1.658323854207992554e-01
-2.048682570457458496e-01 1.328135877847671509e-01 1.119511574506759644e-01
-2.598040401935577393e-01 2.533570230007171631e-01 1.878793537616729736e-02
-2.238753437995910645e-02 5.200320482254028320e-01 -1.285035610198974609e-01
2.330192625522613525e-01 6.644979715347290039e-01 -1.659253686666488647e-01
3.653613030910491943e-01 6.646171808242797852e-01 -1.180415302515029907e-01
2.337479740381240845e-01 5.661892294883728027e-01 -7.683657854795455933e-02
8.479955047369003296e-02 3.288423418998718262e-01 5.802601575851440430e-02
5.145635083317756653e-02 1.193250194191932678e-01 9.424973279237747192e-02
8.556516468524932861e-02 1.215123087167739868e-01 9.439239650964736938e-02
1.072726100683212280e-01 1.593705862760543823e-01 1.174528971314430237e-01
6.701806932687759399e-02 1.168499067425727844e-01 4.313728958368301392e-02
1.245098784565925598e-01 1.131020560860633850e-01 3.556794673204421997e-02
2.326716631650924683e-01 -5.752776190638542175e-02 -6.748753041028976440e-02
2.723315060138702393e-01 -1.134800389409065247e-01 -5.895850434899330139e-02
2.098313570022583008e-01 -9.580664336681365967e-03 6.551551073789596558e-02
1.840347498655319214e-01 5.449955537915229797e-02 1.049196347594261169e-01
1.857538223266601562e-01 8.282382041215896606e-02 1.871136277914047241e-01
1.910399198532104492e-01 -4.624109342694282532e-02 1.507426947355270386e-01
1.193642988801002502e-01 -1.019350290298461914e-01 1.080547422170639038e-01
-1.696577519178390503e-01 -2.788811177015304565e-02 8.996905386447906494e-02
-3.556665778160095215e-01 7.198172062635421753e-02 3.791780769824981689e-02
-3.234020769596099854e-01 -1.726415008306503296e-01 1.661978214979171753e-01
-2.938357889652252197e-01 -4.460659623146057129e-01 2.774451375007629395e-01
-2.480116784572601318e-01 -5.078731179237365723e-01 3.588516414165496826e-01
-2.635553777217864990e-01 -4.628980755805969238e-01 1.858254224061965942e-01
-2.875654101371765137e-01 -3.501270115375518799e-01 -1.540885865688323975e-01
-6.763644516468048096e-02 -3.044551610946655273e-01 -3.137918114662170410e-01
2.209770120680332184e-02 -2.778357267379760742e-01 -2.988830208778381348e-01
2.677075937390327454e-02 -1.856877803802490234e-01 -1.966683417558670044e-01
-1.528111565858125687e-02 -8.078730106353759766e-02 -1.702816486358642578e-01
-6.478650122880935669e-02 -1.400602236390113831e-02 -1.373214572668075562e-01
8.786711841821670532e-02 7.867024093866348267e-02 -1.866852492094039917e-01
5.810263007879257202e-02 3.590478003025054932e-02 -3.759700059890747070e-02
4.787808749824762344e-03 -1.707024313509464264e-02 1.355630010366439819e-01
-4.040943831205368042e-02 -6.124414503574371338e-03 2.662217617034912109e-01
-5.143368989229202271e-02 9.839949756860733032e-02 3.681954145431518555e-01
-1.014287322759628296e-01 1.652423292398452759e-01 3.083176910877227783e-01
-2.547701001167297363e-01 8.785455673933029175e-02 2.299142777919769287e-01
-2.732485532760620117e-01 -5.088256672024726868e-02 2.311441302299499512e-01
-9.045351296663284302e-02 -3.457657247781753540e-02 3.834282755851745605e-01
2.620062530040740967e-01 7.383061945438385010e-02 3.751173019409179688e-01
4.338811039924621582e-01 1.870921254158020020e-01 2.582284212112426758e-01
3.892910182476043701e-01 2.377504259347915649e-01 9.311924874782562256e-02
1.901410520076751709e-01 1.136038079857826233e-01 -9.962189942598342896e-02
1.031672134995460510e-01 7.426015287637710571e-02 -7.707714289426803589e-02
2.226546555757522583e-01 7.118525356054306030e-02 -2.255609445273876190e-02
2.467349469661712646e-01 8.937849849462509155e-02 1.196674406528472900e-01
-4.994083661586046219e-03 1.154529377818107605e-01 1.891793459653854370e-01
-3.387838602066040039e-01 3.014227934181690216e-02 7.685744017362594604e-02
-4.882979094982147217e-01 -9.362877160310745239e-02 -2.034275382757186890e-01
-3.278183043003082275e-01 -2.010324746370315552e-01 -4.460391998291015625e-01
1.450811624526977539e-01 -2.854317128658294678e-01 -5.568872690200805664e-01
3.803865015506744385e-01 -3.676503002643585205e-01 -5.389375090599060059e-01
4.347298443317413330e-01 -4.431441426277160645e-01 -4.307462275028228760e-01
3.365213274955749512e-01 -4.469071626663208008e-01 -3.053103089332580566e-01
1.215069070458412170e-01 -4.109029769897460938e-01 -1.577990055084228516e-01
-6.427465379238128662e-02 -3.280678093433380127e-01 2.738418243825435638e-02
-3.370743244886398315e-02 -1.681492775678634644e-01 4.976644366979598999e-02
3.714777529239654541e-03 -4.862646386027336121e-02 3.799036890268325806e-02
2.316715568304061890e-02 7.482918351888656616e-02 -7.215068489313125610e-02
8.336959406733512878e-03 2.239017784595489502e-01 -2.818503975868225098e-01
-1.595831066370010376e-01 2.643321454524993896e-01 -1.993364840745925903e-01
-5.652424320578575134e-02 2.471220642328262329e-01 -1.377561539411544800e-01
-7.495225965976715088e-02 1.964294612407684326e-01 -1.961132884025573730e-01
-7.095645368099212646e-02 9.836617112159729004e-02 -1.868528574705123901e-01
-3.840937837958335876e-02 5.413886159658432007e-02 -2.646399736404418945e-01
