-3.873647749423980713e-01 -2.302555143833160400e-01 2.259272485971450806e-01
-2.275656163692474365e-01 -1.312475204467773438e-01 2.153686285018920898e-01
-3.006789982318878174e-01 -1.216119304299354553e-01 2.558675594627857208e-02
-4.516996145248413086e-01 1.004698723554611206e-01 -3.426493331789970398e-02
-5.076956152915954590e-01 3.875661492347717285e-01 6.222036108374595642e-02
-4.356816411018371582e-01 5.126321911811828613e-01 5.993475671857595444e-03
-4.366348683834075928e-01 4.920667707920074463e-01 2.794454619288444519e-02
-4.212850332260131836e-01 4.430509209632873535e-01 2.334923110902309418e-02
-4.251732528209686279e-01 4.009549021720886230e-01 7.071217894554138184e-02
-4.318017363548278809e-01 4.078169763088226318e-01 7.993917167186737061e-02
-4.352163076400756836e-01 3.887666761875152588e-01 1.720172017812728882e-01
-3.970301449298858643e-01 3.862833678722381592e-01 2.476743161678314209e-01
-3.372949063777923584e-01 4.207572340965270996e-01 2.263016700744628906e-01
-1.348398327827453613e-01 4.364781379699707031e-01 1.126772314310073853e-01
1.866305619478225708e-02 3.581244945526123047e-01 -1.532469689846038818e-02
1.221476681530475616e-02 2.897993326187133789e-01 2.057937346398830414e-02
1.165447086095809937e-01 2.444539964199066162e-01 1.229014322161674500e-01
-5.969091877341270447e-02 3.509430587291717529e-01 3.657177984714508057e-01
6.677646189928054810e-02 4.020208418369293213e-01 3.926770091056823730e-01
4.605578258633613586e-02 3.499190509319305420e-01 4.470754861831665039e-01
1.410842984914779663e-01 3.134178221225738525e-01 4.329456984996795654e-01
1.285776346921920776e-01 2.893222272396087646e-01 3.912490010261535645e-01
1.509497910737991333e-01 2.350001484155654907e-01 3.165611326694488525e-01
1.413968503475189209e-01 1.918225884437561035e-01 3.123808205127716064e-01
1.296129673719406128e-01 1.649152636528015137e-01 2.870312035083770752e-01
1.211471036076545715e-01 8.457749336957931519e-02 2.195389866828918457e-01
5.189289897680282593e-02 3.531236201524734497e-02 1.963371336460113525e-01
-2.099107764661312103e-02 2.219059318304061890e-02 2.407738417387008667e-01
-1.841014809906482697e-02 1.339390128850936890e-01 3.000794947147369385e-01
-1.236696913838386536e-01 2.332591414451599121e-01 2.769251465797424316e-01
6.072883680462837219e-02 1.833494305610656738e-01 7.392215728759765625e-02
1.747399568557739258e-01 2.753425538539886475e-01 3.858020156621932983e-02
1.177089735865592957e-01 3.246210813522338867e-01 -4.082613810896873474e-02
2.845314703881740570e-02 4.070140123367309570e-01 -7.223644852638244629e-02
-6.656517088413238525e-02 3.851263523101806641e-01 -1.795378625392913818e-01
-7.645315676927566528e-02 3.651994168758392334e-01 -2.740487456321716309e-01
-4.785563796758651733e-02 3.647039830684661865e-01 -3.042972683906555176e-01
-1.232235133647918701e-01 3.142519593238830566e-01 -3.901657164096832275e-01
-2.178899347782135010e-01 3.069538176059722900e-01 -4.169784784317016602e-01
-2.936726212501525879e-01 2.548157274723052979e-01 -4.294835031032562256e-01
-2.705694437026977539e-01 2.688134908676147461e-01 -4.814728498458862305e-01
-3.773815929889678955e-01 2.981067299842834473e-01 -4.651872217655181885e-01
-3.155189156532287598e-01 2.598342597484588623e-01 -4.550710916519165039e-01
-3.040286898612976074e-01 2.382801473140716553e-01 -4.348864257335662842e-01
-2.929896116256713867e-01 2.443077862262725830e-01 -4.118074178695678711e-01
-2.516365945339202881e-01 3.247686028480529785e-01 -2.970738410949707031e-01
-4.394993931055068970e-02 3.026370108127593994e-01 -2.398273199796676636e-01
5.229305475950241089e-02 2.663941085338592529e-01 -2.831492722034454346e-01
1.004671826958656311e-01 2.509825229644775391e-01 -2.657983899116516113e-01
7.310008257627487183e-02 2.610929012298583984e-01 -2.380541712045669556e-01
8.674546331167221069e-02 3.524965047836303711e-01 -2.514182627201080322e-01
2.459557168185710907e-02 3.215781748294830322e-01 -2.086445093154907227e-01
-1.748848557472229004e-01 3.196983337402343750e-01 -3.611346185207366943e-01
-1.883625537157058716e-01 3.016836345195770264e-01 -4.630946516990661621e-01
-2.033165097236633301e-01 3.006094694137573242e-01 -4.590237438678741455e-01
-1.776044368743896484e-01 2.911495268344879150e-01 -4.868387579917907715e-01
-1.579656749963760376e-01 3.211294710636138916e-01 -4.816402196884155273e-01
-1.756810992956161499e-01 3.121884763240814209e-01 -4.919497072696685791e-01
-1.745315045118331909e-01 3.145788311958312988e-01 -4.804506897926330566e-01
-1.237274408340454102e-01 3.493496179580688477e-01 -4.371577501296997070e-01
-1.575132906436920166e-01 2.980182170867919922e-01 -4.506213665008544922e-01
-2.072332799434661865e-01 3.045605719089508057e-01 -3.751496672630310059e-01
-1.756130009889602661e-01 2.238540798425674438e-01 -3.191330134868621826e-01
-7.663441449403762817e-02 2.280416488647460938e-01 -2.378826886415481567e-01
1.631323099136352539e-01 2.725505232810974121e-01 -2.149053514003753662e-01
2.905922532081604004e-01 2.731365859508514404e-01 -1.400487720966339111e-01
2.454601824283599854e-01 2.536133229732513428e-01 -1.282602995634078979e-01
2.255229800939559937e-01 2.464592754840850830e-01 -1.642969101667404175e-01
2.020451426506042480e-01 2.632312178611755371e-01 -1.911033838987350464e-01
3.681670874357223511e-02 2.205484360456466675e-01 -3.268308043479919434e-01
-1.582719683647155762e-01 3.568415045738220215e-01 -4.420550465583801270e-01
-2.029958963394165039e-01 3.779531419277191162e-01 -4.104830622673034668e-01
-2.445205152034759521e-01 3.542656302452087402e-01 -4.548461735248565674e-01
-3.245549499988555908e-01 3.406355082988739014e-01 -4.451421201229095459e-01
-3.294878602027893066e-01 3.323768377304077148e-01 -4.858075678348541260e-01
-3.356013596057891846e-01 3.030624091625213623e-01 -4.711262583732604980e-01
-3.288493752479553223e-01 2.462048828601837158e-01 -4.521424770355224609e-01
-2.273801565170288086e-01 2.313467413187026978e-01 -4.151313602924346924e-01
-1.781281381845474243e-01 1.721079647541046143e-01 -4.926291108131408691e-01
6.337113678455352783e-02 1.186605468392372131e-01 -3.881247341632843018e-01
-1.936112903058528900e-02 8.500420302152633667e-02 -3.869003057479858398e-01
-3.171101510524749756e-01 3.063582181930541992e-01 1.312252730131149292e-01
-5.910224914550781250e-01 2.722959816455841064e-01 3.480683863162994385e-01
-5.379688739776611328e-01 9.440379589796066284e-02 3.692209124565124512e-01
-4.973943233489990234e-01 -1.030783504247665405e-01 3.466994464397430420e-01
-5.332346558570861816e-01 -9.170625358819961548e-02 2.801019549369812012e-01
-3.630469739437103271e-01 -9.420995414257049561e-02 3.202271163463592529e-01
-4.433385431766510010e-01 -7.494658231735229492e-02 1.697999536991119385e-01
-3.167723715305328369e-01 -6.112401187419891357e-02 8.406062424182891846e-02
-3.831442594528198242e-01 9.206844121217727661e-02 -3.109441697597503662e-02
-4.662930369377136230e-01 2.210284173488616943e-01 -9.204018861055374146e-02
-5.542361140251159668e-01 2.910314202308654785e-01 -5.183536931872367859e-02
-5.464192628860473633e-01 2.780925035476684570e-01 -6.185525655746459961e-02
-5.236659049987792969e-01 2.836467921733856201e-01 -9.658920764923095703e-02
-4.641003906726837158e-01 2.725301384925842285e-01 -1.654719710350036621e-01
-5.162643790245056152e-01 3.031388819217681885e-01 -6.655626744031906128e-02
-4.942821264266967773e-01 3.485444188117980957e-01 -2.494725398719310760e-02
-4.810248911380767822e-01 2.965730130672454834e-01 1.574020273983478546e-02
-4.380871057510375977e-01 2.413958758115768433e-01 -2.916103601455688477e-02
-3.851386904716491699e-01 1.702667772769927979e-01 -5.872049555182456970e-02
-4.146491289138793945e-01 2.090046703815460205e-01 5.412514880299568176e-02
-3.687164783477783203e-01 2.155283242464065552e-01 9.388881921768188477e-02
-1.043186336755752563e-01 2.591293454170227051e-01 9.656770527362823486e-02
1.116496846079826355e-01 3.693019449710845947e-01 6.013171002268791199e-02
2.027323991060256958e-01 3.562493920326232910e-01 2.924781106412410736e-02
1.803366839885711670e-01 3.838852047920227051e-01 4.150828346610069275e-02
2.451610118150711060e-01 3.799930512905120850e-01 3.506673127412796021e-02
2.614207267761230469e-01 3.753326237201690674e-01 7.036913186311721802e-03
2.932009994983673096e-01 3.895053863525390625e-01 2.803621627390384674e-02
3.463771939277648926e-01 3.326933979988098145e-01 1.055531390011310577e-02
3.364883065223693848e-01 3.107208609580993652e-01 -5.094767734408378601e-02
3.578142225742340088e-01 2.727799415588378906e-01 -8.727559447288513184e-02
3.461547493934631348e-01 2.647215723991394043e-01 -2.151326090097427368e-01
3.624246120452880859e-01 2.205825448036193848e-01 -1.616393327713012695e-01
4.101401269435882568e-01 1.914452910423278809e-01 -5.507118254899978638e-02
4.477869570255279541e-01 1.476081460714340210e-01 -1.484573930501937866e-01
4.492438733577728271e-01 1.694140136241912842e-01 -1.246115118265151978e-01
4.172984063625335693e-01 2.155371904373168945e-01 -7.695298641920089722e-02
4.454935193061828613e-01 1.659203916788101196e-01 -3.093506954610347748e-02
4.278463721275329590e-01 1.818899959325790405e-01 3.257615864276885986e-02
3.644222617149353027e-01 1.979757994413375854e-01 9.907519817352294922e-02
2.282463163137435913e-01 -1.600366681814193726e-01 1.414683759212493896e-01
8.721896260976791382e-02 1.203934028744697571e-01 3.724173307418823242e-01
1.410476118326187134e-01 2.843879163265228271e-01 4.182153344154357910e-01
-9.335095435380935669e-02 4.188721179962158203e-01 3.962288796901702881e-01
-2.445383071899414062e-01 3.730340003967285156e-01 3.525179326534271240e-01
-2.341546714305877686e-01 4.018398523330688477e-01 2.372525781393051147e-01
-2.801524996757507324e-01 3.416334390640258789e-01 2.632400393486022949e-01
-3.458766639232635498e-01 4.010385274887084961e-01 2.269918620586395264e-01
-3.546954989433288574e-01 4.396535754203796387e-01 2.204416245222091675e-01
-3.451784849166870117e-01 4.678734838962554932e-01 2.450697571039199829e-01
-3.185925781726837158e-01 4.563226103782653809e-01 1.689627319574356079e-01
-3.683694899082183838e-01 4.291370809078216553e-01 2.298664301633834839e-01
-3.528431951999664307e-01 4.387745559215545654e-01 3.126808106899261475e-01
-2.947420775890350342e-01 4.499232470989227295e-01 3.783609867095947266e-01
-2.021287828683853149e-01 3.859066069126129150e-01 4.197870790958404541e-01
-1.679392755031585693e-01 3.263505995273590088e-01 4.932702779769897461e-01
-7.674653828144073486e-02 3.043035864830017090e-01 5.035183429718017578e-01
5.674832500517368317e-03 2.214911282062530518e-01 5.025938153266906738e-01
1.005170643329620361e-01 1.456791460514068604e-01 5.506805777549743652e-01
1.421425342559814453e-01 7.632142305374145508e-02 5.084480047225952148e-01
2.304749637842178345e-01 -1.082643959671258926e-02 4.491846263408660889e-01
2.948181629180908203e-01 -3.703114762902259827e-02 4.551659822463989258e-01
2.926223576068878174e-01 -3.827674686908721924e-02 4.381616711616516113e-01
3.770176768302917480e-01 -2.459617517888545990e-02 3.781652152538299561e-01
4.010502696037292480e-01 8.707548491656780243e-03 3.535566329956054688e-01
3.440313935279846191e-01 1.026654019951820374e-01 4.678809344768524170e-01
2.606643140316009521e-01 2.408621013164520264e-01 5.109111666679382324e-01
1.236519813537597656e-01 3.448411524295806885e-01 5.194505453109741211e-01
2.442885376513004303e-02 3.747022151947021484e-01 4.623103141784667969e-01
-3.973384946584701538e-02 3.849191367626190186e-01 3.180911242961883545e-01
-5.356565490365028381e-02 3.552467226982116699e-01 4.735164716839790344e-02
-2.549660950899124146e-02 3.541986644268035889e-01 -1.767395436763763428e-01
-1.039171814918518066e-01 3.048742115497589111e-01 -2.976879477500915527e-01
-1.478860974311828613e-01 2.891710400581359863e-01 -3.470831513404846191e-01
-1.131714433431625366e-01 2.071614116430282593e-01 -3.975381851196289062e-01
-2.387188188731670380e-02 1.471165567636489868e-01 -3.943322002887725830e-01
4.587794840335845947e-02 1.690513044595718384e-01 -4.763709306716918945e-01
7.300981879234313965e-02 1.461169272661209106e-01 -5.243870615959167480e-01
1.367308646440505981e-01 1.143466457724571228e-01 -5.803387165069580078e-01
2.123889923095703125e-01 1.771361082792282104e-01 -6.485276818275451660e-01
1.800089776515960693e-01 1.851073652505874634e-01 -5.633198022842407227e-01
2.333258837461471558e-01 1.429360210895538330e-01 -6.138262748718261719e-01
-9.060058742761611938e-03 2.371493726968765259e-01 -6.203963160514831543e-01
