1.112968474626541138e-01 2.695323154330253601e-02 -5.296121165156364441e-02
1.144101284444332123e-02 7.033392321318387985e-03 -4.212378337979316711e-02
-2.030877619981765747e-01 -6.613404024392366409e-03 -2.707467414438724518e-03
-3.092937469482421875e-01 -1.382259000092744827e-02 3.709426894783973694e-02
-1.647299528121948242e-01 2.402069047093391418e-02 4.291447252035140991e-02
6.351178884506225586e-02 1.526150703430175781e-01 2.689729153644293547e-04
1.623057723045349121e-01 2.024451494216918945e-01 -1.649639569222927094e-02
7.923840731382369995e-02 2.345549911260604858e-01 4.802425205707550049e-02
4.058529064059257507e-02 1.298700422048568726e-01 1.509719938039779663e-01
1.881138980388641357e-01 -1.009339168667793274e-01 3.079499900341033936e-01
3.786674439907073975e-01 -4.022329449653625488e-01 4.004667997360229492e-01
3.548100292682647705e-01 -5.478574633598327637e-01 4.090728759765625000e-01
1.420151442289352417e-01 -4.517090022563934326e-01 3.070818185806274414e-01
-1.582167893648147583e-01 1.203908920288085938e-01 -6.876379996538162231e-02
-4.037427604198455811e-01 6.164495348930358887e-01 -4.156703948974609375e-01
-4.290562868118286133e-01 6.709864139556884766e-01 -5.252833962440490723e-01
-4.660692811012268066e-01 5.170799493789672852e-01 -5.186905264854431152e-01
-4.246444404125213623e-01 -3.756089136004447937e-03 -3.898132145404815674e-01
-9.486068785190582275e-02 -4.584724009037017822e-01 -1.393612921237945557e-01
2.880533933639526367e-01 -4.862914979457855225e-01 9.586381167173385620e-02
5.090468525886535645e-01 -3.678048551082611084e-01 1.598012894392013550e-01
4.994713664054870605e-01 -1.806970834732055664e-01 1.564068794250488281e-01
2.978808283805847168e-01 3.425063565373420715e-03 8.535955846309661865e-02
-1.372054591774940491e-02 5.927708745002746582e-02 -6.879511289298534393e-03
-1.859499216079711914e-01 4.325899481773376465e-02 3.551832959055900574e-02
-1.401981413364410400e-01 -2.719585411250591278e-02 1.445674449205398560e-01
8.840661495923995972e-02 -2.087777256965637207e-01 3.187017738819122314e-01
2.071089595556259155e-01 -3.864647150039672852e-01 4.007507562637329102e-01
1.331342309713363647e-01 -4.460225105285644531e-01 3.046313226222991943e-01
-6.155080348253250122e-02 -3.040287792682647705e-01 7.402735203504562378e-02
-2.420694977045059204e-01 8.284549415111541748e-02 -2.638488113880157471e-01
-2.361812442541122437e-01 3.664258718490600586e-01 -4.384595751762390137e-01
-1.080242693424224854e-01 4.780253171920776367e-01 -4.602091014385223389e-01
6.130827963352203369e-02 4.807493090629577637e-01 -4.000093638896942139e-01
1.732962131500244141e-01 4.253751337528228760e-01 -2.196814119815826416e-01
2.257117331027984619e-01 3.097456991672515869e-01 -1.033320799469947815e-01
2.004383206367492676e-01 4.379284754395484924e-02 -3.613148257136344910e-02
9.264822304248809814e-02 -2.273437976837158203e-01 4.843754693865776062e-02
-6.219128519296646118e-02 -3.657675683498382568e-01 1.491704285144805908e-01
-1.596428900957107544e-01 -3.223997652530670166e-01 2.721552848815917969e-01
-1.577625423669815063e-01 -1.289677917957305908e-01 2.903213202953338623e-01
-1.107074394822120667e-01 5.858147889375686646e-02 3.070344924926757812e-01
-1.303646266460418701e-01 1.136384308338165283e-01 3.254223465919494629e-01
-2.272131145000457764e-01 -8.030658215284347534e-02 3.507844507694244385e-01
-2.655844092369079590e-01 -2.633577287197113037e-01 3.110697865486145020e-01
-2.122991085052490234e-01 -3.002530336380004883e-01 7.944151759147644043e-02
-4.679730907082557678e-02 -6.032884493470191956e-02 -2.422276288270950317e-01
1.241495981812477112e-01 3.090704977512359619e-01 -4.095166921615600586e-01
2.839489281177520752e-01 4.128985702991485596e-01 -4.573582708835601807e-01
3.008781969547271729e-01 3.267253339290618896e-01 -4.313034117221832275e-01
2.090021818876266479e-01 8.618459105491638184e-02 -3.672971129417419434e-01
5.678858142346143723e-03 -1.402601897716522217e-01 -2.361742854118347168e-01
-2.546179294586181641e-01 -1.977753937244415283e-01 7.162995636463165283e-02
-2.196208536624908447e-01 -9.056560695171356201e-02 2.873764336109161377e-01
-6.951975822448730469e-02 2.001514844596385956e-02 3.268393278121948242e-01
7.545102387666702271e-02 1.009741723537445068e-01 2.725163400173187256e-01
1.559114307165145874e-01 6.648486852645874023e-02 1.615502834320068359e-01
1.511590927839279175e-01 -2.030287124216556549e-02 1.286461800336837769e-01
1.926707029342651367e-01 -4.887327924370765686e-02 1.266766935586929321e-01
1.926230043172836304e-01 -4.519641399383544922e-02 1.309113949537277222e-01
-1.772581040859222412e-02 -1.130324304103851318e-01 2.077039331197738647e-01
-3.003602921962738037e-01 -2.150829434394836426e-01 2.517513930797576904e-01
-4.043340682983398438e-01 -2.258330881595611572e-01 1.798818111419677734e-01
-3.425091207027435303e-01 -1.255193203687667847e-01 -7.706554234027862549e-02
-2.164594084024429321e-02 1.224300786852836609e-01 -3.589383959770202637e-01
3.637480735778808594e-01 2.605394721031188965e-01 -4.821132123470306396e-01
4.567305445671081543e-01 2.207411527633666992e-01 -4.672419428825378418e-01
4.088160991668701172e-01 1.366634815931320190e-01 -3.642451465129852295e-01
2.353907972574234009e-01 1.448839157819747925e-02 -1.786516755819320679e-01
-5.716140195727348328e-02 -3.237817808985710144e-02 6.170551851391792297e-02
-1.712192445993423462e-01 4.881076142191886902e-02 1.854763776063919067e-01
-1.947748959064483643e-01 2.760262601077556610e-02 1.733241677284240723e-01
-1.511271744966506958e-01 -2.114963484928011894e-03 9.931215643882751465e-02
-9.889166057109832764e-02 -9.477967768907546997e-02 1.325556337833404541e-01
-1.054625809192657471e-01 -1.809621751308441162e-01 2.084697932004928589e-01
-1.784594208002090454e-01 -1.411178857088088989e-01 3.010934293270111084e-01
-2.176978737115859985e-01 -5.518751218914985657e-02 3.010657727718353271e-01
-9.910319000482559204e-02 7.474331557750701904e-02 2.094086408615112305e-01
1.035215631127357483e-01 2.664359211921691895e-01 6.072783470153808594e-02
2.382935881614685059e-01 3.891141712665557861e-01 -1.758718192577362061e-01
1.358465254306793213e-01 3.800549507141113281e-01 -3.039636313915252686e-01
-1.439306139945983887e-01 9.944366663694381714e-02 -3.863260149955749512e-01
-2.806414961814880371e-01 -2.227811962366104126e-01 -2.471146434545516968e-01
-2.125513255596160889e-01 -3.986629247665405273e-01 -6.796047836542129517e-02
-2.386800199747085571e-02 -4.366089403629302979e-01 7.260540127754211426e-02
2.070287019014358521e-01 -3.254471123218536377e-01 1.651818752288818359e-01
2.879716157913208008e-01 -1.914348453283309937e-01 5.186257138848304749e-02
2.315256595611572266e-01 8.009229600429534912e-02 -3.004109300673007965e-02
1.846876442432403564e-01 2.951377630233764648e-01 -1.607981026172637939e-01
-4.319386556744575500e-02 2.906805574893951416e-01 -1.630478203296661377e-01
-1.985196322202682495e-01 9.822290390729904175e-02 -5.304332589730620384e-04
-2.573806345462799072e-01 -1.344899684190750122e-01 1.141349896788597107e-01
-1.720055937767028809e-01 -8.665390312671661377e-02 1.987192928791046143e-01
5.889389291405677795e-02 1.404407024383544922e-01 1.808167099952697754e-01
1.028990149497985840e-01 2.558620572090148926e-01 1.016247421503067017e-01
6.498905271291732788e-02 8.925067633390426636e-02 5.414146557450294495e-02
4.623485356569290161e-02 -7.539445906877517700e-02 4.527841880917549133e-02
1.238580048084259033e-01 -1.221583187580108643e-01 1.034682989120483398e-01
2.071957886219024658e-01 -1.854390650987625122e-01 3.017711341381072998e-01
6.509049981832504272e-02 -2.739025652408599854e-01 4.382573664188385010e-01
-2.169750779867172241e-01 -3.769966363906860352e-01 4.366434216499328613e-01
-3.580524027347564697e-01 -3.360953032970428467e-01 2.548251748085021973e-01
-3.285365998744964600e-01 -3.530097007751464844e-02 -2.025594711303710938e-01
-1.664283126592636108e-01 2.701588571071624756e-01 -4.545662701129913330e-01
-1.583939418196678162e-02 3.291484117507934570e-01 -4.548338651657104492e-01
3.468036651611328125e-02 1.862548738718032837e-01 -3.066136240959167480e-01
9.138150513172149658e-02 2.831371687352657318e-02 -1.031840294599533081e-01
1.404136121273040771e-01 -3.250483423471450806e-02 -3.818381577730178833e-03
1.654754281044006348e-01 -6.071316823363304138e-02 -1.199312880635261536e-01
1.265709251165390015e-01 -3.821634501218795776e-02 -1.932369470596313477e-01
2.755829133093357086e-02 5.322739854454994202e-02 -1.044968441128730774e-01
-4.827975481748580933e-02 1.175359636545181274e-01 1.561746653169393539e-02
-8.240268379449844360e-02 1.598907113075256348e-01 1.542704403400421143e-01
-9.432706981897354126e-02 1.158928349614143372e-01 8.082757145166397095e-02
-5.237728357315063477e-02 7.189200818538665771e-02 -6.587491184473037720e-02
3.532525524497032166e-02 1.767781674861907959e-01 -6.912197172641754150e-02
1.708225607872009277e-01 2.272932529449462891e-01 1.721562817692756653e-02
2.621325254440307617e-01 2.400946021080017090e-01 -1.415950991213321686e-02
1.663095653057098389e-01 2.657973766326904297e-01 -2.125196903944015503e-01
-4.949418082833290100e-02 2.265811860561370850e-01 -3.524862825870513916e-01
-2.198303937911987305e-01 1.662763506174087524e-01 -3.376566469669342041e-01
-1.521514207124710083e-01 -1.658220589160919189e-02 -1.045423001050949097e-01
3.530206158757209778e-02 -3.427073061466217041e-01 7.050024718046188354e-02
2.169621884822845459e-01 -4.878862798213958740e-01 1.184405535459518433e-01
1.928283870220184326e-01 -4.211120009422302246e-01 1.283005475997924805e-01
6.387131661176681519e-02 -2.262949943542480469e-01 1.207136288285255432e-01
-9.038103162311017513e-04 7.243128120899200439e-02 1.968698799610137939e-01
-1.048330441117286682e-01 4.412530362606048584e-02 2.251895368099212646e-01
-1.517527103424072266e-01 6.278798449784517288e-03 1.445213109254837036e-01
-2.071703970432281494e-01 5.716630816459655762e-02 3.759117051959037781e-02
-2.593598067760467529e-01 1.768447309732437134e-01 -9.874612092971801758e-03
-1.665323078632354736e-01 3.116539418697357178e-01 8.188872039318084717e-02
-2.773328870534896851e-02 2.345992177724838257e-01 1.982346326112747192e-01
8.754280954599380493e-02 1.298979371786117554e-01 1.710511893033981323e-01
9.382230043411254883e-02 5.033767223358154297e-02 -3.869622573256492615e-02
-4.932281374931335449e-02 1.676710508763790131e-02 -2.273525595664978027e-01
-1.704059392213821411e-01 -1.328836381435394287e-01 -2.172676920890808105e-01
-9.956440329551696777e-02 -3.481643795967102051e-01 -4.148260504007339478e-02
3.633045777678489685e-02 -4.316243529319763184e-01 1.177170500159263611e-01
2.219164222478866577e-01 -3.614478111267089844e-01 6.713877618312835693e-02
1.964431256055831909e-01 -7.977403700351715088e-02 -3.758263215422630310e-02
1.305423770099878311e-02 7.094381004571914673e-02 -9.606716036796569824e-02
-1.664856076240539551e-01 1.208220347762107849e-01 -3.414568677544593811e-02
-2.080300897359848022e-01 2.147435247898101807e-01 1.046257689595222473e-01
1.090149302035570145e-02 3.831702172756195068e-01 9.479843825101852417e-02
3.033272922039031982e-01 4.389437437057495117e-01 -4.033895581960678101e-02
4.690434336662292480e-01 1.147644594311714172e-01 -2.444079667329788208e-01
4.426590204238891602e-01 -4.095936715602874756e-01 -3.756717145442962646e-01
1.194770187139511108e-01 -6.344340443611145020e-01 -3.729863464832305908e-01
-2.079518437385559082e-01 -6.004474163055419922e-01 -3.162412047386169434e-01
-3.791000545024871826e-01 -2.590097784996032715e-01 -1.946156919002532959e-01
-3.822724223136901855e-01 2.475439906120300293e-01 -3.289639204740524292e-02
-2.892985939979553223e-01 4.710120856761932373e-01 9.893840551376342773e-02
-1.197158023715019226e-01 4.320737719535827637e-01 2.437364012002944946e-01
2.159220911562442780e-02 2.563180327415466309e-01 3.091875910758972168e-01
1.273810714483261108e-01 1.455279067158699036e-02 3.237638473510742188e-01
2.532546222209930420e-01 -1.943007111549377441e-01 3.001885414123535156e-01
2.338367253541946411e-01 -1.075951308012008667e-01 2.274500727653503418e-01
1.141449436545372009e-01 -1.476543257012963295e-03 1.371921747922897339e-01
1.541482377797365189e-02 1.070943996310234070e-01 4.595185816287994385e-02
-8.175410330295562744e-02 1.292892545461654663e-01 -4.433133080601692200e-02
-3.037621453404426575e-02 -3.904784470796585083e-02 -9.913779050111770630e-02
3.301141411066055298e-02 -6.984401494264602661e-02 -9.671370685100555420e-02
1.081199757754802704e-02 -8.143250644207000732e-02 -7.398381084203720093e-02
