2.350207269191741943e-01 -1.695065349340438843e-01 2.483365871012210846e-02
5.194371938705444336e-02 -9.177839756011962891e-02 5.012749135494232178e-02
5.610323697328567505e-02 4.264746978878974915e-02 -3.247037529945373535e-02
1.455363035202026367e-01 1.109477952122688293e-01 -1.956253796815872192e-01
3.695372939109802246e-01 -3.658287227153778076e-02 -2.925543189048767090e-01
4.482199847698211670e-01 -1.767579466104507446e-01 -2.670750916004180908e-01
2.422414869070053101e-01 -2.213288694620132446e-01 -1.570150107145309448e-01
1.431592255830764771e-01 -1.574188470840454102e-01 -8.606269024312496185e-03
1.586727052927017212e-01 -5.143568664789199829e-02 1.176299303770065308e-01
-2.542395703494548798e-02 2.407144010066986084e-02 8.171738684177398682e-02
-1.291297674179077148e-01 1.393470317125320435e-01 5.352140869945287704e-03
-7.845509052276611328e-02 3.137741088867187500e-01 -2.199074476957321167e-01
1.750950813293457031e-01 5.216943621635437012e-01 -4.362863898277282715e-01
2.264996469020843506e-01 5.170319080352783203e-01 -3.100125789642333984e-01
-9.393377229571342468e-03 3.912698626518249512e-01 -1.529727131128311157e-01
-2.776281535625457764e-01 2.130717188119888306e-01 2.979423403739929199e-01
-3.438716530799865723e-01 3.943379595875740051e-02 4.829868376255035400e-01
-1.411383748054504395e-01 3.129433840513229370e-02 5.283985137939453125e-01
1.293525397777557373e-01 -1.202611699700355530e-01 5.058448314666748047e-01
2.591379582881927490e-01 -1.827944815158843994e-01 3.955047428607940674e-01
2.485877722501754761e-01 -1.329198926687240601e-01 2.084805220365524292e-01
1.160563379526138306e-01 -9.112254530191421509e-02 1.868764869868755341e-02
-8.775646239519119263e-02 -1.055084168910980225e-01 -9.727347642183303833e-03
-9.436020255088806152e-02 -1.719102412462234497e-01 -1.437712013721466064e-01
-1.275564134120941162e-01 -2.104902863502502441e-01 3.305947780609130859e-02
-1.859609633684158325e-01 -1.482257992029190063e-01 2.862417511641979218e-02
-1.227140650153160095e-01 -1.458219066262245178e-02 -6.357482075691223145e-02
-5.650759488344192505e-02 1.728071272373199463e-01 -1.661066561937332153e-01
1.118487417697906494e-01 5.060513615608215332e-01 -3.772153258323669434e-01
1.876745969057083130e-01 6.079759597778320312e-01 -3.763335347175598145e-01
2.041627913713455200e-01 5.537452697753906250e-01 -3.296371698379516602e-01
2.016679346561431885e-01 2.946223020553588867e-01 -2.414959669113159180e-01
1.348215490579605103e-01 -1.721539199352264404e-01 -1.059868782758712769e-01
2.986024506390094757e-02 -3.347023129463195801e-01 -1.014875918626785278e-01
1.244037877768278122e-02 -2.928978204727172852e-01 -1.544484794139862061e-01
-5.091638490557670593e-02 -2.952022850513458252e-01 -1.303624808788299561e-01
-2.435161024332046509e-01 -4.271342456340789795e-01 -1.617996096611022949e-01
-4.104962348937988281e-01 -5.148562788963317871e-01 -1.081054210662841797e-01
-4.926259815692901611e-01 -5.516636371612548828e-01 -8.803164213895797729e-02
-4.647819101810455322e-01 -3.706030249595642090e-01 -1.242272853851318359e-01
-2.829565703868865967e-01 -1.154911816120147705e-01 -2.232147306203842163e-01
-7.320179045200347900e-02 -1.294352114200592041e-01 -3.204867243766784668e-01
1.422395408153533936e-01 -1.605570316314697266e-01 -2.820321321487426758e-01
3.208566009998321533e-01 -1.454697698354721069e-01 -1.153545677661895752e-01
3.670120835304260254e-01 -9.384182840585708618e-02 4.726647958159446716e-02
2.714610099792480469e-01 -9.341306984424591064e-03 1.766855716705322266e-01
-3.988614678382873535e-02 2.090419381856918335e-01 3.020882904529571533e-01
1.293595582246780396e-01 4.272576570510864258e-01 2.756330966949462891e-01
2.330781966447830200e-01 5.360893011093139648e-01 2.284025996923446655e-01
2.844272255897521973e-01 5.065720081329345703e-01 8.789922297000885010e-02
2.747727632522583008e-01 2.535732090473175049e-01 -5.297211930155754089e-02
-5.468209087848663330e-02 -1.506068091839551926e-02 -1.009133905172348022e-01
-1.153912395238876343e-01 -4.774999246001243591e-02 9.912788122892379761e-02
-2.209590971469879150e-01 -1.576757580041885376e-01 1.546228080987930298e-01
-1.739108711481094360e-01 -3.922223150730133057e-01 -2.433035336434841156e-02
-3.953180089592933655e-02 -4.937676191329956055e-01 -2.115927040576934814e-01
1.170364469289779663e-01 -5.157951116561889648e-01 -3.905537724494934082e-01
1.701921224594116211e-01 -3.759581744670867920e-01 -3.121070563793182373e-01
6.750911474227905273e-02 -7.882751524448394775e-02 -1.171840429306030273e-01
-9.892791509628295898e-03 1.254309713840484619e-02 7.679031789302825928e-02
-5.107386410236358643e-02 1.494544595479965210e-01 1.920315474271774292e-01
-1.399781275540590286e-02 1.934521049261093140e-01 2.186298221349716187e-01
1.119842007756233215e-01 2.378361523151397705e-01 1.287435442209243774e-01
1.060843020677566528e-01 2.879898548126220703e-01 1.322718560695648193e-01
-5.899530276656150818e-02 3.488823473453521729e-01 3.014397323131561279e-01
3.704185411334037781e-02 4.656242728233337402e-01 3.630949556827545166e-01
3.283004164695739746e-01 5.011073946952819824e-01 2.367445677518844604e-01
3.249168097972869873e-01 4.239462614059448242e-01 1.351465731859207153e-01
-2.240009158849716187e-01 5.077039357274770737e-03 1.903768926858901978e-01
-5.451084375381469727e-01 -3.315117955207824707e-01 2.531584203243255615e-01
-5.595232248306274414e-01 -4.493813514709472656e-01 2.221531420946121216e-01
-3.164022862911224365e-01 -3.920789361000061035e-01 1.509996503591537476e-01
1.520320922136306763e-01 -2.550273239612579346e-01 -9.424240142107009888e-02
1.367972195148468018e-01 -2.565237283706665039e-01 -1.924699991941452026e-01
1.327067464590072632e-01 -1.601272523403167725e-01 -1.096837818622589111e-01
-1.289104949682950974e-02 -6.377191096544265747e-02 -1.166278347373008728e-01
-2.031738460063934326e-01 -4.983571707271039486e-04 -1.093149483203887939e-01
-2.890729904174804688e-01 2.032270422205328941e-03 -9.477763622999191284e-02
-2.487707585096359253e-01 2.784882299602031708e-02 3.487912192940711975e-02
-6.532704830169677734e-02 2.174204029142856598e-02 2.088671922683715820e-01
1.301950812339782715e-01 1.054506674408912659e-01 3.164125084877014160e-01
2.045428603887557983e-01 2.903473377227783203e-01 2.814466655254364014e-01
1.999400705099105835e-01 5.145738124847412109e-01 8.838880807161331177e-02
2.375769019126892090e-01 6.120401024818420410e-01 -2.012763172388076782e-01
2.413371503353118896e-01 5.371533632278442383e-01 -3.332264423370361328e-01
1.984531879425048828e-01 3.060514330863952637e-01 -2.464373707771301270e-01
1.552983969449996948e-01 2.028749324381351471e-02 -5.354391410946846008e-02
-8.466299623250961304e-02 -1.270920187234878540e-01 2.470144778490066528e-01
-1.308655887842178345e-01 -2.422136068344116211e-01 3.954560458660125732e-01
-4.760230332612991333e-02 -3.660845458507537842e-01 4.116292297840118408e-01
6.256753206253051758e-02 -4.241264462471008301e-01 3.628504276275634766e-01
2.384255081415176392e-01 -3.497078120708465576e-01 2.203103005886077881e-01
1.987410634756088257e-01 -1.870997399091720581e-01 7.088486850261688232e-02
1.478569358587265015e-01 -5.484945699572563171e-02 1.162094920873641968e-01
1.893305629491806030e-01 -8.452831208705902100e-02 1.945172995328903198e-01
1.567849963903427124e-01 -8.900782465934753418e-02 2.088116556406021118e-01
1.512664258480072021e-01 -1.682884842157363892e-01 2.276506870985031128e-01
6.571020185947418213e-02 -2.263918519020080566e-01 1.616027206182479858e-01
4.248416982591152191e-03 -2.059190720319747925e-01 1.176394298672676086e-01
5.099689960479736328e-02 -1.888482123613357544e-01 1.139322668313980103e-01
7.161827385425567627e-02 -7.083029299974441528e-02 -7.415661122649908066e-03
1.230603978037834167e-01 -4.373523965477943420e-02 -6.151554360985755920e-02
7.778351008892059326e-02 -4.502696916460990906e-02 -5.405292287468910217e-02
8.004722185432910919e-03 3.041015705093741417e-03 -3.686078637838363647e-02
-2.111933939158916473e-02 1.888088136911392212e-02 1.200601272284984589e-02
-3.762898966670036316e-02 5.906126648187637329e-02 -7.699793577194213867e-02
-1.025190353393554688e-01 8.235502988100051880e-03 -1.428740322589874268e-01
-1.338013857603073120e-01 -3.037751652300357819e-02 -1.602422446012496948e-01
-1.105879023671150208e-01 1.181626785546541214e-02 -1.296079754829406738e-01
-7.276262342929840088e-02 -7.766472641378641129e-03 -3.333650529384613037e-02
5.569917708635330200e-02 8.652072399854660034e-02 -1.126568317413330078e-01
3.907031938433647156e-02 1.730180978775024414e-01 -1.408670991659164429e-01
1.211554277688264847e-03 1.775417476892471313e-01 -1.424542516469955444e-01
2.512581087648868561e-02 1.744597107172012329e-01 -8.383272588253021240e-02
