1.876247525215148926e-01 1.260358244180679321e-01 1.290507465600967407e-01
2.697141468524932861e-01 1.279318630695343018e-01 1.872211396694183350e-01
1.896964907646179199e-01 -6.027777679264545441e-03 9.630182385444641113e-02
-5.878428369760513306e-02 -1.719668060541152954e-01 -1.112833246588706970e-01
-2.160482257604598999e-01 -9.904831647872924805e-02 -2.235746681690216064e-01
-2.346139252185821533e-01 2.164650335907936096e-02 -1.821851730346679688e-01
-1.353540271520614624e-01 1.811317056417465210e-01 1.218973472714424133e-02
-3.404733911156654358e-02 2.298992127180099487e-01 1.457319557666778564e-01
2.018266357481479645e-02 1.578352004289627075e-01 1.890635490417480469e-01
1.620357632637023926e-01 1.447409670799970627e-02 2.337233573198318481e-01
3.323921561241149902e-01 -3.152528405189514160e-01 3.226553201675415039e-01
3.329636454582214355e-01 -4.332726895809173584e-01 3.509962856769561768e-01
2.182321101427078247e-01 -2.335736453533172607e-01 2.290866822004318237e-01
-8.641531318426132202e-02 2.745195031166076660e-01 -3.390279412269592285e-02
-3.407959043979644775e-01 6.100564002990722656e-01 -2.536262273788452148e-01
-4.336777925491333008e-01 5.614125132560729980e-01 -2.615573406219482422e-01
-4.873958528041839600e-01 2.174992859363555908e-01 -2.512603104114532471e-01
-3.661581873893737793e-01 -3.189665079116821289e-01 -2.726731598377227783e-01
-1.601077318191528320e-01 -4.951689243316650391e-01 -2.329460233449935913e-01
1.340454667806625366e-01 -3.911026716232299805e-01 -1.662832498550415039e-01
3.386521935462951660e-01 -1.378356665372848511e-01 -1.585404016077518463e-02
3.462649285793304443e-01 4.264446720480918884e-02 6.917658727616071701e-03
2.327139824628829956e-01 1.803179979324340820e-01 -6.450763344764709473e-02
1.398239135742187500e-01 2.120400965213775635e-01 -5.482926219701766968e-02
9.541364759206771851e-02 1.220917329192161560e-01 4.845770820975303650e-02
1.282882988452911377e-01 4.593690112233161926e-02 2.119973599910736084e-01
2.491006255149841309e-01 -2.324158251285552979e-01 4.116939306259155273e-01
1.981170624494552612e-01 -4.169127047061920166e-01 4.736170768737792969e-01
9.680853039026260376e-02 -4.350867271423339844e-01 3.914874494075775146e-01
-9.455818682909011841e-02 -2.781182825565338135e-01 4.203546047210693359e-02
-2.877339422702789307e-01 1.255362033843994141e-01 -4.417692422866821289e-01
-2.299270182847976685e-01 3.405876159667968750e-01 -5.470023751258850098e-01
-1.062418818473815918e-01 3.065082132816314697e-01 -4.974025487899780273e-01
5.513263493776321411e-02 1.886223852634429932e-01 -3.184492886066436768e-01
1.410975307226181030e-01 1.904154866933822632e-01 -1.465641409158706665e-01
1.351107954978942871e-01 3.208007514476776123e-01 -1.760078519582748413e-01
1.373845338821411133e-01 4.288719296455383301e-01 -2.465958893299102783e-01
9.488081932067871094e-02 2.567708492279052734e-01 -9.060584008693695068e-02
-2.369921188801527023e-03 -1.840380579233169556e-01 2.071808576583862305e-01
-8.275145292282104492e-02 -4.267886579036712646e-01 3.384164571762084961e-01
-1.036465540528297424e-01 -4.791212975978851318e-01 2.968934476375579834e-01
-1.118077561259269714e-01 -3.225513398647308350e-01 9.560699760913848877e-02
-1.140403077006340027e-01 -1.096604764461517334e-01 -1.312973815947771072e-02
-9.586410224437713623e-02 5.823846906423568726e-02 6.330881267786026001e-02
-1.069128215312957764e-01 3.021228313446044922e-01 2.241613566875457764e-01
-1.523851156234741211e-01 2.664300501346588135e-01 3.467810451984405518e-01
-2.169572561979293823e-01 2.816648408770561218e-02 4.135532975196838379e-01
-2.147823572158813477e-01 -2.195301353931427002e-01 3.448165655136108398e-01
-1.078411415219306946e-01 -3.335632681846618652e-01 -3.727603761944919825e-04
9.447768330574035645e-02 -6.933633238077163696e-02 -3.183398246765136719e-01
2.041027992963790894e-01 1.954859942197799683e-01 -4.143044650554656982e-01
2.096760720014572144e-01 3.212587833404541016e-01 -3.721109032630920410e-01
1.901504695415496826e-01 2.568503320217132568e-01 -3.198415637016296387e-01
1.987440288066864014e-01 3.286217153072357178e-02 -3.467958867549896240e-01
1.785985827445983887e-01 -1.744368374347686768e-01 -3.775192797183990479e-01
5.242145434021949768e-02 -2.647920548915863037e-01 -2.138913571834564209e-01
-1.014756336808204651e-01 -1.794472485780715942e-01 1.920563131570816040e-01
-2.159108966588973999e-01 5.181782692670822144e-02 3.930558562278747559e-01
-1.745110899209976196e-01 2.521735131740570068e-01 4.263182878494262695e-01
-1.082141622900962830e-01 2.615132331848144531e-01 3.297818005084991455e-01
-7.546801865100860596e-02 6.377359479665756226e-02 1.787369847297668457e-01
-2.963926270604133606e-02 -1.483650654554367065e-01 1.195099726319313049e-01
-2.271683886647224426e-02 -9.160726517438888550e-02 1.113733351230621338e-01
-2.990306541323661804e-02 -2.712522167712450027e-03 2.229243963956832886e-01
-9.297303110361099243e-02 -6.784234195947647095e-02 2.718768715858459473e-01
-9.823460131883621216e-02 -1.882872432470321655e-01 1.819450110197067261e-01
-7.657194510102272034e-04 -2.080570720136165619e-02 -1.763372272253036499e-01
1.974182277917861938e-01 5.187778472900390625e-01 -4.252821207046508789e-01
2.669962942600250244e-01 6.868527531623840332e-01 -4.792024493217468262e-01
1.564797163009643555e-01 5.248198509216308594e-01 -4.189164936542510986e-01
-7.879607379436492920e-02 -2.617062330245971680e-01 -2.003507912158966064e-01
-1.812293380498886108e-01 -5.784515738487243652e-01 -6.027428433299064636e-02
-1.081886813044548035e-01 -5.573263764381408691e-01 5.539270862936973572e-02
2.983205579221248627e-02 -3.120806515216827393e-01 1.160146445035934448e-01
1.773501038551330566e-01 7.093276828527450562e-02 1.536833643913269043e-01
2.252529412508010864e-01 1.942028403282165527e-01 1.686457246541976929e-01
1.641454398632049561e-01 1.884285807609558105e-01 1.188651546835899353e-01
-3.154450282454490662e-02 1.169187426567077637e-01 7.133633643388748169e-02
-2.753173112869262695e-01 -4.071010625921189785e-04 7.395928353071212769e-02
-3.156864941120147705e-01 -8.516256511211395264e-02 1.696855276823043823e-01
-1.571554392576217651e-01 -2.057519108057022095e-01 3.008888363838195801e-01
8.772175759077072144e-02 -3.569037318229675293e-01 3.882358968257904053e-01
1.609858721494674683e-01 -3.983428180217742920e-01 2.748882472515106201e-01
2.615060843527317047e-02 -2.841502428054809570e-01 -4.788294434547424316e-02
-1.658487617969512939e-01 -1.817544922232627869e-02 -3.541965782642364502e-01
-2.276657223701477051e-01 4.069211781024932861e-01 -4.609585106372833252e-01
-2.096463292837142944e-01 5.369144678115844727e-01 -4.016430974006652832e-01
-2.095010578632354736e-01 4.579842388629913330e-01 -3.148375749588012695e-01
-1.551914960145950317e-01 2.603378295898437500e-01 -2.515631616115570068e-01
-4.247450456023216248e-02 -1.307530850172042847e-01 -1.853479444980621338e-01
8.440184593200683594e-02 -3.187602758407592773e-01 -2.238612435758113861e-02
1.240040436387062073e-01 -2.852515280246734619e-01 1.773615628480911255e-01
2.627681754529476166e-02 -1.740090101957321167e-01 2.278058826923370361e-01
-3.099841810762882233e-02 1.295760739594697952e-02 1.655168235301971436e-01
7.374830543994903564e-02 1.089174374938011169e-01 3.659893572330474854e-02
2.285329550504684448e-01 1.287902742624282837e-01 -7.489457726478576660e-02
2.863809168338775635e-01 1.387947946786880493e-01 -8.904983848333358765e-02
2.044321596622467041e-01 7.487775385379791260e-02 -8.380987495183944702e-02
4.427431896328926086e-02 -7.010290026664733887e-02 1.497721206396818161e-02
-2.127921208739280701e-02 -1.902640014886856079e-01 8.222980797290802002e-02
1.502381358295679092e-02 -1.918351948261260986e-01 9.671267122030258179e-02
5.264296382665634155e-02 -7.909665256738662720e-02 1.033875122666358948e-01
2.798115834593772888e-02 1.058002114295959473e-01 7.033986598253250122e-02
-2.510637789964675903e-02 1.657513976097106934e-01 6.987096369266510010e-02
-4.754380136728286743e-02 1.187815889716148376e-01 2.123843692243099213e-02
-9.110263548791408539e-03 4.222491011023521423e-02 -4.628408327698707581e-02
5.612841993570327759e-02 -5.485440790653228760e-02 -4.878037050366401672e-02
1.018503829836845398e-01 -7.437466830015182495e-02 -2.610411681234836578e-02
1.243773624300956726e-01 -1.267227828502655029e-01 6.284667551517486572e-02
1.210616528987884521e-01 -1.133170947432518005e-01 1.260544508695602417e-01
8.064810186624526978e-02 -3.125984221696853638e-02 1.226423010230064392e-01
-3.903839737176895142e-02 2.770083397626876831e-02 9.612213075160980225e-02
-1.133328303694725037e-01 8.418140560388565063e-02 2.981983497738838196e-02
-1.138643249869346619e-01 4.214017093181610107e-02 -1.438803691416978836e-02
