-4.657753109931945801e-01 -7.376678287982940674e-02 2.926306724548339844e-01
-2.995330095291137695e-01 -1.890885680913925171e-01 6.703248620033264160e-02
-2.979934215545654297e-01 -1.503673344850540161e-01 1.933142244815826416e-01
-2.998286187648773193e-01 -9.440040588378906250e-02 2.637955844402313232e-01
-4.112214148044586182e-01 -4.693772271275520325e-02 2.251583039760589600e-01
-4.629286825656890869e-01 3.071082532405853271e-01 1.159427389502525330e-01
-4.287769496440887451e-01 3.923867344856262207e-01 8.481420576572418213e-02
-4.210076928138732910e-01 3.873890638351440430e-01 5.164226889610290527e-02
-4.011585712432861328e-01 3.964867889881134033e-01 4.835066199302673340e-02
-3.726258873939514160e-01 3.955586552619934082e-01 4.944722354412078857e-02
-3.567931056022644043e-01 3.923810422420501709e-01 1.052229627966880798e-01
-4.182138442993164062e-01 4.338442683219909668e-01 7.800232619047164917e-02
-3.114852011203765869e-01 4.780553281307220459e-01 7.974412292242050171e-02
-2.337657064199447632e-01 4.360167682170867920e-01 -9.096319228410720825e-02
-4.444794356822967529e-02 3.916665017604827881e-01 -1.859617382287979126e-01
-1.257363259792327881e-01 2.716615200042724609e-01 -1.096687614917755127e-01
-1.361804902553558350e-01 4.017639756202697754e-01 9.195331484079360962e-02
-5.697900429368019104e-02 4.165502488613128662e-01 2.740519642829895020e-01
-2.528436668217182159e-02 3.941741585731506348e-01 3.604273200035095215e-01
8.197413757443428040e-03 3.378306329250335693e-01 3.759332001209259033e-01
2.676122821867465973e-02 2.577573657035827637e-01 3.392935693264007568e-01
7.156053930521011353e-02 1.258723586797714233e-01 3.618450164794921875e-01
1.061951518058776855e-01 1.533234417438507080e-01 3.516390323638916016e-01
8.510262519121170044e-02 1.167571097612380981e-01 2.977215051651000977e-01
-3.502602875232696533e-02 7.592742145061492920e-02 3.458243906497955322e-01
4.218924790620803833e-02 7.281780987977981567e-02 2.555232644081115723e-01
-3.609477309510111809e-03 8.525612647645175457e-04 3.082627654075622559e-01
-4.012783616781234741e-02 3.011354245245456696e-02 3.301377892494201660e-01
-5.551087856292724609e-02 1.636126935482025146e-01 3.651695549488067627e-01
-5.076289549469947815e-02 2.702013552188873291e-01 3.422092795372009277e-01
1.887723058462142944e-01 3.229642212390899658e-01 2.628382444381713867e-01
2.346450090408325195e-01 3.531610965728759766e-01 1.699143350124359131e-01
2.147316634654998779e-01 3.789708614349365234e-01 1.275685876607894897e-01
1.469062268733978271e-01 4.205982089042663574e-01 1.022413522005081177e-01
1.590091884136199951e-01 3.489809036254882812e-01 6.601032614707946777e-02
3.778097406029701233e-02 3.394568264484405518e-01 -1.839092373847961426e-02
6.577574461698532104e-02 3.487282693386077881e-01 -1.338645815849304199e-01
-3.134917095303535461e-02 3.089073896408081055e-01 -1.326969414949417114e-01
-1.519047766923904419e-01 3.660310506820678711e-01 -1.825620979070663452e-01
-1.923635303974151611e-01 3.042557835578918457e-01 -2.959059476852416992e-01
-2.422464936971664429e-01 2.432165443897247314e-01 -2.817851006984710693e-01
-1.893615722656250000e-01 2.225451171398162842e-01 -3.421565294265747070e-01
-2.377426922321319580e-01 2.601793110370635986e-01 -3.856012225151062012e-01
-3.240094780921936035e-01 2.969091832637786865e-01 -4.267172217369079590e-01
-3.397247195243835449e-01 2.568428814411163330e-01 -4.583415687084197998e-01
-3.258159756660461426e-01 2.405069619417190552e-01 -4.658041894435882568e-01
-4.104501307010650635e-01 3.012775480747222900e-01 -4.359251558780670166e-01
-3.960884809494018555e-01 2.855315804481506348e-01 -3.720305860042572021e-01
-1.736803501844406128e-01 2.924410700798034668e-01 -2.087898105382919312e-01
-4.576552659273147583e-02 2.853055894374847412e-01 -2.904167473316192627e-01
5.381398648023605347e-02 2.864489555358886719e-01 -2.185049802064895630e-01
1.201864629983901978e-01 3.021073043346405029e-01 -2.238786369562149048e-01
7.124409079551696777e-02 3.130762577056884766e-01 -2.848020493984222412e-01
1.766879111528396606e-02 3.206823766231536865e-01 -3.428104817867279053e-01
8.328671753406524658e-02 2.145017385482788086e-01 -1.511618047952651978e-01
-5.377360060811042786e-02 2.816065251827239990e-01 -3.085656762123107910e-01
-2.526368796825408936e-01 3.052861690521240234e-01 -5.174690485000610352e-01
-2.956972420215606689e-01 2.853413224220275879e-01 -5.315859317779541016e-01
-3.120980262756347656e-01 2.883468866348266602e-01 -5.581122040748596191e-01
-3.468275070190429688e-01 2.931680381298065186e-01 -5.758493542671203613e-01
-3.197062015533447266e-01 2.886131107807159424e-01 -5.549762845039367676e-01
-3.095489144325256348e-01 3.076143562793731689e-01 -4.602121710777282715e-01
-2.688147127628326416e-01 3.292356133460998535e-01 -4.382607340812683105e-01
-2.858197391033172607e-01 3.384525477886199951e-01 -4.381966292858123779e-01
-1.885038465261459351e-01 3.031751513481140137e-01 -4.238269627094268799e-01
-3.317705169320106506e-02 3.026758432388305664e-01 -3.050659596920013428e-01
8.061143569648265839e-03 3.299458622932434082e-01 -1.209174990653991699e-01
2.299890965223312378e-01 1.843138635158538818e-01 -8.648070693016052246e-02
2.760444283485412598e-01 1.807757914066314697e-01 -1.826479285955429077e-01
2.529821693897247314e-01 1.864535063505172729e-01 -4.951590672135353088e-02
-2.346594929695129395e-01 2.963568866252899170e-01 2.949447929859161377e-01
-2.779695689678192139e-01 3.848579227924346924e-01 4.095182120800018311e-01
-3.319201767444610596e-01 4.411286115646362305e-01 3.478550612926483154e-01
-4.283652901649475098e-01 4.287761449813842773e-01 3.592574596405029297e-01
-4.702103435993194580e-01 4.308134615421295166e-01 3.273638188838958740e-01
-4.720541238784790039e-01 3.930894136428833008e-01 2.979724407196044922e-01
-4.956993460655212402e-01 4.049312770366668701e-01 3.029836118221282959e-01
-5.263906717300415039e-01 4.361426234245300293e-01 2.809450328350067139e-01
-5.675898790359497070e-01 3.926133811473846436e-01 3.437795639038085938e-01
-5.585883259773254395e-01 3.239569365978240967e-01 2.859025299549102783e-01
-5.152648687362670898e-01 3.042616844177246094e-01 3.372284173965454102e-01
-4.645776152610778809e-01 2.907043099403381348e-01 3.478828072547912598e-01
-4.225454628467559814e-01 3.118712306022644043e-01 4.198774397373199463e-01
-2.975446283817291260e-01 2.542208135128021240e-01 3.458296954631805420e-01
-1.203818246722221375e-01 2.524216175079345703e-01 3.715372979640960693e-01
2.947945147752761841e-02 3.084616959095001221e-01 2.156993150711059570e-01
1.262886673212051392e-01 2.578352391719818115e-01 1.516093313694000244e-01
1.302210092544555664e-01 1.632975935935974121e-01 1.484673619270324707e-01
1.292897909879684448e-01 1.248220801353454590e-01 2.029929310083389282e-01
7.056111097335815430e-02 1.654863357543945312e-01 3.282745480537414551e-01
6.851841509342193604e-02 1.005438119173049927e-01 4.135394990444183350e-01
1.476000845432281494e-01 5.371278151869773865e-02 2.548103928565979004e-01
6.481109559535980225e-02 8.440323919057846069e-02 2.905412018299102783e-01
9.892990440130233765e-02 6.652501970529556274e-02 2.628138363361358643e-01
1.518293470144271851e-01 1.278132498264312744e-01 2.152652442455291748e-01
1.611898839473724365e-01 1.263076364994049072e-01 2.561987340450286865e-01
2.069088816642761230e-01 9.521071612834930420e-02 2.475529164075851440e-01
2.728129625320434570e-01 1.083658561110496521e-01 2.450672090053558350e-01
2.043762952089309692e-01 -5.780306458473205566e-02 2.712576389312744141e-01
1.550085246562957764e-01 -4.229020327329635620e-02 3.023237884044647217e-01
1.911174356937408447e-01 -7.149429619312286377e-02 2.582709789276123047e-01
2.089496254920959473e-01 -7.823136448860168457e-02 2.343394756317138672e-01
2.077482640743255615e-01 -8.650318533182144165e-02 1.902670711278915405e-01
1.740203201770782471e-01 -1.380886882543563843e-01 1.718332320451736450e-01
2.048624455928802490e-01 -1.540100425481796265e-01 1.776051074266433716e-01
2.433283627033233643e-01 -7.153258472681045532e-02 2.171574532985687256e-01
2.262444645166397095e-01 -7.284576445817947388e-02 1.897605359554290771e-01
1.957821696996688843e-01 1.713785156607627869e-02 1.598893702030181885e-01
1.076282784342765808e-01 1.042527053505182266e-02 1.957921534776687622e-01
1.037956699728965759e-01 -4.653243348002433777e-02 1.990332901477813721e-01
1.718797832727432251e-01 -9.621843695640563965e-02 1.288140118122100830e-01
1.386366635560989380e-01 -1.697008013725280762e-01 1.603173762559890747e-01
1.759576797485351562e-01 -1.766658127307891846e-01 8.457370102405548096e-02
2.058017998933792114e-01 -1.361079663038253784e-01 1.190283820033073425e-01
