1.143223650662559057e-02
7.621491004417061538e-03
0.000000000000000000e+00
1.670589403987681187e-01
3.311750428173914074e-01
3.699969399369384959e-01
2.018417764000419723e-01
0.000000000000000000e+00
0.000000000000000000e+00
0.000000000000000000e+00
0.000000000000000000e+00
0.000000000000000000e+00
0.000000000000000000e+00
3.959091342341616165e-02
6.056956573596465609e-02
6.927697325863305111e-02
3.991439882652111915e-02
8.480606645378219524e-03
0.000000000000000000e+00
0.000000000000000000e+00
0.000000000000000000e+00
0.000000000000000000e+00
0.000000000000000000e+00
0.000000000000000000e+00
0.000000000000000000e+00
0.000000000000000000e+00
0.000000000000000000e+00
0.000000000000000000e+00
0.000000000000000000e+00
7.768487535020169999e-06
8.220147167716436790e-03
1.482958334019472517e-02
1.331190812381908770e-02
3.750807201676355836e-03
0.000000000000000000e+00
0.000000000000000000e+00
0.000000000000000000e+00
6.555289349180303329e-03
8.569682588902897274e-03
2.413156217399682960e-03
0.000000000000000000e+00
0.000000000000000000e+00
0.000000000000000000e+00
0.000000000000000000e+00
1.268286996398492123e-03
0.000000000000000000e+00
0.000000000000000000e+00
0.000000000000000000e+00
0.000000000000000000e+00
0.000000000000000000e+00
0.000000000000000000e+00
0.000000000000000000e+00
0.000000000000000000e+00
0.000000000000000000e+00
5.121503331657753033e-04
0.000000000000000000e+00
0.000000000000000000e+00
0.000000000000000000e+00
0.000000000000000000e+00
0.000000000000000000e+00
0.000000000000000000e+00
0.000000000000000000e+00
0.000000000000000000e+00
0.000000000000000000e+00
0.000000000000000000e+00
0.000000000000000000e+00
1.011140464674640561e-02
4.551082655032728796e-02
4.986766881551406988e-02
3.412390137537583967e-02
0.000000000000000000e+00
0.000000000000000000e+00
1.878159785786980094e-03
2.942594342698966539e-02
4.439046934968828018e-02
2.834994103392336415e-02
2.207145929317182870e-03
0.000000000000000000e+00
1.946692266391578368e-03
6.181073280282472181e-03
1.000852742690109490e-03
0.000000000000000000e+00
0.000000000000000000e+00
0.000000000000000000e+00
5.942166122267808319e-03
1.259336372998300611e-02
1.474256581327738208e-02
1.270955378830992445e-02
1.098215266743346984e-02
1.130294875505568133e-02
1.147750422777838418e-02
1.312540046088064329e-02
1.762097070182377587e-02
2.425882639737646923e-02
2.188202100319922017e-02
1.434636131951901386e-02
1.873420775801190965e-04
0.000000000000000000e+00
0.000000000000000000e+00
0.000000000000000000e+00
0.000000000000000000e+00
0.000000000000000000e+00
0.000000000000000000e+00
0.000000000000000000e+00
0.000000000000000000e+00
5.852145284114055636e-03
1.358428199591144893e-02
1.005754565288928017e-02
0.000000000000000000e+00
0.000000000000000000e+00
0.000000000000000000e+00
0.000000000000000000e+00
2.227280383694437982e-01
4.123488093001914101e-01
