-1.939345151185989380e-01 -1.298993229866027832e-01 2.782731950283050537e-01
-2.563738524913787842e-01 -2.679582834243774414e-01 2.765565216541290283e-01
-1.143333539366722107e-01 -3.301671445369720459e-01 3.084991574287414551e-01
1.119951382279396057e-01 -1.700979024171829224e-01 1.832522451877593994e-01
1.439967751502990723e-01 1.716562919318675995e-02 1.181570887565612793e-01
-4.494991153478622437e-02 1.638148725032806396e-01 4.675606638193130493e-02
-8.625163882970809937e-02 1.679119020700454712e-01 -9.153914451599121094e-02
3.104600496590137482e-02 1.377777010202407837e-01 5.580867081880569458e-02
2.885690033435821533e-01 1.243987753987312317e-01 5.122161656618118286e-02
3.773120939731597900e-01 2.527511417865753174e-01 1.049782484769821167e-01
1.890130937099456787e-01 3.148138225078582764e-01 1.781734675168991089e-01
6.447915732860565186e-02 3.719229698181152344e-01 2.043931484222412109e-01
-2.298009209334850311e-02 3.811567127704620361e-01 3.082300424575805664e-01
1.260484196245670319e-02 2.168084830045700073e-01 2.039594948291778564e-01
9.832838177680969238e-02 1.370022073388099670e-03 4.061518982052803040e-02
2.948275022208690643e-02 -1.273193657398223877e-01 -6.024540960788726807e-02
1.769243180751800537e-02 -1.056520193815231323e-01 -6.892462819814682007e-02
3.450539335608482361e-02 -1.239422783255577087e-01 -5.355522781610488892e-02
1.233485992997884750e-02 -6.073451414704322815e-02 -5.050550773739814758e-02
-3.332047164440155029e-02 -2.691091410815715790e-02 -3.072270750999450684e-02
-5.126113817095756531e-02 5.628776550292968750e-02 6.107447296380996704e-02
-9.585851430892944336e-02 1.696088314056396484e-01 1.226305440068244934e-01
-6.518638134002685547e-02 8.692345023155212402e-02 1.227854490280151367e-01
-4.461029544472694397e-02 4.113297164440155029e-02 4.049210622906684875e-02
-6.327672302722930908e-02 -2.459393348544836044e-03 -2.315880730748176575e-03
-1.669785380363464355e-02 -2.551607601344585419e-02 4.090507328510284424e-02
-4.557701200246810913e-02 4.816138651221990585e-03 6.794968992471694946e-02
-1.576389968395233154e-01 -4.516849294304847717e-02 8.570421487092971802e-02
-2.501229643821716309e-01 -5.369629710912704468e-02 6.486149132251739502e-02
-1.777590215206146240e-01 -2.749936096370220184e-02 7.371512055397033691e-02
-8.819058537483215332e-02 -3.433829173445701599e-02 2.912999503314495087e-02
1.989414542913436890e-02 8.685531211085617542e-04 -4.034117609262466431e-02
5.171802639961242676e-02 -9.156610816717147827e-02 -1.604025214910507202e-01
1.337554305791854858e-01 -1.324537545442581177e-01 -2.178583741188049316e-01
1.425868868827819824e-01 -1.003288179636001587e-01 -2.113330066204071045e-01
2.059940695762634277e-01 -1.811756044626235962e-01 -2.364697605371475220e-01
3.404869437217712402e-01 -1.518166214227676392e-01 -8.492261171340942383e-02
3.874306976795196533e-01 -1.935331076383590698e-01 2.747172676026821136e-02
3.746944963932037354e-01 -2.340453714132308960e-01 4.411090165376663208e-02
4.503521323204040527e-02 -1.924619674682617188e-01 -7.289428263902664185e-02
-3.347302079200744629e-01 -2.264825701713562012e-01 -2.249613255262374878e-01
-5.024238824844360352e-01 -1.622415035963058472e-01 -2.077083438634872437e-01
-4.551238119602203369e-01 -6.737397611141204834e-02 -7.997130602598190308e-02
-2.332307547330856323e-01 1.183521095663309097e-02 6.858489010483026505e-03
-1.442665904760360718e-01 -7.827672379789873958e-05 -2.013685926795005798e-02
-1.156375464051961899e-02 -4.236463084816932678e-02 -1.635266654193401337e-02
2.414108254015445709e-02 -7.957017049193382263e-03 4.333519563078880310e-02
1.825206167995929718e-02 1.135256513953208923e-01 2.364657372236251831e-01
1.623138934373855591e-01 3.280792534351348877e-01 2.178741097450256348e-01
-1.147076487541198730e-02 3.180486857891082764e-01 1.172814518213272095e-01
-9.970320761203765869e-02 7.477315515279769897e-02 -1.312745660543441772e-01
-2.051419913768768311e-01 -2.373641729354858398e-01 -3.919698894023895264e-01
-2.041976749897003174e-01 -3.355214893817901611e-01 -4.275208115577697754e-01
4.834743216633796692e-02 -2.195371836423873901e-01 -4.050078690052032471e-01
1.303469687700271606e-01 -2.714301925152540207e-03 -2.298015207052230835e-01
8.483825623989105225e-02 1.240081414580345154e-01 -7.681276649236679077e-03
2.588060684502124786e-03 1.367307603359222412e-01 1.722309924662113190e-02
2.116540260612964630e-02 9.049081057310104370e-02 6.003103777766227722e-02
6.144173443317413330e-02 9.250923991203308105e-03 1.743447333574295044e-01
4.984681308269500732e-02 -1.621873117983341217e-02 2.445738911628723145e-01
-7.703544944524765015e-02 9.267136454582214355e-03 2.998244166374206543e-01
-2.017524093389511108e-02 -1.228002645075321198e-02 2.616486251354217529e-01
1.396864205598831177e-01 -2.073734533041715622e-03 2.267320752143859863e-01
3.768565356731414795e-01 -2.839139662683010101e-02 3.233418166637420654e-01
4.262053072452545166e-01 -3.481477871537208557e-02 3.914882838726043701e-01
3.035950362682342529e-01 1.075158417224884033e-01 4.137691855430603027e-01
2.515758872032165527e-01 1.614602059125900269e-01 3.697148859500885010e-01
2.233716994524002075e-01 1.203876659274101257e-01 1.096130535006523132e-01
2.272193580865859985e-01 6.435436755418777466e-02 -6.954862177371978760e-02
2.156708389520645142e-01 -5.085948854684829712e-03 -2.108583450317382812e-01
1.782782673835754395e-01 2.680728025734424591e-02 -2.748457491397857666e-01
1.598269194364547729e-01 6.385627388954162598e-02 -2.484944462776184082e-01
9.324967861175537109e-02 1.024181023240089417e-01 -2.337978929281234741e-01
-6.615369021892547607e-02 1.463937461376190186e-01 -1.154363453388214111e-01
-3.048957586288452148e-01 9.493180364370346069e-02 -4.827095940709114075e-02
-2.903410494327545166e-01 1.059325970709323883e-02 -8.526074886322021484e-02
-4.685654863715171814e-02 5.884302407503128052e-02 -1.853134632110595703e-01
-9.256777912378311157e-02 3.368463516235351562e-01 -3.812730908393859863e-01
-1.192720383405685425e-01 4.635742306709289551e-01 -4.404238164424896240e-01
-2.102629989385604858e-01 4.735455214977264404e-01 -3.524756431579589844e-01
-2.096593827009201050e-01 3.063425719738006592e-01 -2.286353409290313721e-01
5.047268792986869812e-02 1.570001095533370972e-01 6.434459984302520752e-02
4.136953502893447876e-02 1.133917942643165588e-01 1.336364746093750000e-01
-5.229495465755462646e-02 5.573860928416252136e-02 1.056877374649047852e-01
-1.782586872577667236e-01 -7.189073413610458374e-02 1.126879602670669556e-01
-9.457955136895179749e-03 -3.265906274318695068e-01 1.724512279033660889e-01
1.565409004688262939e-01 -4.098191261291503906e-01 3.315198123455047607e-01
2.903243601322174072e-01 -4.454150497913360596e-01 4.462155997753143311e-01
3.367332220077514648e-01 -3.506317138671875000e-01 5.061763525009155273e-01
1.619332581758499146e-01 -1.355184614658355713e-01 4.077852964401245117e-01
1.147851049900054932e-01 1.019011531025171280e-02 2.393511086702346802e-01
7.020260393619537354e-02 1.383942272514104843e-02 7.795990258455276489e-02
-4.246139898896217346e-02 -8.439100533723831177e-02 -6.517470348626375198e-03
-5.979355797171592712e-02 -1.077083498239517212e-01 3.795659542083740234e-02
-1.110951527953147888e-01 -9.165976941585540771e-02 4.329290241003036499e-02
-1.293188184499740601e-01 -3.702494129538536072e-02 7.522471249103546143e-02
-1.600363850593566895e-01 -7.240367680788040161e-02 9.119854867458343506e-02
-2.515065670013427734e-01 -1.396209746599197388e-01 3.791241347789764404e-02
-1.786398440599441528e-01 -7.646939903497695923e-02 3.985377401113510132e-02
-6.555406749248504639e-02 -4.436039179563522339e-02 1.462845597416162491e-02
4.272699356079101562e-02 -8.119688928127288818e-02 -5.186703056097030640e-02
1.356680179014801979e-03 -3.476404771208763123e-02 -1.341771185398101807e-01
-1.943625211715698242e-01 8.720483630895614624e-02 -2.454984337091445923e-01
-1.812096685171127319e-01 2.565559744834899902e-01 -2.220965921878814697e-01
-9.054419398307800293e-02 3.191894590854644775e-01 -1.755481064319610596e-01
3.624306991696357727e-02 2.028205096721649170e-01 -8.203978836536407471e-02
