-1.426509022712707520e-01 5.451910942792892456e-02 -1.285172700881958008e-01
-2.193867862224578857e-01 -4.086661711335182190e-02 -5.137066915631294250e-02
-1.921901851892471313e-01 -1.426989436149597168e-01 1.104789227247238159e-01
1.288947928696870804e-02 -1.895157247781753540e-01 2.762442529201507568e-01
2.229590117931365967e-01 -2.093107551336288452e-01 2.669498324394226074e-01
2.174017727375030518e-01 -9.543167054653167725e-02 1.425366252660751343e-01
5.077415332198143005e-02 -1.460280269384384155e-01 2.001310000196099281e-03
-1.704457104206085205e-01 -2.116963565349578857e-01 -1.831006631255149841e-02
-2.775917947292327881e-01 -8.475858718156814575e-02 9.988473355770111084e-02
-2.788196206092834473e-01 2.754293940961360931e-02 1.936697959899902344e-01
-2.363069057464599609e-01 2.578938305377960205e-01 2.280434370040893555e-01
-7.941435277462005615e-02 2.430197149515151978e-01 6.289783120155334473e-02
1.769379675388336182e-01 3.086677193641662598e-02 -2.176421582698822021e-01
3.459888398647308350e-01 -6.413070112466812134e-02 -3.660525083541870117e-01
3.605320751667022705e-01 -1.351180374622344971e-01 -3.585086166858673096e-01
2.498082071542739868e-01 -6.232207641005516052e-02 -2.221776247024536133e-01
1.063400655984878540e-01 3.310483880341053009e-03 -3.532237932085990906e-02
1.136698760092258453e-03 3.283302858471870422e-02 6.265938282012939453e-02
-9.122241288423538208e-02 9.797739982604980469e-02 1.086905077099800110e-01
-1.677584648132324219e-01 1.121461391448974609e-01 1.753902286291122437e-01
-1.574815958738327026e-01 7.736626267433166504e-02 1.199262663722038269e-01
-5.119475722312927246e-02 -3.396554291248321533e-02 2.543463557958602905e-02
6.428290158510208130e-02 -9.126356244087219238e-02 -9.084010869264602661e-02
7.307314127683639526e-02 -5.843902379274368286e-02 -1.401268839836120605e-01
1.689870469272136688e-02 2.210709825158119202e-02 -5.585980415344238281e-02
-1.397996395826339722e-02 1.374974548816680908e-01 -2.379528619349002838e-02
1.253528986126184464e-02 1.713697314262390137e-01 -1.404211763292551041e-02
4.202792420983314514e-02 1.005796641111373901e-01 -1.024579908698797226e-02
3.661073744297027588e-02 -2.379267476499080658e-02 -2.643635310232639313e-02
2.147136628627777100e-02 -1.678024977445602417e-01 9.010409004986286163e-03
4.346465319395065308e-02 -2.186656892299652100e-01 -3.507293015718460083e-02
6.454447656869888306e-02 -1.888651698827743530e-01 -8.673802763223648071e-02
3.396535292267799377e-02 -1.248256564140319824e-01 -7.147297263145446777e-02
-1.093376986682415009e-02 -7.110809534788131714e-02 -9.934893995523452759e-02
-1.354785263538360596e-01 -8.043470233678817749e-02 -6.580732017755508423e-02
-1.702349483966827393e-01 -1.000355705618858337e-01 -7.983792573213577271e-02
-1.158431619405746460e-01 -1.063150167465209961e-01 -1.052405014634132385e-01
8.421270549297332764e-02 4.688258096575737000e-02 -2.106587029993534088e-02
3.545782566070556641e-01 2.699224352836608887e-01 1.426525879651308060e-02
3.980635702610015869e-01 4.061267077922821045e-01 7.934030890464782715e-02
2.533011138439178467e-01 3.835642635822296143e-01 1.065893098711967468e-01
-1.065336167812347412e-01 1.518109291791915894e-01 1.126698926091194153e-01
-2.802341580390930176e-01 -1.503418236970901489e-01 1.243805587291717529e-01
-2.342612743377685547e-01 -2.456942349672317505e-01 7.350612431764602661e-02
-1.320722252130508423e-01 -1.533758342266082764e-01 3.992420434951782227e-02
-1.858499795198440552e-01 2.948851697146892548e-02 8.596020936965942383e-02
-3.507970571517944336e-01 5.242085456848144531e-02 2.218984663486480713e-01
-2.810256183147430420e-01 2.642212994396686554e-02 2.596577107906341553e-01
5.119439959526062012e-02 4.246947355568408966e-03 8.726046234369277954e-02
3.864205777645111084e-01 -3.058341518044471741e-02 -2.555575966835021973e-01
4.236889779567718506e-01 -2.532423473894596100e-02 -4.257019162178039551e-01
1.697842925786972046e-01 -2.211644947528839111e-01 -3.749687671661376953e-01
-1.645293980836868286e-01 -2.864564359188079834e-01 -1.042098402976989746e-01
-2.421083599328994751e-01 -1.998795121908187866e-01 2.192435115575790405e-01
-1.390100568532943726e-01 -4.778619855642318726e-03 2.953127920627593994e-01
-2.112138457596302032e-02 1.684104651212692261e-01 2.078228741884231567e-01
-2.334535308182239532e-02 1.505272090435028076e-01 2.072803303599357605e-02
-1.115646213293075562e-01 1.017464250326156616e-01 -9.484835714101791382e-02
-2.031769305467605591e-01 1.239442899823188782e-01 -1.147835552692413330e-01
-1.791971176862716675e-01 1.071884483098983765e-01 -9.741372615098953247e-02
-1.050023883581161499e-01 1.570226065814495087e-02 -6.423882395029067993e-02
-1.143866255879402161e-01 -1.025246158242225647e-01 -7.180690020322799683e-02
-1.195440888404846191e-01 -1.720752716064453125e-01 -7.556119561195373535e-02
-6.814436614513397217e-02 -9.251847118139266968e-02 2.190937288105487823e-02
4.972031712532043457e-02 8.035067003220319748e-04 1.167637631297111511e-01
2.562887072563171387e-01 -3.207819908857345581e-02 1.279627680778503418e-01
3.315057158470153809e-01 -1.112090200185775757e-01 5.919534713029861450e-02
2.871727049350738525e-01 -1.919560432434082031e-01 -7.822527736425399780e-02
2.037421166896820068e-01 -1.749781072139739990e-01 -1.025755554437637329e-01
4.058381915092468262e-02 -3.620081394910812378e-02 -2.868412248790264130e-02
1.569856703281402588e-02 6.802335381507873535e-02 4.410307854413986206e-02
6.048008054494857788e-02 1.991172581911087036e-01 1.201602146029472351e-01
1.477346569299697876e-01 2.865675985813140869e-01 9.134066104888916016e-02
2.137849181890487671e-01 2.573365271091461182e-01 4.014834295958280563e-03
7.360675930976867676e-02 1.075127571821212769e-01 -3.877451643347740173e-02
-8.939204417401924729e-05 -1.167347580194473267e-01 9.353525936603546143e-02
-4.752660915255546570e-02 -2.303705811500549316e-01 2.962427437305450439e-01
-6.007125228643417358e-02 -1.137578338384628296e-01 3.900872468948364258e-01
4.162653931416571140e-04 1.358404606580734253e-01 2.266167253255844116e-01
-1.840113103389739990e-01 1.792512536048889160e-01 -1.412674039602279663e-01
-2.251469045877456665e-01 1.128098145127296448e-01 -3.180597126483917236e-01
-1.855578273534774780e-01 1.490350253880023956e-02 -3.373933732509613037e-01
-9.626389294862747192e-02 6.998550146818161011e-02 -2.540847957134246826e-01
-1.001077964901924133e-01 1.489531695842742920e-01 -3.075579106807708740e-01
-3.816660940647125244e-01 2.656170539557933807e-02 -3.860704004764556885e-01
-5.531581640243530273e-01 -1.006456464529037476e-01 -3.885123729705810547e-01
-4.976617693901062012e-01 -1.810832917690277100e-01 -2.362312227487564087e-01
-1.598081141710281372e-01 -8.223812282085418701e-02 1.644488424062728882e-01
3.478177189826965332e-01 3.297556936740875244e-02 3.584382236003875732e-01
4.979248344898223877e-01 2.888568490743637085e-02 3.645124733448028564e-01
4.319028258323669434e-01 1.692331023514270782e-02 1.740990728139877319e-01
2.674722969532012939e-01 3.921871632337570190e-02 -4.388349130749702454e-02
1.539009660482406616e-01 8.692227303981781006e-02 -9.214853495359420776e-02
8.569764345884323120e-02 9.870621562004089355e-02 -8.003955706954002380e-03
3.021881915628910065e-02 7.796137779951095581e-02 5.107768252491950989e-02
3.338813036680221558e-02 1.185170188546180725e-01 1.273570489138364792e-02
2.604655735194683075e-02 9.964700043201446533e-02 -4.589994903653860092e-03
-7.422371301800012589e-03 -1.986694894731044769e-02 -2.503246255218982697e-02
-2.887624502182006836e-02 -1.865298300981521606e-01 -3.839944303035736084e-02
-1.363791758194565773e-03 -2.826416492462158203e-01 -3.366446122527122498e-02
1.222995072603225708e-01 -2.199577987194061279e-01 8.906955830752849579e-03
2.003698199987411499e-01 -1.242492645978927612e-01 1.701944917440414429e-01
1.474853008985519409e-01 -7.558560371398925781e-02 2.815252244472503662e-01
3.751851036213338375e-04 -4.094175249338150024e-02 2.168031632900238037e-01
-1.126388683915138245e-01 -4.374212026596069336e-02 7.856035232543945312e-02
-1.149757206439971924e-01 -1.007585320621728897e-02 -5.398240685462951660e-02
