1.143223650662559057e-02
7.621491004417061538e-03
0.000000000000000000e+00
0.000000000000000000e+00
0.000000000000000000e+00
0.000000000000000000e+00
0.000000000000000000e+00
0.000000000000000000e+00
2.070476602757599371e-01
3.693770454497457001e-01
3.760680449266055048e-01
1.578408158754020241e-01
0.000000000000000000e+00
0.000000000000000000e+00
0.000000000000000000e+00
0.000000000000000000e+00
5.072315606109958214e-02
1.520840758751434117e-02
2.282472929146835139e-02
2.486737342691616726e-02
2.184579228943654347e-02
1.477142434893329546e-02
7.160783642226077432e-03
5.630429393612333862e-03
7.287911219305521007e-03
9.337437095021069652e-03
1.041298593866541930e-02
2.868857091740625344e-03
0.000000000000000000e+00
0.000000000000000000e+00
0.000000000000000000e+00
0.000000000000000000e+00
0.000000000000000000e+00
0.000000000000000000e+00
0.000000000000000000e+00
0.000000000000000000e+00
0.000000000000000000e+00
0.000000000000000000e+00
0.000000000000000000e+00
0.000000000000000000e+00
0.000000000000000000e+00
3.194757761812218599e-01
4.914499188867563206e-01
4.081498458443662547e-01
1.920615733113099355e-01
0.000000000000000000e+00
0.000000000000000000e+00
0.000000000000000000e+00
2.429972899607975301e-01
4.790290144171034936e-01
5.328127714028112472e-01
2.814991120200086572e-01
0.000000000000000000e+00
0.000000000000000000e+00
0.000000000000000000e+00
0.000000000000000000e+00
2.252256071119527331e-02
2.186113447084459330e-02
1.715346591303964358e-02
4.207263991720559988e-03
0.000000000000000000e+00
0.000000000000000000e+00
0.000000000000000000e+00
0.000000000000000000e+00
0.000000000000000000e+00
0.000000000000000000e+00
0.000000000000000000e+00
0.000000000000000000e+00
0.000000000000000000e+00
0.000000000000000000e+00
0.000000000000000000e+00
2.560592923531194998e-02
4.345277045663729215e-02
4.180555454766795437e-02
3.072917989519147533e-02
1.105770934934218776e-02
1.104154438276482540e-02
1.515345251588749026e-02
1.791435030836243877e-02
2.129077862852795516e-02
1.574127001094938194e-02
1.126415574263810171e-02
9.631883705648566427e-03
9.029953845880464916e-03
1.406587879782516051e-02
2.121930098404873830e-02
2.550197338190545587e-02
1.966028880817725574e-02
4.110495152231187325e-03
0.000000000000000000e+00
0.000000000000000000e+00
0.000000000000000000e+00
6.768789017461237199e-03
9.484613882445385238e-03
6.933680398654593069e-03
5.695583512496987279e-03
7.358914962786151405e-03
5.259193377006187234e-03
9.929883120081361113e-04
0.000000000000000000e+00
0.000000000000000000e+00
0.000000000000000000e+00
0.000000000000000000e+00
0.000000000000000000e+00
2.124245555424995879e-01
3.919929268618763119e-01
