-4.133999943733215332e-01 -5.198959112167358398e-01 -3.985454142093658447e-02
-4.877161383628845215e-01 -6.177396178245544434e-01 8.814119547605514526e-02
-5.379567146301269531e-01 -6.516271829605102539e-01 1.098740547895431519e-01
-5.706839561462402344e-01 -6.208835244178771973e-01 1.036758124828338623e-01
-4.776309430599212646e-01 -5.456064343452453613e-01 1.638994365930557251e-01
-4.342204034328460693e-01 -5.861074924468994141e-01 1.901472210884094238e-01
-4.280287623405456543e-01 -6.014509201049804688e-01 1.550311893224716187e-01
-4.368237257003784180e-01 -5.826496481895446777e-01 1.485595256090164185e-01
-3.775900006294250488e-01 -5.817878842353820801e-01 1.297680437564849854e-01
-2.657085359096527100e-01 -5.636920928955078125e-01 2.530675232410430908e-01
-3.182154297828674316e-01 -6.696649193763732910e-01 7.290272414684295654e-02
-4.612353164702653885e-03 -6.245797872543334961e-01 8.341404050588607788e-02
2.358654737472534180e-01 -4.718061983585357666e-01 2.496415823698043823e-01
3.892662525177001953e-01 -4.127549529075622559e-01 2.788591384887695312e-01
4.060436785221099854e-01 -3.851462602615356445e-01 3.025588989257812500e-01
3.813916742801666260e-01 -4.011786580085754395e-01 2.659467458724975586e-01
3.533896207809448242e-01 -4.302664399147033691e-01 2.072739303112030029e-01
3.530567884445190430e-01 -4.350847005844116211e-01 2.157384306192398071e-01
3.566911220550537109e-01 -4.593861997127532959e-01 1.930311769247055054e-01
3.136347830295562744e-01 -4.948657751083374023e-01 1.128717735409736633e-01
3.338393270969390869e-01 -4.819216430187225342e-01 1.038760542869567871e-01
3.133566677570343018e-01 -4.160548746585845947e-01 2.091492265462875366e-01
3.505662977695465088e-01 -4.022493660449981689e-01 2.418010383844375610e-01
3.548262119293212891e-01 -4.411759078502655029e-01 2.279186397790908813e-01
3.283686339855194092e-01 -4.821249842643737793e-01 1.776280254125595093e-01
3.204994499683380127e-01 -4.920502007007598877e-01 1.659520566463470459e-01
3.583461642265319824e-01 -4.752459228038787842e-01 1.564838886260986328e-01
3.686087131500244141e-01 -4.545445740222930908e-01 1.694956719875335693e-01
3.757484257221221924e-01 -4.333465695381164551e-01 1.499783843755722046e-01
3.520052433013916016e-01 -4.335644245147705078e-01 1.602827906608581543e-01
3.621028959751129150e-01 -4.310210347175598145e-01 1.833246797323226929e-01
3.974339663982391357e-01 -4.785852134227752686e-01 1.640568077564239502e-01
3.265454173088073730e-01 -4.662561118602752686e-01 1.348989307880401611e-01
3.337092697620391846e-01 -4.354147613048553467e-01 1.363775581121444702e-01
2.848784923553466797e-01 -4.635698497295379639e-01 8.256513625383377075e-02
2.727908194065093994e-01 -4.481008350849151611e-01 6.724102050065994263e-02
2.447281628847122192e-01 -4.168771207332611084e-01 1.067557781934738159e-01
2.168493717908859253e-01 -4.287205934524536133e-01 1.548704877495765686e-02
2.309419363737106323e-01 -5.416012406349182129e-01 -1.019256263971328735e-01
-4.161188006401062012e-02 -6.399313211441040039e-01 -6.203743163496255875e-03
-3.286125659942626953e-01 -6.066083908081054688e-01 6.850053369998931885e-02
-5.337164402008056641e-01 -6.261307001113891602e-01 1.063951700925827026e-01
-5.450442433357238770e-01 -5.866958498954772949e-01 7.798971980810165405e-02
-6.040158271789550781e-01 -5.583000779151916504e-01 1.220099925994873047e-01
-5.876113176345825195e-01 -6.107368469238281250e-01 1.250172853469848633e-01
-6.087347865104675293e-01 -5.624608397483825684e-01 1.755355298519134521e-01
-6.607851386070251465e-01 -6.101812124252319336e-01 1.306222081184387207e-01
-5.696039795875549316e-01 -5.077975392341613770e-01 1.930611878633499146e-01
-4.742562472820281982e-01 -4.989723861217498779e-01 2.294818460941314697e-01
-3.327226638793945312e-01 -3.806154131889343262e-01 3.985245823860168457e-01
-1.497306078672409058e-01 -2.727364599704742432e-01 3.380640149116516113e-01
-2.399551719427108765e-01 1.048899814486503601e-01 4.306974709033966064e-01
-3.847065865993499756e-01 1.624667644500732422e-01 3.351460695266723633e-01
-5.035548210144042969e-01 3.365433514118194580e-01 2.418688684701919556e-01
-4.850029945373535156e-01 3.822602927684783936e-01 1.460300832986831665e-01
-4.760315120220184326e-01 4.022467434406280518e-01 1.402310281991958618e-01
-4.660034179687500000e-01 3.940705955028533936e-01 1.521738022565841675e-01
-4.601132869720458984e-01 3.926812410354614258e-01 1.847327053546905518e-01
-3.959214985370635986e-01 3.377327919006347656e-01 1.673292517662048340e-01
-3.592309057712554932e-01 2.628954350948333740e-01 2.058188617229461670e-01
-3.078373074531555176e-01 1.614055931568145752e-01 2.364925742149353027e-01
-2.477562874555587769e-01 1.565409153699874878e-01 2.461582720279693604e-01
-8.875874429941177368e-02 6.944992393255233765e-02 1.782100349664688110e-01
-5.246350541710853577e-02 -5.655350908637046814e-02 1.361587345600128174e-01
4.573640413582324982e-03 -1.283138245344161987e-01 1.126488745212554932e-01
8.962983638048171997e-02 -1.994958072900772095e-01 1.484409719705581665e-01
1.440276056528091431e-01 -3.041041195392608643e-01 5.219081416726112366e-02
1.745507866144180298e-01 -3.235149085521697998e-01 1.085289642214775085e-01
2.439238876104354858e-01 -3.713623881340026855e-01 9.374175220727920532e-02
2.535191774368286133e-01 -3.991131782531738281e-01 -5.866025015711784363e-02
2.978121936321258545e-01 -4.156429767608642578e-01 -3.496055677533149719e-02
2.828707993030548096e-01 -4.100364744663238525e-01 -1.378595083951950073e-01
3.051558136940002441e-01 -3.823174238204956055e-01 -2.044654488563537598e-01
2.915608584880828857e-01 -3.554212152957916260e-01 -1.370763331651687622e-01
3.149925768375396729e-01 -4.584824144840240479e-01 -1.857515722513198853e-01
3.183223903179168701e-01 -4.813035130500793457e-01 -1.734001189470291138e-01
2.839331924915313721e-01 -4.834369719028472900e-01 -1.652728021144866943e-01
1.761593520641326904e-01 -4.723960757255554199e-01 -1.751330345869064331e-01
3.312157094478607178e-01 -4.626590013504028320e-01 -2.441487312316894531e-01
2.689508795738220215e-01 -9.271906316280364990e-02 -1.537512093782424927e-01
2.392984181642532349e-01 8.815525472164154053e-02 -1.027527377009391785e-01
2.379395961761474609e-01 7.186625152826309204e-02 3.434693813323974609e-02
2.487911880016326904e-01 6.780897080898284912e-02 -1.613186113536357880e-02
3.083547949790954590e-01 -1.863286085426807404e-02 -1.992288418114185333e-02
2.615826129913330078e-01 -3.370985016226768494e-02 2.716194093227386475e-02
2.143214344978332520e-01 -2.951584290713071823e-03 6.063148006796836853e-02
1.630289256572723389e-01 8.120729029178619385e-02 8.908247202634811401e-02
2.711614370346069336e-01 -1.356305181980133057e-01 -1.169013790786266327e-02
3.511091470718383789e-01 -1.691395491361618042e-01 -5.607460811734199524e-02
3.186646401882171631e-01 -1.966267228126525879e-01 3.391316533088684082e-02
3.247166872024536133e-01 -1.594978123903274536e-01 1.013778001070022583e-01
3.642137646675109863e-01 -1.969164311885833740e-01 2.637889608740806580e-02
3.413686156272888184e-01 -1.570670306682586670e-01 8.699371665716171265e-02
2.904497683048248291e-01 -1.280896365642547607e-01 1.116466522216796875e-01
3.080370724201202393e-01 -1.122322008013725281e-01 1.390756219625473022e-01
3.187491893768310547e-01 -1.051726341247558594e-01 1.418502181768417358e-01
3.102107942104339600e-01 -6.314856559038162231e-02 1.747468858957290649e-01
3.269356489181518555e-01 -2.009525708854198456e-02 1.838911473751068115e-01
3.242934644222259521e-01 -5.456209555268287659e-02 2.113368362188339233e-01
3.100309669971466064e-01 -1.789228804409503937e-02 2.508295476436614990e-01
3.531014025211334229e-01 2.065021079033613205e-03 2.613630294799804688e-01
3.354261219501495361e-01 -2.677117288112640381e-02 1.662583500146865845e-01
2.306662350893020630e-01 -9.614100307226181030e-02 1.476016640663146973e-01
2.425342798233032227e-01 -1.188625395298004150e-01 1.412028223276138306e-01
3.493168354034423828e-01 -5.169699341058731079e-02 1.603773981332778931e-01
4.153300821781158447e-01 -8.952928334474563599e-02 1.106921061873435974e-01
