-4.777062535285949707e-01 -4.418785870075225830e-02 -2.658257484436035156e-01
-4.878160655498504639e-01 -7.197228819131851196e-02 -2.843624651432037354e-01
-5.143390297889709473e-01 -1.568707078695297241e-01 -2.921239137649536133e-01
-4.981012344360351562e-01 -2.515350580215454102e-01 -2.924065291881561279e-01
-3.604873120784759521e-01 -5.348440259695053101e-02 -4.094329774379730225e-01
-8.034194260835647583e-02 3.333041369915008545e-01 -3.542845249176025391e-01
-1.507854908704757690e-01 4.188166260719299316e-01 -2.891938090324401855e-01
-1.791410297155380249e-01 4.603700935840606689e-01 -2.037009447813034058e-01
-1.809773892164230347e-01 4.425490796566009521e-01 -2.110184580087661743e-01
-1.649558097124099731e-01 4.609212279319763184e-01 9.471094608306884766e-02
-1.374943256378173828e-01 5.175547599792480469e-01 2.107519954442977905e-01
-1.859781593084335327e-01 5.768151283264160156e-01 2.558200657367706299e-01
1.336891110986471176e-02 5.514703392982482910e-01 1.796975731849670410e-01
1.197794601321220398e-01 3.124380111694335938e-01 1.548425853252410889e-01
1.199340224266052246e-01 3.175519704818725586e-01 3.708356022834777832e-01
2.954412996768951416e-02 3.392158746719360352e-01 4.510653316974639893e-01
4.210434481501579285e-02 3.246063292026519775e-01 4.317442774772644043e-01
2.606739848852157593e-02 2.953241467475891113e-01 4.181052148342132568e-01
5.803226307034492493e-02 2.584141492843627930e-01 4.204344451427459717e-01
9.327720105648040771e-02 1.824984401464462280e-01 4.400694370269775391e-01
6.390925496816635132e-02 1.672501116991043091e-01 4.136808812618255615e-01
1.354943513870239258e-01 1.187776103615760803e-01 4.272108376026153564e-01
1.771387606859207153e-01 7.280280441045761108e-02 3.429595232009887695e-01
9.697167575359344482e-02 8.320406824350357056e-02 4.032344222068786621e-01
6.836052238941192627e-02 1.633129268884658813e-01 4.921572506427764893e-01
4.573476314544677734e-02 1.305774003267288208e-01 4.951687753200531006e-01
-3.893992677330970764e-02 1.925228238105773926e-01 4.569926559925079346e-01
-1.411927342414855957e-01 3.240844607353210449e-01 4.717976450920104980e-01
-2.264739722013473511e-01 4.499027729034423828e-01 3.728567063808441162e-01
-2.371314167976379395e-01 4.887577891349792480e-01 1.742305755615234375e-01
-2.441785931587219238e-01 4.278972744941711426e-01 5.870749428868293762e-02
-2.876083254814147949e-01 4.353335797786712646e-01 2.976193092763423920e-02
-3.596900403499603271e-01 4.752615392208099365e-01 -2.664477005600929260e-02
-4.283375442028045654e-01 4.699133336544036865e-01 2.232104912400245667e-02
-4.911161065101623535e-01 4.652163684368133545e-01 5.153208598494529724e-02
-4.491876959800720215e-01 4.504909813404083252e-01 2.440752089023590088e-02
-4.579646289348602295e-01 4.037393927574157715e-01 3.525368869304656982e-02
-5.089480876922607422e-01 4.103424847126007080e-01 5.032138153910636902e-02
-4.989954531192779541e-01 3.988522589206695557e-01 1.371651235967874527e-02
-4.864259362220764160e-01 3.525486290454864502e-01 5.651661194860935211e-03
-5.243517756462097168e-01 3.660234212875366211e-01 3.941751271486282349e-02
-4.932689964771270752e-01 3.544590473175048828e-01 4.859966039657592773e-02
-5.287230014801025391e-01 3.648494780063629150e-01 1.045483723282814026e-01
-5.146848559379577637e-01 3.058315813541412354e-01 2.008265405893325806e-01
-4.294345676898956299e-01 2.781957089900970459e-01 2.764206528663635254e-01
-3.934471905231475830e-01 2.674905359745025635e-01 3.194383084774017334e-01
-3.659171164035797119e-01 2.841274440288543701e-01 2.931342720985412598e-01
1.595510542392730713e-02 1.615699976682662964e-01 1.944338232278823853e-01
1.293591707944869995e-01 -6.328740622848272324e-03 3.719244003295898438e-01
1.656854599714279175e-01 6.212015170603990555e-03 3.896118700504302979e-01
2.347318679094314575e-01 3.680758923292160034e-02 3.301936686038970947e-01
1.781568974256515503e-01 4.614733904600143433e-02 3.154577910900115967e-01
2.332762032747268677e-01 7.835883647203445435e-02 2.837122678756713867e-01
2.214750051498413086e-01 5.150515213608741760e-02 2.898894846439361572e-01
2.309842109680175781e-01 3.691885992884635925e-02 2.867540121078491211e-01
2.727974951267242432e-01 -3.368571773171424866e-02 2.904174029827117920e-01
3.459560573101043701e-01 -7.542376965284347534e-02 3.054873943328857422e-01
3.840902149677276611e-01 -1.515882909297943115e-01 1.881358921527862549e-01
3.425867855548858643e-01 -1.897682100534439087e-01 5.223577097058296204e-02
3.232335448265075684e-01 -2.585208117961883545e-01 -9.703993797302246094e-02
3.761951625347137451e-01 -2.518246471881866455e-01 -6.289736926555633545e-02
3.926966488361358643e-01 -2.754553556442260742e-01 -3.863920271396636963e-02
3.390642106533050537e-01 -2.691028416156768799e-01 2.114362269639968872e-02
3.686510324478149414e-01 -2.837943434715270996e-01 -4.907544702291488647e-02
3.257143199443817139e-01 -3.078518807888031006e-01 -4.727715626358985901e-02
2.685747742652893066e-01 -3.000710606575012207e-01 4.510518535971641541e-02
3.032198548316955566e-01 -2.466990351676940918e-01 3.888456150889396667e-02
2.775188386440277100e-01 -3.318774104118347168e-01 3.463111445307731628e-02
2.858870923519134521e-01 -3.333413302898406982e-01 3.999417275190353394e-02
3.114031851291656494e-01 -3.039113283157348633e-01 7.328760344535112381e-03
3.450117707252502441e-01 -3.032001554965972900e-01 9.261018596589565277e-03
3.772656917572021484e-01 -3.151921331882476807e-01 -7.799561601132154465e-03
3.589827716350555420e-01 -3.348440229892730713e-01 9.517566300928592682e-03
3.697949647903442383e-01 -3.392109870910644531e-01 -5.133234430104494095e-03
3.257727622985839844e-01 -3.113179802894592285e-01 8.045953512191772461e-02
2.797842621803283691e-01 -2.996922731399536133e-01 6.829217821359634399e-02
2.968419790267944336e-01 -3.496804535388946533e-01 1.069763079285621643e-01
3.833643794059753418e-01 -7.824931293725967407e-02 7.687330991029739380e-02
2.552738487720489502e-01 1.209506019949913025e-02 5.733638256788253784e-02
1.794364899396896362e-01 5.262466520071029663e-02 1.619604080915451050e-01
1.993377506732940674e-01 -9.254503995180130005e-02 1.309776604175567627e-01
-2.765041291713714600e-01 -1.176597923040390015e-01 3.788491785526275635e-01
-1.971956789493560791e-01 -1.722382754087448120e-01 4.480525255203247070e-01
-1.697487942874431610e-02 -1.448371261358261108e-01 4.050422310829162598e-01
1.205809786915779114e-02 -5.848195869475603104e-03 4.938362538814544678e-01
3.977600857615470886e-02 8.602883666753768921e-02 4.501548707485198975e-01
8.483157306909561157e-02 1.494487673044204712e-01 4.075631499290466309e-01
8.470212668180465698e-02 1.736480295658111572e-01 4.135462939739227295e-01
9.392663091421127319e-02 1.635747551918029785e-01 4.304999411106109619e-01
1.817881017923355103e-01 9.602233022451400757e-02 4.292549788951873779e-01
2.521858215332031250e-01 8.851908892393112183e-02 3.867520093917846680e-01
2.659495770931243896e-01 7.768393307924270630e-02 3.965011835098266602e-01
3.159641623497009277e-01 9.436555951833724976e-02 3.687603771686553955e-01
3.288434147834777832e-01 1.630808264017105103e-01 3.479219675064086914e-01
3.544558584690093994e-01 1.477234363555908203e-01 3.253463208675384521e-01
3.284630179405212402e-01 1.576975136995315552e-01 3.083259761333465576e-01
3.725027740001678467e-01 1.053394749760627747e-01 2.873777449131011963e-01
3.377810418605804443e-01 9.074670821428298950e-02 2.820242643356323242e-01
3.612930476665496826e-01 1.186764612793922424e-01 3.251716792583465576e-01
3.813103735446929932e-01 1.291752457618713379e-01 3.124804198741912842e-01
3.549533188343048096e-01 1.309333890676498413e-01 3.181232810020446777e-01
3.534894585609436035e-01 1.256243139505386353e-01 3.222875893115997314e-01
3.739112019538879395e-01 1.146859228610992432e-01 3.475630283355712891e-01
3.816834092140197754e-01 8.110506832599639893e-02 3.220952451229095459e-01
3.976268172264099121e-01 1.460493635386228561e-02 3.117911517620086670e-01
3.589432239532470703e-01 -2.861888147890567780e-02 3.350711166858673096e-01
3.734439313411712646e-01 -2.463775500655174255e-02 2.949137389659881592e-01
3.377103507518768311e-01 -2.601434290409088135e-02 2.692232429981231689e-01
3.163064718246459961e-01 4.369479417800903320e-02 2.395059019327163696e-01
3.088969290256500244e-01 1.263995319604873657e-01 1.740925461053848267e-01
3.190154433250427246e-01 2.426783591508865356e-01 5.865782499313354492e-02
2.976095974445343018e-01 3.401828110218048096e-01 -2.877859026193618774e-02
2.797739803791046143e-01 3.728569746017456055e-01 3.626614576205611229e-03
2.771354615688323975e-01 3.617373704910278320e-01 -1.290949899703264236e-02
2.809198200702667236e-01 3.550379574298858643e-01 8.390173316001892090e-03
3.442035913467407227e-01 2.889588773250579834e-01 -3.450177982449531555e-02
5.154849886894226074e-01 3.621493931859731674e-03 -3.677360713481903076e-02
4.969663321971893311e-01 -2.321345955133438110e-01 -3.664593398571014404e-02
4.313586652278900146e-01 -3.171543776988983154e-01 -2.675122581422328949e-02
4.502249956130981445e-01 -3.329295516014099121e-01 -6.385197490453720093e-02
4.740422368049621582e-01 -3.569706380367279053e-01 -6.677792221307754517e-02
4.113414883613586426e-01 -3.792271912097930908e-01 -1.922663487493991852e-02
4.770270884037017822e-01 -3.505147695541381836e-01 2.006420306861400604e-02
5.405414700508117676e-01 -2.993349134922027588e-01 5.668298155069351196e-02
5.284716486930847168e-01 -2.316082566976547241e-01 9.483361989259719849e-02
1.664460450410842896e-01 2.782472670078277588e-01 3.108714222908020020e-01
1.190238967537879944e-01 3.171937465667724609e-01 4.525758624076843262e-01
5.908188596367835999e-02 3.253478407859802246e-01 4.086964726448059082e-01
-6.878378987312316895e-02 3.196950554847717285e-01 3.820260763168334961e-01
-1.147879064083099365e-01 3.504840433597564697e-01 3.029828369617462158e-01
-1.773362457752227783e-01 4.357835352420806885e-01 2.331508845090866089e-01
-2.456396073102951050e-01 4.217248260974884033e-01 2.316613793373107910e-01
-2.839336991310119629e-01 4.321045875549316406e-01 2.435124069452285767e-01
-3.297825157642364502e-01 3.799242377281188965e-01 2.223677635192871094e-01
-2.863773405551910400e-01 4.217837750911712646e-01 1.761247217655181885e-01
-2.989842593669891357e-01 3.503215909004211426e-01 2.415034323930740356e-01
-2.656388282775878906e-01 3.202695846557617188e-01 2.809007763862609863e-01
-1.746518760919570923e-01 2.797507643699645996e-01 3.230370879173278809e-01
-7.747757434844970703e-02 2.475419342517852783e-01 3.612934648990631104e-01
3.625143691897392273e-02 2.135116904973983765e-01 4.194174110889434814e-01
9.603848308324813843e-02 1.804386377334594727e-01 4.320209920406341553e-01
1.489810198545455933e-01 1.247444599866867065e-01 3.787347376346588135e-01
2.365654706954956055e-01 7.479619979858398438e-02 3.663066625595092773e-01
2.498415410518646240e-01 1.151744574308395386e-01 3.840377628803253174e-01
2.606291770935058594e-01 9.783627092838287354e-02 4.353746175765991211e-01
2.393730580806732178e-01 1.780253797769546509e-01 4.565183520317077637e-01
1.171189472079277039e-01 1.926683336496353149e-01 4.797750115394592285e-01
6.026602350175380707e-03 2.708947062492370605e-01 4.865661859512329102e-01
-6.700167059898376465e-02 4.084960520267486572e-01 4.148542582988739014e-01
-1.472577154636383057e-01 4.572908878326416016e-01 2.828477025032043457e-01
-2.383955121040344238e-01 4.266575276851654053e-01 1.288314908742904663e-01
-2.382425814867019653e-01 3.672854304313659668e-01 -1.410991549491882324e-01
-2.175235003232955933e-01 3.593900501728057861e-01 -2.845899760723114014e-01
-1.072091460227966309e-01 3.373211324214935303e-01 -4.154554307460784912e-01
-8.254452794790267944e-02 3.116773664951324463e-01 -4.538038969039916992e-01
-3.404828161001205444e-02 2.744359970092773438e-01 -4.881535470485687256e-01
-6.162475794553756714e-02 2.727976143360137939e-01 -4.759857356548309326e-01
5.860301479697227478e-02 1.605814695358276367e-01 -5.448237657546997070e-01
1.140611767768859863e-01 1.725586503744125366e-01 -5.475383996963500977e-01
8.189827203750610352e-02 1.593389064073562622e-01 -5.185658931732177734e-01
5.349953100085258484e-02 1.991730928421020508e-01 -6.091141104698181152e-01
2.718192636966705322e-01 1.580925881862640381e-01 -5.087099075317382812e-01
2.795399427413940430e-01 1.795100569725036621e-01 -4.607531428337097168e-01
