-2.508542500436306000e-02 -1.457595974206924438e-01 5.440376326441764832e-02
-1.551924943923950195e-01 -2.471733540296554565e-01 2.415097653865814209e-01
-2.887545526027679443e-01 -2.182124406099319458e-01 3.405351936817169189e-01
-3.237237334251403809e-01 -3.861512243747711182e-02 3.192805647850036621e-01
-2.814759314060211182e-01 1.518125683069229126e-01 8.526571840047836304e-02
3.964390605688095093e-02 2.805087268352508545e-01 -1.685129851102828979e-01
1.773172318935394287e-01 2.405298352241516113e-01 -1.096318885684013367e-01
2.218639552593231201e-01 1.762030273675918579e-01 4.263623058795928955e-02
3.120587468147277832e-01 5.093768984079360962e-02 2.246452271938323975e-01
1.285221874713897705e-01 -2.027079313993453979e-01 1.325589567422866821e-01
1.286781043745577335e-04 -1.210063248872756958e-01 -1.278321295976638794e-01
-1.954705566167831421e-01 1.028764098882675171e-01 -3.538599014282226562e-01
-3.095754683017730713e-01 4.075649678707122803e-01 -4.919950366020202637e-01
2.226998656988143921e-02 4.477648138999938965e-01 -4.014779329299926758e-01
2.193037122488021851e-01 1.973628252744674683e-02 -1.689566969871520996e-01
2.912324666976928711e-01 -3.466798067092895508e-01 1.521941721439361572e-01
2.341809421777725220e-01 -3.931406736373901367e-01 2.859112024307250977e-01
1.578773371875286102e-02 -2.270397990942001343e-01 2.267435789108276367e-01
-1.065619364380836487e-01 -4.202194139361381531e-02 7.230009138584136963e-02
-2.048816233873367310e-01 -4.264463484287261963e-02 -8.485079556703567505e-02
-2.482153773307800293e-01 -3.487913310527801514e-02 -9.386554360389709473e-02
-1.303215920925140381e-01 5.317180231213569641e-02 -5.658025294542312622e-02
7.899224758148193359e-02 1.018445864319801331e-01 2.602982893586158752e-02
2.472768872976303101e-01 -4.710925370454788208e-02 4.824339225888252258e-02
3.904317021369934082e-01 -1.860762536525726318e-01 -2.996123582124710083e-02
3.716017305850982666e-01 -2.401130646467208862e-01 -1.131483614444732666e-01
2.017889916896820068e-01 -2.090961486101150513e-01 -1.768967062234878540e-01
-9.359215199947357178e-02 -1.726824790239334106e-01 -2.457293570041656494e-01
-2.895255684852600098e-01 -9.609782695770263672e-02 -2.125743180513381958e-01
-2.576338946819305420e-01 1.276056766510009766e-01 -1.360507905483245850e-01
-1.770341545343399048e-01 3.125849068164825439e-01 -9.515362232923507690e-02
-1.716354489326477051e-01 2.668199539184570312e-01 7.190175820142030716e-04
-2.105657309293746948e-01 5.192479118704795837e-02 9.886223077774047852e-02
-1.793732792139053345e-01 -1.740493774414062500e-01 1.945826858282089233e-01
-3.348956629633903503e-02 -2.231486439704895020e-01 2.460113316774368286e-01
1.169458627700805664e-01 -1.171155795454978943e-01 1.880424767732620239e-01
1.334533244371414185e-01 1.036958117038011551e-02 9.865489602088928223e-02
1.365284472703933716e-01 1.062941402196884155e-01 8.432976156473159790e-02
1.452441960573196411e-01 2.592563033103942871e-01 8.302562683820724487e-02
1.411786079406738281e-01 3.350078761577606201e-01 9.221654385328292847e-02
1.364634335041046143e-01 3.284926712512969971e-01 1.257300674915313721e-01
1.189700737595558167e-01 2.436022162437438965e-01 1.403328627347946167e-01
1.686836630105972290e-01 -1.082132663577795029e-02 2.053598463535308838e-01
6.820980459451675415e-02 -3.454557359218597412e-01 2.594911456108093262e-01
-2.805827558040618896e-01 -5.085128545761108398e-01 1.777523458003997803e-01
-5.217040777206420898e-01 -4.294379055500030518e-01 9.659330360591411591e-03
-5.617393255233764648e-01 -1.880406141281127930e-01 -1.586751788854598999e-01
-2.914860546588897705e-01 2.486376762390136719e-01 -3.163160681724548340e-01
2.460098117589950562e-01 3.276663422584533691e-01 -2.978239655494689941e-01
4.008014500141143799e-01 2.018520683050155640e-01 -2.543631792068481445e-01
3.069166839122772217e-01 5.828439444303512573e-02 -1.899323761463165283e-01
3.052855469286441803e-02 -1.267509311437606812e-01 -7.113365083932876587e-02
-1.648213863372802734e-01 -7.787381112575531006e-02 -7.814978808164596558e-02
-2.245655208826065063e-01 -9.121587872505187988e-02 -8.023331314325332642e-02
-1.624765992164611816e-01 -1.149904131889343262e-01 -1.607795804738998413e-01
2.162800729274749756e-02 -1.125546246767044067e-01 -2.396806329488754272e-01
2.462295591831207275e-01 -9.585625678300857544e-02 -1.934535652399063110e-01
3.028210997581481934e-01 7.468911260366439819e-02 -4.505287483334541321e-02
2.439452409744262695e-01 2.695527970790863037e-01 1.484090238809585571e-01
1.480249613523483276e-01 3.581759035587310791e-01 2.466278821229934692e-01
8.558053523302078247e-02 2.365934848785400391e-01 1.871634125709533691e-01
8.491232991218566895e-02 3.731811791658401489e-02 9.807266294956207275e-02
3.574129939079284668e-02 -7.578660547733306885e-02 7.554394006729125977e-02
-3.366425260901451111e-02 -6.877186894416809082e-02 8.207976818084716797e-02
-1.071991249918937683e-01 -1.997180096805095673e-02 9.972214698791503906e-02
-1.407785862684249878e-01 -7.345426082611083984e-02 1.303807366639375687e-02
-1.524119824171066284e-01 -8.638563007116317749e-02 -7.341018319129943848e-02
-1.312681883573532104e-01 -8.365351706743240356e-02 -5.122350528836250305e-02
-6.163244694471359253e-02 -4.557467624545097351e-02 -1.156966201961040497e-02
-1.645496522542089224e-04 1.824394799768924713e-02 1.700009033083915710e-02
7.145261764526367188e-02 3.836204484105110168e-02 -1.471108570694923401e-02
1.145860552787780762e-01 8.510126173496246338e-02 -4.080840200185775757e-02
2.547094225883483887e-01 7.036687433719635010e-02 8.888763189315795898e-02
3.631899058818817139e-01 -1.126981526613235474e-02 3.013082146644592285e-01
3.437767922878265381e-01 -1.220683157444000244e-01 3.837770521640777588e-01
2.192000001668930054e-01 -1.532498151063919067e-01 3.554471433162689209e-01
-1.580995321273803711e-01 -1.127529367804527283e-01 3.339704126119613647e-02
-3.527241647243499756e-01 1.227853894233703613e-01 -3.832637369632720947e-01
-3.728108704090118408e-01 3.048989772796630859e-01 -4.856703281402587891e-01
-2.462818920612335205e-01 3.189028501510620117e-01 -4.944975674152374268e-01
-1.843971759080886841e-02 2.860336899757385254e-01 -2.603863775730133057e-01
-3.708809241652488708e-02 -2.500784210860729218e-02 1.715498268604278564e-01
-1.174821332097053528e-01 -2.903810143470764160e-01 2.780435979366302490e-01
-2.093217521905899048e-01 -3.799520134925842285e-01 2.387716025114059448e-01
-2.039723396301269531e-01 -3.237802088260650635e-01 2.907179854810237885e-02
-9.537116438150405884e-02 -6.312861293554306030e-02 -8.610493689775466919e-02
-2.762367203831672668e-02 1.051941961050033569e-01 -5.980794131755828857e-02
-3.001645952463150024e-02 1.107696220278739929e-01 -2.405271679162979126e-02
-6.951645016670227051e-02 -2.300720289349555969e-02 3.555150702595710754e-02
2.480321563780307770e-02 -6.061017140746116638e-02 8.556701242923736572e-02
2.019506990909576416e-01 -3.104143030941486359e-02 1.714849472045898438e-01
3.610858917236328125e-01 2.137322910130023956e-02 1.888767480850219727e-01
3.895516395568847656e-01 2.141612209379673004e-02 7.248124480247497559e-02
1.566078811883926392e-01 -5.448335781693458557e-02 -1.793212145566940308e-01
-1.756524443626403809e-01 -2.065232954919338226e-02 -3.064401149749755859e-01
-3.077994585037231445e-01 3.613643720746040344e-02 -2.459441721439361572e-01
-1.921671032905578613e-01 1.643424779176712036e-01 -1.620203070342540741e-02
4.440223425626754761e-02 2.068501561880111694e-01 1.914289593696594238e-01
1.569235771894454956e-01 1.400262266397476196e-01 1.723575741052627563e-01
9.712216258049011230e-02 5.870415270328521729e-02 2.776987478137016296e-02
-4.060415178537368774e-02 -6.566295027732849121e-02 -8.908334374427795410e-02
-8.488324284553527832e-02 -1.142993196845054626e-01 -1.402690261602401733e-01
-7.629596441984176636e-02 -1.123035103082656860e-01 -1.367897689342498779e-01
-4.931285977363586426e-02 -1.065532490611076355e-01 -1.183756515383720398e-01
-1.766881532967090607e-02 -4.762006178498268127e-02 -7.214212417602539062e-02
4.469292704015970230e-03 -3.843186795711517334e-02 4.349021241068840027e-02
1.351204514503479004e-01 -4.618771001696586609e-02 1.845598667860031128e-01
3.162349462509155273e-01 -7.000238448381423950e-02 2.674109935760498047e-01
3.880140483379364014e-01 -7.997735589742660522e-02 2.684777081012725830e-01
2.830505371093750000e-01 -6.530975922942161560e-03 1.365984231233596802e-01
-3.386057540774345398e-02 1.009703576564788818e-01 -9.632656723260879517e-02
-3.540251255035400391e-01 1.632409393787384033e-01 -2.350213527679443359e-01
-5.191137194633483887e-01 5.749785900115966797e-02 -2.927284240722656250e-01
-5.355212092399597168e-01 -5.711857695132493973e-03 -3.072606027126312256e-01
-4.180155694484710693e-01 4.208911955356597900e-02 -3.086904287338256836e-01
-1.811799034476280212e-02 1.567357480525970459e-01 -2.510206401348114014e-01
3.949138820171356201e-01 1.955384016036987305e-01 -3.216395154595375061e-02
4.934423565864562988e-01 3.248890861868858337e-02 2.017352283000946045e-01
3.446512818336486816e-01 -8.851581811904907227e-02 3.306050300598144531e-01
-3.527029976248741150e-02 -6.775334477424621582e-02 3.506075739860534668e-01
-2.937633991241455078e-01 -3.124752640724182129e-02 2.887056767940521240e-01
-2.355237752199172974e-01 1.920644566416740417e-02 2.581026554107666016e-01
-2.403501421213150024e-02 1.289475411176681519e-01 1.304770410060882568e-01
1.631666719913482666e-01 2.194833308458328247e-01 -8.826293796300888062e-02
2.645742297172546387e-01 2.383902817964553833e-01 -2.818083465099334717e-01
1.449640244245529175e-01 2.435552328824996948e-02 -4.275961816310882568e-01
1.158232614398002625e-01 -2.600808441638946533e-01 -3.761394321918487549e-01
1.029413267970085144e-01 -3.350771963596343994e-01 -1.740643084049224854e-01
7.722480595111846924e-02 -2.141779363155364990e-01 2.838219329714775085e-02
2.939059212803840637e-02 -1.108335331082344055e-02 1.344129443168640137e-01
-1.346499323844909668e-01 2.130009420216083527e-02 1.487166881561279297e-01
-2.067721337080001831e-01 -2.655718848109245300e-02 9.611236304044723511e-02
-2.463417798280715942e-01 -4.022721573710441589e-02 6.217795982956886292e-02
-2.329340130090713501e-01 4.514966905117034912e-02 1.086328998208045959e-01
-1.970478296279907227e-01 1.383349150419235229e-01 1.425340026617050171e-01
-1.215537786483764648e-01 1.392592340707778931e-01 2.072470784187316895e-01
-1.175239775329828262e-02 1.666611880064010620e-01 1.882013231515884399e-01
4.544407874345779419e-02 1.224747449159622192e-01 4.529673606157302856e-02
7.988765835762023926e-02 -5.226318165659904480e-02 -7.158040255308151245e-02
8.758389204740524292e-02 -2.559017539024353027e-01 -1.519079655408859253e-01
5.104298144578933716e-02 -3.143051564693450928e-01 -1.035224720835685730e-01
5.638772994279861450e-02 -7.511939853429794312e-02 1.400037086568772793e-03
1.190375164151191711e-01 2.091920077800750732e-01 3.285671025514602661e-02
1.959615647792816162e-01 2.593279480934143066e-01 4.957830533385276794e-02
2.672887742519378662e-01 1.219748258590698242e-01 -2.941878885030746460e-02
2.511455416679382324e-01 -1.502946019172668457e-01 -1.433342844247817993e-01
1.453870683908462524e-01 -2.518299520015716553e-01 -2.870301604270935059e-01
2.752882055938243866e-02 -3.085969090461730957e-01 -4.293181300163269043e-01
-1.071773916482925415e-01 -3.396489918231964111e-01 -4.684484601020812988e-01
-1.932451277971267700e-01 -2.938312888145446777e-01 -3.385229110717773438e-01
-2.499314546585083008e-01 -1.747795492410659790e-01 -6.751682376489043236e-04
-2.609710395336151123e-01 1.255043298006057739e-01 2.804028987884521484e-01
-1.485276818275451660e-01 3.711289465427398682e-01 3.172022998332977295e-01
4.019969142973423004e-03 4.450632631778717041e-01 2.368742674589157104e-01
1.054167002439498901e-01 3.315115571022033691e-01 1.936269253492355347e-01
1.762189567089080811e-01 1.059373468160629272e-01 2.442598938941955566e-01
2.573894560337066650e-01 -1.163360252976417542e-01 3.269269466400146484e-01
2.729685604572296143e-01 -1.367221176624298096e-01 3.472044169902801514e-01
1.295662671327590942e-01 -3.201977908611297607e-02 2.280832082033157349e-01
-1.493115425109863281e-01 6.654076278209686279e-02 -1.625449396669864655e-02
-3.563545644283294678e-01 2.114243805408477783e-01 -2.205463796854019165e-01
-3.494124412536621094e-01 2.065504193305969238e-01 -2.755106091499328613e-01
-2.191149145364761353e-01 1.411690264940261841e-01 -1.951652616262435913e-01
