-2.091999799013137817e-01 -1.062521487474441528e-01 -1.627569203265011311e-03
-1.598565429449081421e-01 -1.169423460960388184e-01 1.823738403618335724e-02
1.236890479922294617e-01 6.806597113609313965e-02 -9.868873655796051025e-02
4.750827252864837646e-01 3.511120378971099854e-01 -1.424215361475944519e-02
5.528618097305297852e-01 3.716801702976226807e-01 6.626498699188232422e-02
4.570254385471343994e-01 2.669955790042877197e-01 1.344059705734252930e-01
2.076511532068252563e-01 1.412485390901565552e-01 1.757653802633285522e-01
-1.302832663059234619e-01 1.450570523738861084e-01 1.578013300895690918e-01
-2.209114432334899902e-01 3.374480009078979492e-01 1.475503742694854736e-01
-2.816264033317565918e-01 3.552169203758239746e-01 5.659328028559684753e-02
-2.363745719194412231e-01 4.405298531055450439e-01 -1.542331576347351074e-01
6.399177759885787964e-02 3.893797993659973145e-01 -7.822626829147338867e-02
-5.006546154618263245e-02 1.326802372932434082e-01 3.283712863922119141e-01
-2.067073732614517212e-01 -1.878725141286849976e-01 4.838463366031646729e-01
-2.725532054901123047e-01 -4.333602786064147949e-01 4.661273956298828125e-01
-3.123866319656372070e-01 -3.779138922691345215e-01 1.808049529790878296e-01
-1.141059026122093201e-02 -1.828434467315673828e-01 2.936453185975551605e-02
2.174009196460247040e-02 3.713545575737953186e-02 1.168884485960006714e-01
-1.941305845975875854e-01 7.363151013851165771e-02 9.523938596248626709e-02
-2.414991855621337891e-01 9.172568470239639282e-02 1.225521788001060486e-01
-7.328967750072479248e-02 -5.499101243913173676e-03 1.068396270275115967e-01
-3.089837729930877686e-02 -5.799566209316253662e-02 7.545118033885955811e-02
-5.912811309099197388e-02 -8.113616146147251129e-03 1.212027445435523987e-01
-7.240193337202072144e-02 1.719880662858486176e-02 1.264574229717254639e-01
-2.336027845740318298e-02 2.360186912119388580e-02 3.828678745776414871e-04
1.028881669044494629e-01 6.279102712869644165e-02 -1.845911890268325806e-01
8.347143232822418213e-02 -1.716720871627330780e-02 -4.124323129653930664e-01
1.048642992973327637e-01 -8.251915872097015381e-02 -5.091596245765686035e-01
2.775907516479492188e-01 -1.182351484894752502e-01 -4.393784105777740479e-01
3.556334972381591797e-01 -2.745089530944824219e-01 -3.331494033336639404e-01
2.611586749553680420e-01 -3.415894508361816406e-01 -2.137709558010101318e-01
-3.350707888603210449e-02 -4.007886052131652832e-01 -1.223589032888412476e-01
-1.070752069354057312e-01 -4.402023851871490479e-01 -1.088340803980827332e-01
5.086919665336608887e-02 -3.271604776382446289e-01 3.185987705364823341e-03
1.301446259021759033e-01 -1.674087345600128174e-01 9.957784414291381836e-02
1.777471899986267090e-01 -4.345819354057312012e-02 7.535303384065628052e-02
1.680887639522552490e-01 2.747467905282974243e-02 2.176585048437118530e-02
1.326526105403900146e-01 4.020176082849502563e-02 4.563509952276945114e-03
1.179965585470199585e-01 2.671958133578300476e-02 3.522748127579689026e-02
-1.101943571120500565e-02 1.064023002982139587e-01 5.098448693752288818e-02
-3.226198256015777588e-01 8.652150630950927734e-02 6.814663857221603394e-02
-3.663178980350494385e-01 8.448167890310287476e-02 1.110197231173515320e-01
-3.933596014976501465e-01 1.530388891696929932e-01 1.593993753194808960e-01
-3.463566601276397705e-01 1.997586339712142944e-01 1.587715595960617065e-01
-2.063430249691009521e-01 3.185732364654541016e-01 1.830302178859710693e-02
1.926400512456893921e-01 4.871846735477447510e-01 -1.020481735467910767e-01
4.529836177825927734e-01 4.707280099391937256e-01 1.565534919500350952e-01
4.675209820270538330e-01 3.640949428081512451e-01 3.063546717166900635e-01
3.925096094608306885e-01 2.588622272014617920e-01 3.534226715564727783e-01
2.929882844910025597e-03 3.823580220341682434e-02 2.668956518173217773e-01
-2.205956354737281799e-02 7.383856922388076782e-02 -3.093611216172575951e-03
2.037611790001392365e-02 -3.105657547712326050e-02 -5.016765743494033813e-02
5.476681888103485107e-02 -8.479360491037368774e-02 -6.973894778639078140e-03
2.157173156738281250e-01 -8.048450201749801636e-02 -5.775367375463247299e-03
2.551209628582000732e-01 -1.326431781053543091e-01 1.051340103149414062e-01
2.873494327068328857e-01 -1.655089706182479858e-01 1.234638839960098267e-01
2.781185209751129150e-01 -2.674265801906585693e-01 1.583201065659523010e-02
3.124325573444366455e-01 -3.199433088302612305e-01 -9.949737042188644409e-02
1.822617352008819580e-01 -2.631475925445556641e-01 -1.643637567758560181e-01
-1.554819289594888687e-02 -1.728910505771636963e-01 -4.187625646591186523e-02
-1.010363399982452393e-01 -9.938649088144302368e-02 6.464222818613052368e-02
-1.702236980199813843e-01 -3.262211009860038757e-02 4.910675808787345886e-02
-5.584829300642013550e-02 -7.444036751985549927e-02 -2.697805128991603851e-02
-7.187961786985397339e-02 -2.766067907214164734e-02 -2.302075363695621490e-02
-1.566155850887298584e-01 8.784206956624984741e-02 1.142571121454238892e-02
-1.028879731893539429e-01 7.780683785676956177e-02 6.718873977661132812e-02
-8.273503929376602173e-02 6.679686903953552246e-02 9.337773919105529785e-02
-2.914873696863651276e-02 1.772346673533320427e-03 -1.062178285792469978e-03
-7.446962594985961914e-02 -1.394982822239398956e-02 2.164795622229576111e-02
-5.582497268915176392e-02 5.912027880549430847e-02 1.029396429657936096e-02
-4.697942733764648438e-02 6.334280967712402344e-02 1.383395306766033173e-02
-7.521595805883407593e-03 2.027217112481594086e-02 5.063156038522720337e-02
-2.741683833301067352e-02 -3.955322131514549255e-02 -4.884231835603713989e-02
-1.292336732149124146e-01 -3.593190573155879974e-03 -9.489310532808303833e-02
-1.783074140548706055e-01 1.936987638473510742e-01 -1.310595870018005371e-01
-2.123380452394485474e-01 4.682259857654571533e-01 -2.154156267642974854e-01
-1.276580244302749634e-01 5.324656963348388672e-01 -2.705759406089782715e-01
-1.817984282970428467e-01 5.082943439483642578e-01 -2.321013361215591431e-01
-6.392149627208709717e-02 2.957905232906341553e-01 -1.041210815310478210e-01
-5.670439824461936951e-02 -2.196283340454101562e-01 7.288358360528945923e-02
-4.401332512497901917e-02 -3.738071322441101074e-01 2.151454538106918335e-01
-2.639253996312618256e-02 -4.166140556335449219e-01 1.826504468917846680e-01
-9.689337015151977539e-02 -2.370118945837020874e-01 1.284148395061492920e-01
5.409428104758262634e-02 1.946718618273735046e-02 5.017558485269546509e-02
1.572118550539016724e-01 3.281052038073539734e-02 -9.092956781387329102e-02
2.129979431629180908e-01 2.917697466909885406e-02 -1.208101660013198853e-01
1.107674166560173035e-01 -3.624591231346130371e-02 -5.375462770462036133e-02
9.372650086879730225e-02 -5.323573201894760132e-02 1.067914366722106934e-01
1.730811744928359985e-01 -5.861718580126762390e-02 1.988446563482284546e-01
2.188307642936706543e-01 -3.610138967633247375e-02 2.279528379440307617e-01
2.960537672042846680e-01 3.589478507637977600e-02 1.913027316331863403e-01
1.619059294462203979e-01 1.279267817735671997e-01 1.124401316046714783e-01
4.465651884675025940e-02 2.498581558465957642e-01 -2.332411520183086395e-02
-1.212416291236877441e-01 2.463451921939849854e-01 -1.475190669298171997e-01
-4.820228740572929382e-02 9.880613535642623901e-02 -2.087899893522262573e-01
1.241988465189933777e-01 -1.389395594596862793e-01 -1.190945580601692200e-01
1.532950401306152344e-01 -1.979449540376663208e-01 5.124821886420249939e-02
8.174221962690353394e-02 -7.260786741971969604e-02 1.373660564422607422e-01
-1.712256968021392822e-01 7.357420772314071655e-02 1.216707378625869751e-01
-2.245533317327499390e-01 1.282817870378494263e-01 8.856928348541259766e-02
-1.915929168462753296e-01 5.900927633047103882e-02 4.902951419353485107e-02
-1.435919851064682007e-01 -9.899846278131008148e-03 6.855863332748413086e-02
-4.344961047172546387e-02 -3.647680953145027161e-02 1.085461378097534180e-01
5.506633594632148743e-02 -1.250584274530410767e-01 7.011602818965911865e-02
9.586378186941146851e-02 -1.834738403558731079e-01 4.477688297629356384e-02
1.471698731184005737e-01 -2.000173628330230713e-01 -3.833824768662452698e-02
9.040118008852005005e-02 -1.503310501575469971e-01 -9.866554290056228638e-02
1.010132357478141785e-01 -6.884374655783176422e-03 -1.450040042400360107e-01
-4.671306535601615906e-02 1.961863636970520020e-01 -2.556484937667846680e-01
-1.312999576330184937e-01 3.276328444480895996e-01 -4.055681526660919189e-01
-1.325452476739883423e-01 3.394694626331329346e-01 -4.198357462882995605e-01
-1.282351315021514893e-01 2.095927745103836060e-01 -3.091270327568054199e-01
-2.855953201651573181e-02 -5.816112388856709003e-04 -9.859335422515869141e-02
5.557653680443763733e-02 -8.827345073223114014e-02 1.114975437521934509e-01
2.205767035484313965e-01 -1.988629102706909180e-01 2.305397540330886841e-01
1.535665988922119141e-01 -3.171103298664093018e-01 3.908576965332031250e-01
6.573605816811323166e-03 -3.842223286628723145e-01 4.421307444572448730e-01
-8.190091699361801147e-02 -3.596976697444915771e-01 2.965857684612274170e-01
-1.078790277242660522e-01 -2.144158184528350830e-01 6.870299577713012695e-02
-4.787196218967437744e-02 -1.093376502394676208e-01 -5.775655061006546021e-02
-5.637524649500846863e-02 5.593788996338844299e-02 6.687429547309875488e-02
-1.228737607598304749e-01 1.981695592403411865e-01 2.042467296123504639e-01
-3.777126222848892212e-02 2.548218369483947754e-01 2.288601398468017578e-01
-1.372112333774566650e-01 2.703770995140075684e-01 1.192783657461404800e-02
-2.499586641788482666e-01 1.040601730346679688e-01 -2.596000768244266510e-02
-3.356153666973114014e-01 -9.814429283142089844e-02 -7.027880847454071045e-02
-3.330726027488708496e-01 -2.544535398483276367e-01 -9.407681226730346680e-02
-8.113621175289154053e-02 -3.598313629627227783e-01 -1.023770216852426529e-02
-1.070010662078857422e-02 -3.145347535610198975e-01 -2.835404574871063232e-01
2.634423226118087769e-02 -2.120134830474853516e-01 -2.853328287601470947e-01
-4.835350811481475830e-02 -1.532200276851654053e-01 -2.226231843233108521e-01
-6.931135430932044983e-03 -1.467106193304061890e-01 -1.247500926256179810e-01
8.321490883827209473e-02 -5.917206779122352600e-02 -1.127374693751335144e-01
9.402665495872497559e-02 -6.500028073787689209e-02 -1.982543058693408966e-02
6.748360395431518555e-02 -6.888227909803390503e-02 1.079943105578422546e-01
-5.522183608263731003e-03 3.949911892414093018e-02 2.037180364131927490e-01
3.776568220928311348e-03 1.059599965810775757e-01 2.856170833110809326e-01
-9.044950455427169800e-02 1.942386478185653687e-01 3.034970164299011230e-01
-2.152810245752334595e-01 1.823758184909820557e-01 3.199135661125183105e-01
-1.248796805739402771e-01 1.266481727361679077e-01 2.615306377410888672e-01
1.519419252872467041e-01 1.589048057794570923e-01 1.578983068466186523e-01
2.860733270645141602e-01 1.091264113783836365e-01 7.992120459675788879e-03
2.345221191644668579e-01 1.260851472616195679e-01 6.842860579490661621e-02
-5.055589973926544189e-02 1.256564855575561523e-01 1.279294788837432861e-01
-1.941174566745758057e-01 6.634771823883056641e-02 3.773863241076469421e-02
-1.555105596780776978e-01 8.675275743007659912e-02 -4.385928809642791748e-02
-6.430235505104064941e-02 2.472551725804805756e-02 -2.171724289655685425e-01
1.415523141622543335e-01 -5.717949941754341125e-02 -3.116292953491210938e-01
2.288470417261123657e-01 -2.677381336688995361e-01 -3.653146922588348389e-01
3.736341297626495361e-01 -4.616236686706542969e-01 -4.370623230934143066e-01
4.174094796180725098e-01 -5.216633081436157227e-01 -3.924938738346099854e-01
4.320258200168609619e-01 -4.389736950397491455e-01 -3.463337421417236328e-01
4.178076386451721191e-01 -2.812327444553375244e-01 -2.045300006866455078e-01
2.369465082883834839e-01 -1.825343370437622070e-01 -1.751569658517837524e-02
-9.958562254905700684e-02 -2.244321554899215698e-01 2.209204062819480896e-02
-1.830697506666183472e-01 -1.784503459930419922e-01 5.357192084193229675e-02
-1.133937761187553406e-01 -2.451192028820514679e-02 5.785916373133659363e-02
-8.233502507209777832e-02 1.420743614435195923e-01 6.359729170799255371e-02
-6.610005348920822144e-02 2.974745035171508789e-01 -1.393380612134933472e-01
-1.709046065807342529e-01 4.081049859523773193e-01 -2.234660536050796509e-01
-1.000286191701889038e-01 3.089598417282104492e-01 -1.009323745965957642e-01
5.874092504382133484e-02 1.528473049402236938e-01 8.433911204338073730e-02
1.045043841004371643e-01 -1.336072385311126709e-02 2.505528032779693604e-01
