1.143223650662559057e-02
7.621491004417061538e-03
1.891302252498545944e-01
3.511069699335343519e-01
3.708849402798684025e-01
1.756731842183780479e-01
0.000000000000000000e+00
0.000000000000000000e+00
0.000000000000000000e+00
0.000000000000000000e+00
3.425051725567154065e-02
2.912931047555889982e-02
5.081613369260030294e-02
5.863893086353112738e-02
0.000000000000000000e+00
0.000000000000000000e+00
0.000000000000000000e+00
0.000000000000000000e+00
8.087725273346096228e-03
0.000000000000000000e+00
0.000000000000000000e+00
0.000000000000000000e+00
0.000000000000000000e+00
0.000000000000000000e+00
0.000000000000000000e+00
0.000000000000000000e+00
0.000000000000000000e+00
0.000000000000000000e+00
2.759208611614976086e-04
8.969230555964139220e-03
1.188490208868114677e-02
3.888302453362793652e-03
0.000000000000000000e+00
0.000000000000000000e+00
0.000000000000000000e+00
0.000000000000000000e+00
0.000000000000000000e+00
2.109609544652197178e-03
4.739440276286490360e-03
4.237471546169982103e-03
0.000000000000000000e+00
0.000000000000000000e+00
0.000000000000000000e+00
0.000000000000000000e+00
0.000000000000000000e+00
0.000000000000000000e+00
0.000000000000000000e+00
0.000000000000000000e+00
0.000000000000000000e+00
7.455246824851680110e-02
1.099904912782213723e-01
9.487071480691401659e-02
5.415912727973709595e-02
6.380937392223864218e-03
7.172727110337550997e-03
8.689608615224768406e-03
1.383913606789676821e-02
1.648168944229051400e-02
1.094069941321403755e-02
1.847353313511131264e-03
0.000000000000000000e+00
0.000000000000000000e+00
0.000000000000000000e+00
0.000000000000000000e+00
0.000000000000000000e+00
0.000000000000000000e+00
0.000000000000000000e+00
0.000000000000000000e+00
0.000000000000000000e+00
0.000000000000000000e+00
0.000000000000000000e+00
0.000000000000000000e+00
0.000000000000000000e+00
0.000000000000000000e+00
0.000000000000000000e+00
0.000000000000000000e+00
0.000000000000000000e+00
1.599061752777327511e-02
2.893405744940738197e-02
3.400498129841290906e-02
3.011896694373652345e-02
1.702188424804716022e-02
0.000000000000000000e+00
0.000000000000000000e+00
0.000000000000000000e+00
0.000000000000000000e+00
0.000000000000000000e+00
0.000000000000000000e+00
0.000000000000000000e+00
0.000000000000000000e+00
0.000000000000000000e+00
0.000000000000000000e+00
0.000000000000000000e+00
1.529242471056336920e-02
3.277600482595192238e-02
3.131183390452650650e-02
1.667636099482414438e-02
0.000000000000000000e+00
0.000000000000000000e+00
0.000000000000000000e+00
0.000000000000000000e+00
9.073517849332837695e-04
2.768648835801433127e-03
9.249268250340302033e-04
0.000000000000000000e+00
9.843825024633552200e-04
0.000000000000000000e+00
0.000000000000000000e+00
0.000000000000000000e+00
0.000000000000000000e+00
8.255599614199233757e-03
1.091751896743682962e-02
9.685704903720530543e-03
3.267608439945359194e-03
0.000000000000000000e+00
0.000000000000000000e+00
0.000000000000000000e+00
0.000000000000000000e+00
3.928682888757212971e-03
6.165978225162029557e-03
4.975495306205403832e-03
0.000000000000000000e+00
5.670797327323967574e-02
5.566592893945818826e-02
1.096337688431177869e-02
0.000000000000000000e+00
0.000000000000000000e+00
0.000000000000000000e+00
1.515550511775864452e-02
6.520597760926519215e-02
6.867686922602514454e-02
5.643561975272392423e-03
4.379650567848528304e-03
3.147929539911093529e-03
1.855694552559772857e-03
8.773535609863021036e-04
9.912380764182857063e-05
1.162668128444824386e-03
2.225767621930133718e-03
1.355101007549574512e-03
0.000000000000000000e+00
0.000000000000000000e+00
0.000000000000000000e+00
0.000000000000000000e+00
2.911168019546445194e-03
9.869546510120945360e-03
1.389884468634987671e-02
1.446659843422645059e-02
1.275970298048490804e-02
6.781622140208084029e-03
2.171126546056944238e-03
0.000000000000000000e+00
0.000000000000000000e+00
0.000000000000000000e+00
0.000000000000000000e+00
0.000000000000000000e+00
0.000000000000000000e+00
0.000000000000000000e+00
0.000000000000000000e+00
0.000000000000000000e+00
5.056843174611502095e-02
2.889770982428984114e-01
3.138264707002886844e-01
