9.273165464401245117e-02 -3.506222665309906006e-01 -7.353249192237854004e-02
2.257716655731201172e-01 -2.725326716899871826e-01 -2.042558602988719940e-02
3.799962997436523438e-01 -4.007954895496368408e-01 -1.298157721757888794e-01
3.574039340019226074e-01 -3.779416382312774658e-01 -3.844420239329338074e-02
3.673103451728820801e-01 -3.416925370693206787e-01 -8.912590891122817993e-02
3.208375871181488037e-01 -2.846391499042510986e-01 1.043575927615165710e-01
2.421639561653137207e-01 -1.782470196485519409e-01 1.801400035619735718e-01
1.793795675039291382e-01 -3.382084146142005920e-02 2.412313371896743774e-01
8.434237539768218994e-02 9.992986917495727539e-02 1.855000704526901245e-01
-4.162356257438659668e-02 2.144521027803421021e-01 1.662099659442901611e-01
-2.387761175632476807e-01 2.440508902072906494e-01 2.820900678634643555e-01
-2.964198887348175049e-01 3.140285313129425049e-01 7.950016111135482788e-02
-4.431287646293640137e-01 3.384956121444702148e-01 -8.305613696575164795e-02
-4.329055845737457275e-01 3.009566962718963623e-01 -2.101965546607971191e-01
-3.989779651165008545e-01 3.152110278606414795e-01 -3.342353105545043945e-01
-4.336722791194915771e-01 3.120350241661071777e-01 -3.554658591747283936e-01
-3.611844778060913086e-01 3.885592222213745117e-01 -3.723305761814117432e-01
-4.413714110851287842e-01 4.231627285480499268e-01 -3.720991611480712891e-01
-4.330625534057617188e-01 4.030929803848266602e-01 -4.172099530696868896e-01
-4.716038703918457031e-01 3.999171853065490723e-01 -3.978453576564788818e-01
-4.898666441440582275e-01 3.916549682617187500e-01 -4.064112901687622070e-01
-4.482910335063934326e-01 3.891932368278503418e-01 -3.562855720520019531e-01
-5.042095184326171875e-01 3.964464068412780762e-01 -2.635436058044433594e-01
-5.573359131813049316e-01 4.206573069095611572e-01 -2.135378420352935791e-01
-5.489513874053955078e-01 4.183098673820495605e-01 -1.905311346054077148e-01
-5.572112202644348145e-01 3.992183208465576172e-01 -5.745146423578262329e-02
-5.631176829338073730e-01 3.979386985301971436e-01 2.657367102801799774e-02
-5.405688881874084473e-01 4.063421189785003662e-01 8.018857985734939575e-02
-5.115993618965148926e-01 4.154463708400726318e-01 1.029264628887176514e-01
-4.897019863128662109e-01 3.986043334007263184e-01 1.600098907947540283e-01
-4.759002923965454102e-01 4.171166121959686279e-01 2.024638503789901733e-01
-4.136891961097717285e-01 4.374903142452239990e-01 2.021467834711074829e-01
-3.435606062412261963e-01 4.579782485961914062e-01 2.288430482149124146e-01
-1.931548416614532471e-01 4.770409166812896729e-01 1.857683956623077393e-01
-1.093297377228736877e-01 4.534589350223541260e-01 1.131070181727409363e-01
-1.009390279650688171e-01 5.009406805038452148e-01 1.379497051239013672e-01
-2.279732674360275269e-01 4.629229605197906494e-01 6.697115302085876465e-02
-3.330418169498443604e-01 3.958859443664550781e-01 1.160975992679595947e-01
-4.127341210842132568e-01 4.081886708736419678e-01 1.155076995491981506e-01
-5.218420624732971191e-01 4.223447740077972412e-01 1.097250357270240784e-01
-4.886352121829986572e-01 3.991367816925048828e-01 9.916874021291732788e-02
-4.726842045783996582e-01 4.123595952987670898e-01 1.148745268583297729e-01
-4.588593840599060059e-01 4.201785326004028320e-01 1.487880349159240723e-01
-4.826447963714599609e-01 4.321325421333312988e-01 1.935217827558517456e-01
-4.730968177318572998e-01 4.236765503883361816e-01 2.605157196521759033e-01
-4.165880680084228516e-01 3.907819688320159912e-01 3.183735609054565430e-01
-3.693743944168090820e-01 4.037189483642578125e-01 3.458348512649536133e-01
-2.884237766265869141e-01 4.005072712898254395e-01 4.244416952133178711e-01
-2.750319242477416992e-01 3.865313827991485596e-01 2.861638367176055908e-01
-1.561380624771118164e-01 2.963449358940124512e-01 1.321630924940109253e-01
-9.866416454315185547e-02 1.421549171209335327e-01 1.751835197210311890e-01
-2.264389246702194214e-01 2.134096622467041016e-01 1.691919863224029541e-01
-2.300845980644226074e-01 6.928379088640213013e-02 3.291363641619682312e-02
-2.275408804416656494e-01 -2.189787104725837708e-02 6.463892757892608643e-02
-2.124416381120681763e-01 -4.851221106946468353e-03 1.767812371253967285e-01
-1.803793907165527344e-01 -2.585216797888278961e-02 3.483932912349700928e-01
-3.807314336299896240e-01 1.100246086716651917e-01 4.762430191040039062e-01
-4.619062542915344238e-01 2.289814203977584839e-01 4.280976653099060059e-01
-3.838025927543640137e-01 1.356325745582580566e-01 3.404065072536468506e-01
-3.578210771083831787e-01 1.136222034692764282e-01 3.314836323261260986e-01
-3.900068998336791992e-01 5.379014089703559875e-02 8.360835909843444824e-02
-3.919909894466400146e-01 1.689269095659255981e-01 -1.497156452387571335e-02
-4.866059422492980957e-01 2.698458731174468994e-01 1.403647847473621368e-02
-5.094819068908691406e-01 2.923006415367126465e-01 2.056350558996200562e-02
-5.087500214576721191e-01 3.518212735652923584e-01 1.223827451467514038e-01
-5.093545913696289062e-01 3.647437691688537598e-01 1.193669885396957397e-01
-5.228086709976196289e-01 3.815171718597412109e-01 2.341365367174148560e-01
-5.111247897148132324e-01 3.443531095981597900e-01 3.111940324306488037e-01
-4.341439008712768555e-01 2.928375899791717529e-01 3.096143007278442383e-01
-3.409755527973175049e-01 1.828217804431915283e-01 3.595334589481353760e-01
-2.400217801332473755e-01 5.607374384999275208e-02 3.680067360401153564e-01
3.782285004854202271e-02 -1.295879334211349487e-01 3.092148900032043457e-01
9.558048844337463379e-02 -2.094915211200714111e-01 3.290813267230987549e-01
1.477595418691635132e-01 -2.369388043880462646e-01 2.824813723564147949e-01
2.105694562196731567e-01 -3.351753056049346924e-01 1.614460647106170654e-01
2.652252316474914551e-01 -4.164710938930511475e-01 1.894685029983520508e-01
2.766088545322418213e-01 -4.554007649421691895e-01 1.936691552400588989e-01
2.693307101726531982e-01 -4.565751850605010986e-01 1.741994768381118774e-01
2.888070940971374512e-01 -4.092936217784881592e-01 2.458180338144302368e-01
3.083079159259796143e-01 -3.769725561141967773e-01 1.716251820325851440e-01
3.298383057117462158e-01 -4.390223324298858643e-01 1.394881904125213623e-01
3.618096411228179932e-01 -4.806183576583862305e-01 1.083524152636528015e-01
3.230355083942413330e-01 -4.858678579330444336e-01 -1.688489690423011780e-02
2.839525341987609863e-01 -5.331937074661254883e-01 -1.534963995218276978e-01
2.312349230051040649e-01 -4.864464700222015381e-01 -7.514236867427825928e-02
1.901617795228958130e-01 -4.439136981964111328e-01 -8.243291079998016357e-02
2.320479005575180054e-01 -4.250780344009399414e-01 -7.918319106101989746e-02
1.607383340597152710e-01 -3.146779239177703857e-01 1.642735451459884644e-01
8.044305443763732910e-02 -2.035569250583648682e-01 9.967694990336894989e-03
2.925604581832885742e-01 1.386610567569732666e-01 1.913272030651569366e-02
2.703985571861267090e-01 4.330560564994812012e-02 9.375394321978092194e-03
3.281794488430023193e-01 -1.402694545686244965e-02 1.428726874291896820e-02
3.468022346496582031e-01 1.099712681025266647e-02 4.592305049300193787e-02
3.049249649047851562e-01 -5.297893076203763485e-04 4.036911204457283020e-02
1.748923957347869873e-01 -1.586306840181350708e-01 2.848973730579018593e-03
2.539887130260467529e-01 -2.765923738479614258e-01 -1.464752107858657837e-01
3.102711439132690430e-01 -2.498794645071029663e-01 -6.436581164598464966e-02
3.281299173831939697e-01 -2.043984830379486084e-01 -1.598026044666767120e-02
3.521280288696289062e-01 -1.501524895429611206e-01 5.094849690794944763e-02
3.255256712436676025e-01 -1.590202599763870239e-01 1.041820198297500610e-01
3.213946223258972168e-01 -1.117880716919898987e-01 1.279453486204147339e-01
2.851883471012115479e-01 -1.319084614515304565e-01 2.070084214210510254e-01
2.521289885044097900e-01 -2.308840155601501465e-01 2.497279047966003418e-01
2.396676838397979736e-01 -2.127975523471832275e-01 2.028353065252304077e-01
2.823528647422790527e-01 -1.533273607492446899e-01 2.248371094465255737e-01
3.083485960960388184e-01 -7.079370319843292236e-02 2.207614779472351074e-01
3.023316264152526855e-01 -1.112448945641517639e-01 2.439273744821548462e-01
2.928541302680969238e-01 -1.170231774449348450e-01 2.352900803089141846e-01
4.330779910087585449e-01 -1.218268200755119324e-01 2.058081328868865967e-01
5.434474945068359375e-01 -3.856950253248214722e-02 -6.469139363616704941e-03
