6.861192733049392700e-02 8.261262439191341400e-03 1.936749070882797241e-01
1.626357436180114746e-01 -1.417778246104717255e-02 2.664233744144439697e-01
2.677325010299682617e-01 -8.693998306989669800e-02 2.480341047048568726e-01
2.216958105564117432e-01 -1.203914731740951538e-01 1.779274493455886841e-01
-3.714108839631080627e-02 -8.464479446411132812e-02 7.652644813060760498e-02
-1.373566240072250366e-01 -6.893664598464965820e-02 7.411866448819637299e-03
-9.452558308839797974e-02 -5.247317999601364136e-02 -9.377451241016387939e-02
-1.404959410429000854e-01 -6.745354831218719482e-02 -2.168371826410293579e-01
-2.191939949989318848e-01 -8.763817697763442993e-02 -2.969925999641418457e-01
-8.718004822731018066e-02 -1.760575324296951294e-01 -3.699491322040557861e-01
-1.320462673902511597e-01 -2.417185604572296143e-01 -4.158118963241577148e-01
4.489255324006080627e-02 -3.354878425598144531e-01 -4.125831723213195801e-01
1.492232680320739746e-01 -3.375350236892700195e-01 -3.771296739578247070e-01
1.788602620363235474e-01 -3.427880704402923584e-01 -2.557537853717803955e-01
3.490149974822998047e-01 -2.166939377784729004e-01 -8.628532290458679199e-02
2.692384719848632812e-01 -2.128196507692337036e-01 -3.835543245077133179e-02
1.524393707513809204e-01 -1.874010562896728516e-01 -7.112308405339717865e-03
4.602816328406333923e-02 -1.710688620805740356e-01 -3.885095193982124329e-02
-2.410479448735713959e-02 -2.203344851732254028e-01 -3.741751983761787415e-02
-7.343656569719314575e-02 -3.789952024817466736e-02 5.800429359078407288e-02
-2.014120966196060181e-01 2.766959182918071747e-02 1.485366821289062500e-01
-2.509227395057678223e-01 8.428903296589851379e-03 1.396477222442626953e-01
-2.265238016843795776e-01 4.189546033740043640e-02 6.078458204865455627e-02
-6.173271685838699341e-02 -3.543782979249954224e-02 1.192645654082298279e-01
-3.835235163569450378e-02 5.168639123439788818e-02 1.415047645568847656e-01
-2.016241103410720825e-02 1.670237928628921509e-01 1.602080613374710083e-01
-4.572229832410812378e-02 1.676610559225082397e-01 1.300301402807235718e-01
-1.725193560123443604e-01 2.267221212387084961e-01 3.777100518345832825e-02
-1.138695776462554932e-01 1.964768171310424805e-01 7.639636099338531494e-02
-3.617106005549430847e-02 1.654061377048492432e-01 7.712610065937042236e-02
6.492856889963150024e-02 1.500142663717269897e-01 7.049348950386047363e-02
1.365054547786712646e-01 2.331316024065017700e-01 3.694818541407585144e-02
2.272077649831771851e-01 2.978883683681488037e-01 -9.948073420673608780e-04
2.108034640550613403e-01 2.284286767244338989e-01 -6.967351771891117096e-03
1.262323111295700073e-01 4.784148931503295898e-02 -6.343446671962738037e-02
8.295554434880614281e-04 -2.432752102613449097e-01 3.930880874395370483e-02
-2.286753505468368530e-01 -3.223077654838562012e-01 3.464160487055778503e-02
-2.330089509487152100e-01 -3.389404416084289551e-01 2.251569880172610283e-03
-8.578897267580032349e-02 -2.889751195907592773e-01 2.618276700377464294e-02
-6.581369042396545410e-02 -1.128336861729621887e-01 1.109705027192831039e-02
-1.025944296270608902e-02 3.025344200432300568e-02 6.159352883696556091e-02
-2.729620039463043213e-02 1.235455200076103210e-01 7.895832508802413940e-02
-1.236001178622245789e-01 8.837749809026718140e-02 1.010520830750465393e-01
-1.239094808697700500e-01 7.580458372831344604e-02 1.213892027735710144e-01
-1.902514994144439697e-01 9.311646223068237305e-02 2.128308862447738647e-01
-2.887524664402008057e-01 2.037622481584548950e-01 2.383545339107513428e-01
-1.825175732374191284e-01 3.556664884090423584e-01 -2.903592959046363831e-02
7.837544381618499756e-02 4.842711091041564941e-01 -3.160559535026550293e-01
2.448922991752624512e-01 4.700042605400085449e-01 -2.935537695884704590e-01
2.048480063676834106e-01 2.803804874420166016e-01 -2.212867438793182373e-01
4.075461253523826599e-02 1.174237811937928200e-03 -3.004666883498430252e-03
-2.399905398488044739e-02 -6.563530862331390381e-02 -8.153546601533889771e-03
-6.655272841453552246e-02 6.360720098018646240e-02 -6.160737574100494385e-02
-9.575720131397247314e-02 2.144923359155654907e-01 9.505321830511093140e-02
-8.656886219978332520e-02 -3.437761217355728149e-02 2.754433751106262207e-01
-2.970758592709898949e-03 -3.739396333694458008e-01 3.483547270298004150e-01
2.521336674690246582e-01 -3.867491781711578369e-01 2.514775097370147705e-01
3.063358366489410400e-01 -4.063677489757537842e-01 1.622768193483352661e-01
2.068394124507904053e-01 -2.921240329742431641e-01 -4.546872153878211975e-02
1.794469207525253296e-01 -2.258144766092300415e-01 -1.741545200347900391e-01
-5.935312435030937195e-02 -2.724421620368957520e-01 -2.136230468750000000e-01
-1.000524610280990601e-01 -1.932147443294525146e-01 -1.882708817720413208e-01
-1.504653841257095337e-01 -9.885311126708984375e-02 -2.699877321720123291e-02
-1.649151742458343506e-01 -2.348610199987888336e-02 2.058923244476318359e-02
-8.348655700683593750e-02 2.484974265098571777e-02 1.273474246263504028e-01
-1.728741079568862915e-01 6.936611980199813843e-02 2.367316484451293945e-01
-1.469778716564178467e-01 9.450840204954147339e-02 2.188501209020614624e-01
-8.367889560759067535e-03 1.447583138942718506e-01 2.276969850063323975e-01
-1.944672688841819763e-02 1.976236999034881592e-01 1.847822666168212891e-01
8.705647289752960205e-02 2.166740894317626953e-01 2.638157904148101807e-01
1.196669191122055054e-01 1.475899219512939453e-01 4.006725251674652100e-01
1.615211218595504761e-01 5.740593373775482178e-02 3.175593614578247070e-01
1.769298613071441650e-01 9.865690022706985474e-03 1.416932791471481323e-01
7.948136329650878906e-02 2.821568958461284637e-02 1.305079739540815353e-02
9.716709703207015991e-02 1.439600139856338501e-01 3.879541531205177307e-02
9.915526211261749268e-02 2.490022331476211548e-01 3.825434297323226929e-02
7.347343116998672485e-02 2.848313450813293457e-01 2.794756926596164703e-02
9.939651004970073700e-03 1.957279741764068604e-01 -1.072431206703186035e-01
-5.230129137635231018e-02 6.108961999416351318e-02 -1.238103583455085754e-01
3.279181942343711853e-02 -7.001820951700210571e-02 -1.249968353658914566e-02
1.874249130487442017e-01 -1.887199729681015015e-01 -3.109504468739032745e-02
1.842127293348312378e-01 -1.857974529266357422e-01 -7.787772268056869507e-02
1.418884992599487305e-01 -1.072603091597557068e-01 -2.374484688043594360e-01
9.641114622354507446e-02 -5.208255723118782043e-02 -2.849129736423492432e-01
-6.323468987829983234e-04 8.280525356531143188e-02 -2.008760124444961548e-01
-6.314657628536224365e-02 2.702325582504272461e-01 -1.447198837995529175e-01
-6.187094748020172119e-02 2.901546955108642578e-01 -2.830018997192382812e-01
5.641317367553710938e-02 3.771067857742309570e-01 -3.518050312995910645e-01
1.705173701047897339e-01 3.156200647354125977e-01 -3.276673853397369385e-01
2.289773672819137573e-01 2.024653106927871704e-01 -2.038054466247558594e-01
1.419588625431060791e-01 1.901810020208358765e-01 7.159949839115142822e-02
-6.852174550294876099e-02 7.010350376367568970e-02 1.408593207597732544e-01
-2.038211226463317871e-01 -9.803866595029830933e-02 2.070075273513793945e-01
-3.330599144101142883e-02 -3.707135021686553955e-01 3.087205290794372559e-01
1.597621887922286987e-01 -4.952730834484100342e-01 3.570936322212219238e-01
3.114552199840545654e-01 -4.436684548854827881e-01 3.472708165645599365e-01
3.060587644577026367e-01 -2.070917487144470215e-01 3.297269344329833984e-01
-1.670496276346966624e-04 -1.158433184027671814e-01 3.338327705860137939e-01
-2.022770233452320099e-03 -1.164495125412940979e-01 2.709286212921142578e-01
-6.014280766248703003e-02 -1.354845911264419556e-01 1.970476061105728149e-01
-1.397390663623809814e-01 -1.086078509688377380e-01 1.189676001667976379e-01
-8.164028078317642212e-02 -5.829185992479324341e-02 7.688488066196441650e-02
1.991314254701137543e-02 -6.832654774188995361e-02 7.130810618400573730e-02
1.320694535970687866e-01 -1.349319331347942352e-02 1.518102828413248062e-02
5.748695507645606995e-02 1.975846290588378906e-02 4.128925874829292297e-02
-1.640915125608444214e-01 6.586443632841110229e-02 -1.674144901335239410e-02
-2.513632774353027344e-01 1.513275057077407837e-01 -1.082191020250320435e-01
-1.036073565483093262e-01 3.981669247150421143e-01 -3.515065312385559082e-01
3.193404152989387512e-02 4.592467546463012695e-01 -4.377800524234771729e-01
1.024053171277046204e-01 4.252218604087829590e-01 -3.504468202590942383e-01
