-1.391602456569671631e-01 -5.005784332752227783e-02 -6.193900108337402344e-02
-7.372692227363586426e-02 -4.227435588836669922e-02 -7.810896635055541992e-02
9.085363894701004028e-02 6.918664276599884033e-02 -3.160924091935157776e-02
2.211006730794906616e-01 1.334596425294876099e-01 3.511428833007812500e-02
1.920802295207977295e-01 9.752121567726135254e-02 9.544592350721359253e-02
1.423908323049545288e-01 -3.054617717862129211e-02 6.316138803958892822e-02
2.349999994039535522e-01 -1.377079784870147705e-01 -1.041671168059110641e-02
3.233454227447509766e-01 -1.576974242925643921e-01 -1.284573674201965332e-01
3.727898597717285156e-01 -9.551502019166946411e-02 -2.337992787361145020e-01
2.551511228084564209e-01 -9.872642159461975098e-02 -2.949174046516418457e-01
-4.658115655183792114e-02 -1.626083850860595703e-01 -2.937128543853759766e-01
-2.471840828657150269e-01 -1.005581691861152649e-01 -1.681293398141860962e-01
-4.385457932949066162e-01 -8.712107688188552856e-02 3.834873065352439880e-02
-4.434031844139099121e-01 4.231323301792144775e-02 1.603945940732955933e-01
-2.868011891841888428e-01 1.488067209720611572e-01 1.814255118370056152e-01
-3.612362593412399292e-02 1.525000482797622681e-01 1.281963288784027100e-01
2.701093554496765137e-01 1.782532036304473877e-01 2.386403456330299377e-02
3.261432647705078125e-01 1.038087382912635803e-01 1.066727340221405029e-01
2.237266600131988525e-01 1.482005715370178223e-01 1.767278164625167847e-01
7.209540903568267822e-02 2.032157033681869507e-01 2.010346204042434692e-01
-4.812193661928176880e-02 1.368159055709838867e-01 1.888706237077713013e-01
-1.891762912273406982e-01 1.688441075384616852e-02 1.446730829775333405e-02
-2.726272046566009521e-01 -1.418942511081695557e-01 -2.460823766887187958e-02
-2.642794847488403320e-01 -1.965886950492858887e-01 4.342592880129814148e-02
-2.387965321540832520e-01 -1.498237848281860352e-01 8.125491440296173096e-02
-1.168545801192522049e-02 -7.655405998229980469e-02 1.439907848834991455e-01
9.389228373765945435e-02 2.082685939967632294e-02 7.487377524375915527e-02
7.275188714265823364e-02 3.403938934206962585e-02 -1.877198927104473114e-02
4.099288024008274078e-03 -2.232946269214153290e-02 -5.459790676832199097e-02
-1.460460871458053589e-01 -1.160291656851768494e-01 -5.585807561874389648e-02
-7.967274636030197144e-02 -1.878762543201446533e-01 1.004786416888237000e-02
4.192867875099182129e-02 -1.256424486637115479e-01 2.029123343527317047e-02
1.524482369422912598e-01 -6.380168348550796509e-02 -8.765179663896560669e-02
1.936739981174468994e-01 8.144016563892364502e-02 -2.740093469619750977e-01
1.671196073293685913e-01 1.660381108522415161e-01 -3.374320268630981445e-01
1.326673477888107300e-01 2.070047259330749512e-01 -3.119821846485137939e-01
7.341454178094863892e-02 2.215478122234344482e-01 -1.799003183841705322e-01
2.905094809830188751e-02 6.740668416023254395e-02 6.377218663692474365e-02
-1.807740330696105957e-02 -5.409622937440872192e-02 2.161704450845718384e-01
-1.699602976441383362e-02 -8.566865324974060059e-02 2.957752346992492676e-01
-5.092092603445053101e-02 -1.246394682675600052e-02 2.450282722711563110e-01
-6.099550798535346985e-02 8.942142128944396973e-02 1.244082674384117126e-01
-6.930512189865112305e-02 1.713828593492507935e-01 2.587775513529777527e-02
1.965156197547912598e-02 2.193624824285507202e-01 5.607146024703979492e-02
1.630957424640655518e-01 1.929878816008567810e-02 1.595441997051239014e-01
2.097535282373428345e-01 -3.674466907978057861e-01 2.340651899576187134e-01
9.282161295413970947e-02 -5.921201109886169434e-01 2.201786190271377563e-01
-1.206940487027168274e-01 -5.472306013107299805e-01 -2.341994456946849823e-02
-2.622286081314086914e-01 -1.780694723129272461e-01 -2.516916692256927490e-01
-2.537777125835418701e-01 3.270759582519531250e-01 -3.765545785427093506e-01
-6.014352664351463318e-02 4.222248196601867676e-01 -3.039495646953582764e-01
3.578381240367889404e-02 3.033832907676696777e-01 1.149835344403982162e-02
8.242968469858169556e-02 2.873359024524688721e-01 1.286424398422241211e-01
2.537131309509277344e-03 3.958809375762939453e-01 -1.103379800915718079e-01
2.202980220317840576e-02 3.157289922237396240e-01 -3.318865299224853516e-01
1.972693763673305511e-02 6.582292169332504272e-02 -4.285934567451477051e-01
-3.297192230820655823e-02 -3.587955832481384277e-01 -2.663256525993347168e-01
-1.530327927321195602e-02 -4.782494604587554932e-01 1.164981443434953690e-02
5.372442305088043213e-02 -2.964665293693542480e-01 9.041834622621536255e-02
1.997979134321212769e-01 -1.426172628998756409e-02 1.283325999975204468e-01
1.731379330158233643e-01 2.805916965007781982e-01 1.733187288045883179e-01
8.146892488002777100e-02 3.294056057929992676e-01 2.453168928623199463e-01
-1.698299050331115723e-01 1.753087341785430908e-01 2.753280699253082275e-01
-2.833114862442016602e-01 1.073781922459602356e-01 2.182597219944000244e-01
-2.598279714584350586e-01 -1.844771578907966614e-02 1.144389659166336060e-01
-1.935206204652786255e-01 -1.120456680655479431e-01 8.620443195104598999e-02
-1.330006984062492847e-03 -1.940812766551971436e-01 8.749271929264068604e-02
-7.984496769495308399e-04 -2.643803358078002930e-01 7.221112400293350220e-02
-4.539749771356582642e-02 -1.226961165666580200e-01 -6.088397465646266937e-03
-9.200545400381088257e-02 2.273649722337722778e-02 -1.315901428461074829e-01
-6.018024310469627380e-02 5.557271838188171387e-02 -2.084428220987319946e-01
1.487264782190322876e-01 3.433268889784812927e-02 -1.880485266447067261e-01
2.701361775398254395e-01 -9.167210012674331665e-02 -4.418613761663436890e-02
2.673284709453582764e-01 -1.079044938087463379e-01 1.302623003721237183e-01
1.350148767232894897e-01 -5.868310481309890747e-02 2.138238996267318726e-01
6.888154428452253342e-03 -2.071663737297058105e-02 1.523310095071792603e-01
-5.254103615880012512e-02 6.753125786781311035e-02 -1.703055202960968018e-02
-9.991315752267837524e-02 1.128632128238677979e-01 -1.874031275510787964e-01
-1.148982197046279907e-01 1.402714010328054428e-02 -2.904155850410461426e-01
-5.968534573912620544e-02 -9.234160929918289185e-02 -2.791268825531005859e-01
1.133979186415672302e-01 -1.508152037858963013e-01 -1.625977307558059692e-01
2.195820957422256470e-01 -1.153600215911865234e-01 -2.409486798569560051e-03
2.171272337436676025e-01 5.642501264810562134e-02 1.871158182621002197e-01
6.473955512046813965e-02 1.697432547807693481e-01 3.346713185310363770e-01
-7.643577456474304199e-02 1.155374050140380859e-01 3.226481974124908447e-01
-1.104378849267959595e-01 -4.930963739752769470e-02 3.177422881126403809e-01
-1.295624375343322754e-01 -1.990167200565338135e-01 1.765980571508407593e-01
-1.349184811115264893e-01 -1.713818162679672241e-01 -4.873854294419288635e-02
-1.793511509895324707e-01 1.231876481324434280e-02 -1.144172474741935730e-01
-6.869579851627349854e-02 2.071922868490219116e-01 -2.466733008623123169e-01
3.126815333962440491e-02 3.353617489337921143e-01 -2.893971204757690430e-01
1.630558166652917862e-03 3.244746625423431396e-01 -3.927581310272216797e-01
-1.897973716259002686e-01 1.500933617353439331e-01 -4.577951133251190186e-01
-4.050838351249694824e-01 -7.229512929916381836e-02 -3.575650751590728760e-01
-3.511123955249786377e-01 -2.070045769214630127e-01 -1.401042938232421875e-02
-1.609794050455093384e-01 -7.029269635677337646e-02 3.167675435543060303e-01
1.800314486026763916e-01 8.035710453987121582e-02 3.650230765342712402e-01
3.786865472793579102e-01 1.825068145990371704e-01 2.425047606229782104e-01
4.041605889797210693e-01 1.442090719938278198e-01 5.701311677694320679e-02
2.938070595264434814e-01 -2.978192456066608429e-02 -2.778828609734773636e-03
1.204662024974822998e-01 -1.022082567214965820e-01 -1.207440905272960663e-02
-6.837777793407440186e-02 -1.904524415731430054e-01 -6.562865455634891987e-04
-1.568526178598403931e-01 -1.654000431299209595e-01 1.664004661142826080e-02
-3.333835676312446594e-02 -4.387640953063964844e-02 6.457644701004028320e-02
1.074591502547264099e-01 1.326863281428813934e-02 1.265309751033782959e-01
2.405516356229782104e-01 -1.096724420785903931e-01 2.171205431222915649e-01
2.577717602252960205e-01 -2.728664577007293701e-01 2.651269137859344482e-01
1.375285685062408447e-01 -3.041952252388000488e-01 2.047895640134811401e-01
3.991793096065521240e-02 -2.137203812599182129e-01 9.758075326681137085e-02
-5.196185782551765442e-02 -3.577837720513343811e-02 -2.796326018869876862e-02
