-4.910211265087127686e-01 -1.432517170906066895e-01 -2.657140493392944336e-01
-4.659873843193054199e-01 -3.139012455940246582e-01 -1.853072047233581543e-01
-4.325562119483947754e-01 -2.755931913852691650e-01 -1.673705279827117920e-01
-2.485204190015792847e-01 -1.074411645531654358e-01 -2.428285330533981323e-01
3.509259968996047974e-02 2.503467202186584473e-01 -2.831101417541503906e-01
1.491388678550720215e-01 3.706839382648468018e-01 -2.127915918827056885e-01
6.011191755533218384e-02 3.614629209041595459e-01 -2.175056040287017822e-01
5.992950871586799622e-03 3.797475099563598633e-01 -2.126670330762863159e-01
-6.622909009456634521e-02 4.309402704238891602e-01 -2.038920372724533081e-01
-1.262407898902893066e-01 4.749902486801147461e-01 -1.081598028540611267e-01
-1.711631119251251221e-01 4.871751666069030762e-01 5.581603199243545532e-02
-8.344487100839614868e-02 5.446489453315734863e-01 1.915182769298553467e-01
-1.026672050356864929e-01 5.135457515716552734e-01 2.928885221481323242e-01
1.839665509760379791e-02 4.568351805210113525e-01 1.992606371641159058e-01
6.920822896063327789e-03 4.593532085418701172e-01 5.158595442771911621e-01
1.690055243670940399e-02 4.051555693149566650e-01 5.069985389709472656e-01
-2.841523848474025726e-02 3.790105581283569336e-01 5.209655165672302246e-01
2.499257028102874756e-02 3.442181050777435303e-01 4.587236940860748291e-01
6.843025237321853638e-02 3.774071037769317627e-01 4.266584813594818115e-01
1.117588430643081665e-01 3.521828353404998779e-01 4.034672379493713379e-01
1.381739675998687744e-01 3.325223326683044434e-01 3.917462229728698730e-01
1.824403703212738037e-01 2.788449227809906006e-01 3.837901055812835693e-01
4.341569915413856506e-02 2.270029187202453613e-01 3.798643350601196289e-01
-8.616963750682771206e-04 2.131832540035247803e-01 4.247605800628662109e-01
-8.664067089557647705e-02 2.624326646327972412e-01 4.619852900505065918e-01
-7.268380373716354370e-02 3.204554915428161621e-01 3.855806291103363037e-01
-1.841726899147033691e-01 4.064897000789642334e-01 3.375537991523742676e-01
-2.033762782812118530e-01 4.085883796215057373e-01 2.381951659917831421e-01
-2.188953012228012085e-01 3.978428244590759277e-01 7.291019707918167114e-02
-2.819322347640991211e-01 4.002602398395538330e-01 -1.079619452357292175e-01
-3.115282952785491943e-01 3.732189536094665527e-01 -2.570173442363739014e-01
-2.736006975173950195e-01 3.803604543209075928e-01 -2.965808510780334473e-01
-3.360015153884887695e-01 3.643628060817718506e-01 -3.131672739982604980e-01
-3.050509691238403320e-01 3.331941068172454834e-01 -3.813292086124420166e-01
-2.776619195938110352e-01 3.001244366168975830e-01 -4.221028387546539307e-01
-3.219006657600402832e-01 2.811346352100372314e-01 -4.454064369201660156e-01
-2.794390916824340820e-01 2.801030278205871582e-01 -4.825589060783386230e-01
-3.283981382846832275e-01 2.636776566505432129e-01 -4.578540623188018799e-01
-3.328076899051666260e-01 2.484600245952606201e-01 -4.529780447483062744e-01
-3.568649590015411377e-01 2.904878556728363037e-01 -4.392598271369934082e-01
-3.616406619548797607e-01 2.528128325939178467e-01 -4.601722657680511475e-01
-3.561375737190246582e-01 2.587046325206756592e-01 -5.177394747734069824e-01
-3.702894747257232666e-01 2.735000252723693848e-01 -5.056515336036682129e-01
-3.309250175952911377e-01 2.400043159723281860e-01 -5.390583276748657227e-01
-2.995439767837524414e-01 2.483414113521575928e-01 -5.475277304649353027e-01
-2.912278771400451660e-01 2.922904491424560547e-01 -5.375828146934509277e-01
-3.566531240940093994e-01 3.144294023513793945e-01 -5.351927876472473145e-01
-3.754334747791290283e-01 3.319198787212371826e-01 -5.185104608535766602e-01
-4.009550213813781738e-01 3.635246753692626953e-01 -5.334724783897399902e-01
-3.218367695808410645e-01 3.381265997886657715e-01 -5.629799962043762207e-01
-1.037342250347137451e-01 2.030962407588958740e-01 -5.811232328414916992e-01
-2.865863963961601257e-02 1.341137290000915527e-01 -5.900062918663024902e-01
-2.262181043624877930e-02 1.192506477236747742e-01 -5.738149881362915039e-01
-1.474080956541001797e-03 1.158162057399749756e-01 -5.592474937438964844e-01
-2.059329301118850708e-02 1.545234471559524536e-01 -5.374622344970703125e-01
7.546786963939666748e-02 1.635797172784805298e-01 -5.730334520339965820e-01
3.549569472670555115e-02 1.735888570547103882e-01 -5.748006105422973633e-01
-2.005437575280666351e-02 1.510113328695297241e-01 -5.585109591484069824e-01
-5.258596138446591794e-05 1.327517926692962646e-01 -5.008195638656616211e-01
4.147436097264289856e-02 1.215303167700767517e-01 -4.797798693180084229e-01
9.275346249341964722e-02 9.965185821056365967e-02 -4.726991057395935059e-01
1.258740425109863281e-01 2.921529114246368408e-02 -4.639312624931335449e-01
1.601807475090026855e-01 1.891952357254922390e-03 -4.337268471717834473e-01
1.936009973287582397e-01 3.301488980650901794e-02 -3.812443614006042480e-01
1.803832352161407471e-01 8.168821036815643311e-02 -3.397610187530517578e-01
2.572313845157623291e-01 9.231042861938476562e-02 -3.486345410346984863e-01
1.707790195941925049e-01 1.548040360212326050e-01 -2.707675397396087646e-01
1.406708210706710815e-01 2.222451716661453247e-01 -3.149548172950744629e-01
1.732976734638214111e-01 2.536324262619018555e-01 -3.820267617702484131e-01
7.354647386819124222e-03 2.959399521350860596e-01 -3.927888572216033936e-01
-1.081595569849014282e-01 3.045707643032073975e-01 -3.733265697956085205e-01
-7.290006428956985474e-02 2.847402095794677734e-01 -4.220647513866424561e-01
-5.627816542983055115e-02 1.713937669992446899e-01 -5.096492171287536621e-01
-2.014339566230773926e-01 1.183714941143989563e-01 -5.028304457664489746e-01
-2.063629180192947388e-01 1.049005538225173950e-01 -4.933907985687255859e-01
5.349900946021080017e-02 2.644889429211616516e-02 -2.858163118362426758e-01
-4.924175143241882324e-02 4.899172857403755188e-02 -9.002838283777236938e-02
-1.426126062870025635e-01 2.138607949018478394e-02 -1.658671200275421143e-01
6.147326203063130379e-04 1.591022685170173645e-02 -2.885771989822387695e-01
1.483502835035324097e-01 1.314955651760101318e-01 -3.101830184459686279e-01
3.637864021584391594e-03 9.191392362117767334e-02 -2.785376906394958496e-01
-2.271319478750228882e-01 -3.913050889968872070e-02 -2.017674297094345093e-01
-5.272676944732666016e-01 -8.763907849788665771e-02 1.929822862148284912e-01
-2.832134366035461426e-01 -2.891756296157836914e-01 1.805704981088638306e-01
-2.548308968544006348e-01 -6.046353578567504883e-01 1.633966267108917236e-01
-3.515104949474334717e-01 -6.849862337112426758e-01 8.035608381032943726e-02
-3.538299202919006348e-01 -7.136097550392150879e-01 7.836102694272994995e-02
-2.611263096332550049e-01 -6.993585824966430664e-01 5.214962363243103027e-02
-1.878951191902160645e-01 -5.667696595191955566e-01 1.524428576231002808e-01
5.284504592418670654e-02 -5.045734643936157227e-01 1.292728185653686523e-01
1.263049393892288208e-01 1.226297914981842041e-01 4.082935452461242676e-01
-6.163205578923225403e-02 2.932156026363372803e-01 4.956528544425964355e-01
-1.669711172580718994e-01 4.152215123176574707e-01 4.500260651111602783e-01
-2.908169329166412354e-01 4.368639886379241943e-01 4.644885361194610596e-01
-3.925877213478088379e-01 4.951463341712951660e-01 3.253852128982543945e-01
-5.140801072120666504e-01 4.609627425670623779e-01 2.511908710002899170e-01
-5.404050946235656738e-01 3.865691125392913818e-01 2.362586557865142822e-01
-4.955942630767822266e-01 4.077625870704650879e-01 5.550372973084449768e-02
-4.813992381095886230e-01 4.586761295795440674e-01 9.139533340930938721e-02
-3.186983466148376465e-01 4.654442071914672852e-01 6.013336032629013062e-02
