-6.049544736742973328e-02 -1.237509474158287048e-01 1.730131655931472778e-01
-1.172152385115623474e-01 -9.518028795719146729e-02 2.209643274545669556e-01
-1.819584667682647705e-01 -3.405940905213356018e-02 1.570031493902206421e-01
-1.232910975813865662e-01 6.654448062181472778e-02 -7.305760681629180908e-02
4.478368535637855530e-02 5.801912024617195129e-02 -2.874296307563781738e-01
1.676624417304992676e-01 -9.050420671701431274e-02 -2.712065875530242920e-01
1.792664378881454468e-01 -9.467560052871704102e-02 -1.325624585151672363e-01
6.100919470191001892e-02 1.850027404725551605e-02 1.051451936364173889e-01
-2.200322598218917847e-02 2.359450459480285645e-01 2.621212899684906006e-01
3.019899502396583557e-02 1.795440763235092163e-01 3.049205243587493896e-01
9.425434470176696777e-02 1.468709409236907959e-01 2.595435082912445068e-01
8.546785265207290649e-02 2.013718187808990479e-01 3.192560002207756042e-02
-3.336184099316596985e-02 2.770154774188995361e-01 -2.824499309062957764e-01
-1.945897936820983887e-01 3.217876851558685303e-01 -4.845300912857055664e-01
-1.605967283248901367e-01 -1.595496088266372681e-01 -4.758869707584381104e-01
-5.323969572782516479e-02 -4.432903528213500977e-01 -2.580980360507965088e-01
4.440773651003837585e-02 -5.086891651153564453e-01 7.321498543024063110e-02
1.084429472684860229e-01 -3.046701848506927490e-01 2.655488252639770508e-01
1.272163093090057373e-01 9.062848985195159912e-02 1.994959264993667603e-01
1.540488004684448242e-01 2.382817864418029785e-01 6.431531906127929688e-02
1.761831194162368774e-01 3.020023107528686523e-01 -1.194291375577449799e-02
1.604594290256500244e-01 1.479952335357666016e-01 -1.330200000666081905e-03
1.116718873381614685e-01 7.758891675621271133e-03 5.691233649849891663e-02
1.030645743012428284e-01 -1.337739974260330200e-01 -4.774878919124603271e-02
1.150891557335853577e-01 -2.803949415683746338e-01 -1.675498932600021362e-01
4.791717603802680969e-02 -2.916239500045776367e-01 -3.062006533145904541e-01
-9.360752254724502563e-02 -3.335703313350677490e-01 -3.371936678886413574e-01
-2.294674664735794067e-01 -2.617808878421783447e-01 -2.335671931505203247e-01
-2.954835593700408936e-01 -6.292194873094558716e-02 -6.979782879352569580e-02
-2.260015755891799927e-01 8.795421570539474487e-02 1.321853995323181152e-01
-1.158891394734382629e-01 1.739321947097778320e-01 2.108685374259948730e-01
2.622209675610065460e-02 1.353211551904678345e-01 1.762234717607498169e-01
5.326146259903907776e-02 7.613419438712298870e-04 1.476627141237258911e-01
-1.078544463962316513e-02 1.274858042597770691e-02 8.572438359260559082e-02
-4.948904365301132202e-02 7.289393991231918335e-02 7.341106981039047241e-02
-7.827410101890563965e-02 1.139274612069129944e-01 9.218173474073410034e-02
1.347507443279027939e-02 1.551457941532135010e-01 3.605232015252113342e-02
9.389681369066238403e-02 5.870144441723823547e-02 -6.047808565199375153e-03
9.131646901369094849e-02 3.352958709001541138e-03 -8.095856010913848877e-02
6.196256354451179504e-02 -1.470950525254011154e-02 -1.066284850239753723e-01
-4.709455184638500214e-03 2.234205603599548340e-03 -2.501569129526615143e-02
2.491799648851156235e-03 1.119166389107704163e-01 8.057048916816711426e-02
5.786226689815521240e-02 1.258724927902221680e-01 1.077585220336914062e-01
1.338270902633666992e-01 1.271764189004898071e-01 8.648534119129180908e-02
1.531388312578201294e-01 1.096239909529685974e-01 -3.052478889003396034e-03
-2.058474579825997353e-03 -2.895313501358032227e-02 -4.990395903587341309e-02
-2.055574059486389160e-01 -1.635682880878448486e-01 5.227617174386978149e-02
-3.207672834396362305e-01 -2.605461478233337402e-01 1.064301282167434692e-01
-2.629681229591369629e-01 -2.174020260572433472e-01 1.470542699098587036e-01
-4.477294534444808960e-02 1.345913764089345932e-02 7.147980481386184692e-02
1.268980950117111206e-01 2.138095647096633911e-01 -6.588704138994216919e-02
1.734420508146286011e-01 1.869736611843109131e-01 -2.901238761842250824e-02
1.075968220829963684e-01 -3.445690381340682507e-04 2.716029062867164612e-02
9.250160306692123413e-02 -1.893370300531387329e-01 7.862622290849685669e-02
1.940607577562332153e-01 -1.393652707338333130e-01 5.905269458889961243e-02
2.179404944181442261e-01 1.500628143548965454e-01 -4.295079037547111511e-02
1.428045928478240967e-01 2.808613777160644531e-01 -3.314527496695518494e-02
-2.574068866670131683e-02 1.245288476347923279e-01 6.485099345445632935e-02
-1.571746617555618286e-01 -2.017307579517364502e-01 1.320947855710983276e-01
-1.702364385128021240e-01 -3.359284996986389160e-01 1.382582336664199829e-01
-1.528296619653701782e-01 -1.687750369310379028e-01 3.821976482868194580e-02
-1.724680066108703613e-01 1.424577534198760986e-01 -1.456380784511566162e-01
-1.512597650289535522e-01 3.393959701061248779e-01 -2.470653951168060303e-01
-1.276039332151412964e-01 3.079217374324798584e-01 -2.642458975315093994e-01
-3.354758396744728088e-02 2.135191410779953003e-01 -2.626026570796966553e-01
1.104663014411926270e-01 1.381120532751083374e-01 -2.794447839260101318e-01
1.705676019191741943e-01 8.077864535152912140e-03 -2.789090275764465332e-01
1.753866076469421387e-01 -4.353407397866249084e-02 -2.087405025959014893e-01
1.223289296030998230e-01 -2.190073877573013306e-01 -5.436813924461603165e-03
1.308135986328125000e-01 -3.394109308719635010e-01 2.029080390930175781e-01
1.373901963233947754e-01 -3.400444686412811279e-01 2.342751026153564453e-01
1.286468468606472015e-02 -2.675493657588958740e-01 2.824139893054962158e-01
-2.645444869995117188e-01 8.443650789558887482e-03 3.663856089115142822e-01
-4.193902909755706787e-01 1.841622292995452881e-01 4.057531952857971191e-01
-3.262103497982025146e-01 2.352473735809326172e-01 3.054909110069274902e-01
4.669611155986785889e-02 1.184064820408821106e-01 -2.710511721670627594e-02
2.799953520298004150e-01 -8.023454248905181885e-02 -3.102290630340576172e-01
2.479690462350845337e-01 -1.302313953638076782e-01 -3.499042093753814697e-01
1.584099978208541870e-01 1.941465586423873901e-02 -2.651442885398864746e-01
4.329210147261619568e-02 2.584478557109832764e-01 -1.544013768434524536e-01
6.737101823091506958e-02 3.706609308719635010e-01 -1.484699249267578125e-01
2.704259753227233887e-02 2.161639928817749023e-01 -1.614509522914886475e-01
-1.941757351160049438e-01 -6.606284528970718384e-02 -1.465675979852676392e-01
-2.505745589733123779e-01 -2.886054813861846924e-01 -1.884818524122238159e-01
-2.878729999065399170e-01 -2.930484116077423096e-01 -6.944218184798955917e-03
-2.548839449882507324e-01 -1.234887018799781799e-01 2.522255778312683105e-01
-7.127009332180023193e-02 1.463884860277175903e-01 4.565644562244415283e-01
3.268670663237571716e-02 3.479412496089935303e-01 5.103679895401000977e-01
1.427800953388214111e-01 3.939186334609985352e-01 3.705743551254272461e-01
2.505007982254028320e-01 2.836684286594390869e-01 1.539626251906156540e-02
1.927249431610107422e-01 -1.141822114586830139e-01 -4.098038971424102783e-01
2.072206884622573853e-01 -3.984703123569488525e-01 -5.046679377555847168e-01
1.972358524799346924e-01 -4.378781020641326904e-01 -4.261558055877685547e-01
2.168662399053573608e-01 -4.933827519416809082e-01 -2.120145410299301147e-01
2.003751695156097412e-01 -2.847251594066619873e-01 1.424807906150817871e-01
4.006365686655044556e-02 -1.426035910844802856e-01 3.486778140068054199e-01
-3.916124254465103149e-02 -8.472571521997451782e-02 4.055551588535308838e-01
-3.613321483135223389e-02 2.122690901160240173e-02 4.386434257030487061e-01
-7.539497688412666321e-03 6.754040718078613281e-03 3.540165424346923828e-01
2.510815300047397614e-02 9.371109306812286377e-02 1.420362293720245361e-01
