-2.167410552501678467e-01 2.038004621863365173e-02 5.677624419331550598e-02
-1.081080362200737000e-02 1.447119861841201782e-01 -3.344682231545448303e-02
2.340155243873596191e-01 3.042455017566680908e-01 -7.352288812398910522e-02
4.529029130935668945e-01 3.223468661308288574e-01 4.925543442368507385e-02
4.220549762248992920e-01 1.950660645961761475e-01 1.675731092691421509e-01
2.805858552455902100e-01 -1.053718384355306625e-02 1.917992085218429565e-01
2.406139075756072998e-01 -7.544700056314468384e-02 2.308425027877092361e-03
1.482037752866744995e-01 9.003376588225364685e-03 -1.642189323902130127e-01
6.136009097099304199e-02 9.803529083728790283e-02 -6.234393641352653503e-02
-6.978732347488403320e-02 2.110185027122497559e-01 2.593894116580486298e-02
-2.295869290828704834e-01 2.895773351192474365e-01 9.778498858213424683e-02
-1.237497255206108093e-01 4.567250609397888184e-01 -6.610646843910217285e-02
-2.918353974819183350e-01 4.193101525306701660e-01 1.384074389934539795e-01
-3.265014588832855225e-01 1.080049797892570496e-01 3.252438306808471680e-01
-3.715073764324188232e-01 -1.767245680093765259e-01 3.476389050483703613e-01
-3.731650412082672119e-01 -3.997709453105926514e-01 2.656763792037963867e-01
-6.407969165593385696e-03 -3.390287458896636963e-01 -5.259616300463676453e-02
1.414891481399536133e-01 -1.469673216342926025e-01 -7.052974402904510498e-02
2.671129107475280762e-01 -2.053616009652614594e-02 -9.637225419282913208e-03
1.061677485704421997e-01 6.579225510358810425e-02 1.424288302659988403e-01
-1.026315912604331970e-01 -1.406399719417095184e-02 1.472071111202239990e-01
-2.413688749074935913e-01 4.026376083493232727e-02 1.325201541185379028e-01
-3.492107391357421875e-01 3.551828116178512573e-02 4.317789524793624878e-02
-2.422359436750411987e-01 8.439173549413681030e-02 -7.063193619251251221e-02
-2.184837013483047485e-01 1.118995323777198792e-01 -1.370480209589004517e-01
-6.237759068608283997e-02 -3.490808978676795959e-02 -2.803278565406799316e-01
1.121376976370811462e-01 -1.447945982217788696e-01 -3.749889433383941650e-01
2.586260139942169189e-01 -3.355376720428466797e-01 -3.900152444839477539e-01
4.061155617237091064e-01 -3.921990990638732910e-01 -3.403649032115936279e-01
4.369554221630096436e-01 -3.674442768096923828e-01 -2.273733466863632202e-01
3.614675700664520264e-01 -3.290257751941680908e-01 -9.181908518075942993e-02
2.511042654514312744e-01 -2.409063726663589478e-01 -3.231915086507797241e-02
1.955868899822235107e-01 -1.701696962118148804e-01 -1.027910225093364716e-02
4.536515846848487854e-02 -1.342617869377136230e-01 -1.153780594468116760e-01
4.337770119309425354e-02 1.169074559584259987e-03 -1.428600102663040161e-01
4.147183150053024292e-02 -3.198708593845367432e-02 -6.791802495718002319e-02
8.023115247488021851e-02 -2.430425398051738739e-02 9.862937964498996735e-03
7.555983215570449829e-02 2.263017371296882629e-02 7.102472335100173950e-02
3.657082468271255493e-02 -3.756378591060638428e-02 8.299393206834793091e-02
1.213187649846076965e-01 -8.497484028339385986e-02 -3.457656130194664001e-02
1.355417668819427490e-01 -1.351732909679412842e-01 -7.236421853303909302e-02
1.471400260925292969e-01 -1.379859298467636108e-01 -1.414605975151062012e-02
1.233069077134132385e-01 -5.165014415979385376e-02 5.096938088536262512e-02
-6.406809389591217041e-02 3.696225211024284363e-02 4.890576377511024475e-02
-9.232186526060104370e-02 -1.399535685777664185e-02 -5.521229282021522522e-02
-2.327866405248641968e-01 -7.573038805276155472e-03 -1.533749252557754517e-01
-2.897905111312866211e-01 -7.233553379774093628e-02 -2.325805574655532837e-01
-7.724705338478088379e-02 -3.853220865130424500e-02 -1.846923679113388062e-01
4.457384720444679260e-02 1.432929188013076782e-01 4.611872602254152298e-03
1.683226823806762695e-01 1.695019453763961792e-01 1.739744246006011963e-01
1.356700062751770020e-01 1.953150331974029541e-01 2.418920844793319702e-01
-9.277734905481338501e-02 1.112629398703575134e-01 1.467220783233642578e-01
-1.551792621612548828e-01 6.415610015392303467e-02 7.916836440563201904e-02
1.038833614438772202e-02 2.110133171081542969e-01 2.311358973383903503e-02
1.293474137783050537e-01 2.683043181896209717e-01 -6.200235337018966675e-02
1.348736882209777832e-01 2.384125888347625732e-01 -1.489537060260772705e-01
-8.582017570734024048e-02 1.972584128379821777e-01 -1.549810171127319336e-01
-2.584168016910552979e-01 1.426621228456497192e-01 2.142290025949478149e-02
-1.244975700974464417e-01 1.734811067581176758e-01 1.303608119487762451e-01
1.370863914489746094e-01 2.981062233448028564e-01 9.837473928928375244e-02
3.201653063297271729e-01 3.489416837692260742e-01 5.276882648468017578e-02
2.943513393402099609e-01 3.216813504695892334e-01 9.493570774793624878e-02
1.634116321802139282e-01 2.566796839237213135e-01 1.208497881889343262e-01
6.761433929204940796e-02 7.925374060869216919e-02 1.573300659656524658e-01
-1.318668872117996216e-01 -7.224282622337341309e-02 1.470597982406616211e-01
-1.974917799234390259e-01 -1.377087980508804321e-01 8.795839548110961914e-02
-2.457934021949768066e-01 -2.521391510963439941e-01 2.356424555182456970e-02
-2.794133126735687256e-01 -4.078989923000335693e-01 -7.681865245103836060e-02
-2.313421964645385742e-01 -4.402523338794708252e-01 -1.773885637521743774e-01
-1.571230441331863403e-01 -4.086945056915283203e-01 -1.428511142730712891e-01
-8.924391120672225952e-03 -2.149376273155212402e-01 -8.894244581460952759e-02
5.813167989253997803e-02 -2.223548851907253265e-02 -7.680424302816390991e-02
1.866940110921859741e-01 -2.091768942773342133e-02 -1.024069935083389282e-01
2.751295566558837891e-01 1.558293849229812622e-01 6.064646318554878235e-02
1.883586943149566650e-01 4.102382361888885498e-01 2.545685172080993652e-01
1.459075976163148880e-02 4.549568295478820801e-01 3.062813282012939453e-01
-1.908732503652572632e-01 3.720578551292419434e-01 2.318070977926254272e-01
-1.209522485733032227e-01 1.739916801452636719e-01 -1.211240068078041077e-01
8.889740705490112305e-02 2.933150157332420349e-02 -2.604443132877349854e-01
1.111238151788711548e-01 -3.545629978179931641e-02 -1.738331466913223267e-01
-4.588431492447853088e-02 -1.914215236902236938e-01 -1.014519631862640381e-01
-2.672611474990844727e-01 -2.179439663887023926e-01 2.457240968942642212e-01
-2.732197046279907227e-01 -2.765782177448272705e-01 4.409557282924652100e-01
-2.268114835023880005e-01 -2.899570167064666748e-01 3.990381360054016113e-01
-6.358819454908370972e-02 -3.071216344833374023e-01 2.857178151607513428e-01
1.515408754348754883e-01 -3.811666071414947510e-01 1.434288471937179565e-01
2.799104452133178711e-01 -1.435993015766143799e-01 1.850063502788543701e-01
2.586617767810821533e-01 1.451021730899810791e-01 2.158208042383193970e-01
-6.566479336470365524e-03 3.504164516925811768e-01 1.673303246498107910e-01
-1.096862182021141052e-01 3.537619411945343018e-01 1.965006589889526367e-01
-2.009015381336212158e-01 2.415427416563034058e-01 4.492822289466857910e-02
-2.927082777023315430e-01 2.640252560377120972e-02 -5.225196108222007751e-02
-1.039357408881187439e-01 -2.655904293060302734e-01 -2.137608081102371216e-01
-1.007280200719833374e-01 -2.647206783294677734e-01 -4.345276951789855957e-01
-4.982072860002517700e-02 -1.351545900106430054e-01 -4.690079987049102783e-01
1.569031774997711182e-01 -8.355238288640975952e-02 -4.652633965015411377e-01
1.330782026052474976e-01 -4.080897197127342224e-02 -3.147864639759063721e-01
2.170207202434539795e-01 3.586925268173217773e-01 -3.812550008296966553e-01
2.052260041236877441e-01 4.725851714611053467e-01 -3.767993450164794922e-01
5.115450173616409302e-02 5.271585583686828613e-01 -3.809695839881896973e-01
