1.143223650662559057e-02
1.777317607309560898e-01
3.356846033135809648e-01
3.711412422211622930e-01
1.915199655246618005e-01
0.000000000000000000e+00
0.000000000000000000e+00
0.000000000000000000e+00
0.000000000000000000e+00
1.884329220872800470e-02
5.746982872950432732e-03
4.245280736858252080e-04
2.327442354333648586e-02
5.773919056825603524e-02
3.912071350441310991e-02
0.000000000000000000e+00
0.000000000000000000e+00
0.000000000000000000e+00
0.000000000000000000e+00
3.127150580175769388e-03
5.816841113403823336e-03
6.745460295911459396e-03
4.355580467435941038e-03
1.733814774881789781e-03
0.000000000000000000e+00
0.000000000000000000e+00
0.000000000000000000e+00
0.000000000000000000e+00
0.000000000000000000e+00
0.000000000000000000e+00
4.478678432343404826e-03
8.567647431240280748e-03
6.876594226218171561e-03
1.497876039686471092e-05
0.000000000000000000e+00
0.000000000000000000e+00
0.000000000000000000e+00
0.000000000000000000e+00
0.000000000000000000e+00
0.000000000000000000e+00
0.000000000000000000e+00
0.000000000000000000e+00
0.000000000000000000e+00
0.000000000000000000e+00
0.000000000000000000e+00
0.000000000000000000e+00
0.000000000000000000e+00
0.000000000000000000e+00
0.000000000000000000e+00
8.036590483388788772e-03
2.910322266169223029e-02
4.583635874056722626e-02
4.699655560613601180e-02
3.306386043312063011e-02
1.807081032209638394e-02
9.024662435957658130e-03
8.441679894028528836e-03
4.461274926959936209e-03
0.000000000000000000e+00
0.000000000000000000e+00
2.220249437296352001e-03
1.141291123093499463e-02
1.397171496014393798e-02
8.552564005592195456e-03
7.161821572634010161e-03
8.565574477792497685e-03
1.560189659947716113e-02
2.042419686631307893e-02
1.334882297645087999e-02
5.070153396461832100e-03
0.000000000000000000e+00
0.000000000000000000e+00
0.000000000000000000e+00
0.000000000000000000e+00
0.000000000000000000e+00
0.000000000000000000e+00
0.000000000000000000e+00
0.000000000000000000e+00
2.456969324149957945e-01
3.939716990277668529e-01
3.352089578941463976e-01
1.598929409381895372e-01
0.000000000000000000e+00
0.000000000000000000e+00
0.000000000000000000e+00
0.000000000000000000e+00
0.000000000000000000e+00
1.393139616095301625e-01
2.786279232190603250e-01
3.024714582511711658e-01
1.439518068152987607e-01
0.000000000000000000e+00
0.000000000000000000e+00
0.000000000000000000e+00
0.000000000000000000e+00
0.000000000000000000e+00
0.000000000000000000e+00
1.699466953830901794e-01
2.551503531452094520e-01
2.114088868520255793e-01
