-5.485285520553588867e-01 -6.718082427978515625e-01 4.656567424535751343e-02
-5.662263631820678711e-01 -6.682101488113403320e-01 8.881581574678421021e-02
-4.687359035015106201e-01 -6.111808419227600098e-01 1.305677145719528198e-01
-4.448615312576293945e-01 -5.758134722709655762e-01 2.182010859251022339e-01
-4.594644606113433838e-01 -6.192584633827209473e-01 8.628933876752853394e-02
-3.173002004623413086e-01 -6.604131460189819336e-01 3.269776701927185059e-02
1.751440614461898804e-01 -5.534191727638244629e-01 1.758825778961181641e-01
3.445227444171905518e-01 -4.026332497596740723e-01 3.436061143875122070e-01
4.193549156188964844e-01 -3.801538944244384766e-01 3.453767299652099609e-01
4.327632188796997070e-01 -3.700475990772247314e-01 3.456988036632537842e-01
4.222470223903656006e-01 -3.855747282505035400e-01 2.987574636936187744e-01
4.214822947978973389e-01 -3.851268291473388672e-01 2.828965783119201660e-01
4.182772040367126465e-01 -4.275560081005096436e-01 2.396661341190338135e-01
4.645489156246185303e-01 -3.809147775173187256e-01 2.269922792911529541e-01
4.560959935188293457e-01 -3.805369734764099121e-01 1.605008095502853394e-01
4.473700225353240967e-01 -3.385243117809295654e-01 1.890187412500381470e-01
4.033896625041961670e-01 -3.863955140113830566e-01 1.652467846870422363e-01
3.932182490825653076e-01 -3.699710667133331299e-01 2.005625814199447632e-01
4.048820137977600098e-01 -3.650396466255187988e-01 1.769230067729949951e-01
4.244116246700286865e-01 -3.590563535690307617e-01 1.840974688529968262e-01
4.233674407005310059e-01 -3.606133460998535156e-01 1.590288728475570679e-01
4.299812316894531250e-01 -3.765654861927032471e-01 1.464838236570358276e-01
3.528837859630584717e-01 -3.899273574352264404e-01 1.045489758253097534e-01
3.632715046405792236e-01 -4.136885404586791992e-01 7.690539956092834473e-02
3.824287950992584229e-01 -4.094818830490112305e-01 8.363043516874313354e-02
3.881934285163879395e-01 -4.112657010555267334e-01 1.163212954998016357e-01
3.990821242332458496e-01 -4.030876755714416504e-01 1.223758831620216370e-01
4.346940815448760986e-01 -3.878402113914489746e-01 1.118537709116935730e-01
4.267697632312774658e-01 -3.226623535156250000e-01 1.429561227560043335e-01
4.285793304443359375e-01 -3.014708161354064941e-01 1.931637674570083618e-01
4.293264150619506836e-01 -3.190882205963134766e-01 1.893886178731918335e-01
3.706431090831756592e-01 -3.725868761539459229e-01 1.793370097875595093e-01
1.892970800399780273e-01 -4.852990210056304932e-01 -5.208298563957214355e-02
-2.404788285493850708e-01 -5.179731249809265137e-01 1.622400432825088501e-01
-4.408787488937377930e-01 -5.271568894386291504e-01 3.159930408000946045e-01
-5.036274790763854980e-01 -5.588069558143615723e-01 2.231161594390869141e-01
-5.822527408599853516e-01 -5.329144001007080078e-01 3.231589198112487793e-01
-5.822997093200683594e-01 -5.103087425231933594e-01 2.885145545005798340e-01
-5.622013807296752930e-01 -5.509102344512939453e-01 2.478678524494171143e-01
-4.499069452285766602e-01 -4.686268866062164307e-01 1.303185969591140747e-01
-4.481367170810699463e-01 -3.944833278656005859e-01 1.685818731784820557e-01
-2.479473799467086792e-01 -3.484311401844024658e-01 1.973381042480468750e-01
-9.534043073654174805e-02 -1.067246403545141220e-02 5.598849803209304810e-02
-2.675461769104003906e-01 2.000340968370437622e-01 2.617859840393066406e-01
-3.683202266693115234e-01 2.927072346210479736e-01 2.133202105760574341e-01
-3.387672305107116699e-01 2.456212639808654785e-01 1.210842952132225037e-01
-3.795662820339202881e-01 2.574480175971984863e-01 4.044983908534049988e-02
-3.931359648704528809e-01 1.841217130422592163e-01 1.663005352020263672e-02
-3.784951269626617432e-01 1.727938950061798096e-01 4.848591238260269165e-02
-3.493880629539489746e-01 1.646544933319091797e-01 9.540618211030960083e-02
-2.670619189739227295e-01 1.098066344857215881e-01 2.334919273853302002e-01
-1.363413482904434204e-01 6.848138570785522461e-02 3.439866304397583008e-01
4.368142690509557724e-03 -3.759170696139335632e-02 3.332648277282714844e-01
1.249063834547996521e-01 -1.951198279857635498e-01 2.097157537937164307e-01
2.421275228261947632e-01 -2.957821786403656006e-01 1.565563827753067017e-01
2.968068122863769531e-01 -3.805907070636749268e-01 1.397252082824707031e-01
2.680168151855468750e-01 -4.457409679889678955e-01 7.375235110521316528e-02
2.717042267322540283e-01 -4.826776087284088135e-01 -2.331841969862580299e-03
2.526727318763732910e-01 -4.719970822334289551e-01 2.514103427529335022e-02
2.136776000261306763e-01 -4.923692941665649414e-01 -4.265019670128822327e-02
2.062532454729080200e-01 -5.230947136878967285e-01 -9.156925231218338013e-02
2.553017437458038330e-01 -4.893512427806854248e-01 -1.955029554665088654e-02
1.870647519826889038e-01 -4.402460157871246338e-01 1.852579601109027863e-02
2.181716561317443848e-01 -4.823458492755889893e-01 5.557706579566001892e-02
2.475730925798416138e-01 -4.517658948898315430e-01 -4.568446055054664612e-02
3.072391450405120850e-01 -4.902905225753784180e-01 4.118748009204864502e-02
2.423949986696243286e-01 -4.813644587993621826e-01 -4.234732687473297119e-02
2.579923868179321289e-01 -4.896539449691772461e-01 1.765138097107410431e-02
2.731297612190246582e-01 -4.878935217857360840e-01 7.570911198854446411e-02
2.528855800628662109e-01 -4.257714450359344482e-01 8.362708985805511475e-02
2.953158617019653320e-01 -4.312587678432464600e-01 -8.751057088375091553e-03
3.850227296352386475e-01 -4.121369123458862305e-01 7.413044571876525879e-02
3.885866701602935791e-01 -4.194059371948242188e-01 -2.293013967573642731e-02
4.144610464572906494e-01 -4.131515920162200928e-01 -3.146968781948089600e-02
4.302047491073608398e-01 -4.143643379211425781e-01 5.133334919810295105e-02
4.737820625305175781e-01 -3.931300640106201172e-01 -9.455331601202487946e-03
3.788529038429260254e-01 -3.316757380962371826e-01 4.420000314712524414e-02
2.764029204845428467e-01 -2.186885327100753784e-01 1.132319048047065735e-01
2.585831880569458008e-01 4.338736087083816528e-02 1.507284492254257202e-01
1.872580945491790771e-01 2.390561550855636597e-01 2.548305690288543701e-01
1.185386851429939270e-01 4.490977227687835693e-01 1.980647444725036621e-01
-1.008537318557500839e-02 4.163314402103424072e-01 -9.557673335075378418e-02
-9.009332954883575439e-02 3.542235195636749268e-01 -2.661403417587280273e-01
-5.831353738903999329e-02 2.883579432964324951e-01 -4.713465571403503418e-01
2.112189866602420807e-02 1.812984943389892578e-01 -5.183969140052795410e-01
8.082141727209091187e-02 8.924362063407897949e-02 -5.514528155326843262e-01
1.112009286880493164e-01 2.568764798343181610e-02 -5.484375357627868652e-01
1.009936630725860596e-01 8.016953617334365845e-02 -5.625338554382324219e-01
1.649091243743896484e-01 8.787026256322860718e-02 -5.816923379898071289e-01
2.220495939254760742e-01 1.354709267616271973e-01 -5.953123569488525391e-01
3.239621818065643311e-01 2.032521814107894897e-01 -6.090764403343200684e-01
2.476298213005065918e-01 2.830682396888732910e-01 -6.454638838768005371e-01
1.060382798314094543e-01 2.706156373023986816e-01 -5.651326775550842285e-01
