-1.400761157274246216e-01 -1.982495188713073730e-02 -1.472850050777196884e-02
-1.666201353073120117e-01 -1.573972553014755249e-01 3.235769458115100861e-03
-1.223118305206298828e-01 -1.950090527534484863e-01 1.427268236875534058e-01
-4.302101582288742065e-02 -9.826855361461639404e-02 3.219361305236816406e-01
-8.241873979568481445e-02 1.453031301498413086e-01 4.246977865695953369e-01
-3.255170583724975586e-02 2.665716409683227539e-01 3.556156158447265625e-01
5.959230661392211914e-02 8.250575512647628784e-02 -3.239919617772102356e-02
1.842229366302490234e-01 -1.418177038431167603e-01 -3.747253417968750000e-01
2.351942509412765503e-01 -2.128791809082031250e-01 -4.568833112716674805e-01
1.733984351158142090e-01 -1.193296611309051514e-01 -3.682172000408172607e-01
9.091153740882873535e-02 2.592070586979389191e-02 -1.370545476675033569e-01
6.239786371588706970e-02 6.092775985598564148e-02 3.784654289484024048e-02
6.008518859744071960e-02 3.695562854409217834e-02 6.858813762664794922e-02
1.055178511887788773e-02 2.609312720596790314e-02 -1.295802369713783264e-02
-6.367816030979156494e-02 5.281781032681465149e-02 -4.533848166465759277e-02
-1.325648725032806396e-01 6.892434507608413696e-02 -3.394589200615882874e-02
-1.289105713367462158e-01 6.553827971220016479e-02 4.502386599779129028e-02
-7.773277908563613892e-02 -7.790162228047847748e-03 9.945662319660186768e-02
1.479255780577659607e-02 -9.212502092123031616e-02 4.903271049261093140e-02
1.123356595635414124e-01 -1.632920950651168823e-01 -3.816751390695571899e-02
1.375465840101242065e-01 -1.390391439199447632e-01 -1.073288843035697937e-01
9.294954687356948853e-02 -1.838365755975246429e-02 -7.530887424945831299e-02
-5.324405059218406677e-02 8.841583877801895142e-02 2.481350116431713104e-02
-1.575687825679779053e-01 1.301370561122894287e-01 7.475513219833374023e-02
-1.424916982650756836e-01 2.042550593614578247e-02 7.136338949203491211e-02
-2.867705002427101135e-02 -8.183421939611434937e-02 3.608594462275505066e-02
7.966271042823791504e-02 -1.044184491038322449e-01 -1.499603618867695332e-03
6.882707774639129639e-02 -1.510135829448699951e-02 -3.799257054924964905e-02
-1.082641445100307465e-02 7.102150004357099533e-03 -1.953149288892745972e-01
1.326945261098444462e-03 -1.303198374807834625e-02 -3.098903894424438477e-01
1.324974745512008667e-01 2.575449645519256592e-02 -2.661283016204833984e-01
2.918810248374938965e-01 5.590896680951118469e-02 -8.792959898710250854e-02
3.515905141830444336e-01 2.709011435508728027e-01 2.051386237144470215e-01
2.069229632616043091e-01 2.727946341037750244e-01 2.505179941654205322e-01
-5.843162909150123596e-02 1.281325072050094604e-01 1.140508428215980530e-01
-3.149575293064117432e-01 -2.850284986197948456e-02 -8.065278083086013794e-02
-4.054457545280456543e-01 -2.515056729316711426e-01 -1.874618679285049438e-01
-3.779710829257965088e-01 -2.554310560226440430e-01 -3.158964216709136963e-02
-1.635203212499618530e-01 -1.747010946273803711e-01 2.105090618133544922e-01
2.159401178359985352e-01 6.547126173973083496e-02 3.314143717288970947e-01
3.453444838523864746e-01 2.759243845939636230e-01 2.237082123756408691e-01
2.842294275760650635e-01 3.302015960216522217e-01 -1.278197616338729858e-01
8.339621126651763916e-03 1.603802293539047241e-01 -3.413043022155761719e-01
-1.707557439804077148e-01 -1.899789720773696899e-01 -3.625028729438781738e-01
-1.156860962510108948e-01 -3.046307563781738281e-01 -1.705475002527236938e-01
-1.376256626099348068e-02 -2.224624305963516235e-01 1.177437976002693176e-01
-3.639591857790946960e-02 2.421909943222999573e-02 2.731828093528747559e-01
-1.711456477642059326e-01 1.959311068058013916e-01 3.613863885402679443e-01
-2.982099354267120361e-01 1.701140850782394409e-01 3.397278189659118652e-01
-3.176246583461761475e-01 -3.210343420505523682e-02 2.137981951236724854e-01
-1.605441570281982422e-01 -2.086307555437088013e-01 9.102590382099151611e-03
7.205297052860260010e-02 -2.435587793588638306e-01 -2.132147848606109619e-01
2.858444452285766602e-01 -1.417988687753677368e-01 -2.968199253082275391e-01
3.675786554813385010e-01 2.967752702534198761e-02 -2.527177631855010986e-01
3.410952091217041016e-01 1.158724501729011536e-01 -1.429845690727233887e-01
2.282296568155288696e-01 1.297709494829177856e-01 -7.289207726716995239e-02
4.913876205682754517e-02 7.128739356994628906e-02 -8.562531322240829468e-02
-9.653751552104949951e-02 4.367640707641839981e-03 -4.263865947723388672e-02
-1.069454178214073181e-01 -4.241099208593368530e-02 5.204363912343978882e-02
-3.135841339826583862e-02 -7.898640632629394531e-02 2.368863523006439209e-01
-1.853317581117153168e-02 -1.278453171253204346e-01 2.933159768581390381e-01
-9.533841907978057861e-02 -7.904164493083953857e-02 1.501042693853378296e-01
-1.790814250707626343e-01 1.046963967382907867e-02 -3.516991809010505676e-02
-1.763144880533218384e-01 1.283767521381378174e-01 -1.953612118959426880e-01
-6.502051651477813721e-02 2.159626334905624390e-01 -1.551595628261566162e-01
1.208963617682456970e-02 1.089063882827758789e-01 -6.667842715978622437e-02
2.106752991676330566e-02 2.026757597923278809e-02 -8.883462287485599518e-03
-2.069559559458866715e-04 -1.154500246047973633e-01 7.970916479825973511e-02
-3.760952875018119812e-02 -2.019078582525253296e-01 9.790313243865966797e-02
-7.367449998855590820e-02 -1.579952389001846313e-01 6.642049551010131836e-02
-1.178058162331581116e-01 -6.800357997417449951e-02 -3.268742561340332031e-02
-9.484478086233139038e-02 5.080032348632812500e-02 -1.891069412231445312e-01
-8.394760638475418091e-02 1.485719233751296997e-01 -2.317736446857452393e-01
-7.737009227275848389e-02 1.078679114580154419e-01 -2.001908719539642334e-01
7.742190361022949219e-02 3.336769994348287582e-03 -4.961181059479713440e-02
2.481118440628051758e-01 5.559234693646430969e-02 1.828601509332656860e-01
4.287530481815338135e-01 1.040130183100700378e-01 3.291282653808593750e-01
4.391626119613647461e-01 5.190611630678176880e-02 2.139420211315155029e-01
1.161383017897605896e-01 -1.616953760385513306e-01 -2.341300696134567261e-01
-1.780720949172973633e-01 -4.656475782394409180e-01 -5.257090926170349121e-01
-3.443854451179504395e-01 -4.971615374088287354e-01 -5.537803173065185547e-01
-3.561838269233703613e-01 -3.111680150032043457e-01 -2.795835137367248535e-01
-1.993020772933959961e-01 1.239661648869514465e-01 2.469298541545867920e-01
-9.787879139184951782e-02 4.918243587017059326e-01 3.838383555412292480e-01
3.875042870640754700e-02 5.362912416458129883e-01 3.250581622123718262e-01
1.248156428337097168e-01 4.368905425071716309e-01 1.502162814140319824e-01
1.496001780033111572e-01 2.825527191162109375e-01 1.008019074797630310e-01
2.143934518098831177e-01 -3.891368582844734192e-02 1.788793951272964478e-01
2.797579169273376465e-01 -2.695288360118865967e-01 2.539267838001251221e-01
2.473245561122894287e-01 -3.382680714130401611e-01 2.143217474222183228e-01
1.683346182107925415e-01 -2.530376911163330078e-01 1.031253561377525330e-01
6.317097693681716919e-02 -7.332374155521392822e-02 -4.697718657553195953e-03
-3.369970619678497314e-02 1.543820369988679886e-02 -6.004951149225234985e-02
