1.342431604862213135e-01 -6.938588619232177734e-02 9.006597101688385010e-02
1.994927078485488892e-01 -1.010490208864212036e-01 1.827330887317657471e-01
2.541472911834716797e-01 -1.153753474354743958e-01 1.260199695825576782e-01
3.128463923931121826e-01 -1.442757993936538696e-02 8.465030789375305176e-02
2.301003038883209229e-01 2.640229165554046631e-01 1.425088644027709961e-01
1.179412305355072021e-01 4.520653188228607178e-01 2.555566728115081787e-01
2.048179134726524353e-02 5.218282341957092285e-01 3.607341051101684570e-01
-1.568744890391826630e-02 4.406183958053588867e-01 2.950446009635925293e-01
4.594247043132781982e-02 1.784092783927917480e-01 7.239267975091934204e-02
9.168339520692825317e-02 -2.777520194649696350e-02 -3.904606029391288757e-02
1.008658558130264282e-01 -1.182376444339752197e-01 -4.063453897833824158e-02
3.539896383881568909e-02 -4.611459374427795410e-02 5.946231540292501450e-03
1.792283169925212860e-02 -1.782456971704959869e-02 3.971048630774021149e-03
-5.659282580018043518e-02 6.795942317694425583e-03 -6.544940918684005737e-02
-7.605401426553726196e-02 -1.081571448594331741e-02 -8.574350923299789429e-02
-2.873453497886657715e-02 -7.496245950460433960e-02 -2.225425280630588531e-02
-2.299857698380947113e-02 -5.630822479724884033e-02 5.644289776682853699e-02
-5.987907759845256805e-03 -2.211090922355651855e-02 1.202435567975044250e-01
-2.832336351275444031e-02 5.974606052041053772e-02 1.251870989799499512e-01
6.380216032266616821e-02 9.361342340707778931e-02 1.272183358669281006e-01
7.673953473567962646e-02 2.167913131415843964e-02 6.329038180410861969e-03
9.052539616823196411e-02 -4.229703545570373535e-02 -1.391352117061614990e-01
-3.775251284241676331e-02 -6.235562637448310852e-02 -1.800449043512344360e-01
-1.397421956062316895e-01 -1.488407980650663376e-02 -1.002558395266532898e-01
-1.101242080330848694e-01 4.721710458397865295e-02 5.772380530834197998e-02
-1.407063100486993790e-02 4.451490193605422974e-02 7.895010709762573242e-02
1.841105222702026367e-01 3.103048168122768402e-02 -1.592714525759220123e-02
2.169399559497833252e-01 3.346561640501022339e-02 -1.133042648434638977e-01
2.359775751829147339e-01 -1.844791549956426024e-04 -9.148825705051422119e-02
1.421795189380645752e-01 -6.209613755345344543e-02 2.927534841001033783e-02
2.653222680091857910e-01 -2.551486492156982422e-01 3.262069448828697205e-02
1.748724728822708130e-01 -3.327202200889587402e-01 -4.281909763813018799e-02
-8.747518807649612427e-02 -2.903466224670410156e-01 -1.342710405588150024e-01
-1.936624348163604736e-01 -2.238692492246627808e-01 -2.120611220598220825e-01
-5.129579901695251465e-01 -7.676844298839569092e-02 -9.689883142709732056e-02
-4.444434642791748047e-01 -5.988666042685508728e-02 -9.328912943601608276e-02
-2.280588150024414062e-01 -1.370506137609481812e-01 -4.735471680760383606e-02
2.831173129379749298e-02 -2.407048046588897705e-01 1.204760186374187469e-02
2.213473021984100342e-01 -2.064777463674545288e-01 -1.917666196823120117e-02
2.789102196693420410e-01 -7.092925719916820526e-03 1.286098547279834747e-02
1.789851784706115723e-01 1.845433712005615234e-01 -8.658049255609512329e-02
-6.537119299173355103e-02 2.159162163734436035e-01 -3.172784671187400818e-02
-1.091618165373802185e-01 5.233817733824253082e-03 -1.859692856669425964e-02
-1.669207960367202759e-01 -2.565526366233825684e-01 -2.826672233641147614e-02
-1.189188379794359207e-02 -3.139961659908294678e-01 -3.816230967640876770e-02
1.478620767593383789e-01 -2.961654961109161377e-01 -1.160467192530632019e-01
8.477630466222763062e-02 -1.811919361352920532e-01 -9.005941450595855713e-02
-1.468349695205688477e-01 -2.263903804123401642e-02 -6.026062369346618652e-02
-1.930802762508392334e-01 9.433364868164062500e-02 1.343426257371902466e-01
-2.033237069845199585e-01 2.540292739868164062e-01 2.736508846282958984e-01
-8.994712680578231812e-02 3.356740474700927734e-01 4.040819406509399414e-01
1.932001560926437378e-01 3.332609236240386963e-01 4.329687356948852539e-01
1.874530017375946045e-01 2.554828226566314697e-01 3.325576484203338623e-01
1.822673976421356201e-01 1.222087144851684570e-01 1.949133127927780151e-01
1.082172691822052002e-01 3.722120821475982666e-02 6.463816016912460327e-02
-5.843095481395721436e-02 5.477429833263158798e-03 -5.443823710083961487e-02
-1.156362220644950867e-01 9.548743255436420441e-03 -1.084046736359596252e-01
-6.477547436952590942e-02 -4.711909592151641846e-02 -8.630169183015823364e-02
2.935410710051655769e-03 -1.388043612241744995e-01 -1.048977449536323547e-01
-3.150462731719017029e-02 -5.585804581642150879e-02 -1.188495308160781860e-01
-8.108497411012649536e-02 1.896850764751434326e-02 -2.372364401817321777e-01
-1.575438231229782104e-01 2.177935689687728882e-01 -2.869350314140319824e-01
1.625596545636653900e-02 2.286054939031600952e-01 -2.174606025218963623e-01
3.701321035623550415e-02 1.255987137556076050e-01 -1.183130778372287750e-02
-1.971515268087387085e-02 7.389977574348449707e-02 5.027625709772109985e-02
-1.058788821101188660e-01 -2.621265687048435211e-02 5.207433924078941345e-02
-1.516439467668533325e-01 -2.483464032411575317e-02 6.650976836681365967e-02
-3.565736813470721245e-03 -1.317499298602342606e-02 -4.899294674396514893e-02
8.256489410996437073e-03 2.197108976542949677e-02 -2.146713249385356903e-02
4.696904867887496948e-02 1.681859493255615234e-01 -1.563270762562751770e-02
1.619232296943664551e-01 2.071697711944580078e-01 7.848824607208371162e-04
1.927196383476257324e-01 1.305514276027679443e-01 4.751352593302726746e-02
1.789580136537551880e-01 2.905851230025291443e-03 7.234783470630645752e-02
2.279311418533325195e-01 -1.489827930927276611e-01 1.887051202356815338e-02
2.320768386125564575e-01 -1.870415508747100830e-01 6.003863364458084106e-02
3.357616364955902100e-01 -1.781993210315704346e-01 2.377816475927829742e-02
2.598654031753540039e-01 -4.049305990338325500e-02 -1.771721839904785156e-01
7.439760491251945496e-03 6.651438772678375244e-02 -1.737766563892364502e-01
-3.111485838890075684e-01 1.993718445301055908e-01 -2.252504229545593262e-01
-2.047711610794067383e-01 -1.704574190080165863e-02 -3.713407218456268311e-01
2.505127787590026855e-01 -3.802801072597503662e-01 -4.000720977783203125e-01
4.758410155773162842e-01 -5.297787785530090332e-01 -4.415597021579742432e-01
5.313087701797485352e-01 -5.419574975967407227e-01 -2.688430845737457275e-01
3.737068176269531250e-01 -2.713948190212249756e-01 -4.742190614342689514e-02
6.901842355728149414e-02 -6.430486589670181274e-02 1.029226109385490417e-01
-1.546709090471267700e-01 -7.330696284770965576e-02 1.907660961151123047e-01
-2.546107172966003418e-01 -9.111595898866653442e-02 1.437693387269973755e-01
-3.426344692707061768e-01 -4.044693335890769958e-02 6.360547244548797607e-02
-2.531256675720214844e-01 4.404256120324134827e-02 2.124019712209701538e-02
-9.813436120748519897e-02 2.081428170204162598e-01 -1.900143772363662720e-01
-3.159570693969726562e-02 3.333907425403594971e-01 -3.367722630500793457e-01
2.757778391242027283e-02 3.234187662601470947e-01 -3.189056217670440674e-01
1.636755536310374737e-03 2.613855600357055664e-01 -2.454354763031005859e-01
