4.157461691647768021e-03 -1.032867431640625000e-01 8.836623281240463257e-02
1.606108807027339935e-02 -1.084646582603454590e-01 1.000150293111801147e-01
-3.216465190052986145e-02 -3.279621526598930359e-02 -3.018361516296863556e-02
1.665230840444564819e-01 2.139388322830200195e-01 -1.872729212045669556e-01
4.862975478172302246e-01 2.461896687746047974e-01 -2.424872517585754395e-01
6.012231111526489258e-01 2.234491556882858276e-01 -6.673993170261383057e-02
6.024966239929199219e-01 7.870916277170181274e-02 7.518807798624038696e-02
2.945069670677185059e-01 -3.843283653259277344e-02 9.387049823999404907e-02
-1.037756279110908508e-01 8.950430899858474731e-02 8.075451850891113281e-02
-2.481204867362976074e-01 3.475396633148193359e-01 1.840486973524093628e-01
-3.997579813003540039e-01 5.268725156784057617e-01 1.989819109439849854e-01
-2.582448720932006836e-01 6.231648325920104980e-01 9.025484323501586914e-03
-4.934179410338401794e-02 4.751672148704528809e-01 5.021857842803001404e-02
-3.587296698242425919e-03 1.538920700550079346e-01 2.477601021528244019e-01
-3.946324577555060387e-04 -1.584884673357009888e-01 5.101030468940734863e-01
-1.765234470367431641e-01 -3.398833572864532471e-01 5.090113282203674316e-01
-1.700355708599090576e-01 -2.471535056829452515e-01 1.613548249006271362e-01
8.764913678169250488e-02 -1.963858455419540405e-01 -3.513171151280403137e-02
1.480387896299362183e-01 -2.043783217668533325e-01 2.171460911631584167e-02
1.157610677182674408e-02 -9.884325414896011353e-02 1.848723292350769043e-01
-9.525119513273239136e-02 -2.392544038593769073e-02 2.087385058403015137e-01
-1.492978483438491821e-01 -4.476761445403099060e-03 1.505884975194931030e-01
-5.076320096850395203e-02 1.413235813379287720e-01 6.412582099437713623e-02
9.745676815509796143e-02 2.993837557733058929e-02 1.743097230792045593e-02
4.788199730683118105e-04 -1.759885996580123901e-01 -5.736061185598373413e-02
-1.544927805662155151e-01 -2.804802954196929932e-01 -1.971260011196136475e-01
-1.506511867046356201e-01 -3.012984991073608398e-01 -3.589616119861602783e-01
-9.874019771814346313e-02 -1.659559309482574463e-01 -4.455634355545043945e-01
1.189809963107109070e-01 -1.420591026544570923e-01 -4.709112346172332764e-01
2.616589963436126709e-01 -2.269654721021652222e-01 -4.076046049594879150e-01
3.347677588462829590e-01 -2.895559966564178467e-01 -2.809557914733886719e-01
3.276716768741607666e-01 -2.111447602510452271e-01 -2.977893948554992676e-01
2.993531227111816406e-01 -1.354401409626007080e-01 -3.031083643436431885e-01
1.218947097659111023e-01 -1.575027853250503540e-01 -2.831437885761260986e-01
-6.946003995835781097e-03 -1.748041659593582153e-01 -1.674218922853469849e-01
-2.176892012357711792e-02 -2.698421776294708252e-01 6.328137218952178955e-02
-4.846944287419319153e-02 -2.255572378635406494e-01 6.112188473343849182e-02
3.521311655640602112e-02 -1.547865867614746094e-01 6.188904494047164917e-02
1.700148172676563263e-02 -1.037494540214538574e-01 2.873276174068450928e-02
6.204599142074584961e-02 -7.578865159302949905e-03 7.191010564565658569e-02
-5.814826861023902893e-02 -1.302072685211896896e-02 1.855386942625045776e-01
-2.163137644529342651e-01 -2.290201932191848755e-02 1.403469741344451904e-01
-3.584930896759033203e-01 6.006839498877525330e-02 2.138575166463851929e-02
-3.637118041515350342e-01 6.777536123991012573e-02 -4.625780507922172546e-02
-1.589694470167160034e-01 1.178680434823036194e-01 3.802160546183586121e-02
-1.037603542208671570e-01 1.612281948328018188e-01 1.327769905328750610e-01
-1.019632592797279358e-01 1.995278000831604004e-01 3.003910183906555176e-01
-1.772278696298599243e-01 3.087471425533294678e-01 3.314213156700134277e-01
-2.164816707372665405e-01 3.807151913642883301e-01 2.185863703489303589e-01
-1.579304188489913940e-01 3.050615787506103516e-01 9.210862964391708374e-02
-1.248481646180152893e-01 1.306003630161285400e-01 5.976541712880134583e-02
7.852987945079803467e-02 -1.339024007320404053e-01 1.654763519763946533e-02
1.978838294744491577e-01 -3.515796065330505371e-01 2.098161131143569946e-01
3.507157862186431885e-01 -3.034411370754241943e-01 1.551327109336853027e-01
3.375472128391265869e-01 -8.075129985809326172e-02 1.061110347509384155e-01
3.510896563529968262e-01 3.733896464109420776e-02 4.972634464502334595e-02
3.763463199138641357e-01 4.358161240816116333e-02 -1.910069733858108521e-01
5.315457656979560852e-02 -1.399578303098678589e-01 -3.074630200862884521e-01
-1.345760822296142578e-01 -2.541702985763549805e-01 -3.160196542739868164e-01
-2.346769869327545166e-01 -1.970695704221725464e-01 -1.982234418392181396e-01
-2.132919281721115112e-01 -1.218408122658729553e-01 -1.704171001911163330e-01
-1.048453003168106079e-01 -1.958448812365531921e-02 -9.045375138521194458e-02
-1.796365827322006226e-01 1.019108891487121582e-01 -9.342763572931289673e-02
-1.265307366847991943e-01 1.680425107479095459e-01 2.404058352112770081e-02
-7.328197825700044632e-03 6.190131604671478271e-02 1.476829648017883301e-01
-6.287212669849395752e-02 -8.545095915906131268e-04 1.551657468080520630e-01
-1.167000532150268555e-01 1.732571795582771301e-02 1.331734061241149902e-01
-2.669149078428745270e-02 1.087041944265365601e-01 4.958214610815048218e-02
1.273180991411209106e-01 3.261681497097015381e-01 -1.825915277004241943e-02
3.638824224472045898e-01 5.461077690124511719e-01 -4.425587877631187439e-02
3.978516459465026855e-01 6.181952357292175293e-01 8.395730704069137573e-02
2.630839645862579346e-01 5.921061038970947266e-01 2.250533550977706909e-01
7.995347678661346436e-02 4.483828246593475342e-01 2.844587266445159912e-01
-1.478124409914016724e-01 2.141675055027008057e-01 1.942144483327865601e-01
-1.464954465627670288e-01 1.449870616197586060e-01 -2.807190828025341034e-02
-2.614516392350196838e-02 1.184113547205924988e-01 -1.702167540788650513e-01
5.777976912213489413e-05 1.225650459527969360e-01 -2.153424173593521118e-01
3.144643455743789673e-02 5.176584795117378235e-02 -2.419792115688323975e-01
4.340256378054618835e-02 -4.239994287490844727e-02 -2.188295572996139526e-01
3.527932241559028625e-02 -4.176813736557960510e-02 -3.660129010677337646e-02
3.833504766225814819e-02 8.236858993768692017e-03 1.649091690778732300e-01
6.581331044435501099e-02 6.104809045791625977e-02 2.850659191608428955e-01
1.121950373053550720e-01 9.193822741508483887e-02 3.336290419101715088e-01
2.203562706708908081e-01 2.060485072433948517e-02 1.892140656709671021e-01
1.338214874267578125e-01 -3.337505087256431580e-02 4.586917161941528320e-02
-1.503179669380187988e-01 3.069895692169666290e-02 -8.348751068115234375e-02
-2.038381099700927734e-01 6.252609193325042725e-02 -2.538636624813079834e-01
-2.948666512966156006e-01 -7.577609270811080933e-02 -1.944239288568496704e-01
-9.310743957757949829e-02 -3.830748796463012695e-01 6.544317305088043213e-02
-4.671001434326171875e-02 -4.613364338874816895e-01 3.291509151458740234e-01
-1.866003125905990601e-01 -5.336876511573791504e-01 3.973380923271179199e-01
-2.136011272668838501e-01 -3.809238076210021973e-01 2.830215096473693848e-01
-2.590264081954956055e-01 -2.268844246864318848e-01 3.153350949287414551e-02
-1.166114360094070435e-01 -2.569304406642913818e-01 -1.181882321834564209e-01
-7.986938953399658203e-02 -1.671720892190933228e-01 -2.435572594404220581e-01
1.063585802912712097e-01 -1.486862301826477051e-01 -2.356111705303192139e-01
1.733219176530838013e-01 -8.504809439182281494e-02 -2.194050401449203491e-01
2.335009723901748657e-01 -6.973626464605331421e-02 -1.193563640117645264e-01
1.981363296508789062e-01 1.876293681561946869e-02 -4.666171967983245850e-02
-3.831375017762184143e-02 -4.896603524684906006e-02 -1.004631668329238892e-01
-1.113124713301658630e-01 2.121813967823982239e-02 7.077686488628387451e-02
-1.801195293664932251e-01 4.959159344434738159e-02 1.352181583642959595e-01
-1.374559402465820312e-01 1.410683989524841309e-01 2.971273660659790039e-01
-8.969175815582275391e-02 1.312752515077590942e-01 3.740272223949432373e-01
1.605130173265933990e-02 5.985329300165176392e-02 4.646526277065277100e-01
2.346655726432800293e-01 1.528924107551574707e-01 4.411069452762603760e-01
3.003408610820770264e-01 1.221475079655647278e-01 2.995101809501647949e-01
4.056430160999298096e-01 1.902395635843276978e-01 2.330178916454315186e-01
4.237384498119354248e-01 2.060830891132354736e-01 1.524940282106399536e-01
3.062683343887329102e-01 1.171431466937065125e-01 1.903342902660369873e-01
1.653560549020767212e-01 5.976769700646400452e-02 1.484888941049575806e-01
-1.009956896305084229e-01 -4.028226435184478760e-02 5.695278197526931763e-02
-1.043284311890602112e-01 -8.034899830818176270e-03 -1.328794844448566437e-02
5.249340459704399109e-02 5.526077002286911011e-02 -1.334464102983474731e-01
1.254263818264007568e-01 6.477131694555282593e-02 -2.176881730556488037e-01
-1.156250759959220886e-01 3.683868423104286194e-02 -3.196047842502593994e-01
-3.374665975570678711e-01 -1.101841311901807785e-02 -3.464977443218231201e-01
-3.286066651344299316e-01 -2.196533381938934326e-01 -3.782861232757568359e-01
-7.210936862975358963e-03 -4.065820276737213135e-01 -4.163382053375244141e-01
3.626548349857330322e-01 -5.380758643150329590e-01 -3.974388837814331055e-01
3.552843034267425537e-01 -5.626485943794250488e-01 -3.374105393886566162e-01
2.291845679283142090e-01 -4.932387173175811768e-01 -1.962063610553741455e-01
-1.644889265298843384e-01 -4.321054816246032715e-01 -7.408603280782699585e-02
-3.405797481536865234e-01 -2.482325732707977295e-01 -5.340592935681343079e-02
-1.420505344867706299e-01 -2.467883750796318054e-02 -6.134432554244995117e-02
-7.943726144731044769e-03 1.491039097309112549e-01 -6.028332933783531189e-02
1.461531221866607666e-01 2.953168749809265137e-01 -1.441654562950134277e-01
6.939981877803802490e-02 3.581300973892211914e-01 -1.218219473958015442e-01
-1.396603733301162720e-01 2.953314185142517090e-01 -2.154442667961120605e-01
-1.132212653756141663e-01 1.681820452213287354e-01 -2.300433516502380371e-01
-1.694651693105697632e-01 2.412772923707962036e-01 -9.774561971426010132e-02
-1.167300567030906677e-01 2.841992378234863281e-01 -6.912235170602798462e-02
-7.543206959962844849e-02 2.921313643455505371e-01 5.659717693924903870e-02
