-3.354172110557556152e-01 -8.740950375795364380e-02 -2.989997863769531250e-01
-4.337571561336517334e-01 -2.810304164886474609e-01 -2.982725203037261963e-01
-3.100821077823638916e-01 -3.776282966136932373e-01 -1.561221629381179810e-01
-3.802258968353271484e-01 -3.380484580993652344e-01 -1.915197223424911499e-01
-4.733516871929168701e-01 -1.342411488294601440e-01 -1.754868626594543457e-01
-3.182023167610168457e-01 -1.556597203016281128e-01 -3.075333535671234131e-01
-2.373134531080722809e-02 2.187331169843673706e-01 -4.388566315174102783e-01
-5.646042898297309875e-02 2.488821297883987427e-01 -3.821641802787780762e-01
-1.305854320526123047e-01 3.026747107505798340e-01 -3.135253489017486572e-01
-2.061691433191299438e-01 2.818641960620880127e-01 -2.601927518844604492e-01
-1.314689218997955322e-01 4.549372196197509766e-01 -9.076347574591636658e-03
-5.442688614130020142e-02 4.869938790798187256e-01 2.105329632759094238e-01
-9.201624989509582520e-02 5.302415490150451660e-01 3.651460111141204834e-01
6.104062125086784363e-02 4.559792280197143555e-01 2.653203010559082031e-01
6.392107158899307251e-02 2.173695117235183716e-01 3.688559830188751221e-01
1.595796644687652588e-01 3.543275594711303711e-01 4.299579262733459473e-01
2.063303142786026001e-01 3.475649356842041016e-01 4.645148217678070068e-01
2.059065997600555420e-01 2.783229351043701172e-01 4.337604343891143799e-01
1.660552620887756348e-01 2.732582688331604004e-01 4.316664934158325195e-01
2.349923551082611084e-01 2.278667688369750977e-01 3.956464827060699463e-01
2.165956646203994751e-01 1.687286049127578735e-01 4.161463677883148193e-01
2.744632661342620850e-01 1.244697123765945435e-01 4.283612668514251709e-01
2.542819082736968994e-01 1.595274060964584351e-01 4.617346525192260742e-01
2.814061045646667480e-01 1.913068294525146484e-01 4.638834595680236816e-01
3.255670964717864990e-01 1.651553809642791748e-01 4.782341122627258301e-01
2.456470280885696411e-01 1.987817585468292236e-01 4.835828244686126709e-01
3.792871162295341492e-02 2.682797312736511230e-01 5.226098895072937012e-01
-1.146276816725730896e-01 3.370225727558135986e-01 5.736241340637207031e-01
-2.177032381296157837e-01 4.066170156002044678e-01 4.921589791774749756e-01
-2.314418554306030273e-01 4.458363056182861328e-01 3.669318556785583496e-01
-3.018270134925842285e-01 4.787735641002655029e-01 2.289159297943115234e-01
-3.308644294738769531e-01 4.120618104934692383e-01 6.298311799764633179e-02
-3.198083043098449707e-01 4.031648039817810059e-01 -1.279385238885879517e-01
-2.840431034564971924e-01 4.187718033790588379e-01 -2.370295077562332153e-01
-3.118262588977813721e-01 4.362525343894958496e-01 -3.125979006290435791e-01
-3.057110011577606201e-01 4.417021870613098145e-01 -3.469547033309936523e-01
-3.521253466606140137e-01 4.141854047775268555e-01 -3.350041210651397705e-01
-4.241292476654052734e-01 4.157727658748626709e-01 -2.616061270236968994e-01
-4.257600605487823486e-01 4.042794704437255859e-01 -3.104261755943298340e-01
-4.230379760265350342e-01 3.826998770236968994e-01 -2.935181558132171631e-01
-4.738851785659790039e-01 3.760807812213897705e-01 -2.478383332490921021e-01
-4.391193687915802002e-01 3.441889286041259766e-01 -2.148438990116119385e-01
-4.987071752548217773e-01 3.659954369068145752e-01 -1.312968730926513672e-01
-5.374616980552673340e-01 3.920263648033142090e-01 -5.626978352665901184e-02
-5.359567999839782715e-01 4.189162552356719971e-01 -2.140648476779460907e-02
-5.426095724105834961e-01 4.025308489799499512e-01 4.311045631766319275e-02
-5.181361436843872070e-01 4.196363091468811035e-01 1.011110097169876099e-01
-5.125996470451354980e-01 3.947322070598602295e-01 1.722965538501739502e-01
-4.251269102096557617e-01 3.467054665088653564e-01 2.486007660627365112e-01
-3.204548656940460205e-01 3.037810027599334717e-01 2.604840099811553955e-01
-5.386153459548950195e-01 1.405623853206634521e-01 3.996762037277221680e-01
-5.727223753929138184e-01 1.480542719364166260e-01 3.851020038127899170e-01
-4.660093486309051514e-01 -1.268496662378311157e-01 3.884348273277282715e-01
-5.517396330833435059e-01 -1.490941047668457031e-01 2.755760848522186279e-01
-4.476929008960723877e-01 -1.210471689701080322e-01 2.469972074031829834e-01
-4.071098566055297852e-01 -2.071732729673385620e-01 2.038963288068771362e-01
-2.468067258596420288e-01 -2.311942875385284424e-01 2.779894769191741943e-01
-3.113127946853637695e-01 -3.184681758284568787e-02 7.310259342193603516e-02
-3.491026163101196289e-01 8.276709169149398804e-02 -4.528459534049034119e-02
-4.750589430332183838e-01 1.761655062437057495e-01 -9.779615700244903564e-02
-4.763552546501159668e-01 1.962248235940933228e-01 -1.250033974647521973e-01
-5.150405764579772949e-01 1.921450197696685791e-01 -2.158303111791610718e-01
-5.442683696746826172e-01 2.345757037401199341e-01 -2.234508991241455078e-01
-5.551448464393615723e-01 2.440094649791717529e-01 -1.544387489557266235e-01
-5.512921810150146484e-01 2.183068096637725830e-01 -9.444355219602584839e-02
-4.985239803791046143e-01 2.051400393247604370e-01 -6.811492890119552612e-02
-5.422362685203552246e-01 2.197171896696090698e-01 2.517698705196380615e-02
-5.714308619499206543e-01 2.320259511470794678e-01 1.339117735624313354e-01
-5.055888891220092773e-01 3.194736242294311523e-01 1.400694698095321655e-01
-4.552509784698486328e-01 3.562230467796325684e-01 1.096970736980438232e-01
-3.179954588413238525e-01 3.795702755451202393e-01 1.084909290075302124e-01
-1.504519209265708923e-02 3.397583961486816406e-01 1.153118237853050232e-01
7.661745697259902954e-02 2.897919416427612305e-01 1.711546629667282104e-01
1.341180056333541870e-01 2.719556391239166260e-01 2.737366855144500732e-01
1.957363635301589966e-01 3.016802668571472168e-01 2.471456676721572876e-01
1.975118368864059448e-01 3.349036276340484619e-01 1.940601915121078491e-01
2.294719517230987549e-01 3.238959610462188721e-01 1.695683300495147705e-01
2.458517998456954956e-01 3.404866158962249756e-01 6.071824580430984497e-02
2.134484499692916870e-01 3.470236063003540039e-01 5.760584771633148193e-02
1.929476261138916016e-01 3.244128227233886719e-01 -2.296092733740806580e-02
1.890788078308105469e-01 2.670256197452545166e-01 -6.498116999864578247e-02
3.175385296344757080e-01 1.836102306842803955e-01 -4.144319146871566772e-02
3.448722660541534424e-01 2.005234211683273315e-01 3.282018005847930908e-02
3.294500410556793213e-01 2.095948010683059692e-01 3.032897971570491791e-02
3.983537554740905762e-01 2.096794098615646362e-01 7.160709053277969360e-02
4.206383228302001953e-01 1.781804412603378296e-01 3.180992603302001953e-02
4.012353122234344482e-01 1.467259377241134644e-01 5.327370762825012207e-02
3.254391551017761230e-01 2.031284868717193604e-01 1.461578905582427979e-01
3.244832754135131836e-01 2.269380092620849609e-01 7.874292880296707153e-02
1.994121670722961426e-01 1.045432686805725098e-01 2.403979888185858727e-03
-2.880785763263702393e-01 -2.046966254711151123e-01 2.856139540672302246e-01
6.004676967859268188e-02 -1.741286814212799072e-01 3.811806142330169678e-01
8.589386940002441406e-02 -2.518140245229005814e-03 2.570809125900268555e-01
-1.333694159984588623e-01 1.456222385168075562e-01 3.627302348613739014e-01
-1.191282495856285095e-01 1.498104035854339600e-01 2.946948111057281494e-01
-2.414468228816986084e-01 2.828622758388519287e-01 3.770398199558258057e-01
-3.671846985816955566e-01 3.077177703380584717e-01 2.379114180803298950e-01
-3.257216215133666992e-01 2.282236516475677490e-01 2.097214609384536743e-01
-3.741835653781890869e-01 2.545268833637237549e-01 1.958346217870712280e-01
-3.869372606277465820e-01 3.030449748039245605e-01 2.254954278469085693e-01
-4.009113609790802002e-01 2.826454341411590576e-01 2.319931834936141968e-01
-4.377954006195068359e-01 3.245828747749328613e-01 2.586370408535003662e-01
-3.552435636520385742e-01 2.861383855342864990e-01 3.091143369674682617e-01
-3.266460001468658447e-01 2.684494256973266602e-01 3.120277822017669678e-01
-1.854637265205383301e-01 2.154726833105087280e-01 4.041095376014709473e-01
-8.296830207109451294e-02 1.171814203262329102e-01 4.039063155651092529e-01
1.362641528248786926e-02 1.127578243613243103e-01 4.878761768341064453e-01
1.305519491434097290e-01 2.830655127763748169e-02 4.546152651309967041e-01
2.742058634757995605e-01 -1.248929575085639954e-01 3.725877702236175537e-01
3.763917386531829834e-01 -2.861098051071166992e-01 3.416191935539245605e-01
4.781303107738494873e-01 -2.804432809352874756e-01 3.163359463214874268e-01
4.781866371631622314e-01 -3.456157445907592773e-01 3.186866939067840576e-01
4.274528920650482178e-01 -3.170749843120574951e-01 3.562506437301635742e-01
4.073873460292816162e-01 -2.980916202068328857e-01 3.983569741249084473e-01
4.114026129245758057e-01 -1.449878960847854614e-01 4.607343375682830811e-01
3.624587655067443848e-01 -1.145525183528661728e-02 4.266244471073150635e-01
3.163954317569732666e-01 1.204819008708000183e-01 4.171609580516815186e-01
2.520719468593597412e-01 2.622835040092468262e-01 4.192653000354766846e-01
1.721749305725097656e-01 3.734798431396484375e-01 3.417646586894989014e-01
8.861383050680160522e-02 4.003701210021972656e-01 2.038142234086990356e-01
4.777229949831962585e-02 2.824240922927856445e-01 -9.650977700948715210e-02
-9.412984549999237061e-02 1.478361040353775024e-01 -3.162597715854644775e-01
-1.432970315217971802e-01 1.300387233495712280e-01 -3.756694197654724121e-01
-1.209728419780731201e-01 1.165351420640945435e-01 -4.112645983695983887e-01
-4.437520727515220642e-02 1.192057058215141296e-01 -4.539019465446472168e-01
2.191847935318946838e-02 1.102399677038192749e-01 -5.341058373451232910e-01
1.487283259630203247e-01 4.850125312805175781e-02 -5.680580735206604004e-01
1.594530045986175537e-01 3.166339918971061707e-02 -5.701970458030700684e-01
2.947478592395782471e-01 9.126257896423339844e-02 -6.304423809051513672e-01
3.060735166072845459e-01 1.238587275147438049e-01 -5.551682114601135254e-01
2.693315446376800537e-01 9.283337742090225220e-02 -6.132979989051818848e-01
2.731011509895324707e-01 7.860193401575088501e-02 -6.277105808258056641e-01
2.643508911132812500e-01 2.342140227556228638e-01 -4.738401174545288086e-01
