1.143223650662559057e-02
7.621491004417061538e-03
0.000000000000000000e+00
0.000000000000000000e+00
0.000000000000000000e+00
0.000000000000000000e+00
1.648419675653085836e-01
3.304163011523505444e-01
3.705404142539000523e-01
2.040627933825139018e-01
0.000000000000000000e+00
0.000000000000000000e+00
0.000000000000000000e+00
0.000000000000000000e+00
1.039857120767791014e-02
1.572715764624317558e-02
1.754835627642158113e-02
2.677945056883471175e-02
3.138821337160453695e-02
2.445123020280032602e-02
1.858153313753023797e-02
3.615707621295632685e-03
0.000000000000000000e+00
0.000000000000000000e+00
0.000000000000000000e+00
0.000000000000000000e+00
0.000000000000000000e+00
0.000000000000000000e+00
0.000000000000000000e+00
0.000000000000000000e+00
0.000000000000000000e+00
0.000000000000000000e+00
0.000000000000000000e+00
0.000000000000000000e+00
0.000000000000000000e+00
0.000000000000000000e+00
0.000000000000000000e+00
0.000000000000000000e+00
3.183104449036069927e-01
5.154756121591437257e-01
4.378213048770379645e-01
2.111698895656001773e-01
0.000000000000000000e+00
0.000000000000000000e+00
2.977441940324432879e-01
5.653278166837899521e-01
6.020821884117797396e-01
2.813080921217954167e-01
0.000000000000000000e+00
0.000000000000000000e+00
0.000000000000000000e+00
0.000000000000000000e+00
5.115060022497913000e-02
2.181847756623612675e-02
1.342963327249723990e-02
7.821913331031628974e-03
3.683199264124205428e-03
0.000000000000000000e+00
0.000000000000000000e+00
0.000000000000000000e+00
0.000000000000000000e+00
0.000000000000000000e+00
0.000000000000000000e+00
0.000000000000000000e+00
0.000000000000000000e+00
0.000000000000000000e+00
0.000000000000000000e+00
0.000000000000000000e+00
9.154296164330218838e-03
0.000000000000000000e+00
0.000000000000000000e+00
0.000000000000000000e+00
0.000000000000000000e+00
3.803869169645439641e-01
6.426579262576088691e-01
6.098450182084975690e-01
2.893755094290367258e-01
0.000000000000000000e+00
0.000000000000000000e+00
0.000000000000000000e+00
0.000000000000000000e+00
3.181255537373264136e-02
0.000000000000000000e+00
0.000000000000000000e+00
0.000000000000000000e+00
0.000000000000000000e+00
4.551715007592185142e-02
8.145873216608785772e-02
8.286958777148888122e-02
4.778902274101454878e-02
6.291544545577438901e-05
0.000000000000000000e+00
0.000000000000000000e+00
0.000000000000000000e+00
0.000000000000000000e+00
0.000000000000000000e+00
9.205837985820045088e-03
7.782006796635793089e-03
0.000000000000000000e+00
0.000000000000000000e+00
0.000000000000000000e+00
0.000000000000000000e+00
0.000000000000000000e+00
0.000000000000000000e+00
0.000000000000000000e+00
0.000000000000000000e+00
0.000000000000000000e+00
0.000000000000000000e+00
0.000000000000000000e+00
4.724845288477433868e-03
6.297748869080329118e-03
3.063220463256771664e-03
0.000000000000000000e+00
0.000000000000000000e+00
2.158430069610367953e-05
0.000000000000000000e+00
0.000000000000000000e+00
0.000000000000000000e+00
0.000000000000000000e+00
0.000000000000000000e+00
2.886717053914136192e-03
6.579801369542485727e-03
4.912754302835000211e-03
2.982924771362252363e-03
5.590915353908567503e-03
7.731607570805109492e-03
7.325814577087724766e-03
3.798150783645012300e-03
0.000000000000000000e+00
3.479029340042326564e-03
1.299634820612598218e-02
1.966963890395293305e-02
1.929294575744288850e-02
9.696735458251917045e-03
0.000000000000000000e+00
0.000000000000000000e+00
0.000000000000000000e+00
0.000000000000000000e+00
2.988399345474689744e-03
1.703729620628935057e-02
3.066320299113750938e-02
3.740550588530382192e-02
2.005274570446831731e-02
0.000000000000000000e+00
0.000000000000000000e+00
0.000000000000000000e+00
0.000000000000000000e+00
1.334595340414658840e-02
1.833774741586146478e-02
2.267148191947324868e-03
0.000000000000000000e+00
0.000000000000000000e+00
0.000000000000000000e+00
0.000000000000000000e+00
0.000000000000000000e+00
0.000000000000000000e+00
1.348904417645798715e-01
2.567347931623912838e-01
2.336276683010262145e-01
1.210770998663727449e-01
0.000000000000000000e+00
1.619767446836797575e-01
3.181866898735114524e-01
3.539014420127063465e-01
1.952010860206020437e-01
0.000000000000000000e+00
0.000000000000000000e+00
0.000000000000000000e+00
0.000000000000000000e+00
1.017127898518061305e-02
0.000000000000000000e+00
0.000000000000000000e+00
1.326079659280649577e-03
0.000000000000000000e+00
0.000000000000000000e+00
0.000000000000000000e+00
0.000000000000000000e+00
0.000000000000000000e+00
0.000000000000000000e+00
0.000000000000000000e+00
0.000000000000000000e+00
0.000000000000000000e+00
0.000000000000000000e+00
0.000000000000000000e+00
0.000000000000000000e+00
1.486200049439213161e-02
5.823639993681010985e-02
0.000000000000000000e+00
0.000000000000000000e+00
0.000000000000000000e+00
0.000000000000000000e+00
1.940389906436708611e-01
