-4.530239999294281006e-01 -6.592736840248107910e-01 1.139601096510887146e-01
-5.241225957870483398e-01 -6.751220226287841797e-01 6.904169172048568726e-02
-5.094485282897949219e-01 -6.275507211685180664e-01 1.075488701462745667e-01
-5.846613049507141113e-01 -6.574786901473999023e-01 9.659511595964431763e-02
-5.232014060020446777e-01 -6.172015070915222168e-01 1.183488890528678894e-01
-4.794944524765014648e-01 -5.879818201065063477e-01 7.375192642211914062e-02
-3.994391262531280518e-01 -6.085147261619567871e-01 6.715169548988342285e-02
-4.179700613021850586e-01 -6.001403331756591797e-01 5.066631734371185303e-02
-1.491291671991348267e-01 -6.166759729385375977e-01 -2.411299943923950195e-02
2.116499245166778564e-01 -5.059769749641418457e-01 3.146795034408569336e-01
2.927079796791076660e-01 -4.183343350887298584e-01 2.896833717823028564e-01
3.563929796218872070e-01 -3.873026072978973389e-01 2.845295965671539307e-01
3.763616979122161865e-01 -3.622082769870758057e-01 2.940523028373718262e-01
3.520400226116180420e-01 -3.297572433948516846e-01 3.165246546268463135e-01
3.004787862300872803e-01 -3.649850487709045410e-01 3.721621632575988770e-01
3.376005887985229492e-01 -3.935121595859527588e-01 3.423064053058624268e-01
3.438684344291687012e-01 -4.370105564594268799e-01 2.698432505130767822e-01
2.959295511245727539e-01 -4.584063291549682617e-01 2.657657861709594727e-01
2.237370908260345459e-01 -4.607938230037689209e-01 2.964397966861724854e-01
2.555069923400878906e-01 -5.243756175041198730e-01 1.050349473953247070e-01
2.661499381065368652e-01 -5.783666968345642090e-01 3.276414703577756882e-03
3.107340037822723389e-01 -5.290094017982482910e-01 8.162928372621536255e-02
2.874768376350402832e-01 -4.877174198627471924e-01 2.168079912662506104e-01
2.161504030227661133e-01 -4.478285610675811768e-01 1.691273003816604614e-01
2.026956826448440552e-01 -4.122153818607330322e-01 6.703548133373260498e-02
2.363368868827819824e-01 -3.664251565933227539e-01 1.785624474287033081e-01
2.953125536441802979e-01 -3.472978472709655762e-01 2.311327904462814331e-01
3.140969574451446533e-01 -3.255566358566284180e-01 2.181352376937866211e-01
2.630117833614349365e-01 -3.801277279853820801e-01 2.293805330991744995e-01
2.736769318580627441e-01 -4.187442958354949951e-01 1.924035847187042236e-01
3.087306022644042969e-01 -4.428030252456665039e-01 1.856844425201416016e-01
3.368071019649505615e-01 -4.409768283367156982e-01 1.980179250240325928e-01
3.240347206592559814e-01 -4.155608117580413818e-01 2.040669173002243042e-01
3.573438227176666260e-01 -4.236125051975250244e-01 1.911494433879852295e-01
3.623956739902496338e-01 -3.840321898460388184e-01 1.941822022199630737e-01
3.139089345932006836e-01 -4.053738713264465332e-01 1.817741394042968750e-01
1.237418875098228455e-01 -5.620313286781311035e-01 1.238113269209861755e-01
-2.345707118511199951e-01 -6.143684983253479004e-01 1.136325951665639877e-02
-5.295971632003784180e-01 -5.555397868156433105e-01 -6.258855760097503662e-02
-5.617674589157104492e-01 -5.650328993797302246e-01 -7.616577204316854477e-03
-5.406290292739868164e-01 -4.969081282615661621e-01 9.353760629892349243e-02
-5.358371138572692871e-01 -5.699181556701660156e-01 1.933033466339111328e-01
-5.640529990196228027e-01 -5.982816219329833984e-01 1.855188608169555664e-01
-5.972415804862976074e-01 -5.570954084396362305e-01 2.676065266132354736e-01
-5.914753675460815430e-01 -4.630559086799621582e-01 2.608059644699096680e-01
-4.794447422027587891e-01 -3.178543448448181152e-01 3.324317932128906250e-01
-3.645546138286590576e-01 -2.983673512935638428e-01 2.316234856843948364e-01
-1.636355742812156677e-02 -8.291564881801605225e-02 3.359878659248352051e-01
-1.578044742345809937e-01 -3.077307529747486115e-02 1.300396770238876343e-01
-3.589538931846618652e-01 1.405409574508666992e-01 9.766484051942825317e-02
-4.871254861354827881e-01 2.880281209945678711e-01 1.074242368340492249e-01
-4.529785513877868652e-01 3.141250610351562500e-01 7.073168456554412842e-02
-4.404758512973785400e-01 3.523151576519012451e-01 1.017545238137245178e-01
-4.205093085765838623e-01 3.702594339847564697e-01 1.830546855926513672e-01
-3.624303042888641357e-01 3.669703602790832520e-01 2.721440494060516357e-01
-3.459601998329162598e-01 2.974494695663452148e-01 3.253743052482604980e-01
-2.580068707466125488e-01 2.284241318702697754e-01 3.631415367126464844e-01
-5.849755182862281799e-02 1.580943167209625244e-01 3.878791034221649170e-01
1.569410711526870728e-01 6.514847278594970703e-02 4.066525399684906006e-01
2.878411710262298584e-01 -5.571347847580909729e-02 3.407442569732666016e-01
2.453307062387466431e-01 -1.303267031908035278e-01 2.603465020656585693e-01
2.843707799911499023e-01 -2.546336352825164795e-01 1.323277801275253296e-01
3.679393827915191650e-01 -3.399858474731445312e-01 8.365854620933532715e-02
3.566742837429046631e-01 -3.034171164035797119e-01 1.719376891851425171e-01
3.459608256816864014e-01 -2.964760959148406982e-01 2.211314737796783447e-01
3.290171921253204346e-01 -2.813041806221008301e-01 2.624999582767486572e-01
3.207777440547943115e-01 -3.244492709636688232e-01 2.716835141181945801e-01
3.174073398113250732e-01 -3.190625011920928955e-01 2.376542389392852783e-01
3.404928743839263916e-01 -4.457169175148010254e-01 8.508912473917007446e-02
2.619965374469757080e-01 -4.127975404262542725e-01 9.732604026794433594e-02
2.645614445209503174e-01 -4.272485375404357910e-01 1.462706774473190308e-01
1.920594722032546997e-01 -4.823845922946929932e-01 7.951887696981430054e-02
-1.599900610744953156e-02 -3.660006821155548096e-01 4.680447280406951904e-02
-2.544553577899932861e-01 -1.938334107398986816e-01 4.114135205745697021e-01
-2.263903319835662842e-01 -1.403506100177764893e-01 3.463135063648223877e-01
-3.309413492679595947e-01 -7.327765226364135742e-02 2.744680047035217285e-01
-4.608308076858520508e-01 -4.947291314601898193e-02 1.086734086275100708e-01
-5.070756673812866211e-01 4.295258596539497375e-02 1.111030299216508865e-02
-5.366331934928894043e-01 1.823817640542984009e-01 4.105458036065101624e-03
-5.386067628860473633e-01 3.977461755275726318e-01 5.730111151933670044e-02
-4.770139753818511963e-01 4.481436908245086670e-01 -1.323543582111597061e-02
-4.976747334003448486e-01 4.848633706569671631e-01 1.712035201489925385e-02
-4.622400403022766113e-01 4.375672936439514160e-01 8.813744038343429565e-02
-3.494296669960021973e-01 3.583270311355590820e-01 2.084194123744964600e-01
-3.116453886032104492e-01 3.031731247901916504e-01 2.397323995828628540e-01
-2.249573767185211182e-01 3.425950407981872559e-01 2.039852887392044067e-01
-7.595045864582061768e-02 3.216676712036132812e-01 7.643483579158782959e-02
-7.573895901441574097e-02 2.429914027452468872e-01 4.907179251313209534e-02
-9.846705198287963867e-02 2.637194693088531494e-01 2.230249941349029541e-01
1.083912700414657593e-02 3.123177289962768555e-01 3.531010448932647705e-01
1.745748370885848999e-01 3.157452642917633057e-01 3.874790668487548828e-01
1.878546625375747681e-01 2.816422581672668457e-01 4.298826158046722412e-01
1.745003163814544678e-01 1.907928884029388428e-01 4.513718783855438232e-01
1.838939785957336426e-01 8.747033774852752686e-02 4.398492276668548584e-01
1.899760514497756958e-01 1.185629367828369141e-01 3.907108008861541748e-01
1.343486607074737549e-01 8.073344081640243530e-02 3.628844022750854492e-01
9.187988191843032837e-02 1.206476315855979919e-01 4.004371464252471924e-01
8.132389187812805176e-02 9.750016778707504272e-02 3.761077821254730225e-01
1.577035486698150635e-01 8.084913343191146851e-02 4.311796724796295166e-01
1.701463311910629272e-01 1.058688908815383911e-01 3.687504827976226807e-01
2.059347778558731079e-01 2.288590669631958008e-01 3.000369668006896973e-01
2.063084691762924194e-01 3.062207102775573730e-01 1.408360004425048828e-01
2.799851596355438232e-01 3.196902275085449219e-01 -1.958438381552696228e-02
2.604435980319976807e-01 3.638633489608764648e-01 -5.830997601151466370e-02
2.445509135723114014e-01 3.144481182098388672e-01 -4.639809578657150269e-02
1.693240553140640259e-01 3.265476226806640625e-01 -1.329427063465118408e-01
9.960720688104629517e-02 3.276455998420715332e-01 -2.795232236385345459e-01
-5.818726494908332825e-02 3.672340512275695801e-01 -3.447199165821075439e-01
-1.304014474153518677e-01 3.831545114517211914e-01 -4.253849685192108154e-01
-1.105366200208663940e-01 2.808448076248168945e-01 -4.506833553314208984e-01
-4.479392990469932556e-02 2.735547423362731934e-01 -4.788266420364379883e-01
-1.155212372541427612e-01 2.583408355712890625e-01 -4.726195633411407471e-01
-1.220007613301277161e-01 2.277093529701232910e-01 -4.592064619064331055e-01
-1.371654421091079712e-01 2.376910001039505005e-01 -4.289950430393218994e-01
-2.369267940521240234e-01 2.173930555582046509e-01 -4.254156649112701416e-01
-2.612856626510620117e-01 2.319737374782562256e-01 -4.689140021800994873e-01
-2.439456582069396973e-01 2.072115093469619751e-01 -4.638557136058807373e-01
-2.351499795913696289e-01 1.939129680395126343e-01 -4.161852300167083740e-01
-2.018352299928665161e-01 2.095329910516738892e-01 -4.284258484840393066e-01
-1.140564531087875366e-01 2.162340432405471802e-01 -3.929127156734466553e-01
9.946286678314208984e-02 1.826597452163696289e-01 -3.032269179821014404e-01
1.627636253833770752e-01 1.748899519443511963e-01 -2.618813514709472656e-01
1.164382025599479675e-01 2.337691485881805420e-01 -1.778671145439147949e-01
1.977216452360153198e-01 2.219093143939971924e-01 -1.789585351943969727e-01
2.647199332714080811e-01 2.213024348020553589e-01 -2.120265513658523560e-01
3.047237694263458252e-01 2.070843875408172607e-01 -2.244881391525268555e-01
2.546664476394653320e-01 2.102465778589248657e-01 -2.622484862804412842e-01
9.184565395116806030e-02 1.447562426328659058e-01 -3.599742352962493896e-01
3.562900051474571228e-02 1.942047029733657837e-01 -4.816817641258239746e-01
-3.794974088668823242e-02 2.290620803833007812e-01 -5.519016385078430176e-01
3.597827255725860596e-02 2.404340803623199463e-01 -5.721419453620910645e-01
1.723311096429824829e-02 2.701831758022308350e-01 -5.813985466957092285e-01
-4.899248853325843811e-02 2.372215241193771362e-01 -6.102377772331237793e-01
-2.929873764514923096e-02 2.169285714626312256e-01 -6.170650720596313477e-01
-8.396501839160919189e-02 1.847851276397705078e-01 -6.095832586288452148e-01
-7.232190668582916260e-02 2.220693975687026978e-01 -5.543364882469177246e-01
1.319283992052078247e-02 1.670308262109756470e-01 -5.067350864410400391e-01
9.877856075763702393e-02 2.248777896165847778e-01 -3.546574711799621582e-01
1.827837377786636353e-01 2.056603729724884033e-01 -3.086510300636291504e-01
3.061066567897796631e-01 1.321886181831359863e-01 -2.603406608104705811e-01
3.800809085369110107e-01 1.082185432314872742e-01 -2.253032326698303223e-01
3.367576301097869873e-01 9.123658388853073120e-02 -2.788169384002685547e-01
2.545861005783081055e-01 5.901523679494857788e-02 -2.563857138156890869e-01
1.086689680814743042e-01 5.483986809849739075e-02 -2.776046097278594971e-01
1.820842325687408447e-01 1.735319346189498901e-01 -2.844636440277099609e-01
1.739783328957855701e-03 1.220276430249214172e-01 -4.366775155067443848e-01
-1.359293460845947266e-01 2.089369855821132660e-02 -4.517999887466430664e-01
-1.049645468592643738e-01 1.139569655060768127e-01 -4.780070185661315918e-01
-1.426194608211517334e-01 2.465756796300411224e-02 -4.548669755458831787e-01
-8.854644000530242920e-02 5.664812773466110229e-02 -4.921195507049560547e-01
-1.440229564905166626e-01 2.306242138147354126e-01 -4.922261834144592285e-01
-1.722239553928375244e-01 7.690572738647460938e-02 -5.000526309013366699e-01
3.872408717870712280e-02 9.311361610889434814e-02 -3.900747299194335938e-01
1.950040459632873535e-02 1.110840067267417908e-01 -4.329775571823120117e-01
4.411643370985984802e-02 8.658488094806671143e-02 -4.108345508575439453e-01
3.739596868399530649e-04 -5.452450737357139587e-02 -4.317924678325653076e-01
-1.751422323286533356e-02 6.683796644210815430e-02 -1.478026658296585083e-01
-4.590064287185668945e-01 1.896859705448150635e-01 3.322017192840576172e-01
-5.317742228507995605e-01 7.643789052963256836e-02 3.261378109455108643e-01
-4.939207732677459717e-01 -1.806648969650268555e-01 3.008139729499816895e-01
-5.474108457565307617e-01 -1.289535015821456909e-01 2.662527859210968018e-01
-5.063302516937255859e-01 4.495600238442420959e-02 2.594875991344451904e-01
-4.884287416934967041e-01 1.151639595627784729e-01 1.792867928743362427e-01
-3.416159451007843018e-01 9.232338517904281616e-02 8.698561042547225952e-02
-4.608191847801208496e-01 2.342544943094253540e-01 1.447035814635455608e-03
-3.568164110183715820e-01 3.231761455535888672e-01 -5.814348161220550537e-02
-3.924929499626159668e-01 3.849962353706359863e-01 -4.036718979477882385e-02
-3.759174346923828125e-01 3.816361427307128906e-01 -7.177362591028213501e-02
-3.478718698024749756e-01 3.533545136451721191e-01 -7.148542255163192749e-02
-3.259387314319610596e-01 2.739094793796539307e-01 -1.082563251256942749e-01
-3.484807908535003662e-01 3.076032698154449463e-01 -1.174269020557403564e-01
-3.506113886833190918e-01 3.175630569458007812e-01 -9.101979434490203857e-02
-3.358252942562103271e-01 3.619200587272644043e-01 -1.296131759881973267e-01
-3.582235574722290039e-01 4.060560166835784912e-01 -1.554465740919113159e-01
-3.377468287944793701e-01 4.114924371242523193e-01 -1.394576281309127808e-01
-4.054588675498962402e-01 4.244337081909179688e-01 -9.482359886169433594e-02
-3.704514801502227783e-01 4.123223721981048584e-01 -7.236099988222122192e-02
-2.561975121498107910e-01 4.006578922271728516e-01 -7.239022850990295410e-02
-1.291990131139755249e-01 3.584064543247222900e-01 -2.009094506502151489e-02
1.237942576408386230e-01 3.293885290622711182e-01 -2.765743061900138855e-03
2.079265415668487549e-01 3.140765428543090820e-01 4.446348175406455994e-02
2.363258153200149536e-01 3.185833096504211426e-01 1.174941211938858032e-01
2.439526170492172241e-01 2.850362956523895264e-01 1.064357161521911621e-01
2.415242493152618408e-01 2.964666187763214111e-01 8.227229863405227661e-02
3.386027812957763672e-01 2.652516961097717285e-01 6.231441348791122437e-02
3.866404891014099121e-01 2.101352959871292114e-01 6.786417961120605469e-02
3.555566668510437012e-01 2.426151037216186523e-01 1.376778781414031982e-01
2.827401161193847656e-01 2.152910530567169189e-01 1.080771386623382568e-01
3.372217416763305664e-01 6.812761723995208740e-02 1.223196759819984436e-01
3.364650309085845947e-01 1.841957122087478638e-01 1.566300839185714722e-01
3.243792653083801270e-01 2.415564060211181641e-01 1.145427301526069641e-01
3.211773335933685303e-01 2.262882739305496216e-01 9.783747047185897827e-02
