6.331729143857955933e-02 -5.482077598571777344e-02 4.855724796652793884e-02
3.170831874012947083e-02 -5.443327501416206360e-02 9.192245453596115112e-02
-5.067112669348716736e-02 -2.951453439891338348e-03 7.447818666696548462e-02
-1.699429303407669067e-01 7.073690742254257202e-02 2.298812568187713623e-02
-2.422238290309906006e-01 -4.561524838209152222e-02 3.943755850195884705e-02
-3.020596802234649658e-01 -9.087186306715011597e-02 2.489831596612930298e-01
-2.996378242969512939e-01 -1.020000353455543518e-01 4.148161709308624268e-01
-2.128089964389801025e-01 -3.374812891706824303e-03 4.176714718341827393e-01
-1.173515804111957550e-02 1.855608969926834106e-01 1.660772114992141724e-01
2.163465470075607300e-01 1.116833910346031189e-01 -2.765757739543914795e-01
3.039707243442535400e-01 1.152044162154197693e-01 -4.144179821014404297e-01
3.156179189682006836e-01 7.448741793632507324e-02 -3.657267689704895020e-01
2.389211207628250122e-01 1.802838593721389771e-02 -1.875151246786117554e-01
1.419738382101058960e-01 -5.860646814107894897e-02 -3.295702114701271057e-02
4.261290654540061951e-02 -1.915599107742309570e-01 -4.895810410380363464e-02
9.472670499235391617e-04 -2.008978724479675293e-01 -1.059443503618240356e-01
2.217835374176502228e-02 -1.209645345807075500e-01 -1.493321806192398071e-01
3.925948985852301121e-04 -3.356765583157539368e-02 -8.244371414184570312e-02
-7.343877106904983521e-02 8.728258311748504639e-02 3.957450389862060547e-02
-1.609987467527389526e-01 1.954334229230880737e-01 1.327382624149322510e-01
-1.090977489948272705e-01 1.518634259700775146e-01 1.183464229106903076e-01
3.606925159692764282e-02 4.611194878816604614e-02 2.561664208769798279e-02
8.571290969848632812e-02 -1.209518164396286011e-01 1.733846962451934814e-02
-2.519464865326881409e-02 -1.052028313279151917e-01 6.915783137083053589e-02
-1.490085422992706299e-01 5.148472636938095093e-02 4.604394733905792236e-02
-1.775315999984741211e-01 1.152831017971038818e-01 -1.067192852497100830e-01
-3.139661252498626709e-02 8.308695256710052490e-02 -2.040521800518035889e-01
1.012104451656341553e-01 -5.688158795237541199e-02 -1.354635655879974365e-01
1.008108332753181458e-01 -1.369637995958328247e-01 6.834264099597930908e-02
5.193964019417762756e-02 -1.175523698329925537e-01 1.889302879571914673e-01
-3.887334838509559631e-02 -8.112066984176635742e-02 1.317290067672729492e-01
-1.264118701219558716e-01 -6.797617673873901367e-02 4.867907147854566574e-03
-1.404134929180145264e-01 -8.874874562025070190e-02 -1.274878829717636108e-01
-5.402798205614089966e-02 -1.119710430502891541e-01 -2.508749365806579590e-01
2.333164662122726440e-01 -5.520765855908393860e-02 -3.735946714878082275e-01
4.417664110660552979e-01 6.837017834186553955e-02 -3.664492964744567871e-01
4.199216365814208984e-01 2.298964858055114746e-01 -1.069600805640220642e-01
2.026302963495254517e-01 3.546506464481353760e-01 2.973138988018035889e-01
-2.244462370872497559e-01 2.362615466117858887e-01 4.875596761703491211e-01
-3.269093930721282959e-01 8.361233025789260864e-02 4.115439057350158691e-01
-2.263308912515640259e-01 -4.750218614935874939e-02 7.797374576330184937e-02
-5.523091554641723633e-02 -9.029021114110946655e-02 -2.178969681262969971e-01
-5.279348790645599365e-02 -1.052948012948036194e-01 -1.694687306880950928e-01
-2.411860674619674683e-01 -2.000936120748519897e-01 1.363482922315597534e-01
-2.443447709083557129e-01 -1.969814896583557129e-01 2.583281397819519043e-01
1.682947389781475067e-02 -5.401906743645668030e-02 5.585176870226860046e-02
3.513787984848022461e-01 1.424075514078140259e-01 -2.584724426269531250e-01
3.917681872844696045e-01 8.894783258438110352e-02 -3.985537290573120117e-01
1.013331413269042969e-01 -5.177446082234382629e-02 -1.952342092990875244e-01
-2.464322149753570557e-01 -1.321325898170471191e-01 1.460409462451934814e-01
-3.672189712524414062e-01 1.585667836479842663e-03 3.153731226921081543e-01
-2.244356870651245117e-01 2.294928133487701416e-01 2.868755161762237549e-01
-7.220801711082458496e-02 2.530208826065063477e-01 7.718838006258010864e-02
-6.993103772401809692e-02 1.628337353467941284e-01 -5.698125064373016357e-02
-1.288731098175048828e-01 -7.358760572969913483e-03 -7.654213160276412964e-02
-1.953192055225372314e-01 -1.312660723924636841e-01 -6.034749676473438740e-04
-1.361581832170486450e-01 -2.152963280677795410e-01 1.127517665736377239e-03
7.247772999107837677e-03 -3.104959130287170410e-01 -1.104376912117004395e-01
2.115318477153778076e-01 -3.337343335151672363e-01 -2.013287395238876343e-01
3.451013863086700439e-01 -1.764028668403625488e-01 -2.068719863891601562e-01
2.553553879261016846e-01 3.921984881162643433e-02 -2.661471255123615265e-02
8.688113093376159668e-02 2.225685119628906250e-01 1.823041290044784546e-01
-2.187601476907730103e-02 3.060864806175231934e-01 2.015834301710128784e-01
-3.226638212800025940e-02 1.975077539682388306e-01 1.251194328069686890e-01
5.906919389963150024e-02 5.837142467498779297e-02 -8.845711499452590942e-02
1.325362771749496460e-01 -1.371709406375885010e-01 -2.124989330768585205e-01
1.770419627428054810e-01 -1.785075068473815918e-01 -1.687855571508407593e-01
1.928058713674545288e-01 -1.112475022673606873e-01 -4.600033536553382874e-02
1.994417160749435425e-01 -1.025211587548255920e-01 1.505482196807861328e-01
3.949145227670669556e-02 -5.238371342420578003e-02 2.000988572835922241e-01
-1.492347270250320435e-01 4.284663498401641846e-02 4.486254975199699402e-02
-2.062944769859313965e-01 1.842648535966873169e-01 -1.417882442474365234e-01
-2.099510133266448975e-01 2.889067828655242920e-01 -3.224328160285949707e-01
-1.609245128929615021e-02 9.939789026975631714e-02 -3.863740563392639160e-01
1.179988980293273926e-01 -1.532668322324752808e-01 -2.947964072227478027e-01
5.973896384239196777e-02 -2.127054929733276367e-01 -1.058055385947227478e-01
-8.584230393171310425e-02 -1.552924811840057373e-01 2.139594405889511108e-01
-2.037901431322097778e-01 6.310526281595230103e-02 3.772800266742706299e-01
-2.490099519491195679e-01 1.633902043104171753e-01 3.505937457084655762e-01
-1.267777532339096069e-01 2.431621104478836060e-01 2.330376505851745605e-01
3.571882471442222595e-02 3.191851377487182617e-01 1.133478209376335144e-01
1.617681831121444702e-01 2.067248672246932983e-01 1.058176755905151367e-01
2.395836263895034790e-01 -1.536740958690643311e-01 1.788945347070693970e-01
2.666363120079040527e-01 -4.768648445606231689e-01 2.328297942876815796e-01
1.345055848360061646e-01 -5.064845681190490723e-01 2.125514447689056396e-01
-1.748888343572616577e-01 -2.537694573402404785e-01 6.861733645200729370e-02
-4.556821882724761963e-01 3.295787870883941650e-01 -2.473740130662918091e-01
-5.785156488418579102e-01 5.139322876930236816e-01 -4.109865725040435791e-01
-4.849847555160522461e-01 4.822009205818176270e-01 -4.814535677433013916e-01
-1.634601205587387085e-01 1.906839460134506226e-01 -3.925559222698211670e-01
2.615019381046295166e-01 -2.233942449092864990e-01 -9.857966750860214233e-02
4.432874321937561035e-01 -3.746780753135681152e-01 1.102790087461471558e-01
4.393822252750396729e-01 -3.608990013599395752e-01 1.700486689805984497e-01
3.655230104923248291e-01 -1.055777892470359802e-01 8.162516355514526367e-02
2.759058475494384766e-01 2.688631713390350342e-01 3.181836381554603577e-02
1.483069211244583130e-01 3.514325618743896484e-01 5.951304361224174500e-02
-1.149004325270652771e-01 1.262593567371368408e-01 8.881525695323944092e-02
-2.020448297262191772e-01 -2.510330080986022949e-01 1.779730170965194702e-01
-6.478076428174972534e-02 -5.223683714866638184e-01 2.188310623168945312e-01
2.478272169828414917e-01 -4.945393204689025879e-01 2.811146080493927002e-01
3.298527598381042480e-01 -3.194470107555389404e-01 2.063604295253753662e-01
6.023253500461578369e-02 -8.567978627979755402e-03 -1.105020344257354736e-01
-2.084874212741851807e-01 2.217570245265960693e-01 -3.788180947303771973e-01
-2.421928793191909790e-01 2.544911801815032959e-01 -4.665238857269287109e-01
-9.980212897062301636e-02 3.336437940597534180e-01 -4.887947738170623779e-01
3.570211306214332581e-02 4.166885614395141602e-01 -4.405446052551269531e-01
-2.924294769763946533e-02 4.425861239433288574e-01 -2.481449693441390991e-01
-1.477552652359008789e-01 2.699598670005798340e-01 8.045712113380432129e-02
-6.424954533576965332e-02 -1.533672660589218140e-01 3.811965286731719971e-01
-9.682239033281803131e-03 -3.172233104705810547e-01 4.390445649623870850e-01
1.094165220856666565e-01 -2.328958511352539062e-01 3.662764430046081543e-01
1.967230737209320068e-01 -7.327090203762054443e-02 2.518656551837921143e-01
1.296653747558593750e-01 2.391061931848526001e-02 9.055777639150619507e-02
1.817329414188861847e-02 -3.708465769886970520e-02 3.665605909191071987e-04
-1.459560245275497437e-01 -9.185143560171127319e-02 -1.196787599474191666e-02
-2.102901190519332886e-01 -4.483771696686744690e-02 2.768525853753089905e-02
-1.482081562280654907e-01 -6.009128410369157791e-03 1.960164755582809448e-01
-1.104491576552391052e-01 -4.850975051522254944e-02 3.130015134811401367e-01
-1.238594129681587219e-01 -3.855905309319496155e-02 2.883658707141876221e-01
-1.472260057926177979e-01 -4.993415251374244690e-02 1.424587965011596680e-01
-1.303338408470153809e-01 -6.779111176729202271e-02 -8.914098143577575684e-02
-9.040493518114089966e-02 -6.452728528529405594e-03 -2.179090976715087891e-01
-7.519489526748657227e-02 3.018862381577491760e-02 -3.304007053375244141e-01
3.088047541677951813e-02 1.390500217676162720e-01 -4.364636242389678955e-01
2.189097702503204346e-01 1.987887024879455566e-01 -4.930025637149810791e-01
3.591710627079010010e-01 1.337496340274810791e-01 -4.650178849697113037e-01
3.102593421936035156e-01 3.294741269201040268e-03 -2.764036953449249268e-01
9.060309082269668579e-02 -1.125676184892654419e-01 1.054072231054306030e-01
-1.498212069272994995e-01 -1.451065987348556519e-01 3.640437722206115723e-01
-1.880177110433578491e-01 -6.679347902536392212e-02 3.897972106933593750e-01
-3.301128000020980835e-02 2.404207736253738403e-02 2.417217791080474854e-01
7.959851622581481934e-02 1.275759488344192505e-01 2.559197321534156799e-02
1.166784465312957764e-01 2.032831013202667236e-01 2.662077778950333595e-03
3.851080546155571938e-03 2.095360010862350464e-01 1.286876350641250610e-01
-1.694900542497634888e-01 7.351081073284149170e-02 3.227487504482269287e-01
-2.696455717086791992e-01 -2.130194157361984253e-01 4.093134105205535889e-01
-3.002686202526092529e-01 -3.590376675128936768e-01 3.553934097290039062e-01
-2.090154141187667847e-01 -3.953492939472198486e-01 1.351304948329925537e-01
2.832955447956919670e-03 -2.133278101682662964e-01 -2.088539749383926392e-01
2.928961217403411865e-01 1.720426976680755615e-01 -4.446401298046112061e-01
3.811965286731719971e-01 3.838978111743927002e-01 -4.938188493251800537e-01
3.453117012977600098e-01 4.879964292049407959e-01 -4.786291420459747314e-01
2.873701751232147217e-01 3.618849813938140869e-01 -3.858499825000762939e-01
3.295253589749336243e-02 5.590189993381500244e-02 -2.191228717565536499e-01
-1.681311726570129395e-01 -1.825950592756271362e-01 -9.341035038232803345e-02
-2.789092361927032471e-01 -2.426367551088333130e-01 1.336146742105484009e-01
-2.940722107887268066e-01 -9.604872763156890869e-02 1.859378218650817871e-01
-9.414071589708328247e-02 1.403431873768568039e-02 1.918268352746963501e-01
8.040025830268859863e-03 9.944285266101360321e-03 2.670777142047882080e-01
4.624405875802040100e-02 -2.338740229606628418e-02 2.641040384769439697e-01
1.936048455536365509e-02 -7.615650445222854614e-02 2.804015278816223145e-01
-1.805092208087444305e-02 -8.752920478582382202e-02 1.854795962572097778e-01
-1.880638860166072845e-02 -5.955656245350837708e-02 6.092418357729911804e-02
1.454028883017599583e-03 1.082947924733161926e-01 6.229645386338233948e-02
1.627684384584426880e-02 2.753102779388427734e-01 -1.836500503122806549e-02
-3.589273616671562195e-02 3.428021967411041260e-01 -1.666180938482284546e-01
-6.242850050330162048e-02 1.584438532590866089e-01 -3.687666356563568115e-01
-1.233449801802635193e-01 -2.233472615480422974e-01 -3.610225617885589600e-01
-6.873262673616409302e-02 -3.745723664760589600e-01 -1.373036950826644897e-01
-1.472737267613410950e-02 -3.942343294620513916e-01 1.030184403061866760e-01
1.299354247748851776e-02 -2.681937813758850098e-01 2.019478231668472290e-01
6.486518681049346924e-02 -1.432167589664459229e-01 7.425729930400848389e-02
6.460972130298614502e-03 3.002575226128101349e-02 -8.240032941102981567e-02
3.288931772112846375e-02 2.297290712594985962e-01 -1.456440985202789307e-01
-3.949615731835365295e-02 2.698868215084075928e-01 -8.924832195043563843e-02
-7.241213228553533554e-03 1.555506736040115356e-01 1.013005059212446213e-02
6.585005670785903931e-02 -5.186484381556510925e-02 1.217898800969123840e-01
1.002481132745742798e-01 -1.366186141967773438e-01 1.417789012193679810e-01
1.559313833713531494e-01 -9.022522717714309692e-02 1.111299842596054077e-01
5.467005819082260132e-02 1.899598911404609680e-02 1.003371328115463257e-01
-5.456787720322608948e-02 -3.967942669987678528e-03 8.960618078708648682e-02
-6.601776927709579468e-02 -8.687126636505126953e-02 8.005247265100479126e-02
4.857920110225677490e-03 -1.058344766497612000e-01 6.926444172859191895e-02
1.720479577779769897e-01 -7.632206380367279053e-02 1.125938892364501953e-01
1.960833668708801270e-01 3.839873522520065308e-02 1.684246659278869629e-01
-5.826042219996452332e-02 9.656177461147308350e-02 2.042837440967559814e-01
-3.199060261249542236e-01 1.064821332693099976e-01 1.686518192291259766e-01
-3.935567140579223633e-01 1.304005235433578491e-01 6.624617427587509155e-02
-2.695899903774261475e-01 1.204206347465515137e-01 -7.894117385149002075e-02
5.216654390096664429e-02 3.015106916427612305e-02 -1.841887980699539185e-01
2.440043240785598755e-01 -1.193205490708351135e-01 -1.677572876214981079e-01
2.397384494543075562e-01 -2.419513016939163208e-01 -9.504067152738571167e-02
1.585682779550552368e-01 -1.977388113737106323e-01 -1.134729012846946716e-02
4.804006218910217285e-02 -2.764937654137611389e-02 -3.714659949764609337e-03
-2.150179818272590637e-02 1.408101320266723633e-01 -9.963843226432800293e-02
-4.283467307686805725e-03 1.826457083225250244e-01 -1.383755356073379517e-01
-6.154239177703857422e-03 6.975328177213668823e-02 -1.109436228871345520e-01
-2.952907048165798187e-02 -9.693062864243984222e-03 -6.763543933629989624e-02
-6.232150644063949585e-02 -4.613190516829490662e-02 -4.546970874071121216e-02
-9.017727524042129517e-02 -5.669486150145530701e-02 -4.891205579042434692e-02
-6.425727158784866333e-02 -2.590519189834594727e-02 -4.681685939431190491e-02
-1.923382654786109924e-02 -2.236909233033657074e-02 -2.622569724917411804e-02
