2.854169213521113857e-01
0.000000000000000000e+00
0.000000000000000000e+00
0.000000000000000000e+00
0.000000000000000000e+00
1.805732304152940851e-02
2.767280628378536098e-02
1.947394977258799439e-02
1.461040267466700258e-02
8.141904077693062208e-03
1.228958156042027176e-02
2.119863250430081836e-02
1.472285095026279814e-02
1.112518936269843830e-03
0.000000000000000000e+00
7.155980670142295108e-03
2.480696704012158582e-02
2.560347832401254492e-02
9.443451365034930510e-04
0.000000000000000000e+00
0.000000000000000000e+00
0.000000000000000000e+00
0.000000000000000000e+00
0.000000000000000000e+00
0.000000000000000000e+00
0.000000000000000000e+00
0.000000000000000000e+00
0.000000000000000000e+00
0.000000000000000000e+00
0.000000000000000000e+00
0.000000000000000000e+00
0.000000000000000000e+00
3.091315291462953252e-01
5.282307883675133597e-01
4.591303592213762386e-01
2.245923241947078985e-01
0.000000000000000000e+00
0.000000000000000000e+00
0.000000000000000000e+00
0.000000000000000000e+00
0.000000000000000000e+00
0.000000000000000000e+00
0.000000000000000000e+00
0.000000000000000000e+00
2.675836226513467198e-01
5.342032550800094315e-01
6.010991607428460837e-01
3.352095451825004013e-01
0.000000000000000000e+00
0.000000000000000000e+00
0.000000000000000000e+00
0.000000000000000000e+00
0.000000000000000000e+00
0.000000000000000000e+00
0.000000000000000000e+00
1.966613552540514946e-03
4.094519746053260773e-02
1.004719542249082366e-02
0.000000000000000000e+00
0.000000000000000000e+00
0.000000000000000000e+00
0.000000000000000000e+00
0.000000000000000000e+00
0.000000000000000000e+00
0.000000000000000000e+00
0.000000000000000000e+00
5.520821616639925294e-03
1.580881107903547508e-02
1.503515752306381140e-02
1.986114142526906184e-02
2.527728325384821784e-02
3.828319670098849492e-02
3.906459839291856473e-02
3.336672096699901113e-02
2.747996055841191512e-02
1.993351453911983151e-02
1.777076412052859544e-02
1.451640455696687898e-02
1.570349748473119991e-02
1.686592139425651185e-02
1.288328066112713090e-02
8.975702357331262135e-03
1.912571394493751747e-03
3.674913265069938142e-06
4.260378699346787507e-03
9.163675333786791208e-03
1.421839060569362462e-02
1.241857276044505860e-02
6.856071114874719152e-03
4.136254433503747455e-03
0.000000000000000000e+00
0.000000000000000000e+00
0.000000000000000000e+00
1.054246557652923624e-03
8.484362964949794181e-03
1.274297689186628703e-02
1.728213730257459335e-02
1.870028167977587016e-02
1.113291423971208421e-02
0.000000000000000000e+00
0.000000000000000000e+00
0.000000000000000000e+00
0.000000000000000000e+00
0.000000000000000000e+00
0.000000000000000000e+00
0.000000000000000000e+00
0.000000000000000000e+00
0.000000000000000000e+00
7.393182656772495642e-02
2.635998451372942863e-01
