5.732908844947814941e-02 -7.119624316692352295e-02 -8.777094632387161255e-02
5.382611975073814392e-02 -4.423228278756141663e-02 -1.413844078779220581e-01
-7.724719122052192688e-03 -2.613521181046962738e-02 -1.473207771778106689e-01
-8.832013607025146484e-02 6.824818439781665802e-03 -1.087230741977691650e-01
-6.216393411159515381e-02 4.727375879883766174e-02 -1.234043240547180176e-01
5.920755118131637573e-02 1.265704631805419922e-01 -7.302374392747879028e-02
1.722121834754943848e-01 2.604818344116210938e-01 3.170354990288615227e-03
1.280406713485717773e-01 2.845627367496490479e-01 1.722644865512847900e-01
-1.854672655463218689e-02 2.895165979862213135e-01 3.718693852424621582e-01
-1.560560613870620728e-01 2.903033494949340820e-01 5.059494972229003906e-01
-2.740438580513000488e-01 2.524526417255401611e-01 5.002988576889038086e-01
-2.764221429824829102e-01 9.796544164419174194e-02 2.249377667903900146e-01
-1.678760200738906860e-01 -2.597089111804962158e-01 -3.521518707275390625e-01
1.482249144464731216e-02 -4.143810570240020752e-01 -5.979971289634704590e-01
2.817671895027160645e-01 -3.199065923690795898e-01 -5.684021711349487305e-01
3.693903088569641113e-01 -1.779546588659286499e-02 -2.570302784442901611e-01
1.701203733682632446e-01 2.478316128253936768e-01 1.944046765565872192e-01
-1.236110106110572815e-01 2.261334508657455444e-01 2.905737459659576416e-01
-2.608895599842071533e-01 7.481539249420166016e-02 8.265357464551925659e-02
-1.520646959543228149e-01 -1.032840982079505920e-01 -1.949917227029800415e-01
1.149359997361898422e-02 -2.266178727149963379e-01 -2.181846201419830322e-01
3.004175610840320587e-02 -2.822269201278686523e-01 -6.347090005874633789e-02
9.097510017454624176e-03 -2.400072664022445679e-01 1.164700463414192200e-01
4.651736468076705933e-03 -1.319557577371597290e-01 1.956576406955718994e-01
9.351755678653717041e-02 2.302473643794655800e-03 1.579145491123199463e-01
1.510219871997833252e-01 1.088836565613746643e-01 -1.817940175533294678e-02
1.126527488231658936e-01 1.020742729306221008e-01 -1.500097215175628662e-01
1.592289470136165619e-02 1.314568985253572464e-02 -2.147801220417022705e-01
-4.277220368385314941e-02 -6.204517185688018799e-02 -2.014881223440170288e-01
2.694713510572910309e-02 -8.766849339008331299e-02 -1.071565374732017517e-01
1.373217552900314331e-01 -4.543749243021011353e-02 -7.492375373840332031e-02
1.692741364240646362e-01 8.851046115159988403e-02 3.755972161889076233e-02
1.032804232090711594e-02 7.633382081985473633e-02 9.116119891405105591e-02
-2.080441862344741821e-01 5.291984975337982178e-02 8.390480279922485352e-02
-2.785201072692871094e-01 4.549293965101242065e-02 1.061607599258422852e-01
-2.030392289161682129e-01 2.503366768360137939e-02 1.404634211212396622e-02
1.429690886288881302e-02 5.232809856534004211e-02 5.601114407181739807e-02
1.631714403629302979e-01 3.112064860761165619e-02 8.006253093481063843e-02
1.308325380086898804e-01 -7.649632170796394348e-03 1.125403568148612976e-01
6.063981354236602783e-02 -7.137650251388549805e-02 1.439509540796279907e-01
-1.064845621585845947e-01 -3.424805030226707458e-02 3.408398479223251343e-02
-2.182524204254150391e-01 -4.729329084511846304e-04 -5.656852200627326965e-02
-2.603515088558197021e-01 9.319469681940972805e-04 -5.477685853838920593e-02
-2.633495032787322998e-01 2.514179982244968414e-02 1.643818020820617676e-01
-1.586000919342041016e-01 -7.926360704004764557e-03 3.434481322765350342e-01
-7.024253904819488525e-02 5.816422030329704285e-02 3.609851896762847900e-01
2.265668474137783051e-02 1.621575355529785156e-01 1.594144552946090698e-01
7.909011840820312500e-02 8.475064486265182495e-02 -1.765630394220352173e-01
1.466369032859802246e-01 -3.035420179367065430e-02 -3.551239073276519775e-01
1.894062161445617676e-01 -1.321964412927627563e-01 -3.897922635078430176e-01
1.625580489635467529e-01 -1.422438472509384155e-01 -2.770512700080871582e-01
1.327716261148452759e-01 -1.853507757186889648e-02 -1.320968419313430786e-01
9.091966599225997925e-02 5.928141251206398010e-02 1.096716988831758499e-02
2.679940126836299896e-02 1.100414171814918518e-01 8.033420145511627197e-02
-2.222993038594722748e-02 9.320230036973953247e-02 8.158175647258758545e-02
-5.632812157273292542e-02 9.611743502318859100e-03 6.467311084270477295e-02
-5.007000267505645752e-02 -7.313492894172668457e-02 5.046349950134754181e-03
-1.083557587116956711e-02 -1.351098716259002686e-01 -4.007330164313316345e-02
-6.559551693499088287e-03 -1.219558715820312500e-01 -2.103861235082149506e-02
-7.294281851500272751e-03 -2.563958801329135895e-02 3.730519115924835205e-02
1.405299524776637554e-03 2.342457324266433716e-02 8.900468051433563232e-02
3.085056319832801819e-02 -1.055752672255039215e-02 6.819434463977813721e-02
2.012797631323337555e-02 -1.270809397101402283e-02 8.622406050562858582e-03
-2.317032963037490845e-02 -5.570702627301216125e-02 -3.535971418023109436e-02
-2.303349226713180542e-02 -2.161086723208427429e-02 -8.547573536634445190e-02
3.040727600455284119e-02 2.383204642683267593e-03 -9.761023521423339844e-02
1.338334232568740845e-01 -5.588688701391220093e-02 -9.541308879852294922e-02
1.460491865873336792e-01 -3.308448195457458496e-02 -2.787190116941928864e-02
3.857924044132232666e-02 -4.007226601243019104e-02 8.538588136434555054e-02
-1.254256665706634521e-01 3.745876252651214600e-02 1.712100356817245483e-01
-1.920523196458816528e-01 1.143152415752410889e-01 8.447386324405670166e-02
-1.279573142528533936e-01 1.211833581328392029e-01 -7.232588529586791992e-02
-1.280182227492332458e-02 1.037178561091423035e-01 -1.503399312496185303e-01
1.200467869639396667e-01 2.820352278649806976e-02 -1.383482366800308228e-01
1.330782324075698853e-01 -2.600459940731525421e-02 5.404088646173477173e-02
1.026275381445884705e-01 7.373967207968235016e-03 1.236725971102714539e-01
6.101051345467567444e-02 6.251384969800710678e-03 7.407718151807785034e-02
-3.683020547032356262e-02 -4.049375280737876892e-02 -7.564006373286247253e-04
-1.464189589023590088e-01 -9.691017866134643555e-02 -7.121776044368743896e-02
-2.634601294994354248e-01 -1.918559372425079346e-01 -7.980842143297195435e-02
-3.295525312423706055e-01 -1.168799921870231628e-01 -4.343288764357566833e-02
-2.802877426147460938e-01 3.709684684872627258e-02 5.140623822808265686e-02
-7.797116786241531372e-02 1.830074638128280640e-01 1.044429838657379150e-01
4.694730788469314575e-02 2.423479557037353516e-01 1.592727005481719971e-01
1.515908390283584595e-01 1.875207722187042236e-01 7.178842276334762573e-02
3.035245239734649658e-01 1.295960694551467896e-01 -9.604240208864212036e-02
4.171319305896759033e-01 8.687026053667068481e-02 -1.982797384262084961e-01
4.683747887611389160e-01 -4.289159551262855530e-02 -3.096425533294677734e-01
2.765909135341644287e-01 -3.096581101417541504e-01 -3.205463588237762451e-01
-1.051578000187873840e-01 -5.155839920043945312e-01 -3.247236311435699463e-01
-3.189977705478668213e-01 -5.192852020263671875e-01 -2.713333666324615479e-01
-3.269359469413757324e-01 -2.225359529256820679e-01 -1.473329067230224609e-01
-1.605470627546310425e-01 1.986649185419082642e-01 -2.084645442664623260e-02
-3.386874124407768250e-02 4.280694425106048584e-01 1.215135306119918823e-01
-2.316866442561149597e-02 4.137869477272033691e-01 1.667272001504898071e-01
-5.642407387495040894e-02 2.320746779441833496e-01 1.939934194087982178e-01
-6.562544405460357666e-02 8.694767206907272339e-02 2.041546404361724854e-01
-3.503450006246566772e-02 2.522625494748353958e-03 2.003681063652038574e-01
-9.365269914269447327e-03 1.937736012041568756e-02 1.949595808982849121e-01
3.299001837149262428e-03 8.877990394830703735e-02 1.392651498317718506e-01
2.359574846923351288e-02 1.150789111852645874e-01 4.047043621540069580e-02
8.237580209970474243e-02 5.359451845288276672e-02 -3.581116721034049988e-02
1.865908503532409668e-01 -3.209374472498893738e-02 -4.679466038942337036e-02
2.487722337245941162e-01 -1.390256434679031372e-01 -2.731607481837272644e-02
2.435260713100433350e-01 -2.315545827150344849e-01 1.239330098032951355e-01
8.313415199518203735e-02 -1.786488145589828491e-01 2.924200594425201416e-01
-1.260376125574111938e-01 -4.246726259589195251e-02 3.478203117847442627e-01
-2.357726395130157471e-01 1.191473752260208130e-01 2.618097066879272461e-01
-2.321057319641113281e-01 1.860670745372772217e-01 6.221568956971168518e-02
-1.237193271517753601e-01 1.155668124556541443e-01 -6.563944369554519653e-02
