4.095593467354774475e-02 9.632766991853713989e-02 -4.407792538404464722e-02
1.213389486074447632e-01 1.389271393418312073e-02 -1.262716203927993774e-01
1.632875502109527588e-01 6.416031625121831894e-03 -1.449079811573028564e-01
2.357161790132522583e-01 -1.101218760013580322e-01 -1.244230866432189941e-01
2.916730940341949463e-01 -1.296204328536987305e-01 -9.791968762874603271e-02
2.727205455303192139e-01 -1.522369086742401123e-01 -1.007416322827339172e-01
1.615324914455413818e-01 -2.378641515970230103e-01 -1.659206598997116089e-01
2.229611203074455261e-02 -2.189445793628692627e-01 -1.317932456731796265e-01
-5.516029149293899536e-02 -1.030077487230300903e-01 6.580289336852729321e-04
1.403619069606065750e-02 8.458418399095535278e-02 1.360416710376739502e-01
-1.621188968420028687e-01 3.208975493907928467e-01 2.951925098896026611e-01
-4.005029499530792236e-01 5.741094350814819336e-01 4.094780087471008301e-01
-4.200788736343383789e-01 5.771871209144592285e-01 4.891662597656250000e-01
-3.413367569446563721e-01 3.008977174758911133e-01 4.426333010196685791e-01
-1.358801722526550293e-01 -4.911046475172042847e-02 1.808533817529678345e-01
-8.151370286941528320e-02 -3.233288526535034180e-01 -1.133591383695602417e-01
-2.772746980190277100e-01 -2.745536863803863525e-01 -1.945705413818359375e-01
-4.091142117977142334e-01 -1.830478757619857788e-02 -2.725243754684925079e-02
-3.872316181659698486e-01 7.608523964881896973e-02 1.944427639245986938e-01
-2.173307985067367554e-01 -2.493553049862384796e-02 2.818116247653961182e-01
-9.068644791841506958e-02 -1.915559172630310059e-01 2.382375895977020264e-01
9.042696096003055573e-03 -2.647085189819335938e-01 1.016154885292053223e-01
8.550474792718887329e-02 -2.345785200595855713e-01 3.763037174940109253e-02
1.677467525005340576e-01 -6.286863982677459717e-02 6.927153468132019043e-02
1.888004690408706665e-01 1.410043146461248398e-02 6.451048702001571655e-02
1.595226824283599854e-01 6.254471093416213989e-02 -5.205679219216108322e-03
1.301429327577352524e-02 3.945355862379074097e-02 -1.405787467956542969e-01
-1.106391847133636475e-01 -9.748251736164093018e-02 -1.620030254125595093e-01
-8.203799277544021606e-02 -1.568241268396377563e-01 -6.420677155256271362e-02
1.330810636281967163e-01 -2.129108607769012451e-01 -2.561453171074390411e-02
1.625433862209320068e-01 -2.672671079635620117e-01 -2.397230267524719238e-02
4.591684043407440186e-02 -2.611609995365142822e-01 -6.330239772796630859e-02
-6.724387407302856445e-02 -2.942146658897399902e-01 -1.759406477212905884e-01
-1.946825832128524780e-01 -1.663908213376998901e-01 -1.212135180830955505e-01
-4.352409392595291138e-02 -1.561357676982879639e-01 -7.891903817653656006e-02
4.541623964905738831e-02 -1.896191537380218506e-01 1.823110505938529968e-02
-3.941341489553451538e-02 -1.042552739381790161e-01 5.511370301246643066e-02
-5.739934742450714111e-02 -1.745250374078750610e-01 2.727823099121451378e-03
-8.572231233119964600e-02 -6.501831859350204468e-02 -1.101355701684951782e-01
-1.528823077678680420e-01 -4.518007114529609680e-02 -1.134122312068939209e-01
-1.690604388713836670e-01 7.283992320299148560e-02 -1.636533066630363464e-03
-8.554459363222122192e-02 1.046618372201919556e-01 -1.705060526728630066e-02
9.878716617822647095e-02 -3.155568242073059082e-02 9.255512058734893799e-02
1.844904571771621704e-01 -8.615608513355255127e-02 1.207487434148788452e-01
3.790200352668762207e-01 7.569007575511932373e-02 1.551494002342224121e-01
2.521829009056091309e-01 3.927780687808990479e-01 2.641077041625976562e-01
1.195832639932632446e-01 4.601829349994659424e-01 2.066655755043029785e-01
-1.169901527464389801e-02 4.489634633064270020e-01 1.884727180004119873e-01
-1.917246431112289429e-01 2.602622807025909424e-01 1.223535984754562378e-01
-5.749252438545227051e-02 5.271278694272041321e-02 2.192004770040512085e-02
4.452882707118988037e-02 -8.017119765281677246e-02 5.279225111007690430e-02
3.968628495931625366e-02 -1.267371624708175659e-01 1.754231750965118408e-02
1.521887071430683136e-02 -7.477246224880218506e-02 1.090250629931688309e-02
-6.916693598031997681e-02 -7.947380840778350830e-02 -1.228975690901279449e-02
-1.334083825349807739e-01 -3.231725841760635376e-02 -5.102827399969100952e-02
-1.322748512029647827e-01 -5.260718986392021179e-03 -5.951863713562488556e-04
-8.920267969369888306e-02 1.371475402265787125e-02 1.493430696427822113e-02
5.798426456749439240e-03 9.697830304503440857e-03 -3.229891508817672729e-02
9.549673646688461304e-02 -8.150333538651466370e-03 -5.042061209678649902e-02
1.374605000019073486e-01 -1.308961305767297745e-02 -3.875529766082763672e-02
1.208290681242942810e-01 5.048705637454986572e-02 6.127325817942619324e-03
1.752503588795661926e-02 9.626418352127075195e-02 1.916263066232204437e-02
-3.155206143856048584e-02 1.267519742250442505e-01 -7.809829898178577423e-03
6.881778594106435776e-03 8.712373673915863037e-02 -5.634593591094017029e-02
1.278344169259071350e-02 7.768697291612625122e-02 6.133746355772018433e-02
5.898606777191162109e-02 7.674345374107360840e-02 7.752536982297897339e-02
2.678699791431427002e-02 -1.388208661228418350e-02 -1.364090386778116226e-02
-1.856816560029983521e-02 -5.894700437784194946e-02 -1.353065520524978638e-01
-3.483228012919425964e-02 -4.607054963707923889e-02 -2.390851676464080811e-01
-5.122801288962364197e-03 3.117626160383224487e-02 -1.792183071374893188e-01
4.629461839795112610e-02 1.385214924812316895e-01 -9.546552598476409912e-02
2.866100892424583435e-02 2.224589735269546509e-01 6.458376348018646240e-02
3.262662142515182495e-02 2.068438567221164703e-02 9.907471016049385071e-03
-4.028877615928649902e-02 -6.446657329797744751e-02 -8.291976898908615112e-02
-3.814638033509254456e-02 -3.898930177092552185e-02 -1.134683117270469666e-01
-5.393535643815994263e-02 -1.457396335899829865e-02 -1.910969316959381104e-01
-1.527724787592887878e-02 1.235433146357536316e-01 -7.435291260480880737e-02
-1.066213920712471008e-01 9.998151659965515137e-02 3.823073208332061768e-02
-5.866267159581184387e-02 4.070737585425376892e-02 -4.489847272634506226e-02
9.145278483629226685e-03 4.294157773256301880e-02 -3.335662931203842163e-02
1.517352759838104248e-01 6.943467259407043457e-02 6.581296026706695557e-02
3.618261814117431641e-01 5.017298739403486252e-03 1.393083930015563965e-01
2.981765866279602051e-01 1.306146010756492615e-02 2.237579077482223511e-01
2.191654294729232788e-01 1.149661019444465637e-01 1.634472310543060303e-01
5.795291438698768616e-02 1.038833633065223694e-01 4.552419483661651611e-02
1.308434903621673584e-01 1.322915256023406982e-01 7.282815128564834595e-02
1.105919629335403442e-01 4.846359044313430786e-02 5.253066774457693100e-03
-1.320586204528808594e-01 -8.442033082246780396e-02 -1.496730297803878784e-01
-3.011286258697509766e-01 -2.040809690952301025e-01 -2.958151400089263916e-01
-2.067364454269409180e-01 -2.896573245525360107e-01 -4.433403909206390381e-01
1.407002955675125122e-01 -2.878138124942779541e-01 -4.563499093055725098e-01
3.737273514270782471e-01 -3.484677076339721680e-01 -4.351132512092590332e-01
3.671126365661621094e-01 -3.608141243457794189e-01 -3.580546677112579346e-01
1.801294386386871338e-01 -3.942936360836029053e-01 -2.084518373012542725e-01
9.494421631097793579e-02 -3.751569092273712158e-01 -1.172318756580352783e-01
-1.000337023288011551e-02 -3.035489618778228760e-01 1.704674586653709412e-02
-6.805174797773361206e-02 -2.699851095676422119e-01 6.229440495371818542e-02
3.525978187099099159e-03 -2.159572988748550415e-01 6.922925263643264771e-02
4.898476600646972656e-02 -1.143922135233879089e-01 1.185792684555053711e-01
1.630069687962532043e-02 -7.048053201287984848e-03 1.646329015493392944e-01
-1.065459917299449444e-03 4.724075645208358765e-02 2.123282849788665771e-01
-8.497222512960433960e-02 3.932279348373413086e-02 1.877817362546920776e-01
-1.382269859313964844e-01 -6.427270127460360527e-04 1.302132159471511841e-01
-1.316038072109222412e-01 -2.505066432058811188e-02 -1.415060483850538731e-03
-1.807594448328018188e-01 4.471814259886741638e-03 -1.581830829381942749e-01
-1.288749873638153076e-01 -2.036176621913909912e-02 -2.711811065673828125e-01
-2.010725438594818115e-02 2.400954663753509521e-01 -3.596131205558776855e-01
3.956695273518562317e-02 4.259856939315795898e-01 -1.850941330194473267e-01
7.152087241411209106e-02 4.541073143482208252e-01 -4.649820271879434586e-03
5.666416883468627930e-02 3.747999072074890137e-01 1.001171469688415527e-01
