5.419985055923461914e-01 -4.628379829227924347e-03 -4.516345858573913574e-01
5.745119452476501465e-01 -1.392249949276447296e-02 -4.134462475776672363e-01
5.230148434638977051e-01 -1.143369171768426895e-02 -4.537282586097717285e-01
5.061758756637573242e-01 4.551817197352647781e-03 -5.211480259895324707e-01
5.351048707962036133e-01 3.052722476422786713e-02 -5.008783340454101562e-01
4.744164645671844482e-01 4.796655476093292236e-02 -4.893586039543151855e-01
4.022674262523651123e-01 2.977376617491245270e-02 -5.597143173217773438e-01
3.078143298625946045e-01 4.595468193292617798e-02 -5.510597229003906250e-01
2.018164545297622681e-01 1.384143829345703125e-01 -5.361183285713195801e-01
1.152494624257087708e-01 1.606357395648956299e-01 -5.271882414817810059e-01
4.556646943092346191e-02 2.229613959789276123e-01 -4.477807581424713135e-01
1.108722612261772156e-01 3.045140802860260010e-01 -2.316405624151229858e-01
1.154017373919487000e-01 3.284456729888916016e-01 1.321778893470764160e-01
2.524717450141906738e-01 2.967339456081390381e-01 3.070727586746215820e-01
3.992910683155059814e-01 1.506972163915634155e-01 3.563551008701324463e-01
4.046217799186706543e-01 -1.063784211874008179e-01 1.918288767337799072e-01
3.779184818267822266e-01 -2.581359446048736572e-01 1.039536967873573303e-01
2.944075167179107666e-01 -2.361839711666107178e-01 1.709705293178558350e-01
2.653458118438720703e-01 -2.946305274963378906e-01 2.283794432878494263e-01
3.048616349697113037e-01 -3.296205699443817139e-01 2.447170317173004150e-01
3.294798135757446289e-01 -3.247365057468414307e-01 2.350789755582809448e-01
3.257053196430206299e-01 -3.347176909446716309e-01 2.555406987667083740e-01
3.205499947071075439e-01 -3.999329209327697754e-01 2.515754103660583496e-01
3.312380313873291016e-01 -3.924279510974884033e-01 2.306499034166336060e-01
3.018518090248107910e-01 -4.165261387825012207e-01 2.124168127775192261e-01
2.876703441143035889e-01 -4.588078260421752930e-01 1.533235907554626465e-01
3.147895932197570801e-01 -3.937665522098541260e-01 1.874826550483703613e-01
3.074128031730651855e-01 -3.666442930698394775e-01 1.589331775903701782e-01
2.088344246149063110e-01 -4.507409036159515381e-01 1.585076898336410522e-01
1.501122564077377319e-01 -5.221661925315856934e-01 7.763251662254333496e-02
1.262258738279342651e-01 -5.793986320495605469e-01 1.068956926465034485e-01
-7.294993847608566284e-02 -6.485594511032104492e-01 6.961233168840408325e-02
-2.257138192653656006e-01 -6.835387945175170898e-01 7.564652711153030396e-02
-2.229474484920501709e-01 -7.241047620773315430e-01 8.615429699420928955e-02
-3.719232678413391113e-01 -7.189959287643432617e-01 6.811495125293731689e-02
-3.912280201911926270e-01 -6.765388846397399902e-01 2.075779139995574951e-01
-3.630002737045288086e-01 -7.118751406669616699e-01 6.639275699853897095e-02
-3.189953267574310303e-01 -7.336366176605224609e-01 8.657124638557434082e-02
-3.482685387134552002e-01 -7.336214780807495117e-01 8.036220073699951172e-02
-3.911018371582031250e-01 -6.806874275207519531e-01 9.071178734302520752e-02
-4.294960796833038330e-01 -7.006776332855224609e-01 5.472671613097190857e-02
-4.718128144741058350e-01 -7.150985598564147949e-01 1.250691562891006470e-01
-4.636236727237701416e-01 -7.317404150962829590e-01 1.224486082792282104e-01
-4.519861340522766113e-01 -7.210736274719238281e-01 4.619357734918594360e-02
-4.028717577457427979e-01 -6.887828707695007324e-01 1.054400801658630371e-01
-3.668420910835266113e-01 -6.996341347694396973e-01 1.313574165105819702e-01
-1.893413960933685303e-01 -6.772840619087219238e-01 8.925534784793853760e-02
1.454268544912338257e-01 -6.527016162872314453e-01 1.122236922383308411e-01
2.065602689981460571e-01 -5.176641941070556641e-01 2.133646905422210693e-01
3.213282525539398193e-01 -3.782834708690643311e-01 3.401180207729339600e-01
3.029645383358001709e-01 -3.698785603046417236e-01 3.296885490417480469e-01
2.978577315807342529e-01 -3.929494917392730713e-01 2.920350432395935059e-01
2.727665603160858154e-01 -4.288960397243499756e-01 2.666458189487457275e-01
2.649434804916381836e-01 -4.440124034881591797e-01 2.530953586101531982e-01
2.500892579555511475e-01 -4.420747756958007812e-01 2.491199821233749390e-01
2.414651066064834595e-01 -4.399498999118804932e-01 2.300379127264022827e-01
2.583262324333190918e-01 -4.222111999988555908e-01 2.371556460857391357e-01
2.863274216651916504e-01 -3.776294589042663574e-01 2.814396321773529053e-01
2.606949508190155029e-01 -3.694887161254882812e-01 2.806561887264251709e-01
2.375589907169342041e-01 -3.877259194850921631e-01 2.223962396383285522e-01
2.387316972017288208e-01 -3.923586010932922363e-01 2.234565764665603638e-01
2.648075222969055176e-01 -3.969088792800903320e-01 1.958509385585784912e-01
3.118678927421569824e-01 -4.044292867183685303e-01 1.439482867717742920e-01
3.092209398746490479e-01 -3.823336660861968994e-01 1.462096720933914185e-01
3.178012967109680176e-01 -3.837588429450988770e-01 1.708070635795593262e-01
3.158252239227294922e-01 -4.709705710411071777e-01 8.034813404083251953e-02
3.563856184482574463e-01 -4.508481919765472412e-01 1.610108762979507446e-01
3.240361213684082031e-01 -4.919977486133575439e-01 1.220576316118240356e-01
3.562483191490173340e-01 -4.876511693000793457e-01 7.461751252412796021e-02
3.602421879768371582e-01 -5.065837502479553223e-01 -1.560408249497413635e-02
3.670840859413146973e-01 -5.038735270500183105e-01 2.378105185925960541e-02
3.596166074275970459e-01 -5.009814500808715820e-01 4.555094521492719650e-03
4.025117158889770508e-01 -4.816739857196807861e-01 -3.482460603117942810e-02
4.454606473445892334e-01 -4.663262665271759033e-01 5.823817476630210876e-02
2.934609949588775635e-01 -4.628652334213256836e-01 1.631343038752675056e-03
3.082686066627502441e-01 -4.544896781444549561e-01 -3.950493037700653076e-02
3.275797069072723389e-01 -4.475064873695373535e-01 3.712733834981918335e-02
3.200800418853759766e-01 -4.178305268287658691e-01 6.827615201473236084e-03
3.540215194225311279e-01 -4.544368088245391846e-01 -4.304413497447967529e-02
3.852932751178741455e-01 -4.256420731544494629e-01 -1.968815363943576813e-02
2.823707163333892822e-01 -4.019130766391754150e-01 6.444748491048812866e-02
3.361467719078063965e-01 -4.981493353843688965e-01 -4.314704611897468567e-02
4.484478533267974854e-01 -4.781572818756103516e-01 -4.993722587823867798e-02
4.681095182895660400e-01 -4.972075521945953369e-01 -4.368764162063598633e-02
4.427067339420318604e-01 -4.507205486297607422e-01 6.993534415960311890e-02
5.049412846565246582e-01 -2.644923627376556396e-01 1.668371707201004028e-01
4.328462183475494385e-01 -1.678347736597061157e-01 2.893837392330169678e-01
4.425086081027984619e-01 -7.793485373258590698e-02 3.770066797733306885e-01
3.184456527233123779e-01 1.104912161827087402e-01 3.678607344627380371e-01
1.345734447240829468e-01 3.411433398723602295e-01 4.105460643768310547e-01
3.609052300453186035e-02 4.252156019210815430e-01 3.068469762802124023e-01
3.209517151117324829e-02 4.376465678215026855e-01 6.472663581371307373e-02
3.147396072745323181e-02 4.434913396835327148e-01 -1.568022221326828003e-01
1.165835186839103699e-02 3.374946415424346924e-01 -3.473711013793945312e-01
-3.893920779228210449e-02 2.979080080986022949e-01 -4.366475343704223633e-01
-7.901824265718460083e-02 2.415433973073959351e-01 -4.831642508506774902e-01
-5.521633476018905640e-02 2.021557241678237915e-01 -5.337126255035400391e-01
7.067003287374973297e-03 1.485033631324768066e-01 -5.604172945022583008e-01
4.476165026426315308e-02 1.324312388896942139e-01 -5.856202244758605957e-01
5.253190547227859497e-02 8.108336478471755981e-02 -6.002219915390014648e-01
9.240392595529556274e-02 2.213370427489280701e-02 -5.902416110038757324e-01
1.055461540818214417e-01 5.991579964756965637e-02 -5.757163763046264648e-01
1.279153078794479370e-01 2.537714876234531403e-02 -5.711272358894348145e-01
1.651669293642044067e-01 -1.422596164047718048e-02 -5.902054905891418457e-01
1.852214485406875610e-01 6.953281816095113754e-03 -5.847323536872863770e-01
1.520171165466308594e-01 7.359118014574050903e-02 -6.208982467651367188e-01
1.689508110284805298e-01 6.743673235177993774e-02 -6.518018245697021484e-01
1.900278478860855103e-01 5.900428071618080139e-02 -6.845585703849792480e-01
2.489458024501800537e-01 1.953558474779129028e-01 -6.225677132606506348e-01
4.490560889244079590e-01 1.740265041589736938e-01 -5.367750525474548340e-01
