1.445136666297912598e-01 -2.022244781255722046e-01 1.158364862203598022e-01
1.917781084775924683e-01 -1.274491548538208008e-01 1.752901822328567505e-02
2.726698517799377441e-01 5.893512815237045288e-02 -1.180725172162055969e-01
2.993639111518859863e-01 1.732177883386611938e-01 -2.192473858594894409e-01
3.798722624778747559e-01 7.358963787555694580e-02 -2.516734600067138672e-01
4.932951629161834717e-01 -1.473320368677377701e-02 -6.585319340229034424e-02
4.447740912437438965e-01 -3.199404804036021233e-03 -3.261247649788856506e-03
3.503024876117706299e-01 5.514140427112579346e-02 1.284841895103454590e-01
1.359513849020004272e-01 1.238517314195632935e-01 2.509213685989379883e-01
-1.520681977272033691e-01 1.617279499769210815e-01 3.399971127510070801e-01
-3.321360945701599121e-01 1.399154216051101685e-01 1.786847114562988281e-01
-1.653972119092941284e-01 3.699021935462951660e-01 -2.665373682975769043e-01
6.651578843593597412e-02 4.087309837341308594e-01 -5.020904541015625000e-01
1.226267218589782715e-01 4.203507900238037109e-01 -5.272115468978881836e-01
3.012499585747718811e-02 3.522463738918304443e-01 -4.046383202075958252e-01
-1.292580515146255493e-01 8.555770665407180786e-02 -1.089789941906929016e-01
-8.843473345041275024e-02 -5.465134512633085251e-03 -5.591439083218574524e-02
-1.574126929044723511e-01 -1.131760999560356140e-01 4.426645487546920776e-02
-1.952800601720809937e-01 -1.763769686222076416e-01 1.926713883876800537e-01
-4.109801352024078369e-01 -4.477415978908538818e-01 4.584299325942993164e-01
-2.320044487714767456e-01 -5.278161764144897461e-01 5.529876947402954102e-01
3.716757893562316895e-02 -4.553387463092803955e-01 4.397528469562530518e-01
1.215186640620231628e-01 -3.381238281726837158e-01 2.639748454093933105e-01
4.587605223059654236e-02 -1.664379984140396118e-01 -8.404364436864852905e-02
-3.312585353851318359e-01 -2.641956508159637451e-01 -3.475171700119972229e-02
-4.303645491600036621e-01 -2.426636815071105957e-01 -1.228425353765487671e-01
-1.998989582061767578e-01 -1.799515932798385620e-01 -2.154332250356674194e-01
5.127678811550140381e-02 -1.299029886722564697e-01 -1.951087862253189087e-01
2.615999989211559296e-02 -7.521735131740570068e-02 -2.003383189439773560e-01
-8.834280818700790405e-02 -2.930572023615241051e-03 -1.140269637107849121e-01
-7.083117216825485229e-02 1.127945780754089355e-01 2.136906143277883530e-03
-5.217125173658132553e-03 2.374260276556015015e-01 9.983021765947341919e-02
-2.244482020614668727e-04 2.866124510765075684e-01 2.442010492086410522e-01
1.174655463546514511e-02 2.836541235446929932e-01 3.860170245170593262e-01
3.205699101090431213e-02 2.015964686870574951e-01 4.325886666774749756e-01
2.056871950626373291e-01 1.663836687803268433e-01 4.366953372955322266e-01
2.665711939334869385e-01 1.131022796034812927e-01 3.767525851726531982e-01
2.104627192020416260e-01 5.574855208396911621e-02 1.706943213939666748e-01
1.560702174901962280e-01 3.545363247394561768e-02 -8.348590135574340820e-02
1.391512453556060791e-01 -3.038536012172698975e-02 -1.995142698287963867e-01
5.664733797311782837e-02 -1.779852807521820068e-02 -1.137673556804656982e-01
5.325907841324806213e-02 -5.950913578271865845e-02 4.537535831332206726e-02
4.137963056564331055e-02 1.447675935924053192e-02 1.992341727018356323e-01
1.025676056742668152e-01 6.577286869287490845e-02 1.873502433300018311e-01
1.203932017087936401e-01 1.179182827472686768e-01 1.069027334451675415e-01
-7.423124462366104126e-02 8.854620903730392456e-02 -2.500032307580113411e-03
-9.423546493053436279e-02 3.919869288802146912e-02 -1.221786066889762878e-01
-1.067387014627456665e-01 6.321189552545547485e-02 -1.957690864801406860e-01
-5.379941686987876892e-02 9.452870488166809082e-02 -1.729601472616195679e-01
7.886988669633865356e-02 1.735805571079254150e-01 -9.048437327146530151e-02
3.363160789012908936e-02 1.367010772228240967e-01 4.767451807856559753e-02
5.044495314359664917e-02 6.250162422657012939e-02 1.338591426610946655e-01
-2.185489796102046967e-02 -1.006640214473009109e-02 7.602170854806900024e-02
-1.594031155109405518e-01 -4.533756151795387268e-02 1.805973052978515625e-02
-1.405527144670486450e-01 -6.329437345266342163e-02 -2.366968989372253418e-02
-3.757833689451217651e-02 -1.754306629300117493e-02 -6.019256543368101120e-03
8.433251827955245972e-02 2.730312757194042206e-02 -3.505981341004371643e-02
1.275499165058135986e-01 7.841340452432632446e-02 -6.936807930469512939e-02
1.114985272288322449e-01 7.470566034317016602e-02 -8.349663764238357544e-02
2.149587869644165039e-02 -6.631942465901374817e-03 1.098586339503526688e-02
9.743040055036544800e-02 -8.655517548322677612e-02 1.116395443677902222e-01
2.681878507137298584e-01 -2.822890691459178925e-02 1.312572956085205078e-01
3.584935069084167480e-01 3.852098062634468079e-02 6.304968893527984619e-02
4.398311078548431396e-01 1.488473266363143921e-01 4.798178002238273621e-02
3.711632192134857178e-01 1.870401501655578613e-01 -1.695726881735026836e-03
1.545186191797256470e-01 1.539904624223709106e-01 -2.023029606789350510e-03
2.499225549399852753e-02 1.159276664257049561e-01 5.660448595881462097e-02
-1.923342347145080566e-01 3.023083694279193878e-02 7.882736623287200928e-03
-3.342724740505218506e-01 4.070507362484931946e-02 -7.737375050783157349e-02
-2.428858429193496704e-01 -7.919519394636154175e-02 -2.472412139177322388e-01
-7.821895927190780640e-02 -2.944851219654083252e-01 -4.349115490913391113e-01
2.264613062143325806e-01 -4.445056319236755371e-01 -4.585377871990203857e-01
3.703664839267730713e-01 -5.339485406875610352e-01 -3.744536936283111572e-01
2.848381400108337402e-01 -5.092889666557312012e-01 -2.975305020809173584e-01
1.809672415256500244e-01 -3.683380782604217529e-01 -1.169373765587806702e-01
7.447674870491027832e-02 -1.929413378238677979e-01 -3.172755986452102661e-02
-4.599842801690101624e-02 -4.392556846141815186e-02 1.215565670281648636e-02
-1.053719893097877502e-01 -6.024410203099250793e-02 1.192634031176567078e-01
-1.505138427019119263e-01 -1.452744603157043457e-01 1.870365142822265625e-01
-2.295347899198532104e-01 -2.142455279827117920e-01 1.896127462387084961e-01
-1.340889036655426025e-01 -8.462877571582794189e-02 8.485230058431625366e-02
-1.101861596107482910e-01 1.694883555173873901e-01 -1.442922502756118774e-01
-1.666309535503387451e-01 2.690155506134033203e-01 -2.689848840236663818e-01
-1.151463240385055542e-01 3.847493231296539307e-01 -2.450385689735412598e-01
-1.388274133205413818e-01 3.483829498291015625e-01 -1.662118136882781982e-01
-1.723255366086959839e-01 3.069590032100677490e-01 4.289630055427551270e-02
-1.631790995597839355e-01 2.490828037261962891e-01 1.195819601416587830e-01
-1.981434077024459839e-01 1.252043843269348145e-01 1.311273872852325439e-01
