1.143223650662559057e-02
7.621491004417061538e-03
1.568667894180733324e-01
3.098741407331759845e-01
3.436793189743773125e-01
1.846034560419435033e-01
0.000000000000000000e+00
0.000000000000000000e+00
0.000000000000000000e+00
0.000000000000000000e+00
0.000000000000000000e+00
0.000000000000000000e+00
0.000000000000000000e+00
0.000000000000000000e+00
2.008692268857027174e-01
3.517380316215588665e-01
3.048929120970981232e-01
1.466955598581502207e-01
0.000000000000000000e+00
0.000000000000000000e+00
2.398510525091145096e-01
4.418310073923439885e-01
4.672729145495213010e-01
2.241829260645595845e-01
0.000000000000000000e+00
0.000000000000000000e+00
0.000000000000000000e+00
0.000000000000000000e+00
5.019516929395055616e-02
0.000000000000000000e+00
0.000000000000000000e+00
0.000000000000000000e+00
0.000000000000000000e+00
0.000000000000000000e+00
0.000000000000000000e+00
0.000000000000000000e+00
0.000000000000000000e+00
0.000000000000000000e+00
0.000000000000000000e+00
0.000000000000000000e+00
0.000000000000000000e+00
0.000000000000000000e+00
0.000000000000000000e+00
0.000000000000000000e+00
0.000000000000000000e+00
0.000000000000000000e+00
0.000000000000000000e+00
0.000000000000000000e+00
2.136647195673688215e-02
4.579558871784880636e-02
4.970180346601073273e-02
4.463642396795177575e-02
3.628097951882452987e-02
2.277842654727571178e-02
1.244811743497008238e-02
1.092058624077119934e-02
1.454354483808192877e-02
2.367546589759570927e-02
2.083028931894368233e-02
5.384724809004526151e-03
0.000000000000000000e+00
0.000000000000000000e+00
4.039677480308280326e-03
1.284929062079333099e-02
1.248956487445333427e-02
8.597904410947222395e-03
5.948219262630050769e-03
5.616116420507953101e-03
2.212736798153203555e-03
0.000000000000000000e+00
2.440747140568595014e-03
1.083188244036197359e-02
2.092652320270459165e-02
2.201853937920759952e-02
1.690812474944301813e-02
1.167887726375820175e-02
8.334967855673223666e-03
8.416129943258413709e-03
6.553460614652037268e-03
0.000000000000000000e+00
0.000000000000000000e+00
1.710194153575835332e-02
0.000000000000000000e+00
0.000000000000000000e+00
0.000000000000000000e+00
0.000000000000000000e+00
1.528140549476753318e-01
3.930233795190850588e-01
