4.987121559679508209e-03 -1.463232934474945068e-01 9.357303380966186523e-02
3.175999596714973450e-02 -2.049648314714431763e-01 1.554153859615325928e-01
3.729990450665354729e-03 -2.460960745811462402e-01 9.711571037769317627e-02
-1.297973096370697021e-01 -1.689139008522033691e-01 -1.863178424537181854e-02
-1.868890821933746338e-01 -5.763461440801620483e-02 -6.574861705303192139e-02
-2.148297578096389771e-01 3.709566220641136169e-02 -2.770253457129001617e-02
-3.930557146668434143e-02 2.193958610296249390e-01 1.057335957884788513e-01
1.660769432783126831e-01 3.638780415058135986e-01 1.724691092967987061e-01
3.200971186161041260e-01 3.871417343616485596e-01 1.343074589967727661e-01
4.429093599319458008e-01 9.120009094476699829e-02 1.836048066616058350e-01
4.280650913715362549e-01 -3.675050139427185059e-01 1.705536842346191406e-01
3.640470206737518311e-01 -5.516733527183532715e-01 1.197911649942398071e-01
1.277653872966766357e-01 -4.389486312866210938e-01 3.614246845245361328e-02
-1.357571929693222046e-01 3.735412284731864929e-02 -2.207536399364471436e-01
-2.380719184875488281e-01 3.028166592121124268e-01 -3.092598617076873779e-01
-3.028553724288940430e-01 3.463627696037292480e-01 -3.413615822792053223e-01
-3.123206496238708496e-01 2.871171236038208008e-01 -2.949296534061431885e-01
-3.332627415657043457e-01 4.259176254272460938e-01 -2.764980494976043701e-01
-3.417279124259948730e-01 5.266659259796142578e-01 -2.902474403381347656e-01
-2.537236809730529785e-01 3.906801640987396240e-01 -2.118927091360092163e-01
-6.819609552621841431e-02 8.531134575605392456e-02 -6.386432796716690063e-02
2.457627654075622559e-01 -2.746203243732452393e-01 1.819466203451156616e-01
3.989030122756958008e-01 -2.477858513593673706e-01 2.506274282932281494e-01
4.491672217845916748e-01 -7.308211922645568848e-02 1.716870069503784180e-01
3.269567489624023438e-01 -1.310224235057830811e-01 4.424481093883514404e-02
1.000447664409875870e-02 -3.077413439750671387e-01 -5.540501326322555542e-02
-1.584379971027374268e-01 -4.453591108322143555e-01 3.657594788819551468e-03
-2.163994610309600830e-01 -2.678337395191192627e-01 1.132488325238227844e-01
-2.208194732666015625e-01 3.749165683984756470e-02 2.287933230400085449e-01
-2.693662941455841064e-01 9.568504989147186279e-02 2.841320037841796875e-01
-3.491285145282745361e-01 4.047333821654319763e-02 2.546720802783966064e-01
-3.183520734310150146e-01 1.345274876803159714e-02 1.602993160486221313e-01
-1.097053214907646179e-01 9.229824692010879517e-02 4.385288804769515991e-02
6.657557934522628784e-02 1.147735044360160828e-01 -2.858134731650352478e-02
1.581090390682220459e-01 2.637709304690361023e-02 -1.157735288143157959e-01
2.114937901496887207e-01 -1.100589856505393982e-01 -1.923492550849914551e-01
2.410735189914703369e-01 -1.913930922746658325e-01 -1.991498172283172607e-01
2.753958404064178467e-01 -1.794856786727905273e-01 -2.064149975776672363e-01
2.641653716564178467e-01 -1.168953552842140198e-01 -1.517710685729980469e-01
1.214402094483375549e-01 -3.038178198039531708e-02 -1.066879555583000183e-01
-7.575383782386779785e-02 4.903047531843185425e-02 -3.159771114587783813e-02
-2.443762123584747314e-01 1.009719073772430420e-01 6.364230066537857056e-02
-3.027998507022857666e-01 5.821106955409049988e-02 1.403912603855133057e-01
-1.243046000599861145e-01 1.002238094806671143e-01 1.578536629676818848e-01
1.298633068799972534e-01 1.091640666127204895e-01 6.602204591035842896e-02
3.450543880462646484e-01 1.820069551467895508e-02 -2.043511345982551575e-02
3.359000086784362793e-01 -8.761709928512573242e-02 -5.847637727856636047e-02
1.175702437758445740e-01 -1.970940381288528442e-01 2.520673535764217377e-02
-1.059877872467041016e-01 -1.061515063047409058e-01 7.197346538305282593e-02
-2.266668826341629028e-01 3.163747116923332214e-02 3.234695270657539368e-02
-1.657717376947402954e-01 1.190077960491180420e-01 -5.954491719603538513e-02
-5.356108769774436951e-02 1.753237843513488770e-01 -1.377717256546020508e-01
2.401437424123287201e-02 1.385712325572967529e-01 -1.085794717073440552e-01
1.874124445021152496e-02 8.148931711912155151e-02 -3.861811012029647827e-02
-4.020242020487785339e-02 -3.404206410050392151e-02 3.430886194109916687e-02
-3.024931624531745911e-02 -1.413499563932418823e-01 7.362637668848037720e-02
-1.981246285140514374e-02 -1.769042313098907471e-01 5.380578711628913879e-02
-4.180605337023735046e-02 -3.917135298252105713e-02 -7.889864966273307800e-03
-1.007976531982421875e-01 8.771795034408569336e-02 -8.140289038419723511e-02
-1.952369958162307739e-01 4.065470770001411438e-02 -8.670709282159805298e-02
-1.943068951368331909e-01 -1.011778935790061951e-01 -3.160877525806427002e-02
-1.427821218967437744e-01 -2.674326002597808838e-01 8.106566220521926880e-02
-6.433015316724777222e-02 -2.188177406787872314e-01 1.638167053461074829e-01
6.416253000497817993e-02 5.758495628833770752e-02 1.542139947414398193e-01
1.325588375329971313e-01 3.235363960266113281e-01 1.066354215145111084e-01
2.170352190732955933e-01 4.386669397354125977e-01 -2.627632021903991699e-02
2.947840392589569092e-01 3.774922788143157959e-01 -7.530409097671508789e-02
3.723514974117279053e-01 1.070855706930160522e-01 -1.423677355051040649e-01
3.286107480525970459e-01 -2.228661179542541504e-01 -2.777231335639953613e-01
4.984276369214057922e-02 -4.776123464107513428e-01 -3.861465752124786377e-01
-1.867702305316925049e-01 -5.289812088012695312e-01 -4.580559134483337402e-01
-3.217947781085968018e-01 -3.737287819385528564e-01 -3.900428116321563721e-01
-3.208311796188354492e-01 -1.608654297888278961e-02 -1.020993739366531372e-01
-1.670374423265457153e-01 2.863114178180694580e-01 2.193671464920043945e-01
-2.003422752022743225e-02 3.439223170280456543e-01 3.675481379032135010e-01
3.820191696286201477e-02 2.840152382850646973e-01 3.507869243621826172e-01
3.208260983228683472e-02 2.712893486022949219e-01 2.024815380573272705e-01
-9.412991814315319061e-03 3.115118145942687988e-01 -2.650117268785834312e-03
-1.603710465133190155e-02 2.032831907272338867e-01 -5.074127390980720520e-02
1.269970536231994629e-01 -8.934716135263442993e-02 1.049018949270248413e-01
2.620202600955963135e-01 -2.858731448650360107e-01 2.471013516187667847e-01
2.788353264331817627e-01 -3.240408003330230713e-01 3.344123959541320801e-01
1.861933320760726929e-01 -1.540025025606155396e-01 2.618256509304046631e-01
-1.777878496795892715e-03 1.073248311877250671e-01 1.178601086139678955e-01
-7.380516082048416138e-02 2.018478959798812866e-01 -4.265021998435258865e-03
-8.573661744594573975e-02 2.269831746816635132e-01 -1.563106626272201538e-01
-6.307821720838546753e-02 1.518144160509109497e-01 -1.630375981330871582e-01
-3.586771711707115173e-02 6.077615171670913696e-02 -1.377283483743667603e-01
