-5.824770927429199219e-01 -8.339776843786239624e-02 2.334229797124862671e-01
-6.289638280868530273e-01 -2.480446398258209229e-01 2.047058939933776855e-01
-5.346101522445678711e-01 8.950060233473777771e-03 2.976361811161041260e-01
-5.719191431999206543e-01 1.003065109252929688e-01 1.847441345453262329e-01
-4.384238123893737793e-01 2.144664227962493896e-01 2.982136607170104980e-02
-5.013207793235778809e-01 4.379993975162506104e-01 3.665994852781295776e-02
-4.454038739204406738e-01 4.750145673751831055e-01 1.258458755910396576e-02
-4.044747948646545410e-01 4.916803836822509766e-01 -7.765933126211166382e-02
-3.928876221179962158e-01 5.075707435607910156e-01 -4.971660301089286804e-02
-3.716112077236175537e-01 4.665724635124206543e-01 4.280802980065345764e-02
-3.690937161445617676e-01 4.436936378479003906e-01 1.363151073455810547e-01
-2.717112600803375244e-01 4.712889790534973145e-01 1.796149015426635742e-01
-2.865890860557556152e-01 2.484387457370758057e-01 1.505798548460006714e-01
-6.555537879467010498e-02 3.841046690940856934e-01 -1.809684745967388153e-02
-1.015087142586708069e-01 4.234486222267150879e-01 -9.100414812564849854e-02
-4.789377003908157349e-02 3.182251155376434326e-01 -9.954510629177093506e-02
-1.038004755973815918e-01 2.681230306625366211e-01 -1.312622427940368652e-01
-8.236123621463775635e-02 1.668540090322494507e-01 -2.251889556646347046e-01
-1.757754087448120117e-01 9.524750709533691406e-02 -2.738888561725616455e-01
-1.535974442958831787e-01 -6.912454217672348022e-02 -2.631779015064239502e-01
-3.252373635768890381e-01 -1.330661922693252563e-01 -1.468895375728607178e-01
-4.009297788143157959e-01 -2.956323623657226562e-01 1.633383333683013916e-01
-4.106054902076721191e-01 1.288237124681472778e-01 1.465038955211639404e-01
-3.514462113380432129e-01 3.722389042377471924e-01 1.313880383968353271e-01
-4.167318940162658691e-01 4.184373319149017334e-01 1.767574995756149292e-01
-5.229470133781433105e-01 4.186093807220458984e-01 2.441982328891754150e-01
-5.677334666252136230e-01 4.129597842693328857e-01 3.071980774402618408e-01
-5.533288121223449707e-01 4.205564856529235840e-01 1.905230730772018433e-01
-5.557428002357482910e-01 3.801771700382232666e-01 4.385419562458992004e-02
-5.826541185379028320e-01 3.919864892959594727e-01 7.704394310712814331e-02
-5.903012156486511230e-01 4.239415526390075684e-01 1.458309888839721680e-01
-5.733998417854309082e-01 4.382337927818298340e-01 1.857201606035232544e-01
-5.075924992561340332e-01 4.388373494148254395e-01 1.972656250000000000e-01
-4.381931722164154053e-01 4.296195507049560547e-01 2.393886893987655640e-01
-3.866944909095764160e-01 4.039493501186370850e-01 3.033459782600402832e-01
-2.962388992309570312e-01 3.326683044433593750e-01 3.630472123622894287e-01
-1.969791799783706665e-01 2.267602235078811646e-01 3.960294723510742188e-01
6.574207451194524765e-03 1.201239377260208130e-01 4.024146199226379395e-01
1.744820363819599152e-02 2.268212661147117615e-02 3.843669593334197998e-01
-1.791363582015037537e-02 -5.468915030360221863e-02 3.407250642776489258e-01
-3.886880725622177124e-02 -8.760999143123626709e-02 2.560165226459503174e-01
8.953025192022323608e-02 -2.519198358058929443e-01 1.538464725017547607e-01
1.749672144651412964e-01 -3.706210255622863770e-01 1.099650841206312180e-02
2.554426789283752441e-01 -4.333880543708801270e-01 -1.224096789956092834e-01
3.611215054988861084e-01 -4.575835466384887695e-01 -7.138185948133468628e-02
2.698125839233398438e-01 -3.952903747558593750e-01 1.988787390291690826e-02
2.770229578018188477e-01 -3.618636429309844971e-01 8.708874136209487915e-02
2.026975899934768677e-01 -3.745925128459930420e-01 4.871458187699317932e-02
2.239749580621719360e-01 -4.134801328182220459e-01 2.719665318727493286e-02
2.418594807386398315e-01 -4.473048150539398193e-01 -3.239772841334342957e-02
2.811450064182281494e-01 -4.554884731769561768e-01 -1.275975257158279419e-02
3.370954692363739014e-01 -4.769939780235290527e-01 -5.757583677768707275e-02
3.035950064659118652e-01 -4.898481965065002441e-01 -2.813806943595409393e-02
3.269825875759124756e-01 -5.339330434799194336e-01 -5.615388229489326477e-02
3.073121905326843262e-01 -5.161772370338439941e-01 -4.375343397259712219e-02
2.660773098468780518e-01 -5.092799067497253418e-01 -3.922063112258911133e-02
2.624006867408752441e-01 -4.599686861038208008e-01 3.992124274373054504e-02
3.212540447711944580e-01 -4.968468248844146729e-01 -5.562868714332580566e-02
3.239735066890716553e-01 -4.766264855861663818e-01 -4.264736920595169067e-02
2.782051265239715576e-01 -4.698355793952941895e-01 1.550014968961477280e-02
3.458733260631561279e-01 -4.706356525421142578e-01 -2.861282788217067719e-02
3.514728248119354248e-01 -4.493495225906372070e-01 1.116006541997194290e-02
3.722755908966064453e-01 -4.724952280521392822e-01 -2.313183853402733803e-03
4.699748456478118896e-01 -4.369274079799652100e-01 -5.613432452082633972e-02
4.735653400421142578e-01 -3.917761445045471191e-01 -8.715780079364776611e-02
4.939059615135192871e-01 -3.445537090301513672e-01 2.983478643000125885e-02
4.961486756801605225e-01 -2.462095171213150024e-01 1.055927500128746033e-01
4.709150493144989014e-01 -6.747791171073913574e-02 2.113952487707138062e-01
4.361341297626495361e-01 6.285843253135681152e-02 2.812465131282806396e-01
2.249663025140762329e-01 2.030512541532516479e-01 2.998561859130859375e-01
1.577429175376892090e-01 3.981558084487915039e-01 2.872060537338256836e-01
1.551119387149810791e-01 3.965767920017242432e-01 1.438450366258621216e-01
6.814563274383544922e-02 3.058364689350128174e-01 -1.030523627996444702e-01
4.004491865634918213e-02 2.300928831100463867e-01 -3.299131393432617188e-01
3.533095866441726685e-02 1.760197132825851440e-01 -4.121997356414794922e-01
-9.867294691503047943e-03 1.805717498064041138e-01 -5.006323456764221191e-01
2.669041231274604797e-02 1.499541401863098145e-01 -5.405040979385375977e-01
1.261531114578247070e-01 9.096155315637588501e-02 -5.795790553092956543e-01
1.193782985210418701e-01 5.822899192571640015e-02 -5.769975185394287109e-01
8.347245305776596069e-02 8.287280052900314331e-02 -5.570428371429443359e-01
1.094845607876777649e-01 1.716051064431667328e-02 -5.245916843414306641e-01
9.223512560129165649e-02 3.793650493025779724e-02 -5.487266182899475098e-01
1.723846197128295898e-01 6.292074173688888550e-02 -5.937998294830322266e-01
2.359252274036407471e-01 1.018322929739952087e-01 -6.397829651832580566e-01
2.869868576526641846e-01 1.668877899646759033e-01 -6.536083817481994629e-01
3.198514580726623535e-01 1.729697138071060181e-01 -6.450691819190979004e-01
2.832810282707214355e-01 7.841958850622177124e-02 -6.335211992263793945e-01
3.671255409717559814e-01 -1.296985428780317307e-02 -5.721625089645385742e-01
