-9.746058285236358643e-02 -1.020503789186477661e-01 -1.287031620740890503e-01
-1.409720927476882935e-01 -2.037082761526107788e-01 -1.241255477070808411e-01
-1.327224671840667725e-01 -2.691996395587921143e-01 -6.511581689119338989e-02
1.611119951121509075e-03 -1.467853784561157227e-01 6.856640428304672241e-02
2.126727104187011719e-01 1.690441220998764038e-01 9.237981587648391724e-02
3.905842602252960205e-01 3.713517785072326660e-01 7.320389896631240845e-02
4.006483256816864014e-01 3.639246523380279541e-01 1.010969746857881546e-02
1.989883929491043091e-01 1.514304578304290771e-01 -6.413626670837402344e-02
-1.279982626438140869e-01 -1.544463932514190674e-01 -3.665805235505104065e-02
-2.539455592632293701e-01 -3.338212370872497559e-01 2.096716314554214478e-01
-8.593653142452239990e-02 -3.212773799896240234e-01 4.387421905994415283e-01
1.438592225313186646e-01 -1.679214090108871460e-01 4.616121351718902588e-01
1.739951074123382568e-01 4.531622678041458130e-02 3.018226921558380127e-01
-1.992941349744796753e-01 2.901942729949951172e-01 4.357291385531425476e-02
-4.816978573799133301e-01 3.343222439289093018e-01 7.449851185083389282e-02
-5.205133557319641113e-01 2.415669560432434082e-01 2.031498402357101440e-01
-2.622027099132537842e-01 1.898405551910400391e-01 1.272073388099670410e-01
3.186069130897521973e-01 3.832791000604629517e-02 -3.347439169883728027e-01
4.583640992641448975e-01 -5.933546647429466248e-02 -5.340592861175537109e-01
4.130532443523406982e-01 -1.388101130723953247e-01 -5.093066096305847168e-01
1.286408305168151855e-01 -2.594186067581176758e-01 -3.052075803279876709e-01
1.025128178298473358e-02 -2.340571284294128418e-01 7.804991304874420166e-02
6.767708063125610352e-02 -1.003150865435600281e-01 2.118502110242843628e-01
4.130735248327255249e-02 1.450254768133163452e-01 1.920026242733001709e-01
6.137265358120203018e-03 2.926450073719024658e-01 9.256414324045181274e-02
-2.611024379730224609e-01 2.754510939121246338e-01 -1.636055707931518555e-01
-2.994880378246307373e-01 1.254408359527587891e-01 -2.511248886585235596e-01
-2.149777710437774658e-01 -7.310801744461059570e-02 -2.304209768772125244e-01
-5.766427144408226013e-02 -1.623369306325912476e-01 -7.085544615983963013e-02
2.257042974233627319e-01 -2.330169230699539185e-01 2.146593183279037476e-01
2.400996685028076172e-01 -1.672900170087814331e-01 2.966287732124328613e-01
1.571204960346221924e-01 -5.331145972013473511e-02 2.661848962306976318e-01
3.527640551328659058e-02 1.404748409986495972e-01 6.408090889453887939e-02
-1.407121121883392334e-01 2.649157047271728516e-01 -1.915351450443267822e-01
-2.384702861309051514e-01 2.295952886343002319e-01 -3.145558834075927734e-01
-2.415381819009780884e-01 1.475059390068054199e-01 -2.994695007801055908e-01
-1.980349123477935791e-01 1.647912412881851196e-01 -1.369871795177459717e-01
1.010718056932091713e-03 2.393952012062072754e-01 6.063295528292655945e-02
1.275630444288253784e-01 1.885540038347244263e-01 2.084661573171615601e-01
3.159206360578536987e-02 4.639259725809097290e-02 1.740988194942474365e-01
-2.143541350960731506e-02 -2.035987377166748047e-01 3.688545152544975281e-02
-6.950473040342330933e-02 -2.493589967489242554e-01 -5.024321377277374268e-02
1.006226390600204468e-01 -2.029446661472320557e-01 -5.515749752521514893e-02
2.078137844800949097e-01 -1.657285839319229126e-01 7.688862085342407227e-02
1.709448993206024170e-01 -1.158836409449577332e-01 1.455264687538146973e-01
1.303910762071609497e-01 -7.152782380580902100e-02 1.019861772656440735e-01
3.829082846641540527e-02 7.749525457620620728e-02 3.647161647677421570e-02
7.872283458709716797e-03 1.742597669363021851e-01 -2.289272844791412354e-02
-2.298285253345966339e-02 1.281924247741699219e-01 -2.438228763639926910e-02
-6.730692833662033081e-02 -3.245234489440917969e-02 1.524008344858884811e-02
-1.056458875536918640e-01 -1.918452531099319458e-01 4.782435297966003418e-02
-1.706605404615402222e-01 -3.204726278781890869e-01 1.394254416227340698e-01
-2.544456422328948975e-01 -3.900453746318817139e-01 1.864197701215744019e-01
-2.644667625427246094e-01 -2.813999652862548828e-01 1.393041312694549561e-01
-1.038371399044990540e-01 -5.436287820339202881e-02 -3.414767235517501831e-02
1.727801114320755005e-01 2.269502729177474976e-01 -3.231015205383300781e-01
3.915998339653015137e-01 3.860380053520202637e-01 -4.754532873630523682e-01
4.287718832492828369e-01 3.795449137687683105e-01 -5.177291631698608398e-01
3.129500150680541992e-01 2.821331918239593506e-01 -4.219156801700592041e-01
3.294590278528630733e-04 2.122392877936363220e-02 -9.176422655582427979e-02
-3.234547078609466553e-01 -2.688392996788024902e-01 2.042466551065444946e-01
-3.321184515953063965e-01 -3.195353150367736816e-01 3.270437717437744141e-01
-1.997038573026657104e-01 -2.542110085487365723e-01 2.336487919092178345e-01
5.337052047252655029e-02 -9.065618366003036499e-02 4.833302274346351624e-02
1.502621620893478394e-01 7.459217309951782227e-02 1.721668615937232971e-02
2.165885269641876221e-02 1.571240723133087158e-01 1.052415966987609863e-01
-5.464905127882957458e-02 3.352247178554534912e-01 2.043282538652420044e-01
-1.222202256321907043e-01 3.919110298156738281e-01 2.182487547397613525e-01
-1.701784729957580566e-01 3.111154139041900635e-01 1.189961209893226624e-01
-2.132488489151000977e-01 8.671014755964279175e-02 1.140875443816184998e-01
-2.225025892257690430e-01 -1.723963618278503418e-01 1.897214353084564209e-01
-1.218572556972503662e-01 -2.015220522880554199e-01 1.216389015316963196e-01
5.640455335378646851e-02 -1.360837668180465698e-01 -1.040475517511367798e-01
1.847320348024368286e-01 3.584841266274452209e-03 -4.330443739891052246e-01
2.245148867368698120e-01 3.442457318305969238e-02 -5.432218313217163086e-01
2.299491316080093384e-01 -6.509497016668319702e-02 -3.926000893115997314e-01
1.921777874231338501e-01 -1.899703294038772583e-01 -5.374243110418319702e-02
1.652589589357376099e-01 -2.083646208047866821e-01 2.219118177890777588e-01
1.683866381645202637e-01 2.072458900511264801e-02 2.513630390167236328e-01
1.484952121973037720e-01 2.933702170848846436e-01 1.962523013353347778e-01
1.308071166276931763e-01 3.547405898571014404e-01 1.537055522203445435e-01
2.973557077348232269e-02 1.219950541853904724e-01 1.140582710504531860e-01
-1.007783487439155579e-01 -2.760696113109588623e-01 -3.973749652504920959e-02
-1.634671092033386230e-01 -4.153667986392974854e-01 -1.721872240304946899e-01
-1.849772781133651733e-01 -3.838623762130737305e-01 -1.258722245693206787e-01
-2.050952017307281494e-01 -2.086054533720016479e-01 3.422901779413223267e-02
-2.515022456645965576e-01 7.701701833866536617e-04 1.877588033676147461e-01
-2.398196607828140259e-01 8.450751751661300659e-02 1.789123862981796265e-01
-1.727994084358215332e-01 1.423343867063522339e-01 8.306093513965606689e-02
-6.845649331808090210e-02 1.145083308219909668e-01 -7.558559533208608627e-03
2.435242757201194763e-02 1.612606346607208252e-01 -4.763198271393775940e-02
4.897229745984077454e-02 2.473903298377990723e-01 -5.275349691510200500e-02
8.101516216993331909e-02 2.169845253229141235e-01 -6.633896380662918091e-02
1.100901886820793152e-01 1.393603235483169556e-01 -6.238751858472824097e-02
1.241924613714218140e-01 -5.801529437303543091e-02 -3.984054177999496460e-02
9.665106236934661865e-02 -1.812740415334701538e-01 -2.329972758889198303e-02
4.488547146320343018e-02 -9.841030091047286987e-02 -2.298021689057350159e-02
1.293141581118106842e-02 -3.185065090656280518e-02 8.698861114680767059e-03
5.091118626296520233e-03 5.561119876801967621e-03 4.258256405591964722e-02
2.077930234372615814e-02 7.056317408569157124e-04 7.429615408182144165e-02
-9.850419126451015472e-03 -5.205542221665382385e-02 4.705103859305381775e-02
-6.017039343714714050e-02 2.097778953611850739e-02 -2.866244129836559296e-02
-5.186056345701217651e-02 9.134579449892044067e-02 -4.826357588171958923e-02
-1.800419529899954796e-03 1.252457350492477417e-01 -2.661974541842937469e-02
3.322229161858558655e-02 1.322507262229919434e-01 2.504311315715312958e-02
-4.020428750663995743e-03 7.410795241594314575e-02 4.740228131413459778e-02
-1.533335000276565552e-01 -6.747982650995254517e-02 5.947814509272575378e-02
-2.369043529033660889e-01 -1.003382951021194458e-01 7.024873048067092896e-02
-1.607310175895690918e-01 -4.748019948601722717e-02 1.344435065984725952e-01
2.020161040127277374e-02 -1.077354028820991516e-01 2.737275362014770508e-01
1.517989784479141235e-01 -2.067670822143554688e-01 3.882509469985961914e-01
8.487868309020996094e-02 -4.294046163558959961e-01 4.175174832344055176e-01
-4.126605764031410217e-02 -3.463699817657470703e-01 3.057615160942077637e-01
-6.692565977573394775e-02 -4.745869711041450500e-02 -1.374066621065139771e-01
-1.291689695790410042e-03 2.357473373413085938e-01 -4.337474703788757324e-01
6.624690443277359009e-02 4.135105013847351074e-01 -5.040826201438903809e-01
3.946640342473983765e-02 3.334447741508483887e-01 -4.756146073341369629e-01
-2.945583313703536987e-02 2.500799596309661865e-01 -4.084907472133636475e-01
-7.076968252658843994e-02 2.332447171211242676e-01 -3.740942776203155518e-01
-1.520572043955326080e-02 8.945195376873016357e-02 -2.874587774276733398e-01
1.045010089874267578e-01 -9.376849979162216187e-02 -8.486699312925338745e-02
2.118989825248718262e-01 -1.317518651485443115e-01 2.290099710226058960e-01
2.526994049549102783e-01 -9.227303415536880493e-02 3.554009497165679932e-01
2.075604945421218872e-01 2.259392524138092995e-03 3.492285609245300293e-01
6.674049049615859985e-02 5.943169817328453064e-02 2.489805966615676880e-01
-1.839717030525207520e-01 -6.611189991235733032e-02 1.021226122975349426e-01
-2.432611733675003052e-01 -8.836800605058670044e-02 8.771356940269470215e-02
-1.456538140773773193e-01 -7.776325941085815430e-02 2.880712598562240601e-02
1.182375252246856689e-01 3.688266128301620483e-02 1.971721090376377106e-02
2.978549599647521973e-01 1.962624192237854004e-01 2.960796467959880829e-02
1.343822628259658813e-01 1.213485375046730042e-03 -4.360080137848854065e-02
-1.538445651531219482e-01 -2.254688441753387451e-01 -1.835820078849792480e-02
-3.914962410926818848e-01 -4.302943050861358643e-01 -1.152127832174301147e-01
-3.766191601753234863e-01 -3.839454948902130127e-01 -1.274155974388122559e-01
-1.745066791772842407e-01 2.791955135762691498e-02 2.198648639023303986e-02
1.447861790657043457e-01 3.185613453388214111e-01 2.796420268714427948e-02
3.266092538833618164e-01 4.259716272354125977e-01 5.367111042141914368e-02
2.493477165699005127e-01 3.041242063045501709e-01 -6.385504454374313354e-02
7.350154966115951538e-02 -2.984320744872093201e-02 -1.691112071275711060e-01
-9.218695014715194702e-02 -2.643477320671081543e-01 -9.567825496196746826e-02
-2.667796052992343903e-02 -2.292122095823287964e-01 -1.638493267819285393e-03
1.887102127075195312e-01 -5.512301623821258545e-02 9.649253636598587036e-02
2.547590136528015137e-01 1.789420396089553833e-01 7.666524499654769897e-02
5.788534507155418396e-02 1.639424562454223633e-01 1.620836369693279266e-02
-1.320709884166717529e-01 3.361286967992782593e-02 -2.062113769352436066e-02
-2.025065720081329346e-01 -3.907430917024612427e-02 -2.341094799339771271e-02
