4.468016997264656065e-01
4.997730275879926354e-01
2.812583296095763075e-01
0.000000000000000000e+00
0.000000000000000000e+00
0.000000000000000000e+00
0.000000000000000000e+00
3.127002304403210791e-03
0.000000000000000000e+00
0.000000000000000000e+00
0.000000000000000000e+00
0.000000000000000000e+00
0.000000000000000000e+00
0.000000000000000000e+00
0.000000000000000000e+00
3.030290565623112164e-01
5.316162847687498916e-01
4.694480038382842224e-01
2.520938632390797296e-01
0.000000000000000000e+00
0.000000000000000000e+00
0.000000000000000000e+00
0.000000000000000000e+00
0.000000000000000000e+00
0.000000000000000000e+00
0.000000000000000000e+00
0.000000000000000000e+00
0.000000000000000000e+00
0.000000000000000000e+00
0.000000000000000000e+00
0.000000000000000000e+00
0.000000000000000000e+00
0.000000000000000000e+00
0.000000000000000000e+00
0.000000000000000000e+00
0.000000000000000000e+00
0.000000000000000000e+00
0.000000000000000000e+00
2.280453936450795027e-01
4.362541869589330323e-01
4.666523949781892222e-01
2.126646547214309235e-01
0.000000000000000000e+00
0.000000000000000000e+00
0.000000000000000000e+00
0.000000000000000000e+00
4.396572031602766911e-02
2.228514794037858224e-02
9.490696096488527092e-03
0.000000000000000000e+00
0.000000000000000000e+00
0.000000000000000000e+00
0.000000000000000000e+00
0.000000000000000000e+00
0.000000000000000000e+00
9.831032605039941724e-04
7.127590220748783456e-03
1.773535237719905608e-02
2.631334422410161120e-02
2.663056424897379537e-02
1.802310622648462674e-02
6.005802595009766473e-03
0.000000000000000000e+00
0.000000000000000000e+00
1.276543921772540016e-03
4.678222733794958066e-03
6.410386123601940003e-03
5.313436143451124617e-03
7.680103545100443272e-04
0.000000000000000000e+00
0.000000000000000000e+00
0.000000000000000000e+00
1.791051694353649332e-02
7.992870645006823482e-02
1.370330034191579172e-01
5.098091168643816701e-02
0.000000000000000000e+00
0.000000000000000000e+00
0.000000000000000000e+00
3.047555563990799604e-02
9.313843802975148647e-03
0.000000000000000000e+00
0.000000000000000000e+00
0.000000000000000000e+00
0.000000000000000000e+00
0.000000000000000000e+00
0.000000000000000000e+00
0.000000000000000000e+00
0.000000000000000000e+00
0.000000000000000000e+00
0.000000000000000000e+00
0.000000000000000000e+00
0.000000000000000000e+00
0.000000000000000000e+00
0.000000000000000000e+00
0.000000000000000000e+00
0.000000000000000000e+00
0.000000000000000000e+00
0.000000000000000000e+00
0.000000000000000000e+00
0.000000000000000000e+00
0.000000000000000000e+00
0.000000000000000000e+00
0.000000000000000000e+00
0.000000000000000000e+00
0.000000000000000000e+00
0.000000000000000000e+00
0.000000000000000000e+00
0.000000000000000000e+00
0.000000000000000000e+00
6.425923098671980360e-03
2.587203191443536443e-02
2.928843073109468897e-02
2.269905539843363601e-02
4.724202760129665203e-03
8.795340870533896287e-04
9.241572447007521257e-03
2.040767138609262191e-02
2.915355501805685576e-02
2.030778584801136086e-02
1.299293495598896099e-02
9.756045767276767811e-03
7.655882261547205039e-03
6.965222435057072045e-03
3.500994505958151138e-03
2.480394919204473737e-03
3.073561971550961471e-03
2.463084449599867685e-03
2.308197322002320320e-03
0.000000000000000000e+00
0.000000000000000000e+00
0.000000000000000000e+00
0.000000000000000000e+00
0.000000000000000000e+00
0.000000000000000000e+00
0.000000000000000000e+00
0.000000000000000000e+00
0.000000000000000000e+00
1.632939714071280149e-02
0.000000000000000000e+00
0.000000000000000000e+00
0.000000000000000000e+00
0.000000000000000000e+00
8.237187397457128302e-02
1.675036746806756738e-01
1.642127840370699587e-01
