-3.452451229095458984e-01 -2.119974233210086823e-02 5.340718477964401245e-02
-3.854275345802307129e-01 1.591373533010482788e-01 -3.456147015094757080e-02
-4.257524609565734863e-01 4.158782660961151123e-01 3.088289126753807068e-02
-3.988623917102813721e-01 4.673061966896057129e-01 4.915411025285720825e-02
-3.977175951004028320e-01 4.905001223087310791e-01 5.581943318247795105e-02
-3.952864408493041992e-01 5.285078883171081543e-01 5.457583814859390259e-02
-3.806005120277404785e-01 4.840843379497528076e-01 1.112853512167930603e-01
-3.471235036849975586e-01 4.489420056343078613e-01 1.735782027244567871e-01
-3.635578453540802002e-01 4.457514286041259766e-01 2.422932088375091553e-01
-3.288509845733642578e-01 4.856710731983184814e-01 2.730276882648468018e-01
-2.465591877698898315e-01 4.986533820629119873e-01 2.715242207050323486e-01
-9.599535912275314331e-02 4.264258742332458496e-01 1.681595146656036377e-01
3.519752249121665955e-02 3.650127947330474854e-01 3.508613631129264832e-02
1.261626482009887695e-01 2.927628159523010254e-01 4.180697724223136902e-02
-4.018230736255645752e-02 3.853020071983337402e-01 2.520345151424407959e-01
7.186085730791091919e-02 4.222017824649810791e-01 3.372345268726348877e-01
9.731972962617874146e-02 3.352240920066833496e-01 4.316830635070800781e-01
1.400342881679534912e-01 1.813032776117324829e-01 4.689824879169464111e-01
1.633010357618331909e-01 1.049177050590515137e-01 4.649050831794738770e-01
1.891877800226211548e-01 1.014626696705818176e-01 4.514039456844329834e-01
1.803352236747741699e-01 1.543490886688232422e-01 3.919611573219299316e-01
2.518610358238220215e-01 1.365771591663360596e-01 3.563002347946166992e-01
2.379934489727020264e-01 1.144246160984039307e-01 4.148731827735900879e-01
1.239373311400413513e-01 1.654430478811264038e-01 4.274592399597167969e-01
2.441450580954551697e-02 1.380339562892913818e-01 4.501625299453735352e-01
1.406866963952779770e-02 1.447318941354751587e-01 4.388984739780426025e-01
1.329447701573371887e-02 2.613418102264404297e-01 4.038552343845367432e-01
-2.212866209447383881e-02 3.688473999500274658e-01 3.420865535736083984e-01
1.350046098232269287e-01 3.628802597522735596e-01 2.216535508632659912e-01
1.839956790208816528e-01 4.170126914978027344e-01 1.661151200532913208e-01
2.512659132480621338e-01 3.827943503856658936e-01 7.142118364572525024e-02
2.504277825355529785e-01 3.712868392467498779e-01 -4.736307635903358459e-02
1.900239139795303345e-01 3.250297605991363525e-01 -1.059340015053749084e-01
1.380036622285842896e-01 3.940415084362030029e-01 -1.704800277948379517e-01
8.618883788585662842e-02 3.701754808425903320e-01 -1.856440454721450806e-01
-1.973296552896499634e-01 3.827850520610809326e-01 -1.550076156854629517e-01
-3.308570086956024170e-01 3.747849166393280029e-01 -2.957322597503662109e-01
-3.818576633930206299e-01 3.510519266128540039e-01 -3.776617944240570068e-01
-4.190106093883514404e-01 3.173723816871643066e-01 -4.189822673797607422e-01
-4.197806417942047119e-01 2.979239523410797119e-01 -4.805907309055328369e-01
-4.387212991714477539e-01 3.146718442440032959e-01 -4.940947890281677246e-01
-4.583185613155364990e-01 3.218012452125549316e-01 -4.847379028797149658e-01
-4.073821306228637695e-01 3.344856202602386475e-01 -4.337773919105529785e-01
-3.792006373405456543e-01 3.005756437778472900e-01 -3.403314948081970215e-01
-3.287121951580047607e-01 3.109269440174102783e-01 -2.962418496608734131e-01
-1.715683490037918091e-01 3.208034336566925049e-01 -2.675731182098388672e-01
-1.577559113502502441e-02 3.398796617984771729e-01 -2.647218108177185059e-01
-4.845864325761795044e-02 3.500387668609619141e-01 -2.774615585803985596e-01
-9.581863880157470703e-02 3.568620979785919189e-01 -3.323860466480255127e-01
-6.998900324106216431e-02 3.364495337009429932e-01 -3.472715020179748535e-01
-1.789044439792633057e-01 3.287206590175628662e-01 -3.045707941055297852e-01
-2.454682141542434692e-01 3.737235963344573975e-01 -3.457945585250854492e-01
-2.753522694110870361e-01 3.319927752017974854e-01 -3.908985555171966553e-01
-2.947666049003601074e-01 2.987440824508666992e-01 -4.418548047542572021e-01
-3.086433708667755127e-01 3.139045238494873047e-01 -4.200985431671142578e-01
-2.702727615833282471e-01 3.210563659667968750e-01 -4.308432638645172119e-01
-2.526637017726898193e-01 3.403415977954864502e-01 -4.606487154960632324e-01
-3.059252798557281494e-01 3.399684429168701172e-01 -3.885718584060668945e-01
-2.601896524429321289e-01 3.457826673984527588e-01 -3.097409307956695557e-01
-1.124978885054588318e-01 3.717827796936035156e-01 -1.293459981679916382e-01
-7.791167497634887695e-02 3.315424919128417969e-01 -6.294136866927146912e-03
-4.345788434147834778e-02 3.113260865211486816e-01 5.039181932806968689e-02
6.146770436316728592e-03 3.267168402671813965e-01 2.284955680370330811e-01
-8.558370172977447510e-02 4.461055397987365723e-01 3.126418590545654297e-01
-2.810375392436981201e-01 4.510088860988616943e-01 4.270897805690765381e-01
-3.362438380718231201e-01 3.691212236881256104e-01 4.221424162387847900e-01
-3.580138087272644043e-01 4.319567382335662842e-01 3.816375732421875000e-01
-3.444252014160156250e-01 4.386550784111022949e-01 3.983098566532135010e-01
-3.532727360725402832e-01 4.306259453296661377e-01 4.010992050170898438e-01
-4.128271937370300293e-01 4.067979753017425537e-01 3.623689413070678711e-01
-4.302836060523986816e-01 3.923875391483306885e-01 3.058342635631561279e-01
-3.587642014026641846e-01 4.239757359027862549e-01 3.523214161396026611e-01
-2.847168743610382080e-01 3.830007314682006836e-01 3.842850923538208008e-01
-2.034724056720733643e-01 4.204822480678558350e-01 3.880316019058227539e-01
-1.860385984182357788e-01 3.511785864830017090e-01 4.474794864654541016e-01
-1.223228052258491516e-01 3.223388195037841797e-01 4.660829007625579834e-01
-8.099142462015151978e-02 1.435627043247222900e-01 5.075532197952270508e-01
9.478418156504631042e-03 1.314966827630996704e-01 4.915693104267120361e-01
1.895939558744430542e-01 -3.292959183454513550e-03 4.503305554389953613e-01
2.442841976881027222e-01 -1.406436264514923096e-01 4.030595123767852783e-01
2.864359617233276367e-01 -2.225500494241714478e-01 3.895445168018341064e-01
3.781051635742187500e-01 -2.298016697168350220e-01 3.122558295726776123e-01
4.156351685523986816e-01 -1.960804611444473267e-01 4.281733036041259766e-01
4.147458374500274658e-01 -2.273149043321609497e-01 4.829346835613250732e-01
3.659198284149169922e-01 -1.759038865566253662e-01 4.620026051998138428e-01
4.180624783039093018e-01 -6.313478946685791016e-02 4.804917275905609131e-01
2.796151638031005859e-01 -4.044310003519058228e-02 4.718554615974426270e-01
3.510667756199836731e-02 1.575120687484741211e-01 3.701420724391937256e-01
-8.606372773647308350e-02 3.338263630867004395e-01 3.718757331371307373e-01
-1.800217777490615845e-01 4.417311549186706543e-01 3.264342546463012695e-01
-2.203428596258163452e-01 4.538561999797821045e-01 2.372346520423889160e-01
-1.425796002149581909e-01 4.437011480331420898e-01 -4.172412306070327759e-02
-1.152598410844802856e-01 4.068669676780700684e-01 -2.393303513526916504e-01
1.350773219019174576e-02 3.644928038120269775e-01 -4.116973578929901123e-01
4.244032129645347595e-02 3.087171018123626709e-01 -4.713440835475921631e-01
5.893559753894805908e-02 2.550412118434906006e-01 -5.400878190994262695e-01
1.156887263059616089e-01 1.789266914129257202e-01 -5.805402994155883789e-01
8.583353459835052490e-02 1.098339036107063293e-01 -5.922381281852722168e-01
7.373797148466110229e-02 1.518660187721252441e-01 -5.637778043746948242e-01
5.871298909187316895e-02 2.299467623233795166e-01 -5.288782715797424316e-01
6.276080757379531860e-02 2.130422145128250122e-01 -5.446444153785705566e-01
2.882809378206729889e-02 2.609252333641052246e-01 -6.101613044738769531e-01
-8.779786527156829834e-03 2.526385188102722168e-01 -6.281102895736694336e-01
-1.482299715280532837e-02 2.474839836359024048e-01 -5.792182087898254395e-01
2.315023541450500488e-02 1.585462540388107300e-01 -6.363623142242431641e-01
-3.339359909296035767e-02 1.810443103313446045e-01 -6.110936999320983887e-01
-5.794212967157363892e-02 1.686148494482040405e-01 -5.546649098396301270e-01
2.136291190981864929e-02 2.689250409603118896e-01 -2.165887653827667236e-01
