-6.573638878762722015e-03 1.148353442549705505e-01 -2.200679481029510498e-01
2.218016237020492554e-01 7.468744367361068726e-02 -1.833680570125579834e-01
3.655280470848083496e-01 1.818575151264667511e-02 -1.076083108782768250e-01
3.791092038154602051e-01 -4.281013831496238708e-02 -6.664510816335678101e-03
1.832190155982971191e-01 -5.066580325365066528e-02 1.524260342121124268e-01
1.293079578317701817e-03 -1.242532115429639816e-02 2.605684399604797363e-01
-4.415802285075187683e-02 -7.884578779339790344e-03 3.240185081958770752e-01
-7.336179912090301514e-02 6.607036292552947998e-02 2.723046541213989258e-01
-2.028723657131195068e-01 2.216127216815948486e-01 5.110458284616470337e-02
-3.255777433514595032e-02 4.742716550827026367e-01 -2.632307708263397217e-01
1.255010068416595459e-01 5.552675724029541016e-01 -3.826379179954528809e-01
1.585207283496856689e-01 5.229769349098205566e-01 -3.418160676956176758e-01
5.278754234313964844e-02 3.602269887924194336e-01 -1.224293708801269531e-01
-9.515717625617980957e-02 -1.199379563331604004e-02 3.801574409008026123e-01
-7.904858887195587158e-02 -2.629187405109405518e-01 5.618279576301574707e-01
3.186575695872306824e-02 -3.525126278400421143e-01 6.262452602386474609e-01
1.138830035924911499e-01 -2.646084427833557129e-01 5.669618248939514160e-01
1.244975905865430832e-02 -2.112626880407333374e-01 3.037151396274566650e-01
3.018741309642791748e-02 -1.352831572294235229e-01 -1.831298135221004486e-02
-2.318625105544924736e-03 -5.202130973339080811e-02 -1.844884604215621948e-01
-8.344636112451553345e-02 2.702245023101568222e-03 -1.299690306186676025e-01
-2.337509691715240479e-01 -2.011996321380138397e-02 -1.116847842931747437e-01
-3.855943083763122559e-01 -1.287022531032562256e-01 -7.649803906679153442e-02
-3.168862760066986084e-01 -2.107999473810195923e-01 -9.439954161643981934e-02
-6.299421936273574829e-02 -1.187195181846618652e-01 -1.140796840190887451e-01
2.040703296661376953e-01 9.906952828168869019e-02 -1.416311115026473999e-01
3.380074799060821533e-01 3.786789178848266602e-01 -2.883805036544799805e-01
2.610249817371368408e-01 4.627916812896728516e-01 -4.258372485637664795e-01
1.927227973937988281e-01 4.119816720485687256e-01 -4.116617441177368164e-01
1.831147670745849609e-01 2.254606932401657104e-01 -3.143284320831298828e-01
2.140316367149353027e-01 -4.264253377914428711e-02 -1.892009526491165161e-01
2.267522215843200684e-01 -1.578245460987091064e-01 -2.354684919118881226e-01
1.244625002145767212e-01 -2.857498526573181152e-01 -2.637666165828704834e-01
-2.699744701385498047e-01 -4.754975438117980957e-01 -1.573472470045089722e-01
-4.937655627727508545e-01 -5.844855308532714844e-01 -1.585326045751571655e-01
-5.260682106018066406e-01 -5.975404977798461914e-01 -1.709047108888626099e-01
-4.038138091564178467e-01 -5.411495566368103027e-01 -2.147070914506912231e-01
1.099779084324836731e-02 -3.571974039077758789e-01 -2.657488286495208740e-01
2.355943620204925537e-01 -1.982305049896240234e-01 -1.899759918451309204e-01
1.687955558300018311e-01 -8.108849823474884033e-02 -1.334764361381530762e-01
-2.213590778410434723e-03 3.588400036096572876e-02 -5.431044101715087891e-02
-1.591002345085144043e-01 1.687569320201873779e-01 1.398893445730209351e-01
-2.271779030561447144e-01 2.997588515281677246e-01 2.205633670091629028e-01
-4.532186686992645264e-02 4.302251338958740234e-01 2.326983362436294556e-01
2.284969687461853027e-01 5.001529455184936523e-01 1.437233239412307739e-01
3.365224301815032959e-01 4.333444237709045410e-01 4.515069350600242615e-02
3.587448298931121826e-01 2.534954249858856201e-01 2.963810693472623825e-03
2.563080489635467529e-01 3.951365873217582703e-02 2.012433111667633057e-02
-6.538755260407924652e-03 -1.611633002758026123e-01 1.273034811019897461e-01
-2.078260034322738647e-01 -2.694304883480072021e-01 1.382160931825637817e-01
-3.223030269145965576e-01 -3.166147768497467041e-01 9.433464705944061279e-02
-2.910218536853790283e-01 -3.593177795410156250e-01 -2.846330590546131134e-02
-4.575745016336441040e-02 -2.979004681110382080e-01 -1.204420402646064758e-01
9.682401269674301147e-02 -1.962589323520660400e-01 -4.408679436892271042e-03
1.345505565404891968e-01 -1.417311280965805054e-01 4.509451612830162048e-02
1.106695309281349182e-01 -3.987813740968704224e-02 8.199084550142288208e-02
9.592206031084060669e-02 2.734872698783874512e-02 1.376432478427886963e-01
4.637043550610542297e-02 6.605514883995056152e-02 2.470298111438751221e-01
-5.667405202984809875e-02 1.694784164428710938e-01 3.522146046161651611e-01
-1.299145817756652832e-01 2.400352209806442261e-01 3.150004446506500244e-01
-1.267469227313995361e-01 3.933337926864624023e-01 2.638285756111145020e-01
-8.636029064655303955e-02 3.514386415481567383e-01 2.022067159414291382e-01
-1.862563043832778931e-01 1.488944143056869507e-01 2.138245999813079834e-01
-1.615332812070846558e-01 -2.788540162146091461e-02 1.928408443927764893e-01
-1.944195181131362915e-01 -2.243234962224960327e-01 9.577241539955139160e-02
-1.420473158359527588e-01 -1.164966672658920288e-01 3.634460270404815674e-02
6.973132491111755371e-03 -2.326153963804244995e-02 -3.297714889049530029e-02
-7.376448065042495728e-02 -5.691225454211235046e-02 -1.408468633890151978e-01
-7.346717268228530884e-02 -5.761924758553504944e-02 -2.483339458703994751e-01
-1.481916308403015137e-01 -4.378057643771171570e-02 -1.977259814739227295e-01
-1.893389225006103516e-01 1.986905932426452637e-02 -4.185299947857856750e-02
-4.909741226583719254e-03 1.031849086284637451e-01 1.858043074607849121e-01
1.939636915922164917e-01 1.195002421736717224e-01 3.191879689693450928e-01
2.687394618988037109e-01 1.485540866851806641e-01 3.321656882762908936e-01
2.341474741697311401e-01 9.001841396093368530e-02 3.781486153602600098e-01
1.576563566923141479e-01 5.510386452078819275e-02 3.700560033321380615e-01
2.867502570152282715e-01 2.232717722654342651e-02 3.745968043804168701e-01
3.852328360080718994e-01 8.025216870009899139e-03 3.194707632064819336e-01
3.503304123878479004e-01 8.187852054834365845e-02 1.831665039062500000e-01
3.295513987541198730e-01 2.358271367847919464e-02 1.305495947599411011e-01
9.938991069793701172e-02 4.317651689052581787e-02 1.069514155387878418e-01
-4.076285287737846375e-02 1.165102124214172363e-01 1.592791676521301270e-01
-1.069645956158638000e-01 1.436062455177307129e-01 6.296670436859130859e-02
-1.494180709123611450e-01 2.230885326862335205e-01 -2.870321087539196014e-02
-1.355305463075637817e-01 1.001868546009063721e-01 -1.639486849308013916e-01
-3.112032711505889893e-01 -6.889387965202331543e-02 -3.817579448223114014e-01
-3.870096206665039062e-01 -1.284817755222320557e-01 -4.608249366283416748e-01
-3.478339612483978271e-01 -1.885811686515808105e-01 -5.589352846145629883e-01
-1.349385827779769897e-01 -1.464045047760009766e-01 -5.703169107437133789e-01
3.036596179008483887e-01 -1.293492615222930908e-01 -4.189312756061553955e-01
5.245788693428039551e-01 -2.381348907947540283e-01 -3.150671720504760742e-01
6.171408295631408691e-01 -2.631023228168487549e-01 -2.063978761434555054e-01
5.511308908462524414e-01 -2.629740834236145020e-01 -1.525332182645797729e-01
3.046769797801971436e-01 -2.445209026336669922e-01 -1.352743506431579590e-01
1.117320284247398376e-01 -1.706719100475311279e-01 -3.748454153537750244e-02
2.584572508931159973e-02 -1.573591530323028564e-01 2.208868041634559631e-02
-1.367694139480590820e-02 -1.136793419718742371e-01 7.274942100048065186e-02
-2.332631051540374756e-01 -1.525184512138366699e-01 1.096556484699249268e-01
-3.278807103633880615e-01 -1.718294024467468262e-01 6.878561526536941528e-02
-3.325592577457427979e-01 -1.155089661478996277e-01 -6.360043585300445557e-02
-2.632008790969848633e-01 -5.555643700063228607e-03 -2.586401104927062988e-01
-2.216514497995376587e-01 1.390513181686401367e-01 -2.831285297870635986e-01
-3.056956529617309570e-01 1.364256590604782104e-01 -2.164162844419479370e-01
-3.291367590427398682e-01 1.402392238378524780e-01 -1.341271996498107910e-01
-2.313627600669860840e-01 2.276596575975418091e-01 -1.210028603672981262e-01
-9.384427964687347412e-02 4.111013710498809814e-01 -2.300675027072429657e-02
-2.094775065779685974e-02 4.666931033134460449e-01 1.033495366573333740e-01
3.259367495775222778e-02 3.858146667480468750e-01 1.815053075551986694e-01
