3.396789084074852139e-01
3.742920500554819396e-01
2.005654737898208417e-01
0.000000000000000000e+00
0.000000000000000000e+00
0.000000000000000000e+00
0.000000000000000000e+00
0.000000000000000000e+00
0.000000000000000000e+00
0.000000000000000000e+00
0.000000000000000000e+00
4.390345030628774181e-02
9.677962291761507685e-02
1.090195437236993886e-01
6.895999745268038827e-02
4.106250394820587339e-03
0.000000000000000000e+00
0.000000000000000000e+00
0.000000000000000000e+00
0.000000000000000000e+00
0.000000000000000000e+00
0.000000000000000000e+00
2.160058195740397705e-03
2.375401135390039532e-03
0.000000000000000000e+00
0.000000000000000000e+00
0.000000000000000000e+00
2.420226936593232372e-03
1.070679002094514394e-02
4.604073218041537276e-03
0.000000000000000000e+00
0.000000000000000000e+00
0.000000000000000000e+00
0.000000000000000000e+00
7.834862748502055205e-03
1.454694645874658743e-02
1.195136452320605391e-02
9.467204562325739689e-03
4.766007805887918086e-03
2.840306737102195160e-03
0.000000000000000000e+00
0.000000000000000000e+00
0.000000000000000000e+00
0.000000000000000000e+00
0.000000000000000000e+00
0.000000000000000000e+00
0.000000000000000000e+00
0.000000000000000000e+00
0.000000000000000000e+00
0.000000000000000000e+00
0.000000000000000000e+00
0.000000000000000000e+00
0.000000000000000000e+00
0.000000000000000000e+00
0.000000000000000000e+00
0.000000000000000000e+00
0.000000000000000000e+00
0.000000000000000000e+00
0.000000000000000000e+00
0.000000000000000000e+00
0.000000000000000000e+00
0.000000000000000000e+00
6.565235164677517277e-02
1.341247805634861179e-01
9.398017342427396337e-02
4.480832501360881154e-02
1.632248778044821267e-03
0.000000000000000000e+00
1.243141460529617430e-02
8.495425500530163349e-03
5.784086704508039495e-03
4.670303063119287355e-03
1.908373154972581526e-03
2.459944492063258561e-03
1.237047326277313994e-03
0.000000000000000000e+00
0.000000000000000000e+00
0.000000000000000000e+00
2.578719200621702561e-03
9.111107211361381755e-03
1.079444135410599116e-02
7.261297171814663082e-03
0.000000000000000000e+00
1.418010638269175127e-04
6.589093317956380702e-03
1.074577201228854063e-02
1.459016448539631437e-02
6.292553402304478134e-03
1.386585768800693320e-02
2.104125957698678440e-02
1.666433030566998388e-02
8.008028499277999521e-03
0.000000000000000000e+00
0.000000000000000000e+00
9.709272029453640609e-03
1.662419990393125893e-02
1.370989483421629351e-02
7.335580426500200573e-04
0.000000000000000000e+00
0.000000000000000000e+00
0.000000000000000000e+00
5.561987041418504918e-03
4.118984667052393370e-03
0.000000000000000000e+00
0.000000000000000000e+00
0.000000000000000000e+00
0.000000000000000000e+00
3.221255863463668989e-01
