3.433724492788314819e-02 -8.937826752662658691e-02 -2.985244989395141602e-02
1.116457283496856689e-01 -7.203037291765213013e-02 -4.115467518568038940e-02
1.392420977354049683e-01 1.301760040223598480e-02 -5.426975339651107788e-02
1.135695502161979675e-01 1.176248639822006226e-01 -7.772481441497802734e-02
5.935840681195259094e-02 1.348422318696975708e-01 -1.355826109647750854e-01
1.109459772706031799e-01 1.170415133237838745e-01 -1.388476192951202393e-01
2.233702242374420166e-01 7.549138367176055908e-02 -1.416667713783681393e-03
2.033647447824478149e-01 1.984384506940841675e-01 3.030129373073577881e-01
7.466436177492141724e-02 3.797661066055297852e-01 4.898812770843505859e-01
-1.739547401666641235e-01 4.045139849185943604e-01 4.867571890354156494e-01
-4.352532923221588135e-01 3.098214864730834961e-01 2.746284604072570801e-01
-4.836086034774780273e-01 -4.958687722682952881e-02 -2.398497462272644043e-01
-4.050487577915191650e-01 -3.764158785343170166e-01 -5.261468291282653809e-01
-6.174075230956077576e-02 -4.718366265296936035e-01 -5.065659880638122559e-01
4.696234762668609619e-01 -3.332189023494720459e-01 -3.473580181598663330e-01
5.788264870643615723e-01 -8.204601705074310303e-03 -1.337469220161437988e-01
4.488852322101593018e-01 1.822150200605392456e-01 7.272102683782577515e-02
-2.630777284502983093e-02 1.666569262742996216e-01 1.270873546600341797e-01
-3.444264531135559082e-01 1.743432134389877319e-02 1.619305759668350220e-01
-2.646232843399047852e-01 -1.088561192154884338e-01 1.650017201900482178e-01
-7.180673629045486450e-02 -9.665735065937042236e-02 3.179432451725006104e-02
9.881876409053802490e-02 -6.238692998886108398e-02 -1.263253241777420044e-01
9.432108700275421143e-02 -5.683584883809089661e-02 -1.768237054347991943e-01
4.719259589910507202e-02 -1.394221633672714233e-01 -9.373019635677337646e-02
5.997999384999275208e-02 -1.878264397382736206e-01 9.377460926771163940e-03
1.549270842224359512e-02 -1.492646485567092896e-01 4.696493968367576599e-03
-3.882633149623870850e-02 -1.271350830793380737e-01 -1.519130468368530273e-01
-9.212759882211685181e-02 -5.790469050407409668e-02 -2.511371076107025146e-01
-1.078690439462661743e-01 2.427772618830204010e-02 -2.457931488752365112e-01
4.115799069404602051e-02 9.153496474027633667e-02 -1.207414716482162476e-01
9.714990854263305664e-02 1.989884227514266968e-01 1.310285329818725586e-01
9.361077845096588135e-02 2.160237580537796021e-01 2.847844958305358887e-01
7.843816280364990234e-02 1.823844015598297119e-01 3.272169232368469238e-01
-9.451651573181152344e-02 1.365767568349838257e-01 1.965245306491851807e-01
-1.082043498754501343e-01 1.651392132043838501e-02 -4.954654350876808167e-02
-1.107934862375259399e-01 -7.285272330045700073e-02 -1.482716351747512817e-01
-1.408863812685012817e-01 -1.276193857192993164e-01 -2.572727948427200317e-02
-4.017227515578269958e-02 -1.531567275524139404e-01 8.633203059434890747e-02
-9.670479595661163330e-02 -1.034040600061416626e-01 1.023542881011962891e-01
-4.398733377456665039e-02 -5.298847332596778870e-02 -2.606948465108871460e-02
5.774174258112907410e-02 -7.478216290473937988e-02 -1.115031316876411438e-01
-3.949217125773429871e-02 -5.497034639120101929e-02 5.709152668714523315e-02
-5.458945780992507935e-02 3.365385904908180237e-02 1.903701573610305786e-01
-1.721022576093673706e-01 1.405147165060043335e-01 3.225958943367004395e-01
-1.658315807580947876e-01 2.479523867368698120e-01 2.844155728816986084e-01
-3.395606577396392822e-02 1.963705122470855713e-01 1.430853903293609619e-01
1.201279810629785061e-03 5.149099603295326233e-02 -3.350307792425155640e-02
1.181397438049316406e-01 -5.529826879501342773e-02 -2.468945384025573730e-01
1.633879244327545166e-01 -9.996777027845382690e-02 -3.247033655643463135e-01
1.588393300771713257e-01 -5.400251969695091248e-02 -3.080284297466278076e-01
1.294010430574417114e-01 -2.056270651519298553e-02 -1.878962218761444092e-01
4.166970774531364441e-02 -4.812597110867500305e-02 -5.632009357213973999e-02
1.333153340965509415e-02 -5.151492357254028320e-02 1.039692386984825134e-02
2.988266944885253906e-02 -9.263980388641357422e-02 1.289713475853204727e-02
6.004508212208747864e-02 -8.709070831537246704e-02 -9.710373356938362122e-03
5.056598037481307983e-02 -5.601378902792930603e-02 -2.655566670000553131e-02
-1.230520475655794144e-02 -2.775220945477485657e-02 -4.004370048642158508e-02
-8.995095640420913696e-02 5.558636039495468140e-02 -2.516294457018375397e-02
-1.414034068584442139e-01 4.519440978765487671e-02 7.700034620938822627e-05
-9.481500089168548584e-02 -1.994402380660176277e-03 6.027765199542045593e-02
-1.574661023914813995e-02 -3.777919337153434753e-02 5.410949513316154480e-02
2.295695431530475616e-02 -9.003224968910217285e-02 1.284103095531463623e-02
1.111170183867216110e-02 -8.992619067430496216e-02 -2.144192345440387726e-02
-1.370936911553144455e-02 -5.397529527544975281e-02 -1.346833165735006332e-02
5.849502980709075928e-03 -6.109332665801048279e-03 8.762983232736587524e-02
-1.193369738757610321e-03 1.100955531001091003e-01 1.183203309774398804e-01
5.854941904544830322e-03 1.354818940162658691e-01 1.310792565345764160e-01
1.737972907721996307e-02 4.473385214805603027e-02 6.234141811728477478e-02
5.443004891276359558e-02 -7.008983939886093140e-02 -1.389372255653142929e-02
1.524894088506698608e-01 -1.799298524856567383e-01 -1.185494214296340942e-01
6.007817760109901428e-02 -1.327811777591705322e-01 -2.830400764942169189e-01
-1.088227555155754089e-01 7.989546656608581543e-02 -2.022326588630676270e-01
-3.018982708454132080e-01 2.500467002391815186e-01 3.539951890707015991e-02
-3.941926956176757812e-01 3.178605437278747559e-01 2.746487855911254883e-01
-2.203192561864852905e-01 1.993582397699356079e-01 3.070451915264129639e-01
6.097314879298210144e-02 -2.344185672700405121e-02 -4.612767323851585388e-02
2.947396337985992432e-01 -2.538929134607315063e-02 -2.753615975379943848e-01
3.003125786781311035e-01 6.631477177143096924e-02 -2.962592840194702148e-01
1.430421322584152222e-01 8.798230439424514771e-02 -1.729205399751663208e-01
-1.637500827200710773e-03 -3.980894759297370911e-02 4.762114956974983215e-02
-4.576718807220458984e-02 -2.181226909160614014e-01 6.939723342657089233e-02
-8.508987724781036377e-03 -2.076688110828399658e-01 5.844979733228683472e-02
6.021270900964736938e-02 -7.544951885938644409e-02 7.817280292510986328e-02
8.875080943107604980e-02 9.102805703878402710e-02 4.066038504242897034e-02
7.889295369386672974e-02 1.260486841201782227e-01 4.574800282716751099e-02
1.085153892636299133e-01 7.549815624952316284e-02 5.251525342464447021e-02
1.451315730810165405e-01 -7.058201730251312256e-02 -2.038726955652236938e-02
1.875085085630416870e-01 -2.992386817932128906e-01 -1.551445722579956055e-01
1.799619793891906738e-01 -3.822882771492004395e-01 -2.921090424060821533e-01
1.396837830543518066e-01 -2.845779955387115479e-01 -3.556066751480102539e-01
7.817552238702774048e-02 9.655930101871490479e-02 -2.384892255067825317e-01
-1.162313297390937805e-02 3.473784029483795166e-01 -9.208358824253082275e-03
-1.733283102512359619e-01 3.397252261638641357e-01 1.627099663019180298e-01
-2.679457962512969971e-01 1.545095890760421753e-01 2.539950609207153320e-01
-2.246099263429641724e-01 1.049946760758757591e-03 2.337454110383987427e-01
-1.431686878204345703e-01 8.398117870092391968e-02 2.398641407489776611e-01
8.260950446128845215e-03 5.028859898447990417e-02 1.456148326396942139e-01
-2.202690113335847855e-03 -7.296256721019744873e-02 5.579956807196140289e-03
-3.939158469438552856e-02 -1.878757327795028687e-01 -6.396643072366714478e-02
-2.401001565158367157e-02 -2.014012783765792847e-01 -9.224506467580795288e-02
-6.489790976047515869e-02 -5.835469812154769897e-02 -5.436883121728897095e-02
-8.940001577138900757e-02 3.223923593759536743e-02 -6.773465126752853394e-02
-1.250388175249099731e-01 1.717169024050235748e-02 -4.219970479607582092e-02
-1.172178536653518677e-01 7.564858533442020416e-03 2.794663049280643463e-02
-4.706666246056556702e-02 -5.761321261525154114e-02 5.957219377160072327e-02
1.052166745066642761e-01 -8.759524673223495483e-02 2.335376851260662079e-02
1.576468050479888916e-01 7.857164368033409119e-03 -5.875760223716497421e-03
1.509657800197601318e-01 4.570177569985389709e-02 -6.147741898894309998e-02
7.597398757934570312e-02 9.687345474958419800e-02 -7.665509730577468872e-02
-6.964817643165588379e-02 1.125835776329040527e-01 1.330268010497093201e-02
-7.537815719842910767e-02 7.759081572294235229e-02 4.181804507970809937e-02
2.474227221682667732e-03 1.139417141675949097e-01 1.267178952693939209e-01
9.604741632938385010e-02 4.240006208419799805e-02 1.110888645052909851e-01
1.453435271978378296e-01 -7.644131779670715332e-02 1.567627862095832825e-02
2.071966230869293213e-02 -1.762008368968963623e-01 -2.404902130365371704e-02
-1.204327046871185303e-01 -2.375382930040359497e-01 -9.351003170013427734e-02
-1.902900785207748413e-01 -1.473158150911331177e-01 -8.350904285907745361e-02
-1.328732669353485107e-01 2.403018251061439514e-02 -4.345535486936569214e-02
-2.115603722631931305e-02 1.740716099739074707e-01 2.105953730642795563e-02
1.847323589026927948e-02 2.022044062614440918e-01 6.533338129520416260e-02
3.580619394779205322e-02 1.368066370487213135e-01 4.790715128183364868e-02
