4.904240965843200684e-01 -6.381767988204956055e-02 -5.445562005043029785e-01
5.510182976722717285e-01 -2.993806637823581696e-02 -5.545508861541748047e-01
6.026555895805358887e-01 -9.136712551116943359e-02 -5.144022107124328613e-01
5.612999200820922852e-01 -1.056316345930099487e-01 -5.384879708290100098e-01
5.218622088432312012e-01 -5.109486728906631470e-02 -5.622115135192871094e-01
4.955876767635345459e-01 -1.139979623258113861e-02 -5.677903890609741211e-01
4.512126445770263672e-01 3.573549911379814148e-02 -5.569802522659301758e-01
3.196825385093688965e-01 7.377227395772933960e-02 -5.630941390991210938e-01
1.517786085605621338e-01 7.681724429130554199e-02 -5.573297142982482910e-01
3.908110782504081726e-02 1.849232465028762817e-01 -5.063713788986206055e-01
2.275464311242103577e-02 2.340753972530364990e-01 -3.994789123535156250e-01
1.506915092468261719e-01 2.562413513660430908e-01 -3.279107809066772461e-02
2.531916797161102295e-01 2.077052891254425049e-01 2.706503272056579590e-01
3.022505342960357666e-01 1.476664841175079346e-01 3.404855728149414062e-01
4.302264750003814697e-01 -6.619476480409502983e-04 3.431759178638458252e-01
4.786628782749176025e-01 -1.372357904911041260e-01 2.340813875198364258e-01
4.096730351448059082e-01 -2.679008543491363525e-01 1.450025737285614014e-01
3.125502765178680420e-01 -3.050249516963958740e-01 2.064286619424819946e-01
2.961443364620208740e-01 -3.025944530963897705e-01 1.961972862482070923e-01
2.623882591724395752e-01 -3.497155010700225830e-01 2.161373496055603027e-01
2.846767902374267578e-01 -3.393325805664062500e-01 1.599641889333724976e-01
3.464601635932922363e-01 -3.422591686248779297e-01 1.418030858039855957e-01
3.348010182380676270e-01 -2.949422299861907959e-01 1.440414786338806152e-01
3.125552833080291748e-01 -3.031134307384490967e-01 1.292424649000167847e-01
3.069615364074707031e-01 -3.219905793666839600e-01 1.687428355216979980e-01
2.908289730548858643e-01 -3.776876926422119141e-01 1.821396499872207642e-01
3.057236969470977783e-01 -3.779967725276947021e-01 1.622390449047088623e-01
2.551496922969818115e-01 -4.339421093463897705e-01 1.233672574162483215e-01
1.656901687383651733e-01 -5.149495601654052734e-01 2.341606654226779938e-02
5.000700429081916809e-02 -6.092699170112609863e-01 4.626069962978363037e-02
-1.550092101097106934e-01 -7.222988009452819824e-01 4.082432389259338379e-02
-2.209327071905136108e-01 -7.579737305641174316e-01 3.264155983924865723e-02
-2.754603028297424316e-01 -7.478541135787963867e-01 1.820176467299461365e-02
-3.463825583457946777e-01 -7.684144973754882812e-01 3.579042851924896240e-02
-3.303979635238647461e-01 -7.571942806243896484e-01 1.033718362450599670e-01
-3.840518295764923096e-01 -7.298793792724609375e-01 1.329912245273590088e-01
-4.366813302040100098e-01 -7.217109799385070801e-01 1.339121758937835693e-01
-3.518684208393096924e-01 -6.844386458396911621e-01 1.284130960702896118e-01
-3.933411836624145508e-01 -6.916816234588623047e-01 1.312080472707748413e-01
-3.565820753574371338e-01 -6.859459877014160156e-01 1.072366312146186829e-01
-2.383194267749786377e-01 -7.269995808601379395e-01 1.712526232004165649e-01
-3.048424422740936279e-01 -6.887927055358886719e-01 5.115396901965141296e-02
-3.191030919551849365e-01 -7.490785121917724609e-01 8.896137773990631104e-02
-3.759081661701202393e-01 -7.064796686172485352e-01 5.076828971505165100e-02
-2.532097101211547852e-01 -7.426056861877441406e-01 6.143980100750923157e-02
9.088224172592163086e-02 -6.810213923454284668e-01 -9.998939931392669678e-03
7.871305197477340698e-02 -6.296094059944152832e-01 1.218206286430358887e-01
2.074368596076965332e-01 -5.290417671203613281e-01 2.310087531805038452e-01
3.000884652137756348e-01 -3.806574046611785889e-01 3.362348973751068115e-01
3.426541984081268311e-01 -3.270690739154815674e-01 3.769268095493316650e-01
3.730962872505187988e-01 -3.101923763751983643e-01 3.497720658779144287e-01
3.655201494693756104e-01 -2.952302694320678711e-01 3.456555902957916260e-01
3.801776468753814697e-01 -2.706486284732818604e-01 3.163966834545135498e-01
3.639896512031555176e-01 -3.286059200763702393e-01 3.169280588626861572e-01
3.688498139381408691e-01 -3.432039022445678711e-01 3.112336695194244385e-01
3.378596305847167969e-01 -3.823390603065490723e-01 2.892282903194427490e-01
3.242729306221008301e-01 -3.517563641071319580e-01 3.085272312164306641e-01
3.338868021965026855e-01 -3.393273055553436279e-01 2.313540279865264893e-01
3.354746103286743164e-01 -3.602947592735290527e-01 2.296424955129623413e-01
3.100366592407226562e-01 -3.804272413253784180e-01 1.956756561994552612e-01
3.161063194274902344e-01 -3.902951478958129883e-01 2.091161161661148071e-01
3.278797566890716553e-01 -4.239701330661773682e-01 1.881643682718276978e-01
3.365162611007690430e-01 -4.635676443576812744e-01 1.673564016819000244e-01
3.523597419261932373e-01 -4.825504422187805176e-01 1.599816530942916870e-01
3.323273658752441406e-01 -4.960505366325378418e-01 1.191738396883010864e-01
3.310723304748535156e-01 -5.307396650314331055e-01 9.300722926855087280e-02
3.668579161167144775e-01 -5.465300679206848145e-01 3.546544909477233887e-02
3.779077827930450439e-01 -5.004628300666809082e-01 1.076244711875915527e-01
3.931039571762084961e-01 -4.616698026657104492e-01 1.582637131214141846e-01
3.696740865707397461e-01 -4.054259359836578369e-01 1.630411893129348755e-01
4.435739219188690186e-01 -3.878993988037109375e-01 1.347994208335876465e-01
3.893774747848510742e-01 -2.883309423923492432e-01 1.554637253284454346e-01
4.081188142299652100e-01 -2.924905717372894287e-01 1.209336817264556885e-01
1.185620427131652832e-01 -1.638685911893844604e-01 -5.500451102852821350e-02
1.375644207000732422e-01 -2.098280936479568481e-01 4.738322272896766663e-02
4.586088359355926514e-01 -1.284315288066864014e-01 3.708770275115966797e-01
4.794740676879882812e-01 -7.450868934392929077e-02 3.865985572338104248e-01
4.284045696258544922e-01 -3.671295195817947388e-02 3.472071290016174316e-01
4.124554097652435303e-01 -1.006477605551481247e-02 3.677533566951751709e-01
3.541451394557952881e-01 -5.874935910105705261e-02 4.198710620403289795e-01
3.863370418548583984e-01 -5.324435979127883911e-02 4.198017120361328125e-01
3.972770571708679199e-01 -2.770491503179073334e-02 4.041421711444854736e-01
3.719275295734405518e-01 -7.257185876369476318e-02 4.365622997283935547e-01
3.964369297027587891e-01 -9.920457005500793457e-02 4.422914683818817139e-01
3.859735429286956787e-01 -7.987215369939804077e-02 4.305824935436248779e-01
3.989073932170867920e-01 -2.564133889973163605e-02 4.535445272922515869e-01
4.294568002223968506e-01 1.708995923399925232e-02 4.532762169837951660e-01
3.528766334056854248e-01 4.932761564850807190e-02 4.881998896598815918e-01
3.085313141345977783e-01 2.091224119067192078e-02 4.941836893558502197e-01
2.820497453212738037e-01 8.417950011789798737e-03 4.950841367244720459e-01
2.641102969646453857e-01 -1.038496196269989014e-01 3.247799277305603027e-01
1.072691977024078369e-01 -3.439437448978424072e-01 1.821076422929763794e-01
-2.702009975910186768e-01 -3.907917439937591553e-01 2.296326309442520142e-01
-4.777041077613830566e-01 -4.109343886375427246e-01 2.332736849784851074e-01
-5.161364674568176270e-01 -3.754041194915771484e-01 3.261189460754394531e-01
-5.389517545700073242e-01 -4.273223280906677246e-01 1.227510124444961548e-01
-5.520625710487365723e-01 -4.503328204154968262e-01 1.698878258466720581e-01
-5.567489266395568848e-01 -3.816408514976501465e-01 2.409257143735885620e-01
-5.931975841522216797e-01 -4.308010935783386230e-01 2.779270112514495850e-01
-5.212184786796569824e-01 -4.770710766315460205e-01 2.078023105859756470e-01
-6.098065972328186035e-01 -4.702408909797668457e-01 1.706771403551101685e-01
-5.964955687522888184e-01 -4.610069096088409424e-01 2.532355487346649170e-01
-6.044425964355468750e-01 -4.888664186000823975e-01 2.285802811384201050e-01
-6.070793271064758301e-01 -5.539001226425170898e-01 8.064592629671096802e-02
-6.329476833343505859e-01 -5.208873152732849121e-01 1.088083758950233459e-01
-5.519423484802246094e-01 -5.137268304824829102e-01 2.111474126577377319e-01
-5.819086432456970215e-01 -5.257351994514465332e-01 1.367363333702087402e-01
-5.766491889953613281e-01 -4.994463026523590088e-01 1.188384667038917542e-01
-5.975736379623413086e-01 -5.512155294418334961e-01 1.527966707944869995e-01
-6.201627254486083984e-01 -5.170865654945373535e-01 1.439624428749084473e-01
-6.185374855995178223e-01 -5.404150485992431641e-01 1.386924833059310913e-01
-5.689463615417480469e-01 -5.235856175422668457e-01 1.292833965271711349e-02
-5.817022919654846191e-01 -5.283358097076416016e-01 8.557186275720596313e-02
-5.531424880027770996e-01 -5.219805836677551270e-01 1.588703542947769165e-01
-5.605627298355102539e-01 -5.813640952110290527e-01 1.265325248241424561e-01
-5.998935103416442871e-01 -6.080731749534606934e-01 1.097570806741714478e-01
-6.338968276977539062e-01 -5.762701630592346191e-01 1.279543787240982056e-01
-5.972738862037658691e-01 -5.710064172744750977e-01 5.162105709314346313e-02
-5.654229521751403809e-01 -5.852897763252258301e-01 -6.985381245613098145e-03
-5.922810435295104980e-01 -6.000505685806274414e-01 -4.338043509051203728e-04
-4.822481572628021240e-01 -3.862922787666320801e-01 -2.518768794834613800e-02
