2.652043430869253093e-01
0.000000000000000000e+00
0.000000000000000000e+00
0.000000000000000000e+00
0.000000000000000000e+00
2.604490692840236502e-02
2.430207931244327078e-03
1.350330016514782443e-03
7.354850462197098752e-03
1.478018424898681904e-02
2.980039208533465447e-02
3.587994879403767073e-02
3.186724006012716520e-02
1.485456926155548536e-02
0.000000000000000000e+00
0.000000000000000000e+00
7.815927060135445525e-03
1.824079250481437306e-02
1.170913133609704886e-02
0.000000000000000000e+00
0.000000000000000000e+00
0.000000000000000000e+00
0.000000000000000000e+00
0.000000000000000000e+00
0.000000000000000000e+00
0.000000000000000000e+00
0.000000000000000000e+00
0.000000000000000000e+00
0.000000000000000000e+00
0.000000000000000000e+00
2.930483177596091560e-01
5.193293750796038610e-01
4.589532888752561046e-01
2.273462530258724690e-01
0.000000000000000000e+00
0.000000000000000000e+00
0.000000000000000000e+00
0.000000000000000000e+00
0.000000000000000000e+00
0.000000000000000000e+00
0.000000000000000000e+00
0.000000000000000000e+00
2.619026486634992157e-01
5.048999386242967180e-01
5.563484801163469662e-01
2.921342121586040785e-01
0.000000000000000000e+00
0.000000000000000000e+00
0.000000000000000000e+00
0.000000000000000000e+00
0.000000000000000000e+00
0.000000000000000000e+00
3.427211318583999779e-03
2.349706397689065723e-02
4.094472065216592932e-02
2.290075696700756471e-03
0.000000000000000000e+00
0.000000000000000000e+00
0.000000000000000000e+00
0.000000000000000000e+00
0.000000000000000000e+00
0.000000000000000000e+00
0.000000000000000000e+00
0.000000000000000000e+00
2.420011791354613473e-02
4.316782512492611107e-02
5.016605781727085517e-02
4.393752466029613585e-02
2.352489039687481742e-02
1.949571723747374127e-02
4.048542045613023888e-02
4.128988048437776809e-02
4.578178453416009014e-02
2.251310013543218747e-02
0.000000000000000000e+00
0.000000000000000000e+00
0.000000000000000000e+00
4.838110534506365884e-03
1.508027987581212620e-02
1.278172920113060905e-02
2.402130314657238350e-02
1.432528871560665232e-02
9.849793851321196614e-03
0.000000000000000000e+00
0.000000000000000000e+00
0.000000000000000000e+00
0.000000000000000000e+00
0.000000000000000000e+00
0.000000000000000000e+00
0.000000000000000000e+00
0.000000000000000000e+00
0.000000000000000000e+00
0.000000000000000000e+00
2.256030300078531448e-01
3.791244447043243815e-01
3.290599441617862442e-01
1.616256392837250033e-01
0.000000000000000000e+00
0.000000000000000000e+00
0.000000000000000000e+00
0.000000000000000000e+00
0.000000000000000000e+00
0.000000000000000000e+00
0.000000000000000000e+00
0.000000000000000000e+00
0.000000000000000000e+00
0.000000000000000000e+00
0.000000000000000000e+00
0.000000000000000000e+00
0.000000000000000000e+00
0.000000000000000000e+00
0.000000000000000000e+00
0.000000000000000000e+00
0.000000000000000000e+00
0.000000000000000000e+00
0.000000000000000000e+00
1.524298200883412221e-03
1.524298200883412221e-03
3.810745502208530552e-04
0.000000000000000000e+00
0.000000000000000000e+00
