1.894630044698715210e-01 -7.336765993386507034e-03 7.147355377674102783e-02
2.840640842914581299e-01 -1.165110711008310318e-02 3.946876898407936096e-02
2.866107225418090820e-01 -2.230676636099815369e-02 -5.422550439834594727e-02
1.727688312530517578e-01 -1.795276626944541931e-02 -1.499384045600891113e-01
4.338577389717102051e-02 -4.837175831198692322e-02 -1.816629469394683838e-01
5.134366825222969055e-02 -1.326153129339218140e-01 -1.926567107439041138e-01
1.676126122474670410e-01 -2.588908672332763672e-01 -1.842041462659835815e-01
1.419080197811126709e-01 -2.213035225868225098e-01 -1.896954327821731567e-01
1.514344513416290283e-01 -3.236958384513854980e-02 -1.133194416761398315e-01
-2.177091091871261597e-01 2.894700169563293457e-01 1.871627420186996460e-01
-4.422030150890350342e-01 5.418769121170043945e-01 3.600891530513763428e-01
-4.364996254444122314e-01 5.142701864242553711e-01 4.670093655586242676e-01
-3.306241631507873535e-01 2.659661173820495605e-01 5.710717439651489258e-01
-1.281478106975555420e-01 7.309873402118682861e-02 4.885037541389465332e-01
-8.746100962162017822e-02 -9.932177513837814331e-02 2.798315882682800293e-01
-2.053464502096176147e-01 -1.277359575033187866e-01 5.877226591110229492e-03
-3.196354508399963379e-01 -1.086490154266357422e-01 -2.469994425773620605e-01
-3.797882199287414551e-01 -1.717184334993362427e-01 -1.930652260780334473e-01
-3.664336800575256348e-01 -9.376624971628189087e-02 -5.565616488456726074e-02
-3.158891201019287109e-01 1.171007100492715836e-02 1.068695709109306335e-01
-1.925899386405944824e-01 8.974177390336990356e-02 1.437165141105651855e-01
-1.378719955682754517e-01 6.948327273130416870e-02 9.299124032258987427e-02
-1.314294636249542236e-01 -5.814364552497863770e-02 7.339739054441452026e-02
-1.773992367088794708e-02 -1.818046867847442627e-01 9.990606456995010376e-03
4.107978567481040955e-02 -1.337826251983642578e-01 1.285438518971204758e-02
1.298475563526153564e-01 -4.411159455776214600e-02 -4.201740771532058716e-02
1.716689020395278931e-01 -5.055652186274528503e-02 -9.218101948499679565e-02
1.900262087583541870e-01 -1.312202811241149902e-01 -4.378148540854454041e-02
2.603715956211090088e-01 -2.823328375816345215e-01 1.550666638650000095e-03
2.277936190366744995e-01 -3.314856886863708496e-01 4.364198073744773865e-02
1.491102576255798340e-01 -3.646043837070465088e-01 7.696886360645294189e-02
-1.018631551414728165e-02 -3.161456882953643799e-01 -3.485205397009849548e-02
-1.593804657459259033e-01 -1.501097083091735840e-01 3.158067818731069565e-03
-2.418684214353561401e-01 6.691579474136233330e-04 -3.374331071972846985e-02
-2.961384952068328857e-01 1.680855266749858856e-02 -8.264417201280593872e-02
-1.816976815462112427e-01 -1.115164309740066528e-01 -2.459113858640193939e-02
-5.798866599798202515e-02 -1.786402463912963867e-01 -8.160888403654098511e-02
6.313021481037139893e-02 -9.828584641218185425e-02 -4.499324411153793335e-02
1.132540181279182434e-01 1.210155114531517029e-01 9.091924130916595459e-02
7.680191844701766968e-02 5.904060229659080505e-02 2.699325792491436005e-02
1.024930737912654877e-02 3.131896629929542542e-02 7.772757858037948608e-02
1.473371218889951706e-02 -9.032463282346725464e-02 -2.469149790704250336e-02
1.722220778465270996e-01 -6.595947779715061188e-03 -6.036561354994773865e-02
2.714322507381439209e-01 2.629168331623077393e-01 1.107728779315948486e-01
2.135283201932907104e-01 3.029010891914367676e-01 1.330722570419311523e-01
4.598428681492805481e-02 3.698198199272155762e-01 2.115412652492523193e-01
-8.269420266151428223e-02 3.473939597606658936e-01 1.947260648012161255e-01
-3.541235625743865967e-02 2.961778342723846436e-01 1.888482719659805298e-01
6.163542717695236206e-02 2.135489434003829956e-01 1.665180474519729614e-01
7.563309744000434875e-03 6.582358479499816895e-02 9.785942733287811279e-02
-5.351973325014114380e-02 -3.308195248246192932e-02 1.764095760881900787e-02
-7.018305361270904541e-02 -5.482076108455657959e-02 1.673132181167602539e-02
-6.366934627294540405e-02 -2.498022839426994324e-02 4.511945322155952454e-02
-4.781771078705787659e-02 -2.667521126568317413e-02 3.849494084715843201e-02
-7.829118520021438599e-02 -1.697229780256748199e-02 6.731747649610042572e-03
2.474824897944927216e-02 -1.475683134049177170e-02 -8.547128736972808838e-02
-8.748198160901665688e-04 -1.888096332550048828e-02 -1.403036117553710938e-01
2.885021269321441650e-02 -4.080257937312126160e-02 -1.332357823848724365e-01
6.883697956800460815e-02 -5.493913590908050537e-02 -4.281562566757202148e-02
9.077274240553379059e-03 -3.443928807973861694e-02 5.729069188237190247e-02
4.496918246150016785e-02 -5.097965709865093231e-03 8.705475926399230957e-02
4.266266152262687683e-02 6.324565410614013672e-02 7.127593457698822021e-02
4.901100695133209229e-02 1.057983562350273132e-02 5.254809558391571045e-02
1.512217223644256592e-01 -3.296343376860022545e-03 4.343216493725776672e-02
1.993850916624069214e-01 6.569149903953075409e-03 2.235796116292476654e-02
1.453762799501419067e-01 6.057823076844215393e-02 -3.991360217332839966e-02
1.043057218194007874e-01 1.462539136409759521e-01 -4.143607243895530701e-02
6.493253260850906372e-02 1.179699599742889404e-01 2.167823910713195801e-02
7.205218821763992310e-02 1.798464804887771606e-01 -2.821845188736915588e-02
9.501127898693084717e-02 1.452994942665100098e-01 -1.717575788497924805e-01
6.488144397735595703e-02 1.166867017745971680e-01 -2.769368290901184082e-01
7.381610572338104248e-02 -4.558719694614410400e-02 -4.299884736537933350e-01
2.010331153869628906e-01 -2.656883001327514648e-01 -2.872685790061950684e-01
1.690201014280319214e-01 -8.943852037191390991e-02 1.303921341896057129e-01
1.560675352811813354e-01 1.132740750908851624e-01 3.798108994960784912e-01
1.432554125785827637e-01 2.152428478002548218e-01 4.560801386833190918e-01
3.645457793027162552e-03 1.789692938327789307e-01 2.814830243587493896e-01
-9.732445329427719116e-02 -1.550426334142684937e-01 4.837517440319061279e-02
-2.876018583774566650e-01 -2.130333036184310913e-01 7.799343764781951904e-02
-2.897355258464813232e-01 -1.533051878213882446e-01 1.513933539390563965e-01
-1.327487528324127197e-01 -1.536975353956222534e-01 1.529898494482040405e-01
2.467177063226699829e-02 -5.281256511807441711e-02 1.036809980869293213e-01
1.227992027997970581e-01 -4.498457163572311401e-02 8.920093625783920288e-02
1.227378100156784058e-01 -3.288614749908447266e-02 1.078713685274124146e-01
8.206581696867942810e-03 1.783130504190921783e-02 -1.081752870231866837e-02
-1.473397910594940186e-01 1.224022591486573219e-03 -6.593333929777145386e-02
-2.102771103382110596e-01 4.682040214538574219e-02 -1.129202693700790405e-01
-2.815985083580017090e-01 1.081442609429359436e-01 -1.726475507020950317e-01
-1.906662583351135254e-01 3.014858439564704895e-02 -2.861631810665130615e-01
1.353396754711866379e-02 -1.263726800680160522e-01 -3.935535252094268799e-01
7.307333499193191528e-02 -2.884704172611236572e-01 -4.250317215919494629e-01
9.939760901033878326e-03 -4.033160209655761719e-01 -3.662197887897491455e-01
-2.089252471923828125e-01 -3.534745275974273682e-01 -2.063148617744445801e-01
-2.034438848495483398e-01 -2.778356373310089111e-01 -1.918345838785171509e-01
-1.311390250921249390e-01 -2.051920592784881592e-01 -8.170447498559951782e-02
-8.569461852312088013e-02 -4.341203719377517700e-02 -4.817723482847213745e-02
-3.222559690475463867e-01 3.598577529191970825e-02 -2.280907705426216125e-02
-3.371764123439788818e-01 9.244081377983093262e-02 1.006651446223258972e-01
-1.496265530586242676e-01 3.204816579818725586e-02 -1.862245239317417145e-02
1.183546893298625946e-02 3.394750878214836121e-02 -2.215201221406459808e-02
3.910815343260765076e-02 3.147694468498229980e-02 -3.058210574090480804e-02
-7.199260592460632324e-02 -2.582073025405406952e-02 -7.403307408094406128e-02
-9.699657559394836426e-02 -4.210459068417549133e-02 -5.838237702846527100e-02
1.281677652150392532e-02 -7.349729537963867188e-02 2.845219895243644714e-02
1.696349978446960449e-01 -2.456515096127986908e-02 3.074765764176845551e-02
2.153112441301345825e-01 3.728376328945159912e-02 3.042865544557571411e-02
2.210936397314071655e-01 4.593074321746826172e-02 9.281703270971775055e-03
8.600854128599166870e-02 -2.421092428267002106e-02 -1.458364278078079224e-01
-6.685233861207962036e-02 5.354247987270355225e-03 -8.276152610778808594e-02
-4.504134133458137512e-02 -5.664870142936706543e-02 -1.193044930696487427e-01
-4.040923342108726501e-02 -8.254092186689376831e-02 -9.881532192230224609e-02
-2.104977071285247803e-01 5.818279460072517395e-02 -9.088278748095035553e-03
-2.477219402790069580e-01 3.879605233669281006e-02 9.819298051297664642e-03
-3.337057530879974365e-01 9.636049717664718628e-02 4.620156809687614441e-02
-1.857245415449142456e-01 7.724924385547637939e-02 -1.997014321386814117e-02
5.035841092467308044e-02 4.538546130061149597e-02 -8.100118488073348999e-02
1.322105228900909424e-01 6.360535323619842529e-02 -1.052179932594299316e-01
8.058177679777145386e-02 4.655430465936660767e-02 -1.723860502243041992e-01
1.046873778104782104e-01 4.520297050476074219e-02 -1.439835429191589355e-01
6.371866166591644287e-02 3.601800277829170227e-02 -8.220084756612777710e-02
1.104269251227378845e-01 3.377421200275421143e-02 -2.800299040973186493e-02
