8.708045817911624908e-03 -9.046687930822372437e-02 -1.375430077314376831e-01
1.218085363507270813e-01 -4.895105212926864624e-02 -1.297336816787719727e-01
2.223839610815048218e-01 7.614906877279281616e-02 -2.491990337148308754e-03
1.760054826736450195e-01 2.727544903755187988e-01 2.499961405992507935e-01
-7.654143869876861572e-02 3.464103639125823975e-01 4.277227222919464111e-01
-3.529702723026275635e-01 2.483307570219039917e-01 4.769190251827239990e-01
-3.428866863250732422e-01 5.568324029445648193e-02 4.726848006248474121e-01
-1.382236927747726440e-01 -1.899079233407974243e-01 2.465744018554687500e-01
1.034218594431877136e-01 -1.893998384475708008e-01 -1.862031519412994385e-01
1.491346955299377441e-01 5.430475808680057526e-03 -5.256705880165100098e-01
-2.237042412161827087e-02 2.738285362720489502e-01 -5.976898074150085449e-01
7.101579755544662476e-02 3.025561273097991943e-01 -4.547877609729766846e-01
1.848384290933609009e-01 8.880288898944854736e-02 -2.340748757123947144e-01
1.962188333272933960e-01 -1.135527119040489197e-01 7.467734813690185547e-02
7.744185626506805420e-02 -1.869874596595764160e-01 2.030561566352844238e-01
-1.740252524614334106e-01 -1.782799065113067627e-01 1.895322650671005249e-01
-2.253135293722152710e-01 -2.109757661819458008e-01 1.872469335794448853e-01
-1.267202943563461304e-01 -2.550343871116638184e-01 1.171774417161941528e-01
1.722172461450099945e-02 -1.543921977281570435e-01 9.067330509424209595e-02
1.496395170688629150e-01 4.893723409622907639e-03 3.513922169804573059e-02
2.262495309114456177e-01 1.177165880799293518e-01 -3.765729442238807678e-02
2.245834618806838989e-01 6.216493993997573853e-02 -1.855634003877639771e-01
2.577954530715942383e-01 -1.620114743709564209e-01 -3.305654823780059814e-01
2.208969742059707642e-01 -3.243980109691619873e-01 -3.914017677307128906e-01
5.060161650180816650e-02 -3.928241133689880371e-01 -3.069941699504852295e-01
-9.656976908445358276e-02 -2.462192326784133911e-01 -1.106642186641693115e-01
-3.156373798847198486e-01 1.101640388369560242e-01 1.033044904470443726e-01
-3.705718219280242920e-01 3.367166519165039062e-01 1.386141031980514526e-01
-2.040579915046691895e-01 4.089717864990234375e-01 5.429264530539512634e-02
5.817725788801908493e-03 2.850320637226104736e-01 1.395609788596630096e-02
1.544842123985290527e-01 1.130957007408142090e-01 2.111881412565708160e-02
1.114481687545776367e-01 1.591668091714382172e-02 1.159792318940162659e-01
-3.009712882339954376e-02 -3.319162875413894653e-02 1.943966895341873169e-01
-9.786884486675262451e-02 3.500903770327568054e-02 2.177402377128601074e-01
-8.108506351709365845e-02 1.014375835657119751e-01 2.168274819850921631e-01
-1.133312843739986420e-02 1.822803020477294922e-01 2.001496404409408569e-01
6.294653564691543579e-02 2.047922462224960327e-01 1.715553998947143555e-01
7.742024213075637817e-02 7.306888699531555176e-02 1.472157686948776245e-01
2.517988346517086029e-02 -6.872109323740005493e-02 1.035080775618553162e-01
-7.109929621219635010e-02 -1.310320794582366943e-01 2.720616757869720459e-02
-1.942085027694702148e-01 -1.306933760643005371e-01 2.619495382532477379e-03
-1.792022883892059326e-01 -1.035670842975378036e-02 -3.826566785573959351e-02
-3.094362653791904449e-02 7.344256341457366943e-02 -1.070600748062133789e-01
1.778472959995269775e-01 6.289075314998626709e-02 -2.066484391689300537e-01
3.288721144199371338e-01 3.103229030966758728e-02 -3.273910582065582275e-01
2.801632881164550781e-01 -2.212587296962738037e-01 -3.314114212989807129e-01
1.047851219773292542e-01 -3.540864288806915283e-01 -2.183585315942764282e-01
-7.689429074525833130e-02 -3.140669465065002441e-01 -7.790157198905944824e-02
-1.748405992984771729e-01 -1.118925809860229492e-01 1.593675231561064720e-03
-1.247402951121330261e-01 1.754256337881088257e-01 3.663602471351623535e-02
-4.481766000390052795e-02 1.699976921081542969e-01 3.922208398580551147e-02
2.347829937934875488e-02 4.122265055775642395e-02 1.195186376571655273e-01
2.138774842023849487e-02 -6.411414593458175659e-02 1.532832235097885132e-01
-2.563305385410785675e-02 -1.506598666310310364e-02 1.217143088579177856e-01
-3.258726745843887329e-02 8.324033766984939575e-02 1.014769375324249268e-01
-6.357892416417598724e-03 5.068568512797355652e-02 8.130968362092971802e-02
3.567433357238769531e-02 -1.429180335253477097e-02 4.698274284601211548e-02
2.237902954220771790e-02 -2.167643979191780090e-02 -5.374719947576522827e-02
-3.839910030364990234e-02 6.380835175514221191e-02 -1.531995534896850586e-01
-8.363101631402969360e-02 1.527219116687774658e-01 -1.741578727960586548e-01
-8.688539266586303711e-02 9.457565099000930786e-02 -6.031735613942146301e-02
-7.355575263500213623e-02 -1.593792438507080078e-02 9.937645494937896729e-02
-8.654194325208663940e-02 -7.770393043756484985e-02 2.096789628267288208e-01
-7.142373919486999512e-02 -4.658432677388191223e-02 2.072999328374862671e-01
-5.119605734944343567e-02 3.430211171507835388e-02 1.063413992524147034e-01
2.434054389595985413e-02 6.300661712884902954e-02 -2.890159748494625092e-02
1.050680726766586304e-01 2.000116184353828430e-02 -1.018904447555541992e-01
9.034831821918487549e-02 -5.323304608464241028e-02 -6.267677992582321167e-02
3.727249428629875183e-02 -6.016287207603454590e-02 -3.075980953872203827e-02
-4.267688840627670288e-02 -4.107359796762466431e-02 -1.641681790351867676e-02
-5.520803481340408325e-02 1.690648123621940613e-02 -5.375529825687408447e-02
3.706270083785057068e-02 -1.638363860547542572e-02 -7.492402102798223495e-03
1.205540299415588379e-01 -2.515736520290374756e-01 2.558151185512542725e-01
9.250542521476745605e-02 -3.947490453720092773e-01 4.290885329246520996e-01
-3.559661284089088440e-02 -3.371625542640686035e-01 4.433804750442504883e-01
-1.989212036132812500e-01 -4.122643545269966125e-02 2.325378507375717163e-01
-3.336545228958129883e-01 3.219960033893585205e-01 -2.495330423116683960e-01
-3.447668254375457764e-01 3.499045372009277344e-01 -4.321143925189971924e-01
-2.134623080492019653e-01 2.099767625331878662e-01 -3.854857087135314941e-01
4.956728219985961914e-02 1.935765147209167480e-01 -3.118645846843719482e-01
1.354674547910690308e-01 2.801892757415771484e-01 -3.772820532321929932e-01
1.073499619960784912e-01 3.814486563205718994e-01 -4.717070460319519043e-01
8.050612523220479488e-04 2.193615287542343140e-01 -4.668569862842559814e-01
6.119424477219581604e-02 -2.534175515174865723e-01 -1.733870953321456909e-01
2.276496738195419312e-01 -4.616023302078247070e-01 2.823766171932220459e-01
2.665345966815948486e-01 -4.451370537281036377e-01 3.951560258865356445e-01
1.654047369956970215e-01 -2.257596105337142944e-01 3.539399206638336182e-01
-1.181757897138595581e-01 1.406386047601699829e-01 2.203777432441711426e-01
-1.968783587217330933e-01 3.458462357521057129e-01 1.565065979957580566e-01
-5.980809032917022705e-02 3.089644312858581543e-01 1.375702917575836182e-01
1.197578608989715576e-01 1.795108318328857422e-01 8.297955244779586792e-02
2.685574889183044434e-01 -4.907023627310991287e-03 2.126809954643249512e-02
3.125466406345367432e-01 -2.440841645002365112e-01 1.667810138314962387e-03
2.988471686840057373e-01 -2.856720685958862305e-01 1.462221890687942505e-01
2.157205492258071899e-01 -2.770434617996215820e-01 2.295024991035461426e-01
4.400902613997459412e-02 -1.319401562213897705e-01 2.194243520498275757e-01
-2.134634554386138916e-01 4.828774183988571167e-02 4.762598499655723572e-02
-3.567728996276855469e-01 9.106860309839248657e-02 -2.022586315870285034e-01
-3.778728544712066650e-01 9.793595969676971436e-02 -2.704257667064666748e-01
-2.599558830261230469e-01 9.808450937271118164e-02 -2.584705352783203125e-01
-1.499003358185291290e-02 1.099200248718261719e-01 -1.548447906970977783e-01
1.180903390049934387e-01 1.602374017238616943e-01 -3.571033105254173279e-02
1.540530174970626831e-01 1.337461024522781372e-01 -1.003781240433454514e-02
1.015741899609565735e-01 -3.868445521220564842e-03 -3.928694874048233032e-02
3.135768696665763855e-02 -6.618169695138931274e-02 -1.158326640725135803e-01
-6.802789121866226196e-02 -1.444781422615051270e-01 -1.700775921344757080e-01
-1.035435050725936890e-01 -3.314827010035514832e-02 -1.852671504020690918e-01
-1.672809273004531860e-01 2.578987181186676025e-01 -1.879011988639831543e-01
-2.920494079589843750e-01 4.662541449069976807e-01 -1.929623633623123169e-01
-2.162509858608245850e-01 5.233262777328491211e-01 -1.443682312965393066e-01
-6.081427261233329773e-02 3.550874888896942139e-01 -1.312273554503917694e-02
2.362040281295776367e-01 -6.807352602481842041e-02 1.461113840341567993e-01
3.427277207374572754e-01 -4.959962069988250732e-01 1.682014763355255127e-01
1.169286742806434631e-01 -5.651610493659973145e-01 7.437397539615631104e-02
-9.184721857309341431e-02 -4.845382571220397949e-01 -5.336522683501243591e-02
-1.863926351070404053e-01 -2.430694550275802612e-01 -1.613163948059082031e-01
5.754665657877922058e-02 1.104859039187431335e-01 -3.945084661245346069e-02
1.575793027877807617e-01 1.818711310625076294e-01 1.019631996750831604e-01
4.634177312254905701e-02 2.469551861286163330e-01 2.420843690633773804e-01
-1.056814417243003845e-01 1.306724101305007935e-01 3.555095195770263672e-01
-2.477977275848388672e-01 5.316662043333053589e-02 3.021178543567657471e-01
-8.718918263912200928e-02 9.539894014596939087e-02 2.173809409141540527e-01
-3.552388772368431091e-02 4.504937678575515747e-02 2.932666242122650146e-02
-4.806920140981674194e-02 7.027246057987213135e-02 -9.142033010721206665e-02
-1.054044738411903381e-01 -5.658941343426704407e-02 -1.171611174941062927e-01
-1.409117132425308228e-01 -1.534118205308914185e-01 -1.488823294639587402e-01
7.456215098500251770e-03 -1.596542447805404663e-01 -1.368947476148605347e-01
1.230056136846542358e-01 -1.812971234321594238e-01 -1.156776472926139832e-01
2.036780565977096558e-01 -6.171135231852531433e-02 -2.856192551553249359e-02
1.433643102645874023e-01 4.290600493550300598e-02 3.562932834029197693e-02
3.214671835303306580e-02 8.330562710762023926e-02 6.231423467397689819e-02
-2.341959811747074127e-02 5.955494195222854614e-02 3.671344369649887085e-02
3.265297040343284607e-02 -6.703268736600875854e-02 -4.047201946377754211e-02
2.161119431257247925e-01 -7.360388338565826416e-02 -7.330995798110961914e-02
3.107283711433410645e-01 -4.325192421674728394e-03 -1.228978112339973450e-01
2.664483785629272461e-01 4.265968501567840576e-02 -1.669444590806961060e-01
5.620209127664566040e-02 -1.444032043218612671e-02 -2.490424066781997681e-01
-2.210172712802886963e-01 -2.723413407802581787e-01 -3.399293720722198486e-01
-3.006393611431121826e-01 -3.884640038013458252e-01 -3.396060168743133545e-01
-2.248543798923492432e-01 -3.377290964126586914e-01 -2.377625256776809692e-01
-5.102757364511489868e-02 -1.351826786994934082e-01 1.493638753890991211e-02
1.377728432416915894e-01 2.325845807790756226e-01 1.705240160226821899e-01
1.586520969867706299e-01 3.792012035846710205e-01 2.196305543184280396e-01
8.026900142431259155e-02 3.664601147174835205e-01 2.286110669374465942e-01
-3.066284209489822388e-02 2.985051274299621582e-01 1.747979670763015747e-01
-6.021824851632118225e-02 2.329072505235671997e-01 1.692815124988555908e-01
1.527283806353807449e-02 2.238531410694122314e-01 1.259913891553878784e-01
9.195259213447570801e-02 1.052674353122711182e-01 6.091644987463951111e-02
1.570744663476943970e-01 -4.298286139965057373e-02 7.381319999694824219e-02
1.215919256210327148e-01 -1.872359812259674072e-01 4.613924026489257812e-02
7.117980718612670898e-02 -1.836242377758026123e-01 4.323823377490043640e-02
2.864771336317062378e-02 -1.180675178766250610e-01 1.009805724024772644e-01
-6.583250313997268677e-02 -2.657054364681243896e-02 1.943003982305526733e-01
-1.629334837198257446e-01 1.212284862995147705e-01 2.826502919197082520e-01
-2.684384584426879883e-01 1.659276187419891357e-01 1.963470280170440674e-01
-2.516453862190246582e-01 1.691287010908126831e-01 -3.173335641622543335e-02
-1.604377776384353638e-01 1.071477606892585754e-01 -1.776760369539260864e-01
-6.325258314609527588e-02 2.167233265936374664e-02 -1.952076405286788940e-01
