2.556325459575814474e-01
0.000000000000000000e+00
0.000000000000000000e+00
0.000000000000000000e+00
0.000000000000000000e+00
5.437485689934264815e-02
1.781783731726494305e-02
5.063367599341046452e-03
0.000000000000000000e+00
1.462051159351403576e-02
5.726022202709518671e-02
6.972355953401354611e-02
4.334734347497751911e-02
0.000000000000000000e+00
0.000000000000000000e+00
0.000000000000000000e+00
1.254163583693545039e-02
2.406171265564770179e-02
0.000000000000000000e+00
0.000000000000000000e+00
0.000000000000000000e+00
0.000000000000000000e+00
0.000000000000000000e+00
0.000000000000000000e+00
0.000000000000000000e+00
0.000000000000000000e+00
0.000000000000000000e+00
1.621322888764654990e-04
1.390794184110177509e-02
1.391028517978187481e-02
7.632539003156985991e-04
0.000000000000000000e+00
0.000000000000000000e+00
0.000000000000000000e+00
1.056834115252537317e-03
4.810455649239484162e-03
0.000000000000000000e+00
0.000000000000000000e+00
0.000000000000000000e+00
0.000000000000000000e+00
0.000000000000000000e+00
0.000000000000000000e+00
0.000000000000000000e+00
0.000000000000000000e+00
0.000000000000000000e+00
2.215969209995057379e-02
6.826680530858433849e-02
8.532264761591631941e-02
7.944359173276628605e-02
5.723728580023748624e-02
2.320661209001807085e-02
5.158531571645035181e-03
0.000000000000000000e+00
0.000000000000000000e+00
0.000000000000000000e+00
0.000000000000000000e+00
0.000000000000000000e+00
0.000000000000000000e+00
0.000000000000000000e+00
0.000000000000000000e+00
0.000000000000000000e+00
0.000000000000000000e+00
0.000000000000000000e+00
0.000000000000000000e+00
0.000000000000000000e+00
0.000000000000000000e+00
0.000000000000000000e+00
0.000000000000000000e+00
0.000000000000000000e+00
0.000000000000000000e+00
0.000000000000000000e+00
0.000000000000000000e+00
0.000000000000000000e+00
0.000000000000000000e+00
0.000000000000000000e+00
0.000000000000000000e+00
0.000000000000000000e+00
0.000000000000000000e+00
0.000000000000000000e+00
0.000000000000000000e+00
1.081892720815536869e-02
1.955556250222704670e-02
2.059885409691891364e-02
1.539543857670887944e-02
4.107535451516130739e-03
7.518043940426218964e-03
1.526189734562411263e-02
2.062185428587456903e-02
2.390631673863449769e-02
1.786391328674660425e-02
1.080564053598656767e-02
2.375145286998166499e-03
0.000000000000000000e+00
3.016074582318203955e-04
9.664216546171380470e-03
1.777066817738165092e-02
1.685891463716093081e-02
1.228859887000604070e-02
0.000000000000000000e+00
0.000000000000000000e+00
0.000000000000000000e+00
1.325474926718042679e-03
2.633453312273753739e-03
0.000000000000000000e+00
0.000000000000000000e+00
3.180939797198748236e-03
0.000000000000000000e+00
0.000000000000000000e+00
0.000000000000000000e+00
0.000000000000000000e+00
1.524783905796436023e-01
2.737485629461007819e-01
2.433320559520895932e-01
1.216660279760447966e-01
0.000000000000000000e+00
0.000000000000000000e+00
0.000000000000000000e+00
0.000000000000000000e+00
0.000000000000000000e+00
0.000000000000000000e+00
0.000000000000000000e+00
0.000000000000000000e+00
0.000000000000000000e+00
0.000000000000000000e+00
0.000000000000000000e+00
0.000000000000000000e+00
0.000000000000000000e+00
0.000000000000000000e+00
0.000000000000000000e+00
0.000000000000000000e+00
0.000000000000000000e+00
1.236717281851799216e-01
2.473434563703598432e-01
2.822627758592249902e-01
1.657127272154680087e-01
0.000000000000000000e+00
0.000000000000000000e+00
0.000000000000000000e+00
0.000000000000000000e+00
1.038656087010037671e-02
6.932383712486693203e-03
5.853811206029311230e-03
8.004074478676336327e-03
1.119757992075771577e-02
9.701276767207646368e-03
1.986651133413030491e-03
0.000000000000000000e+00
0.000000000000000000e+00
4.768822138198509746e-03
1.289888741303132219e-02
7.715143145314539742e-03
0.000000000000000000e+00
0.000000000000000000e+00
0.000000000000000000e+00
0.000000000000000000e+00
0.000000000000000000e+00
0.000000000000000000e+00
3.446860882111295044e-01
