3.303987085819244385e-01 1.937497258186340332e-01 -3.899614810943603516e-01
3.974508047103881836e-01 2.340969443321228027e-01 -4.462930560111999512e-01
3.426678776741027832e-01 2.331558912992477417e-01 -4.770133197307586670e-01
2.105082124471664429e-01 2.031108587980270386e-01 -5.217594504356384277e-01
7.891058176755905151e-02 2.214512676000595093e-01 -5.334430336952209473e-01
-5.323801189661026001e-02 2.964947223663330078e-01 -4.471121132373809814e-01
-1.488472521305084229e-01 3.007910251617431641e-01 -2.970355153083801270e-01
-4.028695076704025269e-02 3.604070544242858887e-01 -4.633287712931632996e-02
4.822415113449096680e-02 4.580360949039459229e-01 1.869243979454040527e-01
1.058860570192337036e-01 5.689187645912170410e-01 2.888190448284149170e-01
1.858897358179092407e-01 5.399022102355957031e-01 2.348047047853469849e-01
2.422694563865661621e-01 4.014798700809478760e-01 1.292989253997802734e-01
2.193547189235687256e-01 4.098031222820281982e-01 3.720598518848419189e-01
1.109942495822906494e-01 4.106009900569915771e-01 4.395029544830322266e-01
9.941180050373077393e-02 3.206609487533569336e-01 4.518592655658721924e-01
9.711373597383499146e-02 2.569186687469482422e-01 4.488604068756103516e-01
1.124966070055961609e-01 2.767562866210937500e-01 4.827249646186828613e-01
1.515810340642929077e-01 3.084993660449981689e-01 4.841239452362060547e-01
2.213174998760223389e-01 2.981938123703002930e-01 4.783145487308502197e-01
2.833779454231262207e-01 2.898708283901214600e-01 4.839279353618621826e-01
2.800173163414001465e-01 2.816055119037628174e-01 4.771516919136047363e-01
2.850074470043182373e-01 2.943866550922393799e-01 4.692274332046508789e-01
2.014542222023010254e-01 3.505550622940063477e-01 5.007033944129943848e-01
1.295025944709777832e-01 4.494068622589111328e-01 4.640592634677886963e-01
2.646744064986705780e-02 5.562567114830017090e-01 3.772830069065093994e-01
6.950340233743190765e-03 5.676894783973693848e-01 2.427538931369781494e-01
-9.256215393543243408e-02 5.111601948738098145e-01 3.068449348211288452e-02
-9.852846711874008179e-02 4.769673943519592285e-01 -1.702922433614730835e-01
-3.994507342576980591e-02 4.232590794563293457e-01 -2.868873476982116699e-01
-9.103950858116149902e-02 4.018486738204956055e-01 -2.526407539844512939e-01
-1.323701143264770508e-01 3.979652822017669678e-01 -2.333278208971023560e-01
-1.553224027156829834e-01 4.229551255702972412e-01 -2.579414844512939453e-01
-2.562032043933868408e-01 4.449561238288879395e-01 -2.255387157201766968e-01
-3.058547377586364746e-01 3.997343480587005615e-01 -2.343789488077163696e-01
-2.888352870941162109e-01 3.617210686206817627e-01 -2.380554676055908203e-01
-2.580153942108154297e-01 3.576604127883911133e-01 -2.118737995624542236e-01
-2.719485461711883545e-01 3.700418174266815186e-01 -1.717559695243835449e-01
-2.962189614772796631e-01 3.707922995090484619e-01 -9.234343469142913818e-02
-3.132350742816925049e-01 3.528178632259368896e-01 -2.500856295228004456e-02
-3.100458979606628418e-01 3.932943046092987061e-01 5.462729930877685547e-02
-3.348591029644012451e-01 3.729190528392791748e-01 6.549721211194992065e-02
-3.218024671077728271e-01 4.101926982402801514e-01 1.403505653142929077e-01
-2.904553711414337158e-01 4.365468323230743408e-01 2.127394974231719971e-01
-2.839431762695312500e-01 4.199361801147460938e-01 2.698605358600616455e-01
-2.038467079401016235e-01 4.348308742046356201e-01 2.818731665611267090e-01
-2.305747717618942261e-01 4.399678409099578857e-01 3.526721298694610596e-01
-2.750972807407379150e-01 4.440345764160156250e-01 3.300680518150329590e-01
-3.652616441249847412e-01 4.465917646884918213e-01 2.470230609178543091e-01
-3.866546750068664551e-01 4.341903328895568848e-01 2.150396406650543213e-01
-4.522905647754669189e-01 4.494605958461761475e-01 1.380099356174468994e-01
-4.381056427955627441e-01 4.387353360652923584e-01 1.159131824970245361e-01
-4.707128107547760010e-01 4.180084168910980225e-01 4.935067147016525269e-02
-5.054496526718139648e-01 4.310425817966461182e-01 5.307632684707641602e-02
-4.613839089870452881e-01 3.817214071750640869e-01 1.244628336280584335e-02
-4.709176421165466309e-01 3.558013439178466797e-01 -2.219390496611595154e-02
-4.915080070495605469e-01 3.403400778770446777e-01 -1.691998913884162903e-02
-4.749901294708251953e-01 3.398536741733551025e-01 -9.708361700177192688e-03
-4.396767020225524902e-01 3.397421538829803467e-01 -2.831778116524219513e-02
-4.478958547115325928e-01 3.708242177963256836e-01 -2.429018169641494751e-02
-4.369076788425445557e-01 3.927353322505950928e-01 -2.115633338689804077e-02
-4.819953739643096924e-01 3.808910250663757324e-01 -2.425284683704376221e-02
-5.031364560127258301e-01 3.368398845195770264e-01 -2.324631251394748688e-02
-5.053619742393493652e-01 2.982724606990814209e-01 -3.459296002984046936e-02
-5.070067048072814941e-01 2.951245605945587158e-01 -2.438023686408996582e-02
-4.828139245510101318e-01 3.001405000686645508e-01 -3.614787012338638306e-02
-4.511802792549133301e-01 3.388990759849548340e-01 -1.280906517058610916e-02
-4.112232029438018799e-01 3.482162952423095703e-01 3.086024709045886993e-02
-4.182921350002288818e-01 2.964195907115936279e-01 2.905037440359592438e-02
-4.006102979183197021e-01 2.637275159358978271e-01 2.390123158693313599e-02
-4.080256819725036621e-01 2.892300486564636230e-01 4.414112493395805359e-02
-3.698703646659851074e-01 3.040887117385864258e-01 4.107473045587539673e-02
-3.602594137191772461e-01 3.086305558681488037e-01 5.289347842335700989e-02
-3.694451451301574707e-01 3.151355683803558350e-01 6.368050724267959595e-02
-3.689966797828674316e-01 3.347313106060028076e-01 9.466832876205444336e-02
-3.574689030647277832e-01 3.769935965538024902e-01 8.270183205604553223e-02
-2.314892411231994629e-01 4.018602967262268066e-01 7.313041388988494873e-02
1.566916704177856445e-01 3.718607127666473389e-01 -1.186712644994258881e-02
2.285220175981521606e-01 3.770280778408050537e-01 6.660655885934829712e-02
2.967368960380554199e-01 3.561582863330841064e-01 6.251830607652664185e-02
3.740792274475097656e-01 2.728028297424316406e-01 7.686223834753036499e-02
4.040896296501159668e-01 2.593697905540466309e-01 1.274716407060623169e-01
3.980594873428344727e-01 2.676743865013122559e-01 1.515671163797378540e-01
4.066387116909027100e-01 2.790276110172271729e-01 1.715607494115829468e-01
3.124498128890991211e-01 2.740292549133300781e-01 2.826388776302337646e-01
3.071377873420715332e-01 2.454265207052230835e-02 3.122091293334960938e-01
3.351918160915374756e-01 -4.946461319923400879e-02 3.302353918552398682e-01
3.670572936534881592e-01 -1.195763330906629562e-02 2.412108182907104492e-01
3.249089121818542480e-01 -1.264680027961730957e-01 1.325035393238067627e-01
3.272551596164703369e-01 -1.473718732595443726e-01 2.979368716478347778e-02
2.770187258720397949e-01 -1.532897055149078369e-01 1.206825003027915955e-01
3.054653704166412354e-01 -1.489022374153137207e-01 1.156669482588768005e-01
3.179313242435455322e-01 -1.414689123630523682e-01 1.383644789457321167e-01
3.210041224956512451e-01 -9.093511849641799927e-02 2.827626466751098633e-01
3.156490027904510498e-01 -5.180506780743598938e-02 1.918550282716751099e-01
2.627266347408294678e-01 7.775981724262237549e-02 2.431951016187667847e-01
1.831692308187484741e-01 1.372091174125671387e-01 1.506383568048477173e-01
7.985396683216094971e-02 2.763503491878509521e-01 8.162905275821685791e-02
1.917201578617095947e-01 2.949858307838439941e-01 8.538020402193069458e-02
2.416395097970962524e-01 2.944487631320953369e-01 2.462795749306678772e-02
1.982661485671997070e-01 3.107999563217163086e-01 3.755949065089225769e-02
2.705279588699340820e-01 3.557347357273101807e-01 6.695632822811603546e-03
2.711759507656097412e-01 2.904850840568542480e-01 -8.127223700284957886e-03
2.604424059391021729e-01 2.553062140941619873e-01 -1.099201943725347519e-02
2.760305106639862061e-01 2.371452003717422485e-01 -5.677052773535251617e-03
2.945062816143035889e-01 2.840490937232971191e-01 -3.687018156051635742e-02
2.301547974348068237e-01 2.939350605010986328e-01 4.820577055215835571e-02
2.372918128967285156e-01 2.771626412868499756e-01 -2.478529699146747589e-02
2.340108603239059448e-01 2.648490071296691895e-01 -9.829721599817276001e-02
2.110614478588104248e-01 2.756924331188201904e-01 -1.014545485377311707e-01
2.701567709445953369e-01 2.225283086299896240e-01 -1.518646031618118286e-01
2.273442894220352173e-01 5.789221823215484619e-02 -1.428010314702987671e-01
6.365241855382919312e-02 1.669483035802841187e-01 2.023364752531051636e-01
1.760768741369247437e-01 2.267579883337020874e-01 4.010839760303497314e-01
3.424869384616613388e-03 3.839603662490844727e-01 3.410666882991790771e-01
-1.800025850534439087e-01 3.796266913414001465e-01 3.323383033275604248e-01
-1.629052013158798218e-01 5.524217486381530762e-01 3.046942055225372314e-01
-1.572044491767883301e-01 3.994752764701843262e-01 1.521730571985244751e-01
-3.780574202537536621e-01 3.311959505081176758e-01 2.865288555622100830e-01
-4.313252866268157959e-01 3.310556411743164062e-01 2.114910334348678589e-01
-3.309709429740905762e-01 2.795650362968444824e-01 2.099426239728927612e-01
-4.347270727157592773e-01 2.189230620861053467e-01 1.956939399242401123e-01
-3.154245615005493164e-01 3.575975894927978516e-01 1.708255708217620850e-01
-2.893846035003662109e-01 3.982229232788085938e-01 2.747750580310821533e-01
-1.988399326801300049e-01 3.917802870273590088e-01 3.129295706748962402e-01
-7.526335865259170532e-02 3.687973320484161377e-01 2.878780663013458252e-01
-1.896210759878158569e-02 2.701607048511505127e-01 4.411618411540985107e-01
6.065426394343376160e-02 1.768771857023239136e-01 4.524028897285461426e-01
2.067676931619644165e-01 1.059710830450057983e-01 4.809478521347045898e-01
3.260490298271179199e-01 1.008095517754554749e-01 4.055886864662170410e-01
3.520940244197845459e-01 5.205091089010238647e-02 4.345183372497558594e-01
3.129821717739105225e-01 -2.494239888619631529e-04 4.268037676811218262e-01
3.601788878440856934e-01 -5.006730929017066956e-02 4.332357347011566162e-01
3.897636234760284424e-01 1.240957714617252350e-02 4.875269532203674316e-01
3.351579010486602783e-01 7.768335938453674316e-02 5.134242773056030273e-01
2.716609537601470947e-01 1.443071961402893066e-01 4.798250496387481689e-01
2.817462086677551270e-01 2.010638415813446045e-01 4.499719142913818359e-01
2.445553988218307495e-01 2.797245681285858154e-01 4.192852973937988281e-01
1.546125411987304688e-01 3.414675593376159668e-01 4.254893660545349121e-01
1.091227233409881592e-01 5.072963237762451172e-01 3.212040662765502930e-01
1.140309795737266541e-01 5.049601793289184570e-01 2.295503765344619751e-01
-1.789748668670654297e-02 4.671187996864318848e-01 9.636017680168151855e-02
7.588645070791244507e-02 3.824852705001831055e-01 -1.898576468229293823e-01
1.188776642084121704e-01 3.096365928649902344e-01 -3.135908246040344238e-01
5.784701183438301086e-02 2.580393850803375244e-01 -4.110500216484069824e-01
7.974964380264282227e-02 2.184656411409378052e-01 -4.913380444049835205e-01
5.982546508312225342e-02 2.010741531848907471e-01 -5.463958382606506348e-01
1.280819475650787354e-01 1.379006952047348022e-01 -5.552321672439575195e-01
1.749173551797866821e-01 1.348314136266708374e-01 -5.595730543136596680e-01
1.217292174696922302e-01 1.606537848711013794e-01 -5.448766946792602539e-01
1.276800185441970825e-01 2.314285933971405029e-01 -5.646779537200927734e-01
1.337473392486572266e-01 2.468095123767852783e-01 -5.575788617134094238e-01
1.324184983968734741e-02 2.564981281757354736e-01 -6.007987856864929199e-01
6.699043326079845428e-03 2.596604824066162109e-01 -5.950148105621337891e-01
2.546900138258934021e-02 1.923559904098510742e-01 -6.214647889137268066e-01
-5.935986060649156570e-03 2.177492082118988037e-01 -6.162024736404418945e-01
9.773560613393783569e-02 8.547728508710861206e-02 -6.031477451324462891e-01
1.003073528409004211e-01 1.659635007381439209e-01 -4.162353277206420898e-01
-2.374599874019622803e-01 9.394716471433639526e-02 -2.067407667636871338e-01
