1.731293350458145142e-01 -6.955277919769287109e-02 -5.865387246012687683e-02
2.622101902961730957e-01 -1.727729588747024536e-01 -1.003761887550354004e-01
2.838540077209472656e-01 -2.363175898790359497e-01 -1.497628241777420044e-01
1.950319260358810425e-01 -1.762256622314453125e-01 -1.709029078483581543e-01
7.293853908777236938e-02 -5.494098365306854248e-02 -1.061081960797309875e-01
-8.819658309221267700e-02 1.263870298862457275e-01 9.037956595420837402e-02
-1.908640712499618530e-01 3.465214967727661133e-01 2.432114779949188232e-01
-2.351268827915191650e-01 4.907974600791931152e-01 2.954300343990325928e-01
-1.945703476667404175e-01 6.105601787567138672e-01 7.419972121715545654e-02
-5.265516415238380432e-02 4.792877435684204102e-01 -4.889671877026557922e-02
-1.202053129673004150e-01 2.002287209033966064e-01 1.811518371105194092e-01
-1.727653592824935913e-01 -2.182569950819015503e-01 2.898303568363189697e-01
-1.780759543180465698e-01 -4.403632283210754395e-01 4.073444306850433350e-01
-1.610620021820068359e-01 -3.130673766136169434e-01 2.436660826206207275e-01
-5.689381435513496399e-02 -2.708693742752075195e-01 1.177120953798294067e-01
-1.364119499921798706e-01 -1.027771830558776855e-01 1.668871790170669556e-01
-8.017238974571228027e-02 -3.624442592263221741e-02 1.327751278877258301e-01
2.405011095106601715e-02 6.108202412724494934e-02 9.723028540611267090e-02
1.255581527948379517e-01 7.806828618049621582e-02 7.320845127105712891e-02
7.095801085233688354e-02 1.179626360535621643e-01 6.172421947121620178e-02
-1.547695994377136230e-01 1.201503723859786987e-01 4.872554913163185120e-02
-1.918098777532577515e-01 9.645467996597290039e-02 -3.155378997325897217e-02
-1.616313755512237549e-01 3.366246074438095093e-02 -1.852819621562957764e-01
6.258685886859893799e-02 -1.238645613193511963e-01 -2.839123904705047607e-01
2.560158073902130127e-01 -2.963743209838867188e-01 -4.409036338329315186e-01
2.996021509170532227e-01 -3.726712465286254883e-01 -4.911301434040069580e-01
3.246647715568542480e-01 -3.235876858234405518e-01 -4.228255748748779297e-01
2.581501603126525879e-01 -2.939166426658630371e-01 -2.736506760120391846e-01
2.013145834207534790e-01 -2.579491734504699707e-01 5.931420251727104187e-03
1.273667812347412109e-01 -3.216353952884674072e-01 7.899628579616546631e-02
-1.582893729209899902e-02 -3.529621362686157227e-01 -5.164263024926185608e-02
-5.224670097231864929e-02 -3.078227937221527100e-01 -1.384087204933166504e-01
-1.060415133833885193e-01 -2.474014461040496826e-01 -9.850752353668212891e-02
-9.411799907684326172e-02 -1.493422836065292358e-01 4.094014689326286316e-02
-1.138508599251508713e-02 -3.716325759887695312e-02 1.101977825164794922e-01
3.101945854723453522e-02 1.389983855187892914e-02 1.797473579645156860e-01
-4.237670823931694031e-02 7.900235801935195923e-02 2.422080934047698975e-01
-2.054428756237030029e-01 1.429937630891799927e-01 2.641600370407104492e-01
-3.245718479156494141e-01 1.888061761856079102e-01 1.901143193244934082e-01
-2.635404765605926514e-01 2.486793100833892822e-01 1.028218716382980347e-01
-1.571834981441497803e-01 2.625560164451599121e-01 7.150770723819732666e-02
-9.176375716924667358e-02 2.118538171052932739e-01 1.463125497102737427e-01
1.726186648011207581e-02 2.669391036033630371e-01 1.935105174779891968e-01
-1.965294629335403442e-01 2.175472229719161987e-01 1.779111474752426147e-01
-2.688139677047729492e-01 9.606520831584930420e-02 1.093878373503684998e-01
-3.114797472953796387e-01 -7.473258674144744873e-02 -7.843802869319915771e-02
-2.736938297748565674e-01 -2.555126845836639404e-01 -1.638569980859756470e-01
5.713016912341117859e-02 -2.601792514324188232e-01 -3.204093873500823975e-01
1.794818788766860962e-01 -1.626825928688049316e-01 -2.834589183330535889e-01
2.063493728637695312e-01 -1.636022627353668213e-01 -1.692363321781158447e-01
1.819097064435482025e-02 -1.958500742912292480e-01 -1.135978996753692627e-01
-8.673061430454254150e-02 -1.582812666893005371e-01 -4.446304962038993835e-02
-2.032491937279701233e-02 -1.180179640650749207e-01 -1.068290770053863525e-01
3.022794425487518311e-02 -1.679115369915962219e-02 -7.910735160112380981e-02
4.082945361733436584e-02 7.044746540486812592e-03 -2.380825951695442200e-02
-3.847472369670867920e-02 4.462588578462600708e-02 2.107943780720233917e-02
-4.486718773841857910e-02 9.247320145368576050e-02 -1.402069348841905594e-02
8.725549280643463135e-02 1.131857708096504211e-01 -9.547973424196243286e-02
1.232174783945083618e-01 4.503479227423667908e-02 -1.270706504583358765e-01
2.995471097528934479e-02 -5.327664315700531006e-02 -7.469105720520019531e-02
-1.192533895373344421e-01 -9.516987204551696777e-02 3.148636966943740845e-02
-1.566774249076843262e-01 -8.965352177619934082e-02 1.078454032540321350e-01
-7.276945561170578003e-02 4.441359546035528183e-03 7.566785812377929688e-02
2.885768748819828033e-02 9.449725598096847534e-02 7.142629474401473999e-02
1.343059837818145752e-01 1.715073734521865845e-01 1.405539512634277344e-01
3.083878383040428162e-02 1.698046028614044189e-01 1.796874701976776123e-01
1.060321647673845291e-02 1.260691732168197632e-01 2.256481498479843140e-01
-3.970853984355926514e-02 6.161438673734664917e-02 1.695911437273025513e-01
-3.890169784426689148e-02 7.345671951770782471e-02 5.316945165395736694e-02
7.026129215955734253e-02 1.149964258074760437e-01 2.799553982913494110e-02
5.629845336079597473e-02 6.742526590824127197e-02 2.349041961133480072e-02
5.059129744768142700e-02 5.250393599271774292e-02 2.866148389875888824e-02
8.154663257300853729e-03 1.996039226651191711e-02 -4.482222720980644226e-02
2.403178811073303223e-02 1.749361306428909302e-01 -2.219078689813613892e-01
2.444666326045989990e-01 5.095317363739013672e-01 -3.091416060924530029e-01
2.924412190914154053e-01 6.272751688957214355e-01 -2.126675695180892944e-01
2.100137174129486084e-01 6.189894676208496094e-01 1.182373613119125366e-02
1.524200290441513062e-01 4.653827548027038574e-01 3.040364980697631836e-01
1.386870592832565308e-01 1.868408471345901489e-01 3.895649611949920654e-01
3.256239891052246094e-01 8.315768837928771973e-02 3.355114161968231201e-01
2.925167083740234375e-01 9.830036014318466187e-02 2.547115087509155273e-01
-5.985763296484947205e-02 -1.706114411354064941e-01 2.059265226125717163e-01
-1.825540363788604736e-01 -5.210140347480773926e-01 2.754418253898620605e-01
-2.137614041566848755e-01 -6.103836297988891602e-01 2.992394566535949707e-01
-3.870793431997299194e-02 -5.903053283691406250e-01 1.698759049177169800e-01
2.150924354791641235e-01 -3.706994056701660156e-01 -6.553526967763900757e-02
2.601257264614105225e-01 -1.149168461561203003e-01 -2.198078483343124390e-01
2.993809878826141357e-01 -5.580663681030273438e-02 -1.327720880508422852e-01
2.085240185260772705e-01 2.732900157570838928e-02 6.432293355464935303e-02
1.650822609663009644e-01 5.951721966266632080e-02 1.905572563409805298e-01
-3.310205787420272827e-02 9.435359388589859009e-02 2.125732451677322388e-01
-8.851147443056106567e-02 1.015887036919593811e-01 7.178324274718761444e-03
-1.154652312397956848e-01 1.019606068730354309e-01 -1.345149427652359009e-01
-1.353107690811157227e-01 1.221742331981658936e-01 -3.291255235671997070e-01
-1.059060096740722656e-01 2.394417673349380493e-01 -5.007930994033813477e-01
-1.887531131505966187e-01 4.233819544315338135e-01 -4.840455949306488037e-01
-2.087057083845138550e-01 4.667958617210388184e-01 -4.342344403266906738e-01
-1.391072422266006470e-01 4.399678707122802734e-01 -2.645989358425140381e-01
3.289342299103736877e-02 3.001115918159484863e-01 -2.806564606726169586e-02
1.203245520591735840e-01 1.468471586704254150e-01 8.596912957727909088e-03
1.256008446216583252e-01 9.095221757888793945e-02 2.562658488750457764e-02
3.175000473856925964e-02 1.847716793417930603e-02 5.024952068924903870e-02
-2.517596073448657990e-02 2.312952466309070587e-02 2.413478505332022905e-04
-1.333111524581909180e-01 6.489235907793045044e-02 -2.513548126444220543e-03
-1.258691996335983276e-01 4.604912549257278442e-02 -6.979878991842269897e-02
7.785453461110591888e-03 -8.378431200981140137e-03 -1.531081795692443848e-01
3.477818891406059265e-02 -9.701129049062728882e-02 -1.439864635467529297e-01
1.270249933004379272e-01 -1.205494999885559082e-01 -8.422042429447174072e-02
1.018727850168943405e-02 -2.456352710723876953e-01 5.078884214162826538e-02
-1.619596183300018311e-01 -4.148270785808563232e-01 2.960659265518188477e-01
-1.986624002456665039e-01 -5.179754495620727539e-01 5.001566410064697266e-01
-2.852579057216644287e-01 -4.786674380302429199e-01 3.975534737110137939e-01
-3.607312142848968506e-01 -3.586139380931854248e-01 1.522814631462097168e-01
-4.046663641929626465e-01 -1.275923550128936768e-01 -2.030476331710815430e-01
-5.885802209377288818e-02 -9.143169969320297241e-02 -3.217646181583404541e-01
1.772604882717132568e-01 -1.573291718959808350e-01 -9.258646517992019653e-02
2.928806841373443604e-01 -1.827705055475234985e-01 -6.633242219686508179e-02
2.274377793073654175e-01 -2.999990880489349365e-01 3.535577282309532166e-02
-2.731412835419178009e-02 -1.720609068870544434e-01 1.123488647863268852e-03
1.798310875892639160e-02 -6.850223988294601440e-02 4.303824156522750854e-02
-7.693787105381488800e-03 1.219645515084266663e-01 1.684086620807647705e-01
4.789232835173606873e-02 3.047738671302795410e-01 1.323533654212951660e-01
-7.151640951633453369e-02 2.460377514362335205e-01 1.960259377956390381e-01
-1.013232097029685974e-01 1.720233559608459473e-01 2.494373321533203125e-01
5.691417679190635681e-02 1.055455431342124939e-01 3.575366735458374023e-01
6.513146311044692993e-02 8.965619653463363647e-02 4.160152971744537354e-01
2.527099847793579102e-01 1.223937571048736572e-01 4.032865762710571289e-01
3.195866644382476807e-01 9.160248935222625732e-02 3.378338515758514404e-01
2.159060686826705933e-01 7.394290715456008911e-02 1.688767373561859131e-01
2.060792893171310425e-01 7.850898802280426025e-02 5.473764240741729736e-02
1.353185810148715973e-02 1.260233223438262939e-01 6.775659974664449692e-03
-7.334392517805099487e-03 8.854691684246063232e-02 2.025857567787170410e-02
1.171307638287544250e-01 8.875349909067153931e-02 3.046830557286739349e-02
1.671821475028991699e-01 9.100053459405899048e-02 -4.380036517977714539e-02
1.216147318482398987e-01 3.926738724112510681e-02 -1.922160983085632324e-01
-1.465094089508056641e-01 -2.068308967864140868e-04 -2.852072715759277344e-01
-2.955107986927032471e-01 -4.137526452541351318e-02 -3.543399274349212646e-01
-2.431204617023468018e-01 -9.783539921045303345e-02 -3.477823138236999512e-01
-8.277720771729946136e-03 -2.652298212051391602e-01 -3.291066288948059082e-01
3.530147671699523926e-01 -3.923530578613281250e-01 -3.497638702392578125e-01
4.690067172050476074e-01 -4.520077109336853027e-01 -2.583793401718139648e-01
3.858623802661895752e-01 -4.130701422691345215e-01 -2.914041876792907715e-01
2.665637135505676270e-01 -2.684406638145446777e-01 -2.247323095798492432e-01
-1.647780463099479675e-02 -2.635594904422760010e-01 -1.946068555116653442e-01
-7.542913407087326050e-02 -2.213398665189743042e-01 -1.372883319854736328e-01
-5.982636287808418274e-02 -1.345939636230468750e-01 -1.712903007864952087e-02
-1.104791983962059021e-01 -1.024204194545745850e-01 7.730673998594284058e-02
-2.631970643997192383e-01 -5.864348262548446655e-02 6.134449504315853119e-03
-3.983485996723175049e-01 -6.186877144500613213e-04 -1.313526183366775513e-01
-3.431522250175476074e-01 2.531302906572818756e-02 -2.411426156759262085e-01
-2.346874326467514038e-01 7.094145566225051880e-02 -2.495442628860473633e-01
-3.024416603147983551e-02 2.622248604893684387e-02 -1.784181743860244751e-01
-1.258618105202913284e-02 6.413146108388900757e-02 -1.531342267990112305e-01
-6.698989868164062500e-02 2.191598862409591675e-01 -6.469978392124176025e-02
-1.223417446017265320e-01 3.761727511882781982e-01 3.021505847573280334e-02
-1.336678266525268555e-01 3.817976117134094238e-01 1.629040241241455078e-01
-8.782294392585754395e-02 2.547301948070526123e-01 1.910890787839889526e-01
-4.658209159970283508e-02 8.778170496225357056e-02 1.453455686569213867e-01
