4.167859269056960886e-02
0.000000000000000000e+00
0.000000000000000000e+00
0.000000000000000000e+00
5.291273567242028852e-02
1.214168083834168271e-02
0.000000000000000000e+00
0.000000000000000000e+00
0.000000000000000000e+00
2.958993061670720306e-02
7.503240203588336377e-02
6.053531403250280579e-02
1.569474049204576740e-02
0.000000000000000000e+00
0.000000000000000000e+00
0.000000000000000000e+00
1.815456578201737154e-03
0.000000000000000000e+00
0.000000000000000000e+00
0.000000000000000000e+00
0.000000000000000000e+00
0.000000000000000000e+00
0.000000000000000000e+00
0.000000000000000000e+00
0.000000000000000000e+00
0.000000000000000000e+00
0.000000000000000000e+00
0.000000000000000000e+00
2.467052425568353954e-02
4.856062369511505994e-02
4.009884516548414823e-02
6.309954000319857419e-03
0.000000000000000000e+00
0.000000000000000000e+00
0.000000000000000000e+00
0.000000000000000000e+00
3.490208170346279469e-03
1.375016478962331340e-03
0.000000000000000000e+00
0.000000000000000000e+00
0.000000000000000000e+00
0.000000000000000000e+00
0.000000000000000000e+00
0.000000000000000000e+00
6.349416812197884452e-01
8.306176276704408945e-01
5.768739464279518669e-01
0.000000000000000000e+00
0.000000000000000000e+00
0.000000000000000000e+00
0.000000000000000000e+00
2.011078840100616674e-02
0.000000000000000000e+00
0.000000000000000000e+00
0.000000000000000000e+00
7.614208047352979090e-03
3.988456922992333203e-02
4.924367784668318843e-02
4.778428954576491305e-02
3.189686032622252726e-02
5.575564450396256616e-03
0.000000000000000000e+00
0.000000000000000000e+00
0.000000000000000000e+00
0.000000000000000000e+00
0.000000000000000000e+00
0.000000000000000000e+00
0.000000000000000000e+00
0.000000000000000000e+00
0.000000000000000000e+00
0.000000000000000000e+00
0.000000000000000000e+00
0.000000000000000000e+00
6.551829581153855407e-03
0.000000000000000000e+00
0.000000000000000000e+00
0.000000000000000000e+00
0.000000000000000000e+00
1.617240943967062543e-03
3.299292937384222871e-03
1.428227129735509674e-03
0.000000000000000000e+00
0.000000000000000000e+00
6.835106083581675733e-04
3.246605612867146853e-03
0.000000000000000000e+00
0.000000000000000000e+00
0.000000000000000000e+00
0.000000000000000000e+00
0.000000000000000000e+00
0.000000000000000000e+00
0.000000000000000000e+00
0.000000000000000000e+00
0.000000000000000000e+00
0.000000000000000000e+00
0.000000000000000000e+00
0.000000000000000000e+00
0.000000000000000000e+00
0.000000000000000000e+00
7.635146912333222631e-03
2.025668303910303780e-02
2.547089361702919302e-02
5.814411425891467117e-02
0.000000000000000000e+00
0.000000000000000000e+00
0.000000000000000000e+00
0.000000000000000000e+00
1.876764016514595457e-01
