1.452812552452087402e-01 -2.182486653327941895e-02 -8.088532835245132446e-02
1.478402763605117798e-01 2.333190664649009705e-02 -5.593401938676834106e-02
2.391859330236911774e-02 6.133435666561126709e-02 7.193712145090103149e-02
-2.486895024776458740e-01 1.382276564836502075e-01 2.552962601184844971e-01
-4.153693020343780518e-01 1.853019297122955322e-01 3.974308371543884277e-01
-3.964484930038452148e-01 2.363728731870651245e-01 4.542767703533172607e-01
-1.252484768629074097e-01 1.254842132329940796e-01 4.715547859668731689e-01
1.669553518295288086e-01 -1.336743682622909546e-01 3.333544731140136719e-01
1.670328229665756226e-01 -2.550099492073059082e-01 -1.233163997530937195e-01
-1.093186065554618835e-01 -7.939752191305160522e-02 -5.539252758026123047e-01
-3.050545156002044678e-01 2.333042472600936890e-01 -6.355878710746765137e-01
-1.480990052223205566e-01 3.079048097133636475e-01 -5.057893991470336914e-01
2.662255465984344482e-01 8.700681477785110474e-02 -1.376535594463348389e-01
4.378045201301574707e-01 -2.313340008258819580e-01 1.837471127510070801e-01
3.770941197872161865e-01 -2.636840939521789551e-01 1.992945075035095215e-01
6.575976312160491943e-02 -1.340692341327667236e-01 1.017901375889778137e-01
-1.932601928710937500e-01 -1.373704969882965088e-01 5.129788070917129517e-02
-2.105529010295867920e-01 -1.880629956722259521e-01 3.759900480508804321e-02
-1.590305566787719727e-01 -2.264740318059921265e-01 -4.279170185327529907e-03
-6.350089609622955322e-02 -1.150695607066154480e-01 -2.671414241194725037e-02
5.864747986197471619e-02 3.527408465743064880e-02 4.550976678729057312e-02
1.879687160253524780e-01 8.289271593093872070e-02 1.240305900573730469e-01
3.479700982570648193e-01 7.375549059361219406e-03 5.061464384198188782e-02
4.318682551383972168e-01 -2.020766139030456543e-01 -2.471558898687362671e-01
3.455889523029327393e-01 -2.983371019363403320e-01 -4.585307836532592773e-01
4.900292260572314262e-04 -2.772788405418395996e-01 -4.775159060955047607e-01
-3.722131252288818359e-01 -4.965119436383247375e-02 -1.793226897716522217e-01
-5.010116696357727051e-01 2.627434134483337402e-01 2.333144098520278931e-01
-4.072454869747161865e-01 3.319704532623291016e-01 3.287746012210845947e-01
-1.405601948499679565e-01 2.471628934144973755e-01 1.867506653070449829e-01
9.897949546575546265e-02 8.604204654693603516e-02 -4.703459888696670532e-02
1.963691860437393188e-01 1.476611476391553879e-02 -1.185215041041374207e-01
1.403076350688934326e-01 1.240653619170188904e-01 -5.798822641372680664e-02
4.450680688023567200e-02 2.335909456014633179e-01 4.870575293898582458e-02
3.059093840420246124e-03 1.990836560726165771e-01 1.539560109376907349e-01
-4.873536992818117142e-03 -2.747436240315437317e-02 2.705302834510803223e-01
5.958382040262222290e-02 -1.594752222299575806e-01 3.095659613609313965e-01
1.388014554977416992e-01 -5.065618455410003662e-02 2.292915135622024536e-01
1.300995349884033203e-01 1.465969532728195190e-01 1.044685542583465576e-01
1.048358529806137085e-01 1.673736870288848877e-01 6.315936893224716187e-02
-3.121445421129465103e-03 1.689456636086106300e-03 6.073047593235969543e-02
-1.280079185962677002e-01 -2.582852542400360107e-01 -9.536632569506764412e-04
-1.364472657442092896e-01 -2.932995557785034180e-01 -2.307808697223663330e-01
-1.498793810606002808e-01 -1.274144351482391357e-01 -3.696379065513610840e-01
-9.527062624692916870e-02 -4.130517691373825073e-02 -3.138890862464904785e-01
-2.432450279593467712e-02 6.151596456766128540e-02 -1.179561987519264221e-01
-1.934727095067501068e-02 6.050619482994079590e-02 1.054087877273559570e-01
-3.287420049309730530e-02 9.429722093045711517e-03 1.307180076837539673e-01
-1.190869212150573730e-01 3.207668662071228027e-02 6.552145630121231079e-02
-2.029242664575576782e-01 5.075990781188011169e-02 1.094321087002754211e-01
-1.531282812356948853e-01 1.819812059402465820e-01 1.553364247083663940e-01
6.784909963607788086e-02 2.321899384260177612e-01 1.824348419904708862e-01
2.550297677516937256e-01 5.130657553672790527e-02 2.256995290517807007e-01
3.033238947391510010e-01 -2.704060077667236328e-01 2.726750373840332031e-01
2.545771598815917969e-01 -4.952003955841064453e-01 3.034525513648986816e-01
3.689726814627647400e-02 -4.147157669067382812e-01 2.156735509634017944e-01
-1.970175951719284058e-01 1.220602765679359436e-01 -1.325352042913436890e-01
-3.581303060054779053e-01 5.354929566383361816e-01 -4.160017967224121094e-01
-4.375466406345367432e-01 5.839456915855407715e-01 -4.899560213088989258e-01
-3.517689704895019531e-01 3.110121786594390869e-01 -4.523454904556274414e-01
-1.498766690492630005e-01 -2.102277427911758423e-01 -2.715517580509185791e-01
4.281649366021156311e-02 -4.425337910652160645e-01 -4.310308769345283508e-02
1.801035255193710327e-01 -3.571295738220214844e-01 1.117431297898292542e-01
1.914226859807968140e-01 -1.256519407033920288e-01 1.915265321731567383e-01
2.112182676792144775e-01 1.950537227094173431e-02 1.922834962606430054e-01
2.285711169242858887e-01 2.006320655345916748e-02 1.767872869968414307e-01
2.209856659173965454e-01 -4.861796647310256958e-02 4.863360896706581116e-02
2.196166664361953735e-01 7.325240876525640488e-03 -5.828747153282165527e-02
2.588869333267211914e-01 7.578784972429275513e-02 -3.946681320667266846e-02
2.942845821380615234e-01 -2.958499267697334290e-02 8.113197982311248779e-02
1.808465570211410522e-01 -2.537426352500915527e-01 2.643888592720031738e-01
-7.082409411668777466e-02 -4.292239546775817871e-01 2.881514430046081543e-01
-2.683532834053039551e-01 -3.649629950523376465e-01 1.112609878182411194e-01
-3.285556435585021973e-01 1.153493113815784454e-02 -2.365654259920120239e-01
-1.693514734506607056e-01 3.442882597446441650e-01 -4.585713446140289307e-01
5.401420593261718750e-02 4.964733421802520752e-01 -5.095525979995727539e-01
1.282035559415817261e-01 4.756696224212646484e-01 -4.382147490978240967e-01
6.063053756952285767e-02 3.025436997413635254e-01 -1.810322105884552002e-01
-3.412004187703132629e-02 1.074386239051818848e-01 1.362793892621994019e-01
-2.802899666130542755e-02 -1.831524968147277832e-01 3.172253966331481934e-01
1.115802302956581116e-02 -2.958346903324127197e-01 3.106067478656768799e-01
2.930560149252414703e-02 -3.301900625228881836e-01 1.748817861080169678e-01
4.669313132762908936e-02 -2.699655592441558838e-01 -2.051066979765892029e-02
7.695069909095764160e-02 5.426878109574317932e-03 -7.439637184143066406e-02
6.370386481285095215e-02 2.497262656688690186e-01 9.224070608615875244e-02
-2.159809134900569916e-02 3.324311673641204834e-01 3.283899426460266113e-01
-2.417894005775451660e-01 1.307016611099243164e-01 4.610184133052825928e-01
-3.576295375823974609e-01 -2.553306221961975098e-01 4.224154651165008545e-01
-2.484408617019653320e-01 -4.437482357025146484e-01 1.716314554214477539e-01
-8.121240139007568359e-02 -3.360811769962310791e-01 -2.222549617290496826e-01
2.217852026224136353e-01 1.041221916675567627e-01 -3.932251930236816406e-01
2.756371200084686279e-01 4.474816024303436279e-01 -4.190459847450256348e-01
2.075064778327941895e-01 4.797095060348510742e-01 -4.846735894680023193e-01
5.803413316607475281e-02 2.905123531818389893e-01 -5.063573718070983887e-01
-1.379241049289703369e-01 -8.255255222320556641e-02 -4.259122312068939209e-01
-1.396750807762145996e-01 -3.087392449378967285e-01 -8.934489451348781586e-03
-7.629426568746566772e-02 -2.551167607307434082e-01 4.406321048736572266e-01
4.360126703977584839e-02 -1.040055975317955017e-01 5.194010734558105469e-01
1.373874992132186890e-01 9.275279939174652100e-02 4.294342696666717529e-01
9.347070008516311646e-02 1.935099214315414429e-01 9.692567586898803711e-02
8.219295740127563477e-02 1.280648708343505859e-01 -1.193498969078063965e-01
6.526652723550796509e-02 3.057942911982536316e-02 -1.655443012714385986e-01
3.185626491904258728e-02 -6.161331757903099060e-02 -7.777011394500732422e-02
4.342143610119819641e-02 -1.316710114479064941e-01 -2.343522384762763977e-02
-2.753915078938007355e-02 -1.031451523303985596e-01 -4.863612353801727295e-02
-3.264217451214790344e-02 -1.303744763135910034e-01 -3.575103729963302612e-02
-1.239799894392490387e-02 -1.488814800977706909e-01 -4.219960421323776245e-02
-2.426463924348354340e-02 -9.621405601501464844e-02 -5.686847493052482605e-03
