-1.282707601785659790e-01 -1.106632947921752930e-01 -1.233351230621337891e-01
-1.249955743551254272e-01 -1.422296911478042603e-01 -2.325678020715713501e-01
-1.216122731566429138e-01 -2.145271599292755127e-01 -2.940599322319030762e-01
-7.584683597087860107e-02 -1.516884863376617432e-01 -2.364061623811721802e-01
6.182441487908363342e-02 -1.745925168506801128e-03 -2.551391720771789551e-02
5.417004972696304321e-02 1.418902277946472168e-01 2.184855341911315918e-01
-5.596525222063064575e-02 3.045655190944671631e-01 3.622151017189025879e-01
-2.632691860198974609e-01 4.950239062309265137e-01 3.548927903175354004e-01
-2.934761345386505127e-01 6.368354558944702148e-01 9.433740377426147461e-02
-8.208554983139038086e-02 5.892999172210693359e-01 -6.905224174261093140e-02
3.652520477771759033e-02 2.422704249620437622e-01 1.983093023300170898e-01
-1.630517654120922089e-02 -2.777266204357147217e-01 5.122215151786804199e-01
-1.465363502502441406e-01 -4.227629899978637695e-01 5.763610005378723145e-01
-2.114965617656707764e-01 -2.768087983131408691e-01 3.443206846714019775e-01
-1.152985244989395142e-01 -1.255776137113571167e-01 3.570803254842758179e-02
-4.721884056925773621e-02 -8.282636106014251709e-02 -7.093131542205810547e-02
-7.578232139348983765e-02 -6.961285322904586792e-02 -2.372252009809017181e-02
-2.805116027593612671e-02 1.718563400208950043e-02 8.625183999538421631e-02
1.295791715383529663e-01 4.156448692083358765e-02 6.597436964511871338e-02
1.678758263587951660e-01 3.480011969804763794e-02 4.189655557274818420e-02
1.508402228355407715e-01 -1.442240457981824875e-02 -8.588429540395736694e-03
1.279908139258623123e-02 -2.237784676253795624e-03 1.387113425880670547e-02
-1.348135024309158325e-01 1.021152585744857788e-01 -4.884627182036638260e-03
-1.701214462518692017e-01 1.887238323688507080e-01 -1.583342999219894409e-01
1.930290088057518005e-02 1.907787285745143890e-02 -4.177978932857513428e-01
2.802154719829559326e-01 -2.717504799365997314e-01 -5.646969676017761230e-01
3.561094105243682861e-01 -4.101480841636657715e-01 -5.497396588325500488e-01
3.955264091491699219e-01 -4.226025044918060303e-01 -3.854115903377532959e-01
2.918416559696197510e-01 -2.223574072122573853e-01 -1.027195379137992859e-01
1.115234866738319397e-01 -1.299034953117370605e-01 1.556359827518463135e-01
4.214291274547576904e-02 -1.989290714263916016e-01 1.437557339668273926e-01
-2.917732857167720795e-02 -2.762739956378936768e-01 -4.432986676692962646e-02
-2.454119361937046051e-02 -2.921896278858184814e-01 -1.243434324860572815e-01
-1.064429432153701782e-01 -2.974647283554077148e-01 -2.350484766066074371e-02
-1.846031099557876587e-01 -2.775927782058715820e-01 1.133083254098892212e-01
-2.395330071449279785e-01 -1.915675550699234009e-01 1.520910710096359253e-01
-2.705247998237609863e-01 -9.969227015972137451e-03 8.336782455444335938e-02
-1.983901560306549072e-01 1.800060123205184937e-01 -4.111443459987640381e-02
-2.375126779079437256e-01 2.341604977846145630e-01 -6.698141992092132568e-02
-3.618863821029663086e-01 1.517420411109924316e-01 -2.768525294959545135e-02
-2.409515976905822754e-01 1.506221592426300049e-01 1.353193968534469604e-01
-8.968356251716613770e-02 2.513132691383361816e-01 1.474247425794601440e-01
-5.424847081303596497e-02 2.320129126310348511e-01 1.876021027565002441e-01
-8.820246905088424683e-02 9.572398662567138672e-02 8.020767569541931152e-02
-1.350342929363250732e-01 -2.297554761171340942e-01 -1.460280548781156540e-02
-2.868707105517387390e-02 -3.200582563877105713e-01 4.187572002410888672e-02
1.706878542900085449e-01 -1.357903778553009033e-01 -2.679242752492427826e-02
2.491966485977172852e-01 -2.764832042157649994e-02 2.466221712529659271e-02
2.138487547636032104e-01 -1.560631394386291504e-02 -1.109223738312721252e-01
2.623271048069000244e-01 -4.552807286381721497e-02 -1.634671986103057861e-01
2.898498773574829102e-01 -2.639800868928432465e-02 2.259566448628902435e-02
1.085700392723083496e-01 7.943382114171981812e-02 2.238647490739822388e-01
-1.135923787951469421e-01 1.404218673706054688e-01 3.604312539100646973e-01
-2.916229367256164551e-01 1.954239606857299805e-01 1.496712714433670044e-01
-2.416693717241287231e-01 3.908582329750061035e-01 -1.138612329959869385e-01
1.419415175914764404e-01 5.541135072708129883e-01 -2.742118537425994873e-01
2.811955809593200684e-01 6.011757254600524902e-01 -3.341434299945831299e-01
1.735592186450958252e-01 5.098088383674621582e-01 -1.312204152345657349e-01
-5.082335695624351501e-02 1.345937401056289673e-01 2.327288538217544556e-01
-1.638121157884597778e-01 -2.492446154356002808e-01 5.002184510231018066e-01
-1.079882010817527771e-01 -3.758512735366821289e-01 5.609785318374633789e-01
9.994399733841419220e-03 -3.550717532634735107e-01 4.436476528644561768e-01
1.096919104456901550e-01 -2.659744620323181152e-01 2.849406599998474121e-01
1.846304833889007568e-01 -1.931098103523254395e-01 1.854247450828552246e-01
1.079689413309097290e-01 -9.064438194036483765e-02 1.492303162813186646e-01
1.352477073669433594e-02 2.112450264394283295e-02 7.798284292221069336e-02
-9.195788949728012085e-02 6.758178770542144775e-02 -7.947789877653121948e-02
-7.345900684595108032e-02 1.054875180125236511e-01 -1.922527998685836792e-01
-4.915039986371994019e-02 -1.103962212800979614e-02 -2.852235138416290283e-01
-1.491537094116210938e-01 -3.945749998092651367e-02 -2.811137735843658447e-01
-1.869890838861465454e-01 7.560104876756668091e-02 -3.415178060531616211e-01
-5.431130528450012207e-02 2.715560495853424072e-01 -4.465176463127136230e-01
1.339625567197799683e-01 4.320037364959716797e-01 -4.388853907585144043e-01
2.776180207729339600e-01 4.031170308589935303e-01 -3.425901234149932861e-01
3.329582214355468750e-01 2.124779671430587769e-01 -1.776684075593948364e-01
1.682509928941726685e-01 -1.397524625062942505e-01 -1.254243999719619751e-01
6.802556570619344711e-03 -3.959648907184600830e-01 -2.002746611833572388e-01
-2.179709225893020630e-01 -5.198920965194702148e-01 -1.644321382045745850e-01
-2.733090221881866455e-01 -4.965214431285858154e-01 -7.390307635068893433e-02
-2.338477820158004761e-01 -3.865484297275543213e-01 -2.441801689565181732e-02
-3.131121695041656494e-01 -2.183777987957000732e-01 2.614034339785575867e-02
-1.626484245061874390e-01 -4.316737875342369080e-02 1.203373540192842484e-03
1.150399446487426758e-02 -7.368671149015426636e-02 -4.355874657630920410e-02
2.489304393529891968e-01 -1.516971737146377563e-01 -9.868947416543960571e-02
3.058799505233764648e-01 -2.242467105388641357e-01 -1.191240102052688599e-01
1.047732308506965637e-01 -1.493907570838928223e-01 -8.461060374975204468e-02
-1.714403480291366577e-01 7.441355288028717041e-02 3.319336101412773132e-02
-1.959816068410873413e-01 3.943898677825927734e-01 1.691656857728958130e-01
1.352753490209579468e-01 5.455694198608398438e-01 1.860105693340301514e-01
4.219994246959686279e-01 4.839538931846618652e-01 8.877376466989517212e-02
4.530077278614044189e-01 3.539812266826629639e-01 7.106001675128936768e-02
2.553339600563049316e-01 1.492681950330734253e-01 2.833629772067070007e-02
-1.335663050413131714e-01 3.336197882890701294e-02 8.238514512777328491e-02
-2.703461349010467529e-01 -2.174854576587677002e-01 2.070206403732299805e-01
-1.872218847274780273e-01 -5.042920112609863281e-01 1.481325179338455200e-01
-5.884449463337659836e-03 -5.764130353927612305e-01 1.464445739984512329e-01
1.414014697074890137e-01 -5.025134682655334473e-01 1.144337654113769531e-01
1.297848820686340332e-01 -1.564800888299942017e-01 4.016159102320671082e-02
2.251287922263145447e-02 9.151139110326766968e-02 2.107780240476131439e-02
-2.308972924947738647e-02 1.554781049489974976e-01 -1.815836504101753235e-02
-2.062610089778900146e-01 1.033267900347709656e-01 -2.550357021391391754e-02
-2.914724946022033691e-01 -1.278988551348447800e-02 -2.184811048209667206e-02
-3.484775424003601074e-01 2.408012188971042633e-02 -1.238944455981254578e-01
-3.231519162654876709e-01 -1.030141022056341171e-02 -1.430847048759460449e-01
-2.287185341119766235e-01 3.263225778937339783e-02 -5.116368085145950317e-02
-8.862730115652084351e-02 6.503412500023841858e-03 -9.985221922397613525e-02
4.112894833087921143e-02 -3.296318650245666504e-02 -6.706956028938293457e-02
1.142441034317016602e-01 7.337822578847408295e-03 -1.329413652420043945e-01
