3.852124512195587158e-02 3.372309356927871704e-02 2.802272140979766846e-02
1.446207761764526367e-01 3.705762699246406555e-02 5.184301361441612244e-02
1.985733211040496826e-01 -1.045799907296895981e-02 3.900891169905662537e-02
1.477596312761306763e-01 -3.219847008585929871e-02 1.050856988877058029e-02
1.065552048385143280e-02 -1.117882356047630310e-01 -6.400494277477264404e-02
-4.307851567864418030e-02 -1.075123324990272522e-01 -4.697633162140846252e-02
-4.366900026798248291e-02 -9.102846682071685791e-02 -3.581636771559715271e-02
3.867087885737419128e-02 -7.173828035593032837e-02 -7.948286086320877075e-02
3.446558117866516113e-02 8.061891421675682068e-03 -9.087751060724258423e-02
-9.570964425802230835e-02 7.587741129100322723e-03 -9.581966325640678406e-03
-7.570696622133255005e-02 2.426263689994812012e-02 4.947776347398757935e-02
-1.561642885208129883e-01 -7.901788689196109772e-03 1.451785266399383545e-01
-1.060387268662452698e-01 1.888031605631113052e-03 1.783877015113830566e-01
-2.723596803843975067e-02 -1.865681633353233337e-02 1.175023391842842102e-01
3.240267932415008545e-02 -2.679879404604434967e-02 5.679415538907051086e-02
1.437371689826250076e-02 -7.553239911794662476e-02 -7.503472268581390381e-03
-1.226600632071495056e-01 -1.760693639516830444e-01 -8.026009798049926758e-02
-2.355611026287078857e-01 -1.509856730699539185e-01 -1.697149872779846191e-02
-1.904610097408294678e-01 -1.400828212499618530e-01 1.835278980433940887e-02
-1.215527281165122986e-01 -6.962936371564865112e-02 -2.019537426531314850e-02
-1.315097510814666748e-01 3.392741549760103226e-03 1.725637353956699371e-03
-1.738141030073165894e-01 -2.263412624597549438e-02 -7.408569008111953735e-02
-1.754954010248184204e-01 -1.721484959125518799e-02 -6.868212670087814331e-02
-5.572962760925292969e-02 -7.060564309358596802e-02 -1.134692057967185974e-01
1.786333173513412476e-01 -1.532522737979888916e-01 -1.327122896909713745e-01
2.294004559516906738e-01 -2.628686130046844482e-01 -2.631748020648956299e-01
-6.091033294796943665e-02 -2.492335587739944458e-01 -3.900788426399230957e-01
-1.270487010478973389e-01 -9.330637753009796143e-03 -3.710361123085021973e-01
-2.982703782618045807e-02 3.106306493282318115e-01 -4.825247526168823242e-01
1.398210227489471436e-01 4.740626215934753418e-01 -2.718040347099304199e-01
1.526010185480117798e-01 4.990666210651397705e-01 6.213160668266937137e-05
-2.816517949104309082e-01 4.558986723423004150e-01 2.824359536170959473e-01
-3.724640905857086182e-01 1.883817315101623535e-01 6.026353240013122559e-01
-2.932499647140502930e-01 1.125924289226531982e-01 5.703277587890625000e-01
-8.264963328838348389e-02 8.001381158828735352e-02 2.477407753467559814e-01
1.337560713291168213e-01 1.723223626613616943e-01 -1.309292763471603394e-01
1.348058134317398071e-01 2.445002049207687378e-01 -4.219702482223510742e-01
-4.580527544021606445e-02 -2.070493102073669434e-01 -4.188666492700576782e-02
-1.923093348741531372e-01 -4.237172305583953857e-01 4.212824404239654541e-01
-3.641642034053802490e-01 -3.753424286842346191e-01 4.886828362941741943e-01
-3.527032136917114258e-01 -2.406258732080459595e-01 4.443402886390686035e-01
-2.254709899425506592e-01 3.914160653948783875e-02 1.685659438371658325e-01
1.980811208486557007e-01 2.264993190765380859e-01 2.708938121795654297e-01
3.698103129863739014e-01 2.410535365343093872e-01 3.026086688041687012e-01
2.167990356683731079e-01 3.263030350208282471e-01 2.896865010261535645e-01
5.940309260040521622e-03 2.407909631729125977e-01 1.682496666908264160e-01
-2.624107897281646729e-01 -1.627336069941520691e-02 -6.833729147911071777e-02
-1.113995090126991272e-01 -1.048619821667671204e-01 -6.978821009397506714e-02
-2.488763071596622467e-02 -1.413005143404006958e-01 2.113100141286849976e-03
1.734236069023609161e-02 -2.372453920543193817e-02 3.415052965283393860e-02
9.851193428039550781e-02 -4.918992053717374802e-03 -2.421025931835174561e-02
8.167660236358642578e-02 3.513880819082260132e-02 1.485983002930879593e-02
1.495448499917984009e-02 -2.635509520769119263e-02 -2.434694208204746246e-02
-2.578963339328765869e-02 -1.246008276939392090e-01 -2.353912964463233948e-02
2.958416938781738281e-02 -3.900314867496490479e-02 1.715760491788387299e-02
6.910966336727142334e-02 -2.915295585989952087e-02 -3.448357060551643372e-02
1.063343584537506104e-01 3.579400945454835892e-03 3.772838041186332703e-02
1.222693398594856262e-01 -4.237311333417892456e-02 6.162690743803977966e-02
3.123951144516468048e-02 -9.735202044248580933e-02 7.523373514413833618e-02
5.505463853478431702e-02 -6.124941632151603699e-02 4.552161321043968201e-03
1.075878739356994629e-02 -2.744049020111560822e-02 -3.975860401988029480e-02
-2.909194678068161011e-02 4.531271383166313171e-02 3.101395443081855774e-02
1.618020981550216675e-02 6.147596985101699829e-02 9.895885735750198364e-02
3.118726797401905060e-02 5.736898630857467651e-02 1.353316605091094971e-01
1.528486311435699463e-01 9.915697388350963593e-03 9.498587995767593384e-02
1.509012579917907715e-01 1.809510216116905212e-02 6.933669745922088623e-02
1.124226301908493042e-01 5.279656499624252319e-02 1.041229581460356712e-03
1.033149138092994690e-01 7.424077391624450684e-02 -2.475711144506931305e-02
1.472671031951904297e-01 -1.486084144562482834e-02 -1.534150540828704834e-01
3.388703167438507080e-01 -1.840348541736602783e-01 -1.870176792144775391e-01
3.388606477528810501e-03 -6.439995765686035156e-02 -3.825025856494903564e-01
-3.915704190731048584e-01 -8.761179447174072266e-02 -4.015891253948211670e-01
-5.759166479110717773e-01 1.382164005190134048e-02 -2.983500659465789795e-01
-4.962095618247985840e-01 1.074718385934829712e-01 -1.023057401180267334e-01
5.223542824387550354e-02 -1.989133059978485107e-01 2.771166153252124786e-02
2.064627856016159058e-01 -2.806833684444427490e-01 -2.454694211483001709e-01
2.048490494489669800e-01 -4.347750842571258545e-01 -3.392965197563171387e-01
9.308853745460510254e-02 -3.883651494979858398e-01 -3.432869017124176025e-01
1.521197110414505005e-01 -2.649342715740203857e-01 -1.441760063171386719e-01
2.807848155498504639e-01 -1.835186928510665894e-01 -6.400006264448165894e-02
2.364369034767150879e-01 -7.828333973884582520e-02 -4.877405241131782532e-02
5.776329711079597473e-02 -1.047330573201179504e-01 7.079178094863891602e-02
-2.881358377635478973e-02 -1.118838265538215637e-01 1.312628537416458130e-01
-4.477751255035400391e-02 -6.956633925437927246e-02 1.969239115715026855e-01
9.136751294136047363e-02 3.876927122473716736e-02 1.482336521148681641e-01
2.578003108501434326e-01 3.106152713298797607e-01 9.532430022954940796e-02
2.503075003623962402e-01 4.571216404438018799e-01 -1.593879908323287964e-01
5.951038002967834473e-02 5.409583449363708496e-01 -2.686208188533782959e-01
5.085591599345207214e-02 6.366856694221496582e-01 -1.666085273027420044e-01
7.556951045989990234e-02 6.292100548744201660e-01 -2.231133915483951569e-02
4.218671843409538269e-02 5.604333877563476562e-01 1.760774850845336914e-01
-1.004756540060043335e-01 3.221821188926696777e-01 -1.556190662086009979e-02
-2.179507017135620117e-01 -3.966763988137245178e-02 -8.289600908756256104e-02
-9.989209473133087158e-02 -2.045293152332305908e-01 -1.246102377772331238e-01
-8.962732739746570587e-03 -1.512546390295028687e-01 -1.495479792356491089e-01
1.705686002969741821e-01 -5.480503663420677185e-02 -1.321076154708862305e-01
-1.399300899356603622e-02 9.920302778482437134e-02 -2.266839891672134399e-01
-4.309451207518577576e-02 1.457184851169586182e-01 -1.494963765144348145e-01
-1.092146337032318115e-01 8.128935098648071289e-02 -2.374498918652534485e-02
-2.105726748704910278e-01 2.027615904808044434e-03 2.741509862244129181e-02
-1.103501990437507629e-01 -2.234126627445220947e-01 1.695932447910308838e-01
-7.058788836002349854e-02 -1.992067396640777588e-01 8.731269091367721558e-02
1.530795842409133911e-01 -1.163852289319038391e-01 2.932835370302200317e-02
1.251131147146224976e-01 -1.899162866175174713e-02 1.227409318089485168e-01
1.681882292032241821e-01 1.016835942864418030e-01 3.565331548452377319e-02
2.387493662536144257e-02 4.849642142653465271e-02 5.666148290038108826e-02
8.980119228363037109e-02 1.839048042893409729e-02 -8.188020437955856323e-02
-4.407965112477540970e-03 1.113271117210388184e-01 -2.359461486339569092e-01
-4.552369192242622375e-02 1.463532894849777222e-01 -1.490447968244552612e-01
-1.334028989076614380e-01 7.535113394260406494e-02 -1.641627401113510132e-02
-2.301780134439468384e-01 -1.539856195449829102e-02 3.170135989785194397e-02
-1.101538240909576416e-01 -2.374553382396697998e-01 1.840430796146392822e-01
-5.978721380233764648e-02 -1.999176144599914551e-01 9.766943752765655518e-02
2.989981509745121002e-02 -3.229008913040161133e-01 3.064092397689819336e-01
2.472310699522495270e-02 -3.284521400928497314e-01 4.208987653255462646e-01
-8.971369825303554535e-03 -1.868689656257629395e-01 3.486406505107879639e-01
-2.069911509752273560e-01 -1.596240848302841187e-01 3.323431909084320068e-01
-2.131155431270599365e-01 8.598435670137405396e-02 1.518220603466033936e-01
-2.978392003569751978e-04 1.110598519444465637e-01 1.705537736415863037e-01
2.834118008613586426e-01 1.336589902639389038e-01 1.231728941202163696e-01
4.379346072673797607e-01 1.683959364891052246e-01 -5.031225271522998810e-03
2.596576511859893799e-01 1.035960540175437927e-01 -1.731150448322296143e-01
-6.097367033362388611e-02 9.782474488019943237e-02 -2.607933282852172852e-01
-1.053588986396789551e-01 7.267146557569503784e-02 -1.623663008213043213e-01
-8.575512468814849854e-02 5.589650943875312805e-02 6.288973987102508545e-02
-1.356102973222732544e-01 5.203161388635635376e-02 1.750779598951339722e-01
-9.778191149234771729e-02 8.190982043743133545e-02 2.866122722625732422e-01
-2.483250387012958527e-02 1.215748339891433716e-01 2.019685357809066772e-01
1.141207367181777954e-01 7.045241445302963257e-02 1.751350015401840210e-01
3.200837671756744385e-01 -7.568736374378204346e-02 2.809702754020690918e-01
4.027816951274871826e-01 -1.160513162612915039e-01 3.296560645103454590e-01
2.889564335346221924e-01 -4.091794788837432861e-02 4.962418377399444580e-01
2.072582691907882690e-01 -7.365854084491729736e-02 3.863341808319091797e-01
-4.136311635375022888e-02 -8.610298484563827515e-02 2.607438862323760986e-01
-2.099287211894989014e-01 -2.360600829124450684e-01 1.692411154508590698e-01
-9.788832068443298340e-02 -2.801833152770996094e-01 5.516054108738899231e-02
-6.142136454582214355e-02 -1.161249428987503052e-01 1.605155020952224731e-01
2.352152718231081963e-03 -4.804545640945434570e-02 1.627797819674015045e-02
-3.717811778187751770e-02 -1.227874215692281723e-02 -1.060304418206214905e-01
-1.150517389178276062e-01 -3.120575845241546631e-02 -1.230848059058189392e-01
-1.341464221477508545e-01 -5.511029064655303955e-02 -2.528938651084899902e-01
-1.542644202709197998e-01 -9.024685621261596680e-02 -2.695734798908233643e-01
-2.339283376932144165e-01 -2.251275442540645599e-02 -2.284802496433258057e-01
-2.197366356849670410e-01 -9.136638790369033813e-02 -2.692198455333709717e-01
-1.102177649736404419e-01 -2.058617174625396729e-01 -2.420365363359451294e-01
4.980410635471343994e-02 -3.120729029178619385e-01 -2.829894423484802246e-01
-9.502486139535903931e-02 -3.670233786106109619e-01 -3.256381452083587646e-01
-1.508651226758956909e-01 -3.172276020050048828e-01 -2.866347134113311768e-01
-2.202204763889312744e-01 -1.852240413427352905e-01 -3.120077252388000488e-01
-2.997184395790100098e-01 8.867250382900238037e-02 -2.030017375946044922e-01
-2.294498682022094727e-01 2.493761926889419556e-01 -4.605329781770706177e-02
-4.137561470270156860e-02 1.748064160346984863e-01 2.808281453326344490e-03
1.077598556876182556e-01 -1.914029754698276520e-02 2.628079988062381744e-02
2.414472997188568115e-01 -1.355359256267547607e-01 2.378806844353675842e-02
2.096466422080993652e-01 -1.052945181727409363e-01 -2.892816066741943359e-02
-6.767413765192031860e-02 8.673173189163208008e-02 7.307269424200057983e-02
-1.311508007347583771e-02 8.347491174936294556e-02 9.837129712104797363e-02
5.594500806182622910e-03 3.259241580963134766e-02 7.844699919223785400e-02
8.181777596473693848e-02 -7.831154763698577881e-02 1.307950168848037720e-01
1.183054670691490173e-01 -1.825930923223495483e-01 5.784615129232406616e-02
5.082067474722862244e-02 -1.462139636278152466e-01 -1.768416538834571838e-02
-1.316524595022201538e-01 -7.753528654575347900e-02 -8.982983231544494629e-02
-1.802428960800170898e-01 -9.692832827568054199e-03 -1.486929506063461304e-01
-1.248595863580703735e-01 7.228602655231952667e-03 -6.077629327774047852e-02
7.821093313395977020e-03 -5.137719959020614624e-02 6.245083361864089966e-02
3.188445791602134705e-02 -1.136233955621719360e-01 1.066756471991539001e-01
-1.110320761799812317e-01 -1.248080283403396606e-01 -4.416779056191444397e-02
-1.939626187086105347e-01 -1.092828884720802307e-01 -2.115045040845870972e-01
-1.832283735275268555e-01 -6.784695386886596680e-02 -1.593472957611083984e-01
-2.009927630424499512e-01 6.906705349683761597e-02 -1.377053707838058472e-01
-6.538636237382888794e-02 1.088451743125915527e-01 -1.079220511019229889e-02
-3.715093061327934265e-02 1.763627827167510986e-01 3.896874189376831055e-02
7.777703553438186646e-02 2.592241466045379639e-01 -2.999889105558395386e-02
2.208599597215652466e-01 2.069573253393173218e-01 2.769879810512065887e-02
1.158866807818412781e-01 1.996472477912902832e-01 5.178972147405147552e-03
