4.363861978054046631e-01 -2.516518346965312958e-02 -5.702852606773376465e-01
4.668945372104644775e-01 -6.336984038352966309e-02 -5.785900354385375977e-01
4.879346191883087158e-01 -9.960267692804336548e-02 -5.844545364379882812e-01
4.946642816066741943e-01 -4.482650756835937500e-02 -5.873650312423706055e-01
4.562936127185821533e-01 -6.572117656469345093e-02 -5.794039368629455566e-01
4.305652379989624023e-01 -2.905562752857804298e-03 -5.943914055824279785e-01
3.315095007419586182e-01 5.094097182154655457e-02 -5.733150839805603027e-01
4.103643000125885010e-01 -1.890306547284126282e-02 -6.062250137329101562e-01
3.710922300815582275e-01 -1.825428451411426067e-03 -6.075285077095031738e-01
3.711451590061187744e-01 -2.463091909885406494e-02 -6.166786551475524902e-01
4.023167490959167480e-01 -3.438450768589973450e-02 -6.107639074325561523e-01
4.235360324382781982e-01 -2.920752204954624176e-02 -6.041435003280639648e-01
4.522740244865417480e-01 -2.757546491920948029e-02 -6.078137159347534180e-01
4.608045220375061035e-01 -5.996870622038841248e-02 -5.785487890243530273e-01
4.904299974441528320e-01 -9.323941171169281006e-02 -5.671488046646118164e-01
4.537637531757354736e-01 -1.193234696984291077e-01 -5.712522268295288086e-01
4.484183192253112793e-01 -1.062213554978370667e-01 -6.007727980613708496e-01
4.262674450874328613e-01 -8.627546578645706177e-02 -5.777934789657592773e-01
3.923258185386657715e-01 -6.825972348451614380e-02 -6.093770861625671387e-01
3.983047306537628174e-01 -5.547417327761650085e-02 -5.896819829940795898e-01
4.004686772823333740e-01 -6.552442908287048340e-02 -6.121380925178527832e-01
3.603802323341369629e-01 -9.107004106044769287e-02 -6.170609593391418457e-01
3.494898676872253418e-01 -1.202689632773399353e-01 -6.007313728332519531e-01
3.134365677833557129e-01 -1.102334409952163696e-01 -5.875719785690307617e-01
3.055878281593322754e-01 -1.209204196929931641e-01 -5.971142053604125977e-01
2.688172161579132080e-01 -8.795668184757232666e-02 -6.035757660865783691e-01
1.950830966234207153e-01 -3.696527332067489624e-02 -6.262303590774536133e-01
-2.508512325584888458e-02 -2.223792858421802521e-02 -6.540954113006591797e-01
-1.484966129064559937e-01 5.141031742095947266e-02 -6.418471932411193848e-01
-1.218422129750251770e-01 3.955201804637908936e-02 -6.511910557746887207e-01
-1.136877685785293579e-01 2.161541394889354706e-02 -6.919583082199096680e-01
-1.479796320199966431e-01 1.433608680963516235e-01 -5.966917872428894043e-01
-1.520406305789947510e-01 8.397290855646133423e-02 -4.851310849189758301e-01
-1.360263824462890625e-01 1.026644092053174973e-02 -2.796708643436431885e-01
-1.946582943201065063e-01 -2.309374064207077026e-01 1.668396145105361938e-01
-1.667790561914443970e-01 -2.746549546718597412e-01 7.649595290422439575e-02
-1.704637110233306885e-01 -1.530946940183639526e-01 -2.744281888008117676e-01
-8.621850609779357910e-02 -7.571540772914886475e-02 -2.479102462530136108e-01
-1.862046569585800171e-01 -2.084351703524589539e-02 -2.092402726411819458e-01
-2.847194075584411621e-01 -4.708683490753173828e-01 -2.434458397328853607e-02
-3.504164814949035645e-01 -4.601796567440032959e-01 5.986910685896873474e-02
-3.436031043529510498e-01 -5.140184760093688965e-01 2.607261836528778076e-01
-3.174810707569122314e-01 -5.070702433586120605e-01 2.053836584091186523e-01
-3.880323469638824463e-01 -5.421631932258605957e-01 1.998137682676315308e-01
7.513231039047241211e-02 -5.968825817108154297e-01 3.220571875572204590e-01
2.625682950019836426e-01 -5.329079627990722656e-01 1.845272481441497803e-01
2.785568237304687500e-01 -4.196235835552215576e-01 2.064847499132156372e-01
2.500281035900115967e-01 -3.268304765224456787e-01 2.159838229417800903e-01
2.476028203964233398e-01 -3.478902578353881836e-01 2.279597818851470947e-01
2.276874929666519165e-01 -3.481992781162261963e-01 1.905302405357360840e-01
2.525697052478790283e-01 -3.934994637966156006e-01 2.072744965553283691e-01
2.896782755851745605e-01 -3.949746489524841309e-01 1.902873963117599487e-01
2.827672958374023438e-01 -3.975263237953186035e-01 1.463905274868011475e-01
2.886443138122558594e-01 -3.925217986106872559e-01 1.828389912843704224e-01
2.438954710960388184e-01 -3.947620689868927002e-01 1.721449494361877441e-01
2.165849208831787109e-01 -4.189373850822448730e-01 1.424167007207870483e-01
2.931216657161712646e-01 -4.437682628631591797e-01 1.109669730067253113e-01
2.855850756168365479e-01 -4.312422573566436768e-01 1.345533728599548340e-01
2.852453291416168213e-01 -4.579158723354339600e-01 1.386321783065795898e-01
2.669654786586761475e-01 -4.735901653766632080e-01 1.116047874093055725e-01
2.794079482555389404e-01 -4.805296957492828369e-01 1.260464489459991455e-01
2.652464807033538818e-01 -4.424237906932830811e-01 1.063625141978263855e-01
2.896019220352172852e-01 -4.428978860378265381e-01 8.190432935953140259e-02
3.146869540214538574e-01 -4.198011159896850586e-01 1.299202442169189453e-01
3.352477550506591797e-01 -4.229075610637664795e-01 1.789490431547164917e-01
3.067916929721832275e-01 -4.752266407012939453e-01 1.297820210456848145e-01
3.140515983104705811e-01 -5.084300637245178223e-01 1.079120039939880371e-01
3.484965562820434570e-01 -4.973048567771911621e-01 1.363525390625000000e-01
3.206709623336791992e-01 -4.769906401634216309e-01 1.301609277725219727e-01
3.130028247833251953e-01 -4.452228546142578125e-01 1.508060544729232788e-01
1.856931149959564209e-01 -5.932310223579406738e-01 -2.869581431150436401e-02
5.122710019350051880e-02 -6.268967986106872559e-01 -1.105594933032989502e-01
-5.524796843528747559e-01 1.269164979457855225e-01 4.066744446754455566e-01
-5.867984890937805176e-01 1.446660906076431274e-01 4.184773266315460205e-01
-5.056025385856628418e-01 8.627570420503616333e-02 4.691179990768432617e-01
-3.269738852977752686e-01 6.170568987727165222e-02 3.742063045501708984e-01
-4.848958551883697510e-01 1.689087599515914917e-01 2.033368945121765137e-01
-5.443614125251770020e-01 3.183261156082153320e-01 1.506153494119644165e-01
-5.735235214233398438e-01 3.929843008518218994e-01 1.451694816350936890e-01
-5.416933894157409668e-01 3.651995658874511719e-01 9.427372366189956665e-02
-5.685913562774658203e-01 4.029980003833770752e-01 7.883543521165847778e-02
-5.397517085075378418e-01 4.297665357589721680e-01 1.664260216057300568e-02
-5.382012128829956055e-01 3.943013548851013184e-01 3.590229153633117676e-02
-5.148800611495971680e-01 3.116335868835449219e-01 1.605185912922024727e-03
-4.941551089286804199e-01 2.901994585990905762e-01 -1.151444315910339355e-01
-4.120956659317016602e-01 2.231737375259399414e-01 -1.845286488533020020e-01
-2.955744862556457520e-01 1.659280657768249512e-01 -2.681253254413604736e-01
-1.844079941511154175e-01 2.021530866622924805e-01 -2.041923105716705322e-01
-2.171324640512466431e-01 1.963230520486831665e-01 -3.348240852355957031e-01
-1.404615491628646851e-01 1.690630614757537842e-01 -1.375280171632766724e-01
1.192366927862167358e-01 1.718624979257583618e-01 -5.653596599586308002e-04
2.268164157867431641e-01 9.244553744792938232e-02 2.442259900271892548e-02
2.622042000293731689e-01 7.621128857135772705e-02 -1.306836213916540146e-02
-2.090363949537277222e-02 2.382263354957103729e-02 -5.538788437843322754e-02
9.620852023363113403e-02 6.982639431953430176e-02 -7.949985563755035400e-02
1.295797824859619141e-01 7.101015001535415649e-02 -1.798733770847320557e-01
-5.631477385759353638e-02 -1.206414029002189636e-01 -1.801058948040008545e-01
-3.866978362202644348e-02 -7.793973386287689209e-02 -2.609651386737823486e-01
-1.038638651371002197e-01 -4.826634004712104797e-02 -1.469514518976211548e-01
-9.154842048883438110e-02 -7.335837930440902710e-02 -1.300656944513320923e-01
-8.743305504322052002e-02 -2.084782160818576813e-02 -9.269045293331146240e-02
-1.405102610588073730e-01 -7.211256027221679688e-02 -1.638478487730026245e-01
-2.392477095127105713e-01 -1.288207173347473145e-01 -1.052057594060897827e-01
-2.204259037971496582e-01 -7.230307161808013916e-02 -1.874820590019226074e-01
-1.629825122654438019e-02 -3.577862307429313660e-02 -1.994366049766540527e-01
9.582432359457015991e-02 6.721054017543792725e-02 -8.046487718820571899e-02
1.311092972755432129e-01 7.148844748735427856e-02 -1.792211532592773438e-01
-5.880354717373847961e-02 -1.172260567545890808e-01 -1.810562163591384888e-01
-3.550425171852111816e-02 -7.880140841007232666e-02 -2.614580988883972168e-01
-1.023165956139564514e-01 -4.429489374160766602e-02 -1.496679037809371948e-01
-8.605864644050598145e-02 -7.265364378690719604e-02 -1.300054639577865601e-01
-8.784418553113937378e-02 -2.261420525610446930e-02 -9.111140668392181396e-02
-1.488963961601257324e-01 -6.803984194993972778e-02 -1.616460680961608887e-01
-2.448578774929046631e-01 -1.360542178153991699e-01 -1.006904914975166321e-01
-2.076282799243927002e-01 -6.616975367069244385e-02 -1.847501546144485474e-01
-2.804400622844696045e-01 -2.911745011806488037e-01 7.046586275100708008e-02
-2.585307061672210693e-01 -2.859670817852020264e-01 1.605886220932006836e-01
-2.350563406944274902e-01 6.019558012485504150e-02 3.334252238273620605e-01
-3.692203462123870850e-01 2.629662305116653442e-02 4.164560437202453613e-01
-2.238240987062454224e-01 -3.023729659616947174e-02 4.847273826599121094e-01
3.604119271039962769e-02 9.018098562955856323e-02 3.974366188049316406e-01
1.229252964258193970e-01 1.293572634458541870e-01 3.090865910053253174e-01
1.291882842779159546e-01 1.662230193614959717e-01 2.537651658058166504e-01
7.449056208133697510e-02 3.018841147422790527e-01 3.191548883914947510e-01
3.431082936003804207e-03 3.189101219177246094e-01 3.775177001953125000e-01
6.512108445167541504e-02 2.876400649547576904e-01 3.613907098770141602e-01
8.769669383764266968e-02 1.658669263124465942e-01 4.154109954833984375e-01
1.240352094173431396e-01 1.809044033288955688e-01 3.712611794471740723e-01
1.444471925497055054e-01 1.467076092958450317e-01 4.631181359291076660e-01
2.117250710725784302e-01 1.399961858987808228e-01 3.672032356262207031e-01
3.245533406734466553e-01 1.134636178612709045e-01 3.188385367393493652e-01
4.161401689052581787e-01 -2.004996836185455322e-01 2.479976713657379150e-01
5.220276713371276855e-01 -1.851876080036163330e-01 2.853601574897766113e-01
5.542961955070495605e-01 -1.952920109033584595e-01 4.562615156173706055e-01
4.468506574630737305e-01 -4.824518039822578430e-02 3.775263130664825439e-01
4.695407152175903320e-01 -3.675049543380737305e-02 4.740045070648193359e-01
4.283380210399627686e-01 -1.161949895322322845e-02 4.902195036411285400e-01
4.297806918621063232e-01 -4.350898787379264832e-02 4.615757763385772705e-01
4.454919993877410889e-01 -7.470383495092391968e-02 4.679565131664276123e-01
4.447487294673919678e-01 -6.124926358461380005e-02 4.491612017154693604e-01
4.023836851119995117e-01 2.035819552838802338e-02 4.715672433376312256e-01
3.380859792232513428e-01 9.242520481348037720e-02 4.719790816307067871e-01
2.872613072395324707e-01 8.443547040224075317e-02 4.179195463657379150e-01
1.941255778074264526e-01 -1.034499481320381165e-01 3.326044380664825439e-01
2.400383502244949341e-01 -2.159937173128128052e-01 3.783777952194213867e-01
-1.490292400121688843e-01 -3.973781168460845947e-01 2.917327284812927246e-01
-2.682577371597290039e-01 -4.967477619647979736e-01 2.360486835241317749e-01
-3.366383612155914307e-01 -5.640451908111572266e-01 1.153485104441642761e-01
-4.984372258186340332e-01 -5.089840292930603027e-01 1.142624169588088989e-01
-5.356608629226684570e-01 -4.430816769599914551e-01 1.053483262658119202e-01
-5.834849476814270020e-01 -4.581102728843688965e-01 1.223951429128646851e-01
-5.893736481666564941e-01 -5.085524916648864746e-01 2.080817520618438721e-01
-6.233341097831726074e-01 -4.768702685832977295e-01 2.794871330261230469e-01
-6.081010103225708008e-01 -3.951776623725891113e-01 2.089911103248596191e-01
-6.360108256340026855e-01 -4.038388431072235107e-01 2.140868902206420898e-01
-5.929192900657653809e-01 -3.730026185512542725e-01 2.392258793115615845e-01
-6.008835434913635254e-01 -4.505279064178466797e-01 1.245388835668563843e-01
-5.618935823440551758e-01 -5.017400979995727539e-01 1.624982506036758423e-01
-6.356950402259826660e-01 -4.934381246566772461e-01 2.313612997531890869e-01
-5.513408780097961426e-01 -4.531550109386444092e-01 9.011462330818176270e-02
-5.709441900253295898e-01 -4.809360206127166748e-01 1.558952629566192627e-01
-5.979597568511962891e-01 -5.016521811485290527e-01 1.538123190402984619e-01
-6.355206966400146484e-01 -5.096690654754638672e-01 1.350627243518829346e-01
-6.193357706069946289e-01 -5.648937225341796875e-01 7.966259866952896118e-02
-6.112473011016845703e-01 -5.355446934700012207e-01 8.724170923233032227e-02
-6.284115314483642578e-01 -5.454005002975463867e-01 1.621755957603454590e-01
-6.185308098793029785e-01 -5.530582666397094727e-01 9.001023322343826294e-02
-6.314925551414489746e-01 -5.801494717597961426e-01 1.167419254779815674e-01
-6.882767677307128906e-01 -6.272711157798767090e-01 6.675988435745239258e-02
-6.692449450492858887e-01 -6.163334846496582031e-01 3.257181867957115173e-02
-6.490295529365539551e-01 -6.183180212974548340e-01 7.568055391311645508e-02
-6.399473547935485840e-01 -5.985372066497802734e-01 6.444124877452850342e-02
-6.231706738471984863e-01 -5.777741670608520508e-01 6.512718973681330681e-04
-5.853443741798400879e-01 -6.004625558853149414e-01 -1.789174601435661316e-02
-5.337113738059997559e-01 -5.195866823196411133e-01 -4.052731674164533615e-03
