-4.444632679224014282e-02 -1.645043119788169861e-02 -3.331814333796501160e-02
-5.817216262221336365e-02 1.810230314731597900e-02 -6.545557826757431030e-02
-2.893957681953907013e-02 1.000924259424209595e-01 -1.135586872696876526e-01
1.645557954907417297e-02 1.300428062677383423e-01 -1.153446063399314880e-01
4.662890359759330750e-02 9.868396818637847900e-02 -5.837100744247436523e-02
7.894469052553176880e-02 -2.521992474794387817e-02 1.562507450580596924e-02
6.927751004695892334e-02 -1.454081088304519653e-01 1.074756756424903870e-01
1.536093559116125107e-02 -8.164179325103759766e-02 1.030140593647956848e-01
-2.938680164515972137e-02 1.026038080453872681e-02 7.137375324964523315e-02
-3.458999842405319214e-02 1.872411072254180908e-01 1.483127381652593613e-02
-1.986896991729736328e-02 2.233727276325225830e-01 -2.552559785544872284e-02
4.965586122125387192e-03 9.300237149000167847e-02 -2.408466301858425140e-02
-3.456121310591697693e-02 -5.221237614750862122e-02 -4.256319254636764526e-02
-4.326914623379707336e-02 -1.591538488864898682e-01 -6.308389455080032349e-02
2.225832827389240265e-02 -6.407418102025985718e-02 -1.210290417075157166e-01
5.675348639488220215e-02 1.073405891656875610e-01 -1.126575767993927002e-01
4.282911121845245361e-02 1.638313680887222290e-01 -6.640799343585968018e-02
2.702928520739078522e-02 3.551797568798065186e-02 8.657411672174930573e-03
3.370533511042594910e-02 -1.015013679862022400e-01 9.461040794849395752e-02
1.191458851099014282e-01 -1.440031677484512329e-01 8.177543431520462036e-02
1.502872258424758911e-01 -6.188452616333961487e-02 6.600923091173171997e-02
5.236500874161720276e-02 3.353382227942347527e-03 3.136651590466499329e-03
-9.731055051088333130e-02 -4.696880280971527100e-02 -9.182474017143249512e-02
-1.506168395280838013e-01 -1.501308828592300415e-01 -1.763381659984588623e-01
1.496607251465320587e-02 -9.962227195501327515e-02 -2.029345780611038208e-01
1.994258314371109009e-01 -1.399307884275913239e-02 -4.081311076879501343e-02
3.334697782993316650e-01 -9.253331273794174194e-02 2.387391328811645508e-01
1.910632699728012085e-01 -1.286898106336593628e-01 4.448499679565429688e-01
-1.374208033084869385e-01 -1.206880435347557068e-01 4.938435554504394531e-01
-3.298513591289520264e-01 2.192569524049758911e-01 4.011010527610778809e-01
-4.745419919490814209e-01 5.699093341827392578e-01 1.220349073410034180e-01
-4.038620293140411377e-01 5.276183485984802246e-01 -1.653738021850585938e-01
-2.085399925708770752e-01 1.998869180679321289e-01 -3.275486230850219727e-01
2.160318754613399506e-02 -4.473893344402313232e-01 -3.283311724662780762e-01
2.792421579360961914e-01 -6.347978711128234863e-01 -2.054098844528198242e-01
3.280846476554870605e-01 -4.184766113758087158e-01 -2.176592051982879639e-01
1.858936697244644165e-01 1.878003627061843872e-01 -3.176903128623962402e-01
1.200350597500801086e-01 5.645694136619567871e-01 -3.084451258182525635e-01
3.430787473917007446e-02 6.033957600593566895e-01 -1.955518573522567749e-01
-7.830054312944412231e-02 2.195644527673721313e-01 1.604714989662170410e-01
-2.481531649827957153e-01 -2.992899119853973389e-01 3.656980693340301514e-01
-3.708328902721405029e-01 -4.938639700412750244e-01 3.373919129371643066e-01
-3.579204082489013672e-01 -4.066339135169982910e-01 2.748804688453674316e-01
-1.577267050743103027e-01 -8.220951259136199951e-02 1.059579253196716309e-01
2.082137614488601685e-01 1.606253087520599365e-01 -1.073355153203010559e-01
3.097881972789764404e-01 1.547059118747711182e-01 -2.154744118452072144e-01
2.465167045593261719e-01 1.513411942869424820e-02 -2.890915572643280029e-01
1.452575474977493286e-01 -1.179072111845016479e-01 -1.594478338956832886e-01
5.070894211530685425e-02 -1.730897277593612671e-01 1.131632924079895020e-02
3.795113041996955872e-02 -1.102461293339729309e-01 8.038066327571868896e-02
2.233037725090980530e-02 -2.217469550669193268e-02 6.099889799952507019e-02
1.110078673809766769e-02 9.057426452636718750e-02 -6.423854082822799683e-02
4.322085995227098465e-03 1.073248460888862610e-01 -7.210353761911392212e-02
3.014146164059638977e-02 2.422958053648471832e-02 -5.341179296374320984e-02
1.122147031128406525e-02 -6.353405117988586426e-02 2.926159650087356567e-02
-1.494125463068485260e-02 -8.691880851984024048e-02 5.374285578727722168e-02
-2.470108121633529663e-02 5.637425463646650314e-03 -2.515630237758159637e-02
-2.959526516497135162e-02 4.320087283849716187e-02 -4.506136849522590637e-02
-6.994097027927637100e-03 5.204278975725173950e-02 -3.812063857913017273e-02
-9.288378059864044189e-03 6.295266002416610718e-02 4.184560105204582214e-02
-6.699804961681365967e-02 4.931179434061050415e-02 9.638606011867523193e-02
-1.031240373849868774e-01 4.511878639459609985e-02 7.768357545137405396e-02
-7.617553323507308960e-02 -6.102203950285911560e-02 1.563645713031291962e-02
-1.770680770277976990e-02 -1.414828151464462280e-01 -4.827082902193069458e-02
4.923436418175697327e-02 -1.382578462362289429e-01 -4.695522785186767578e-02
5.475867167115211487e-02 -3.102387301623821259e-02 6.676031742244958878e-03
7.969850301742553711e-02 -1.563846599310636520e-04 -8.850526995956897736e-03
8.715790510177612305e-02 -1.438337564468383789e-01 -1.351415961980819702e-01
2.615843117237091064e-01 -7.255191355943679810e-02 -1.083851903676986694e-01
4.112994372844696045e-01 1.992978155612945557e-01 -6.203125230967998505e-03
4.109451770782470703e-01 4.692749977111816406e-01 2.402299642562866211e-01
2.017451971769332886e-01 5.325230956077575684e-01 2.842741310596466064e-01
-3.497578203678131104e-01 6.133750081062316895e-02 -4.980999603867530823e-02
-4.220980107784271240e-01 -3.706826865673065186e-01 -3.100796043872833252e-01
-3.053737580776214600e-01 -4.557321667671203613e-01 -4.638031423091888428e-01
-1.025617439154302701e-05 -3.199828863143920898e-01 -3.498760163784027100e-01
7.471755146980285645e-02 2.463475102558732033e-03 -2.689073607325553894e-02
-2.014079540967941284e-01 8.149498142302036285e-03 1.208524480462074280e-01
-2.473580539226531982e-01 -7.234456390142440796e-02 2.289073318243026733e-01
-1.073124259710311890e-01 1.213609613478183746e-02 1.586696654558181763e-01
1.216954365372657776e-01 1.049430146813392639e-01 6.268588453531265259e-02
1.825817525386810303e-01 1.756696552038192749e-01 1.970125362277030945e-02
2.665566513314843178e-03 3.946840018033981323e-02 9.728474542498588562e-03
-2.511763572692871094e-01 -2.026065737009048462e-01 1.759833097457885742e-01
-1.980767697095870972e-01 -3.024631440639495850e-01 3.469420969486236572e-01
4.055473953485488892e-02 -2.742425203323364258e-01 4.387075603008270264e-01
2.345547080039978027e-01 -1.419329941272735596e-01 4.740934371948242188e-01
2.123989462852478027e-01 4.401837289333343506e-02 3.731016218662261963e-01
-1.479753255844116211e-01 2.255573570728302002e-01 1.610351502895355225e-01
-1.735906302928924561e-01 2.406100779771804810e-01 -2.053545266389846802e-01
2.426410838961601257e-02 2.475097477436065674e-01 -4.839469194412231445e-01
2.098708152770996094e-01 1.660834401845932007e-01 -5.451099276542663574e-01
2.738007903099060059e-01 2.461647428572177887e-02 -4.744361937046051025e-01
4.371648654341697693e-02 -1.302006840705871582e-01 -2.421918213367462158e-01
4.404640570282936096e-02 -2.120765298604965210e-01 7.356628775596618652e-02
8.587158471345901489e-02 -1.057122424244880676e-01 2.215679138898849487e-01
5.132705718278884888e-02 1.421273648738861084e-01 1.812486797571182251e-01
-1.000616978853940964e-02 2.963488101959228516e-01 7.121769338846206665e-02
-2.746419310569763184e-01 2.920647263526916504e-01 -1.772692054510116577e-01
-3.075452148914337158e-01 1.379103809595108032e-01 -2.528477013111114502e-01
-2.522890269756317139e-01 -1.196416392922401428e-01 -1.865431219339370728e-01
-1.421889215707778931e-01 -1.343206167221069336e-01 -6.294561317190527916e-04
7.931601256132125854e-02 -1.215780973434448242e-01 2.256168425083160400e-01
1.269280314445495605e-01 -1.210966147482395172e-02 2.036227285861968994e-01
1.868322640657424927e-01 -4.548124223947525024e-02 8.060402423143386841e-02
2.442674189805984497e-01 -1.926395446062088013e-01 -9.920871816575527191e-03
2.107965797185897827e-01 -1.261329352855682373e-01 -9.405947290360927582e-03
1.258457750082015991e-01 5.874279886484146118e-02 3.505202755331993103e-02
-2.816003002226352692e-02 2.723351120948791504e-01 6.508764345198869705e-03
-2.839982807636260986e-01 3.017432093620300293e-01 -1.954194903373718262e-01
-3.120715022087097168e-01 1.331817656755447388e-01 -2.559732496738433838e-01
-2.734086215496063232e-01 1.258105039596557617e-02 -2.617880403995513916e-01
-1.758953779935836792e-01 7.366493344306945801e-02 -1.726185083389282227e-01
1.048627644777297974e-01 1.700023859739303589e-01 6.885164231061935425e-02
1.962168812751770020e-01 3.028793632984161377e-01 1.538881659507751465e-01
2.930296361446380615e-01 1.682480424642562866e-01 2.953933775424957275e-01
1.997864991426467896e-01 -6.032305583357810974e-02 2.618347108364105225e-01
-8.994648605585098267e-02 -3.271243572235107422e-01 1.130262017250061035e-01
-2.255377173423767090e-01 -4.951265156269073486e-01 3.413446247577667236e-02
-2.081862986087799072e-01 -4.098244607448577881e-01 -8.377920091152191162e-02
8.392162621021270752e-02 -1.663919687271118164e-01 -4.440732300281524658e-02
2.618164718151092529e-01 1.582041084766387939e-01 2.273204969242215157e-03
2.265291064977645874e-01 2.990237176418304443e-01 1.190023124217987061e-02
8.294370956718921661e-03 1.984356045722961426e-01 -2.158049959689378738e-03
-2.433000802993774414e-01 7.625295966863632202e-02 -2.635026723146438599e-02
-2.881670892238616943e-01 -5.895926430821418762e-02 -1.848828420042991638e-02
-2.990699708461761475e-01 -1.435379236936569214e-01 -3.476744145154953003e-02
-3.133371472358703613e-01 -1.847797185182571411e-01 -1.179981529712677002e-01
-3.115253150463104248e-01 -1.960402131080627441e-01 -2.049657702445983887e-01
-3.183705210685729980e-01 1.439351402223110199e-02 -1.398411095142364502e-01
-1.157802939414978027e-01 1.557639390230178833e-01 -2.568274550139904022e-02
2.325254678726196289e-01 2.549093067646026611e-01 1.047975420951843262e-01
4.010610282421112061e-01 2.526399195194244385e-01 3.415591269731521606e-02
4.085524678230285645e-01 5.616403371095657349e-02 -1.409696340560913086e-01
2.326571196317672729e-01 -2.996485494077205658e-02 -9.718229621648788452e-02
7.886300235986709595e-02 -1.724283695220947266e-01 -2.945655211806297302e-02
8.954483270645141602e-02 -1.857464462518692017e-01 1.105637922883033752e-01
1.177577152848243713e-01 -2.035251632332801819e-02 1.339567601680755615e-01
1.061594858765602112e-01 1.993218064308166504e-02 -3.143795474898070097e-04
8.182103931903839111e-02 4.187327250838279724e-02 -8.559066802263259888e-02
1.354113370180130005e-01 -3.667265549302101135e-02 -9.914296120405197144e-02
2.888239920139312744e-01 -1.256013959646224976e-01 -7.123029232025146484e-02
3.050005435943603516e-01 -7.602525502443313599e-02 -4.944744333624839783e-02
1.758832484483718872e-01 -1.525134593248367310e-01 -1.311453431844711304e-01
7.660193368792533875e-04 -9.915851056575775146e-02 -2.425807416439056396e-01
-1.968990862369537354e-01 4.300624132156372070e-02 -1.957587897777557373e-01
-1.936599463224411011e-01 1.177560985088348389e-01 -2.439694665372371674e-02
-1.793289333581924438e-01 1.968309283256530762e-01 2.744427919387817383e-01
-2.100975066423416138e-01 1.108750477433204651e-01 4.197179973125457764e-01
-1.949324905872344971e-01 -1.502116862684488297e-02 3.575340807437896729e-01
-1.926187425851821899e-01 -5.342456325888633728e-02 1.283868998289108276e-01
-1.549651920795440674e-01 -6.933110952377319336e-02 -1.844248026609420776e-01
-7.470962405204772949e-02 -6.477174907922744751e-02 -2.693829834461212158e-01
2.107230946421623230e-02 3.059864742681384087e-03 -9.991755336523056030e-02
2.476000040769577026e-02 -2.079287078231573105e-03 6.340733170509338379e-02
5.940268747508525848e-03 4.605964757502079010e-03 9.334041178226470947e-02
-9.330422431230545044e-02 5.818048492074012756e-02 -9.404412470757961273e-03
-7.215924561023712158e-02 5.774638056755065918e-02 -1.599657684564590454e-01
4.840666800737380981e-02 6.291379779577255249e-02 -1.446088999509811401e-01
1.830417066812515259e-01 1.575541123747825623e-02 -5.706984177231788635e-02
2.539427280426025391e-01 -5.835324898362159729e-02 3.372788056731224060e-02
1.268222928047180176e-01 -4.565854743123054504e-02 1.053692847490310669e-01
-1.615940406918525696e-02 3.178126737475395203e-02 6.531780958175659180e-02
-1.387513130903244019e-01 7.693948596715927124e-02 -1.235512783750891685e-03
-1.068087369203567505e-01 2.106440998613834381e-02 -6.954239308834075928e-02
4.575901105999946594e-02 -9.032382071018218994e-02 -1.176878586411476135e-01
7.856270670890808105e-02 -9.900263696908950806e-02 -7.270589470863342285e-02
1.057410761713981628e-01 -3.889510780572891235e-02 5.346063524484634399e-02
-5.696079228073358536e-03 8.480984717607498169e-02 1.607799977064132690e-01
-1.163735911250114441e-01 7.551700621843338013e-02 2.033698558807373047e-01
-1.349429339170455933e-01 -4.111805930733680725e-02 1.870377957820892334e-01
-2.068639397621154785e-01 -1.020031720399856567e-01 1.091287583112716675e-01
-1.309093832969665527e-01 -8.207591623067855835e-02 5.738912895321846008e-02
-6.494014710187911987e-02 -6.989448331296443939e-03 1.184513326734304428e-02
-1.505374535918235779e-02 4.682331159710884094e-02 -1.469327881932258606e-02
