9.239264868954921717e-02
0.000000000000000000e+00
0.000000000000000000e+00
0.000000000000000000e+00
3.823502742648243052e-02
3.498372350678272819e-02
0.000000000000000000e+00
0.000000000000000000e+00
2.071168323773445088e-03
1.239989292047032066e-02
3.201010231330672640e-02
2.516749812742236775e-02
2.523751045838449822e-02
1.589398242721602739e-02
0.000000000000000000e+00
0.000000000000000000e+00
0.000000000000000000e+00
0.000000000000000000e+00
0.000000000000000000e+00
0.000000000000000000e+00
0.000000000000000000e+00
0.000000000000000000e+00
0.000000000000000000e+00
0.000000000000000000e+00
0.000000000000000000e+00
0.000000000000000000e+00
0.000000000000000000e+00
0.000000000000000000e+00
0.000000000000000000e+00
0.000000000000000000e+00
0.000000000000000000e+00
0.000000000000000000e+00
0.000000000000000000e+00
0.000000000000000000e+00
0.000000000000000000e+00
0.000000000000000000e+00
0.000000000000000000e+00
0.000000000000000000e+00
0.000000000000000000e+00
0.000000000000000000e+00
0.000000000000000000e+00
0.000000000000000000e+00
2.117040777488843860e-03
1.227054702153929880e-04
2.145152119545766511e-02
3.579580956152888377e-02
3.882331882254290434e-02
4.729176976193912030e-02
3.457377006932933761e-02
2.152256854945963985e-02
0.000000000000000000e+00
0.000000000000000000e+00
0.000000000000000000e+00
7.179655368494719178e-03
1.912094586127082232e-02
1.835942475233643539e-02
3.562816781012291198e-03
2.982799754534401493e-03
4.045061926009948378e-03
4.827242792587988982e-03
4.724580717981295870e-03
2.691987354018723043e-03
1.570891681884994690e-03
2.281237297708817700e-04
0.000000000000000000e+00
0.000000000000000000e+00
0.000000000000000000e+00
0.000000000000000000e+00
0.000000000000000000e+00
0.000000000000000000e+00
0.000000000000000000e+00
0.000000000000000000e+00
0.000000000000000000e+00
4.121607113069081230e-03
9.338350008601158450e-03
7.577447285229928393e-03
1.145173331703346759e-02
9.368795967233917166e-03
8.145410363608943799e-03
2.786036641397219085e-02
4.189212143253143866e-02
5.455784373952476951e-02
3.851059068136893082e-02
0.000000000000000000e+00
0.000000000000000000e+00
0.000000000000000000e+00
0.000000000000000000e+00
1.643752361364362799e-02
9.793739794556536107e-03
2.890659445043438150e-03
0.000000000000000000e+00
0.000000000000000000e+00
0.000000000000000000e+00
0.000000000000000000e+00
0.000000000000000000e+00
0.000000000000000000e+00
0.000000000000000000e+00
2.262764753078856661e-01
4.019982678133512954e-01
3.531266487684435740e-01
1.765633243842217870e-01
0.000000000000000000e+00
0.000000000000000000e+00
0.000000000000000000e+00
0.000000000000000000e+00
0.000000000000000000e+00
0.000000000000000000e+00
0.000000000000000000e+00
0.000000000000000000e+00
0.000000000000000000e+00
0.000000000000000000e+00
0.000000000000000000e+00
0.000000000000000000e+00
0.000000000000000000e+00
0.000000000000000000e+00
0.000000000000000000e+00
0.000000000000000000e+00
0.000000000000000000e+00
0.000000000000000000e+00
0.000000000000000000e+00
0.000000000000000000e+00
0.000000000000000000e+00
0.000000000000000000e+00
0.000000000000000000e+00
