-1.588333249092102051e-01 4.692374542355537415e-02 3.529087454080581665e-02
-1.621595174074172974e-01 2.282397449016571045e-02 1.055907607078552246e-01
-2.308964133262634277e-01 -3.111349642276763916e-01 2.541382908821105957e-01
-2.440096288919448853e-01 -4.945420026779174805e-01 2.592955231666564941e-01
-2.864953577518463135e-01 -5.660796165466308594e-01 1.313481330871582031e-01
-2.595220208168029785e-01 -4.815240800380706787e-01 -2.949465252459049225e-02
-1.556141525506973267e-01 -2.630766928195953369e-01 -2.190162688493728638e-01
-1.376984119415283203e-01 -2.735897302627563477e-01 -2.260470688343048096e-01
-1.956721097230911255e-01 -3.361422419548034668e-01 -2.148163318634033203e-01
-1.501660794019699097e-01 -3.732910156250000000e-01 -1.569764614105224609e-01
-8.756820857524871826e-02 -3.875994980335235596e-01 -9.150280058383941650e-02
-3.449830785393714905e-02 -3.040027916431427002e-01 -4.688748717308044434e-02
-5.199497099965810776e-03 -2.464347034692764282e-01 -5.172495543956756592e-02
-1.020422764122486115e-02 -1.712802499532699585e-01 -2.436617575585842133e-02
4.331747442483901978e-02 -9.994821250438690186e-02 -4.158040508627891541e-02
5.528236553072929382e-02 -1.283060610294342041e-01 -9.373802691698074341e-02
1.048827618360519409e-01 -4.962187632918357849e-02 -1.459984034299850464e-01
1.251272857189178467e-01 -1.916105672717094421e-02 -1.046535447239875793e-01
1.707451939582824707e-01 3.490518778562545776e-02 -4.482844844460487366e-03
6.406015157699584961e-02 -1.190097536891698837e-02 4.976683482527732849e-02
2.704529464244842529e-02 -3.874750435352325439e-02 6.010003387928009033e-02
-8.215702325105667114e-02 1.014315895736217499e-02 -9.041788056492805481e-03
-1.164725944399833679e-01 6.996330618858337402e-02 2.198148146271705627e-02
-1.432467997074127197e-01 5.328461900353431702e-02 4.470394551753997803e-02
-2.077153325080871582e-01 -5.041085183620452881e-02 5.879026278853416443e-02
-7.055873423814773560e-02 -2.902780473232269287e-02 5.266317352652549744e-02
-5.831117741763591766e-03 9.710297919809818268e-03 1.960192620754241943e-02
1.037140041589736938e-01 6.569498032331466675e-02 -2.932256611529737711e-04
5.787964910268783569e-02 3.316526114940643311e-02 -1.029179617762565613e-02
-1.625181920826435089e-02 -2.580252476036548615e-02 5.959507077932357788e-02
-2.288605272769927979e-02 -7.652219384908676147e-03 8.294250071048736572e-02
-3.884348087012767792e-03 3.381934016942977905e-02 1.070669367909431458e-01
-2.161115221679210663e-02 1.013899371027946472e-01 9.138937294483184814e-02
-5.758902058005332947e-03 1.364642083644866943e-01 6.678261607885360718e-02
1.391575578600168228e-02 1.379180550575256348e-01 5.577740445733070374e-02
1.025052815675735474e-01 1.280543655157089233e-01 1.043635234236717224e-01
2.593252658843994141e-01 1.156464591622352600e-01 1.333319395780563354e-01
1.926327943801879883e-01 8.021528273820877075e-02 1.741321831941604614e-01
1.663694977760314941e-01 1.786182969808578491e-01 1.447744220495223999e-01
2.875544726848602295e-01 3.902998566627502441e-01 -9.196839481592178345e-02
3.956094384193420410e-01 5.794140100479125977e-01 -9.602714329957962036e-02
4.316982328891754150e-01 5.939750671386718750e-01 -2.335819602012634277e-02
3.305191695690155029e-01 5.160036683082580566e-01 1.386998295783996582e-01
8.703374117612838745e-02 3.851566910743713379e-01 2.924217283725738525e-01
2.937711402773857117e-02 2.151394188404083252e-01 1.757498681545257568e-01
-1.499163918197154999e-02 1.758894026279449463e-01 1.255953013896942139e-01
2.528082812204957008e-03 1.780176311731338501e-01 8.679155260324478149e-02
-7.739090919494628906e-02 -1.033413186669349670e-01 9.753890335559844971e-02
-7.498142123222351074e-02 -4.135991334915161133e-01 1.458328962326049805e-01
-1.234387606382369995e-01 -5.337889194488525391e-01 1.604442894458770752e-01
-2.299604564905166626e-01 -5.260440111160278320e-01 1.630922704935073853e-01
-1.078035458922386169e-01 -3.180223703384399414e-01 8.701439201831817627e-02
-2.142098173499107361e-02 -2.514966726303100586e-01 -5.536151677370071411e-02
1.161975190043449402e-01 -2.243275344371795654e-01 -1.979402154684066772e-01
8.324699103832244873e-02 -1.931697279214859009e-01 -1.660591661930084229e-01
1.866310387849807739e-01 -5.689470469951629639e-02 5.672810133546590805e-03
2.129365652799606323e-01 1.537123471498489380e-01 1.117635965347290039e-01
9.295924007892608643e-02 1.639058887958526611e-01 8.374910801649093628e-02
5.183161422610282898e-02 1.597380340099334717e-01 1.577024906873703003e-02
-1.358584314584732056e-01 7.228980958461761475e-02 -3.988217189908027649e-02
-1.479536946862936020e-02 5.419889092445373535e-02 2.535415627062320709e-02
-3.525952994823455811e-02 1.307286322116851807e-01 -7.770553976297378540e-02
-2.063449025154113770e-01 3.530319035053253174e-01 -2.854083180427551270e-01
-1.141460910439491272e-01 5.022013783454895020e-01 -3.749164044857025146e-01
-1.187515258789062500e-01 5.056734681129455566e-01 -3.812343478202819824e-01
-5.440798029303550720e-02 4.464754462242126465e-01 -2.284667938947677612e-01
-7.136691361665725708e-02 2.411181181669235229e-01 -1.068351641297340393e-01
-7.249434292316436768e-02 6.226991117000579834e-02 -1.402773242443799973e-02
4.772314056754112244e-02 -4.879286512732505798e-03 -1.345398556441068649e-02
1.085286512970924377e-01 -8.134616166353225708e-02 -3.261125832796096802e-02
3.594052791595458984e-02 -1.602282933890819550e-02 -9.612556546926498413e-03
-2.695675007998943329e-02 -2.789224497973918915e-02 -1.520885061472654343e-02
4.365634173154830933e-02 7.609545718878507614e-04 2.048637531697750092e-02
1.123481392860412598e-01 -2.463087067008018494e-02 -5.655138939619064331e-02
2.266961187124252319e-01 -1.347588449716567993e-01 -1.282393187284469604e-01
1.650824248790740967e-01 -1.999222487211227417e-01 -1.249114125967025757e-01
1.210449337959289551e-01 -2.628916800022125244e-01 -6.391604989767074585e-02
1.419876962900161743e-01 -2.138890027999877930e-01 3.959483653306961060e-02
1.454209238290786743e-01 -1.758331805467605591e-01 3.547173738479614258e-02
-1.217079013586044312e-01 -1.254244595766067505e-01 3.900276124477386475e-01
-1.524852067232131958e-01 -2.584470212459564209e-01 6.374516487121582031e-01
-1.560180783271789551e-01 -2.907595038414001465e-01 6.835519671440124512e-01
-6.149511784315109253e-02 -2.292144447565078735e-01 6.374127268791198730e-01
1.726376116275787354e-01 -1.455843001604080200e-01 3.443719446659088135e-01
-2.790931239724159241e-02 -5.057944729924201965e-02 5.553138628602027893e-02
-6.139465421438217163e-02 -1.176321506500244141e-01 3.926443308591842651e-02
-8.442018181085586548e-02 -1.702300906181335449e-01 3.740927204489707947e-02
-6.006182357668876648e-02 -1.428006440401077271e-01 5.485348403453826904e-02
-6.366071105003356934e-02 -1.432024985551834106e-01 8.715226314961910248e-03
-2.114545255899429321e-01 -9.879236668348312378e-02 -5.781308934092521667e-02
-2.385922074317932129e-01 -2.126416563987731934e-02 -4.519947245717048645e-02
-2.014869451522827148e-01 -7.053639739751815796e-02 -1.539958417415618896e-01
-2.884880080819129944e-02 -1.286431401968002319e-01 -3.042579591274261475e-01
6.710699945688247681e-02 -1.191077083349227905e-01 -3.459793627262115479e-01
-2.077233791351318359e-02 -1.531144082546234131e-01 -4.076642692089080811e-01
-4.561448097229003906e-02 -1.802203655242919922e-01 -2.480085641145706177e-01
-1.122119203209877014e-01 -2.253425121307373047e-01 -9.502257406711578369e-02
-1.227269172668457031e-01 -2.667551338672637939e-01 -9.555146098136901855e-02
-2.052939683198928833e-01 -1.879278421401977539e-01 -8.606576919555664062e-02
-2.174801230430603027e-01 -1.046409308910369873e-01 -1.737216711044311523e-01
-1.356982439756393433e-01 -1.156621798872947693e-01 -1.012371554970741272e-01
1.318551413714885712e-02 -1.590116322040557861e-01 -6.467889994382858276e-02
1.635729521512985229e-01 -1.128902435302734375e-01 -2.502067945897579193e-02
2.415296733379364014e-01 -7.306392490863800049e-02 -5.764171108603477478e-02
1.440043896436691284e-01 1.715107075870037079e-02 -5.488378182053565979e-02
7.556501030921936035e-02 -2.249727956950664520e-02 -5.824151635169982910e-02
5.351337790489196777e-02 -1.550684962421655655e-02 -1.049005463719367981e-01
-2.634913846850395203e-02 8.583763241767883301e-02 2.836992405354976654e-02
-2.088129967451095581e-01 7.625801116228103638e-02 3.754347935318946838e-02
-1.636375933885574341e-01 1.177122816443443298e-01 5.782070802524685860e-04
-2.460943162441253662e-01 7.798872888088226318e-02 -4.029863700270652771e-02
-4.125285148620605469e-02 2.587566152215003967e-02 -1.044347435235977173e-01
-7.739654928445816040e-02 2.869037911295890808e-02 -1.284477412700653076e-01
-9.033920615911483765e-02 8.358828723430633545e-03 -2.821602858603000641e-02
6.764949113130569458e-02 -3.717973828315734863e-02 8.735504001379013062e-02
1.196256205439567566e-01 -7.245335727930068970e-02 1.954724937677383423e-01
2.542983293533325195e-01 -1.111902222037315369e-01 3.013834357261657715e-01
-7.184099406003952026e-02 -1.860009133815765381e-01 9.575626999139785767e-02
-1.705224066972732544e-01 -1.533906459808349609e-01 -1.478427350521087646e-01
-3.398779928684234619e-01 3.126268461346626282e-02 -2.284145802259445190e-01
-3.569700419902801514e-01 2.238397151231765747e-01 -3.290263116359710693e-01
-2.450203597545623779e-01 3.680362403392791748e-01 -2.805680930614471436e-01
-1.468308269977569580e-01 3.279965817928314209e-01 -1.963664740324020386e-01
-4.480763152241706848e-02 1.950291246175765991e-01 -1.359342187643051147e-01
