-6.628578412346541882e-04 1.241322606801986694e-01 -1.729485541582107544e-01
-9.712736308574676514e-02 2.228835970163345337e-01 -3.420575857162475586e-01
-1.560360193252563477e-01 2.531859278678894043e-01 -4.084933102130889893e-01
-1.438092887401580811e-01 1.370092481374740601e-01 -3.103215098381042480e-01
1.667678914964199066e-02 -1.375777572393417358e-01 5.577200092375278473e-03
2.427869141101837158e-01 -2.829370796680450439e-01 2.129432410001754761e-01
2.811910808086395264e-01 -2.421426624059677124e-01 1.793101280927658081e-01
2.028634697198867798e-01 -1.183767542243003845e-01 -6.526801735162734985e-03
3.447615727782249451e-02 2.763533219695091248e-02 -1.455738246440887451e-01
-1.061378344893455505e-01 3.053760342299938202e-02 -4.250743985176086426e-02
-1.442192345857620239e-01 -3.710785135626792908e-02 7.720670849084854126e-02
-9.088165313005447388e-02 -6.963475793600082397e-02 1.531062722206115723e-01
-9.360171854496002197e-02 -1.160123422741889954e-01 1.794103235006332397e-01
-1.470156311988830566e-01 -1.204826012253761292e-01 1.043710038065910339e-01
-1.722655892372131348e-01 -1.549238413572311401e-01 8.485820144414901733e-02
-1.758887767791748047e-01 -1.793705224990844727e-01 5.889781937003135681e-02
-8.076994121074676514e-02 -1.592741012573242188e-01 8.028582483530044556e-02
4.185121133923530579e-02 -3.918757289648056030e-02 9.958462417125701904e-02
8.856842666864395142e-02 1.023552715778350830e-01 4.072596505284309387e-02
1.369925439357757568e-01 1.644860804080963135e-01 1.979417167603969574e-02
1.133270189166069031e-01 1.847330778837203979e-01 2.962232567369937897e-02
4.330588877201080322e-02 1.622326225042343140e-01 5.723797529935836792e-02
-3.111307695508003235e-02 1.847483664751052856e-01 4.627802874892950058e-03
-1.081653162837028503e-01 9.900618344545364380e-02 -5.110663548111915588e-02
-9.157608449459075928e-02 -2.742382138967514038e-02 -5.975815281271934509e-02
-3.020283766090869904e-02 -1.539281159639358521e-01 1.250395365059375763e-02
3.206013143062591553e-02 -1.551054120063781738e-01 6.147904694080352783e-02
2.859819307923316956e-02 -2.830168341461103410e-05 5.083078867755830288e-04
-1.588826812803745270e-02 8.142253011465072632e-02 -3.847750276327133179e-02
-4.639016836881637573e-02 1.172751709818840027e-01 -2.423417195677757263e-02
-3.478167206048965454e-02 6.840520352125167847e-02 5.556584894657135010e-02
7.604598999023437500e-03 6.622088141739368439e-03 1.061739921569824219e-01
1.323725562542676926e-02 -2.552629821002483368e-02 7.504706084728240967e-02
-3.176658973097801208e-02 -8.182478696107864380e-02 2.166917920112609863e-02
-9.599305689334869385e-02 -1.472800374031066895e-01 -1.548763923346996307e-02
-1.358810663223266602e-01 -9.720128029584884644e-02 -4.674974828958511353e-02
-1.248596236109733582e-01 -2.133400551974773407e-02 -6.513080559670925140e-03
-2.297149226069450378e-02 -1.093082427978515625e-01 1.243913695216178894e-01
2.138649672269821167e-02 -2.493215501308441162e-01 3.350157439708709717e-01
4.005240276455879211e-02 -3.460184037685394287e-01 4.337693452835083008e-01
6.297675427049398422e-03 -1.546210795640945435e-01 3.592523336410522461e-01
-2.336440980434417725e-02 2.628369629383087158e-01 1.078975349664688110e-01
8.080872148275375366e-02 3.813341557979583740e-01 -2.793470323085784912e-01
1.080030947923660278e-01 2.977740466594696045e-01 -4.011700749397277832e-01
7.924565672874450684e-02 5.314522981643676758e-02 -3.529108464717864990e-01
-1.568350009620189667e-02 -1.572833769023418427e-02 -3.409570455551147461e-01
-1.645261645317077637e-01 1.201679259538650513e-01 -3.807765245437622070e-01
-1.610444039106369019e-01 2.358435243368148804e-01 -4.357574582099914551e-01
-1.009936258196830750e-01 2.488950192928314209e-01 -4.098286032676696777e-01
3.530650958418846130e-02 4.339595790952444077e-03 -1.093981042504310608e-01
2.568719983100891113e-01 -1.629948168992996216e-01 1.613532602787017822e-01
3.392696976661682129e-01 -2.966713905334472656e-01 2.250320911407470703e-01
3.015835285186767578e-01 -2.663662135601043701e-01 1.624182313680648804e-01
8.734111674129962921e-03 -1.342494040727615356e-01 9.909747540950775146e-02
-2.968600392341613770e-01 -9.451138228178024292e-02 2.311355173587799072e-01
-3.037148118019104004e-01 2.616687305271625519e-02 2.948466241359710693e-01
-1.107566058635711670e-01 6.455391645431518555e-02 2.406043112277984619e-01
2.038803547620773315e-01 2.085212618112564087e-01 8.362784236669540405e-02
2.126474678516387939e-01 1.983260810375213623e-01 -8.509867638349533081e-02
9.306742995977401733e-02 5.936031416058540344e-02 -9.259854257106781006e-02
8.913312852382659912e-02 -7.210985571146011353e-02 6.327643245458602905e-02
1.067704409360885620e-01 -2.501022219657897949e-01 2.748423516750335693e-01
1.868949383497238159e-01 -2.535150945186614990e-01 3.367719352245330811e-01
5.891639739274978638e-02 -1.876292973756790161e-01 2.461996525526046753e-01
-1.346799582242965698e-01 -2.904370240867137909e-02 -6.259058415889739990e-02
-2.105261534452438354e-01 1.822623461484909058e-01 -3.171470463275909424e-01
-2.262521386146545410e-01 2.141199558973312378e-01 -3.583506643772125244e-01
-1.331489682197570801e-01 1.491826623678207397e-01 -3.223102688789367676e-01
-3.572952002286911011e-02 1.622612588107585907e-02 -1.797301024198532104e-01
5.185254663228988647e-02 -5.566889792680740356e-02 -7.000880688428878784e-02
3.585419431328773499e-02 -6.512112915515899658e-02 -1.200647652149200439e-02
-4.307967424392700195e-02 -9.344654530286788940e-02 2.493964508175849915e-03
-1.374505162239074707e-01 -1.154299974441528320e-01 -8.460285514593124390e-02
-1.156564429402351379e-01 -1.061691790819168091e-01 -1.486665457487106323e-01
-5.822118371725082397e-03 1.983780786395072937e-02 -1.886004209518432617e-01
3.835444524884223938e-02 1.445954591035842896e-01 -1.204997301101684570e-01
4.397011920809745789e-02 1.687858402729034424e-01 -1.939339330419898033e-03
-1.576077044010162354e-01 3.029593229293823242e-01 1.456854045391082764e-01
-3.603746891021728516e-01 4.449864327907562256e-01 1.629648953676223755e-01
-4.377510249614715576e-01 5.066933631896972656e-01 9.843110293149948120e-02
-3.650544583797454834e-01 4.153876602649688721e-01 5.958126857876777649e-02
7.236487418413162231e-02 -1.458880901336669922e-01 -3.834389895200729370e-02
4.183567166328430176e-01 -4.705897867679595947e-01 2.022506482899188995e-02
4.760613739490509033e-01 -4.810184538364410400e-01 -9.159598499536514282e-03
3.314313888549804688e-01 -3.110082447528839111e-01 -8.266671001911163330e-02
3.683512657880783081e-02 -3.947539627552032471e-02 -8.234832435846328735e-02
-8.132636547088623047e-02 1.151361037045717239e-03 -1.007338613271713257e-01
-1.733217015862464905e-02 4.602108895778656006e-02 -7.632203865796327591e-03
7.988977432250976562e-02 9.004355221986770630e-02 9.974160045385360718e-02
1.566128134727478027e-01 5.794890224933624268e-02 7.405961304903030396e-02
2.134695053100585938e-01 -1.085097715258598328e-01 -2.840085327625274658e-02
2.558711171150207520e-01 -2.888186275959014893e-01 -1.100217774510383606e-01
3.472339510917663574e-01 -3.172369301319122314e-01 -1.221657842397689819e-01
2.943803668022155762e-01 -1.537760496139526367e-01 -3.740211576223373413e-02
3.521233052015304565e-02 1.729316562414169312e-01 4.391604568809270859e-03
-2.697449028491973877e-01 2.926332056522369385e-01 -6.225325167179107666e-02
-4.157888591289520264e-01 2.227344214916229248e-01 -5.787418782711029053e-02
-3.331730067729949951e-01 4.562357813119888306e-02 7.163706701248884201e-03
-1.494650244712829590e-01 -6.178388744592666626e-02 8.691000938415527344e-02
-1.682257279753684998e-02 -9.692241996526718140e-02 9.172332286834716797e-02
1.867356896400451660e-02 -1.343433707952499390e-01 3.408605605363845825e-02
-5.165409669280052185e-02 -1.657282561063766479e-01 6.211915519088506699e-03
-5.691636353731155396e-02 -1.303244531154632568e-01 7.571387290954589844e-02
-4.035528749227523804e-02 1.759669929742813110e-02 1.051455363631248474e-01
-8.334754034876823425e-03 9.796006977558135986e-02 7.090199738740921021e-02
-2.517595887184143066e-02 1.467602103948593140e-01 7.441692054271697998e-02
-3.568909014575183392e-04 1.148217916488647461e-01 3.437072783708572388e-02
3.391958773136138916e-02 4.936396703124046326e-02 5.774575099349021912e-02
8.728815615177154541e-02 5.699591711163520813e-02 2.710581384599208832e-02
1.359118074178695679e-01 -4.681303352117538452e-02 -5.087750777602195740e-02
9.322845190763473511e-02 -7.460208982229232788e-02 -5.481605976819992065e-02
4.484809935092926025e-02 4.592973738908767700e-03 -6.159071624279022217e-02
-6.755773723125457764e-02 6.205896660685539246e-02 -4.684424027800559998e-02
-1.385398358106613159e-01 1.167056858539581299e-01 -4.541276022791862488e-02
-2.087855786085128784e-01 5.814059823751449585e-02 -8.295688778162002563e-02
-9.228622913360595703e-02 -5.519302794709801674e-04 -1.253293752670288086e-01
1.328475475311279297e-01 -7.325723022222518921e-02 -1.188435629010200500e-01
2.765369415283203125e-01 -5.823038145899772644e-02 1.465602079406380653e-03
2.882467806339263916e-01 -1.164218708872795105e-01 1.477134674787521362e-01
1.103634089231491089e-01 -2.009199261665344238e-01 3.054429590702056885e-01
-5.101915821433067322e-02 -1.555916666984558105e-01 2.880149781703948975e-01
-1.403077393770217896e-01 -8.195141702890396118e-02 9.993702173233032227e-02
-1.300737410783767700e-01 3.087612427771091461e-02 -4.157152399420738220e-02
-6.809902191162109375e-02 6.677127629518508911e-02 -1.232351511716842651e-01
