-7.342530786991119385e-02 -1.624041469767689705e-03 -1.302463263273239136e-01
-1.424651872366666794e-02 6.321059912443161011e-02 -1.872959733009338379e-01
2.838168144226074219e-01 2.036539018154144287e-01 -2.488376349210739136e-01
4.614631235599517822e-01 3.360956609249114990e-01 -1.436321139335632324e-01
5.068477392196655273e-01 2.481592446565628052e-01 -7.346663624048233032e-02
4.581372737884521484e-01 9.049297124147415161e-02 -1.332998722791671753e-01
1.927554607391357422e-01 -3.609891235828399658e-02 -8.420901745557785034e-02
-5.521332100033760071e-02 -1.951259188354015350e-02 -3.091677464544773102e-02
-2.190316319465637207e-01 1.735608726739883423e-01 1.562821567058563232e-01
-3.097025156021118164e-01 3.585228025913238525e-01 2.934413552284240723e-01
-3.410603404045104980e-01 4.866499602794647217e-01 1.600825935602188110e-01
-1.222844049334526062e-01 5.695753693580627441e-01 -5.978649109601974487e-02
-1.303155720233917236e-01 3.531520664691925049e-01 2.054892480373382568e-01
-1.783633530139923096e-01 -2.524778060615062714e-02 4.398739039897918701e-01
-1.774326562881469727e-01 -3.175621628761291504e-01 5.184987783432006836e-01
-2.865711450576782227e-01 -4.418960213661193848e-01 4.270902276039123535e-01
-8.429911732673645020e-02 -2.636378407478332520e-01 1.450875103473663330e-01
5.367525666952133179e-02 -1.539430469274520874e-01 8.764620870351791382e-02
6.037149205803871155e-02 -1.031017601490020752e-01 7.561292499303817749e-02
7.169526070356369019e-02 -1.293957699090242386e-02 6.149562075734138489e-03
-5.175440385937690735e-02 3.109061857685446739e-03 8.373256027698516846e-02
-1.013819798827171326e-01 3.272422123700380325e-03 1.044794693589210510e-01
-1.415434777736663818e-01 4.782290384173393250e-02 1.005168035626411438e-01
-1.665771454572677612e-01 -1.378963422030210495e-02 8.512224070727825165e-03
-1.653241664171218872e-01 3.287777304649353027e-03 -2.248902171850204468e-01
-9.333323687314987183e-02 -9.891143999993801117e-03 -3.594972491264343262e-01
3.995690494775772095e-02 -1.144309043884277344e-01 -4.340675175189971924e-01
2.621541023254394531e-01 -1.727560162544250488e-01 -3.875628113746643066e-01
3.785722851753234863e-01 -2.810165286064147949e-01 -2.543520927429199219e-01
2.593503892421722412e-01 -2.715635299682617188e-01 -1.229902580380439758e-01
4.798444360494613647e-02 -2.278590500354766846e-01 -6.917803734540939331e-02
5.066372826695442200e-02 -2.358932644128799438e-01 -5.338822305202484131e-02
5.238268524408340454e-02 -2.679001092910766602e-01 -2.923488989472389221e-02
-4.335458576679229736e-02 -3.002879023551940918e-01 -2.313131652772426605e-02
-1.332412213087081909e-01 -1.880650818347930908e-01 1.891911029815673828e-02
-2.939776778221130371e-01 9.498937288299202919e-04 6.320954114198684692e-02
-1.885117739439010620e-01 1.868103146553039551e-01 1.024531498551368713e-01
-4.057899862527847290e-02 2.208115011453628540e-01 9.780970215797424316e-02
-3.563648834824562073e-02 2.483865469694137573e-01 1.519977450370788574e-01
-1.183088719844818115e-01 2.330477982759475708e-01 1.883128136396408081e-01
-8.191000670194625854e-02 2.869683802127838135e-01 1.550486087799072266e-01
1.626304984092712402e-01 4.310177266597747803e-01 7.001312077045440674e-02
3.366559147834777832e-01 4.478015005588531494e-01 7.835203409194946289e-02
3.443093895912170410e-01 4.235364496707916260e-01 1.129722073674201965e-01
1.807535439729690552e-01 2.850376069545745850e-01 2.159894704818725586e-01
2.689558267593383789e-02 9.630516916513442993e-02 2.697440385818481445e-01
8.264911174774169922e-02 3.419631347060203552e-02 2.101196348667144775e-01
1.330958157777786255e-01 2.567058801651000977e-02 1.620897352695465088e-01
6.836286187171936035e-02 -3.041965328156948090e-02 2.368239499628543854e-02
1.531393676996231079e-01 -1.071197018027305603e-01 -6.359151005744934082e-02
1.267574876546859741e-01 -2.407075911760330200e-01 -1.275472044944763184e-01
2.375777810811996460e-01 -3.099285066127777100e-01 -6.444571912288665771e-02
3.826515674591064453e-01 -3.692237734794616699e-01 -3.180774673819541931e-02
4.070067405700683594e-01 -3.715754449367523193e-01 -6.253349035978317261e-02
4.599736928939819336e-01 -3.220077157020568848e-01 -4.232077673077583313e-02
2.154280692338943481e-01 -2.087205052375793457e-01 -1.123940688557922840e-03
1.155987847596406937e-02 -7.336916774511337280e-02 2.416155487298965454e-02
-3.123007714748382568e-02 -3.999778255820274353e-02 2.865650877356529236e-02
-2.114897519350051880e-01 -3.505587577819824219e-02 9.643605910241603851e-03
-2.899396717548370361e-01 -6.925365328788757324e-02 -2.162867784500122070e-02
-3.572579920291900635e-01 2.014315500855445862e-02 7.837539911270141602e-02
-3.489476442337036133e-01 1.786305196583271027e-02 5.396850779652595520e-02
-2.524057030677795410e-01 5.208792909979820251e-02 1.882848888635635376e-02
-1.227935925126075745e-01 3.056213073432445526e-02 -1.536424364894628525e-02
-3.026080783456563950e-03 1.564078778028488159e-02 -3.143864870071411133e-02
4.696200042963027954e-02 9.429466724395751953e-02 1.013953145593404770e-02
4.036878049373626709e-02 9.172555059194564819e-02 8.458162657916545868e-03
5.247471481561660767e-02 2.531803585588932037e-02 3.110671415925025940e-02
6.247194483876228333e-02 1.716011948883533478e-02 -2.957472205162048340e-02
7.469689846038818359e-02 2.754761278629302979e-02 7.120813429355621338e-02
-3.701109066605567932e-02 1.178904324769973755e-01 1.203187406063079834e-01
-1.680222600698471069e-01 2.325282841920852661e-01 -5.194148421287536621e-02
-2.663506269454956055e-01 2.311074286699295044e-01 -2.580404281616210938e-01
-1.995993852615356445e-01 2.530963420867919922e-01 -3.813410401344299316e-01
-2.600347399711608887e-01 1.931253522634506226e-01 -3.349862098693847656e-01
-3.204781413078308105e-01 9.113016724586486816e-02 -1.423954069614410400e-01
-1.389254033565521240e-01 -7.022907957434654236e-03 -4.168982617557048798e-03
-3.137436695396900177e-03 -5.799330398440361023e-02 -3.244294971227645874e-02
1.783487349748611450e-01 -7.406511902809143066e-02 2.839178033173084259e-02
2.611452639102935791e-01 -1.219213977456092834e-01 3.872228786349296570e-02
1.705074757337570190e-01 -1.437143534421920776e-01 2.340515144169330597e-02
1.317557692527770996e-01 -9.226901829242706299e-02 1.090861037373542786e-01
8.503581583499908447e-02 4.410295188426971436e-02 1.274519413709640503e-01
1.297846995294094086e-02 1.084955036640167236e-01 1.766801923513412476e-01
7.060130685567855835e-02 5.959098413586616516e-02 2.404450625181198120e-01
2.046611607074737549e-01 7.866673916578292847e-02 1.614907234907150269e-01
2.168197780847549438e-01 2.357407957315444946e-01 -3.168523684144020081e-02
2.024240642786026001e-01 2.836487293243408203e-01 -8.024223893880844116e-02
2.361808270215988159e-01 7.764945924282073975e-02 -1.076252162456512451e-01
7.799768447875976562e-02 -1.668805330991744995e-01 3.329038387164473534e-03
-8.359518647193908691e-02 -2.706185281276702881e-01 1.564719676971435547e-01
-2.206791192293167114e-01 -1.307160705327987671e-01 6.343936920166015625e-02
-1.357838213443756104e-01 1.963743939995765686e-02 1.199756748974323273e-02
8.212805539369583130e-02 -4.641973227262496948e-02 -6.659903377294540405e-02
1.071810871362686157e-01 -6.250786781311035156e-02 -4.180269688367843628e-02
2.912576124072074890e-02 -1.767596043646335602e-02 6.851294636726379395e-02
4.835821688175201416e-02 4.711556434631347656e-02 1.343157440423965454e-01
7.785575091838836670e-02 7.953584939241409302e-02 1.556462496519088745e-01
-9.334049187600612640e-03 -2.586420066654682159e-02 3.823554143309593201e-02
-2.831279858946800232e-02 -8.666920661926269531e-02 -3.267173841595649719e-02
-1.306889504194259644e-01 -7.532357424497604370e-02 -5.946355313062667847e-02
-7.077074050903320312e-02 2.308737114071846008e-02 -1.716305762529373169e-01
-4.970744624733924866e-02 1.714459806680679321e-01 -3.612519502639770508e-01
-1.199289113283157349e-01 2.943649888038635254e-01 -4.414584338665008545e-01
-2.794085070490837097e-02 2.683039605617523193e-01 -4.071728289127349854e-01
1.204513534903526306e-01 1.726545393466949463e-01 -2.145788967609405518e-01
1.735086143016815186e-01 8.333773165941238403e-02 6.977461278438568115e-02
1.934906840324401855e-01 -1.717385952360928059e-03 1.093209683895111084e-01
1.189482659101486206e-01 4.993317276239395142e-02 9.090703725814819336e-02
4.958638921380043030e-02 -3.597835451364517212e-02 5.444421991705894470e-02
3.034905195236206055e-01 -2.355998754501342773e-01 2.141997218132019043e-01
2.071851640939712524e-01 -3.312526047229766846e-01 3.880669772624969482e-01
7.244134321808815002e-03 -3.229635953903198242e-01 4.057447314262390137e-01
-1.300342828035354614e-01 -2.400302439928054810e-01 3.225804865360260010e-01
-2.741381227970123291e-01 -9.388393908739089966e-02 1.606128960847854614e-01
-1.011899784207344055e-01 -2.998447977006435394e-02 1.331508606672286987e-01
-3.014850663021206856e-03 6.469831569120287895e-04 1.589964628219604492e-01
-1.015847846865653992e-01 9.161939471960067749e-02 1.419694572687149048e-01
-6.164250522851943970e-02 9.839425235986709595e-02 1.118870452046394348e-01
-2.717281319200992584e-02 6.676213443279266357e-02 9.078294783830642700e-02
-3.194529935717582703e-02 7.549912482500076294e-02 2.868554554879665375e-02
1.225311830639839172e-01 -3.024583868682384491e-02 -2.667717337608337402e-01
1.275992542505264282e-01 -6.022866442799568176e-02 1.221277844160795212e-02
1.034284085035324097e-01 -1.109050735831260681e-01 2.749492824077606201e-01
1.185615267604589462e-02 -1.575830280780792236e-01 4.015901088714599609e-01
-1.269443780183792114e-01 -1.241071149706840515e-01 4.827264249324798584e-01
-1.130699887871742249e-01 -1.333832293748855591e-01 9.692148864269256592e-02
-9.738478809595108032e-02 -1.198383420705795288e-01 3.601596131920814514e-02
-5.557245016098022461e-02 -1.595549136400222778e-01 -3.750283271074295044e-02
-8.477653563022613525e-02 -8.077039569616317749e-02 -7.524424046277999878e-02
-1.496599167585372925e-01 -3.602837026119232178e-02 -3.897769004106521606e-02
-2.086252123117446899e-01 1.000398471951484680e-01 2.953654713928699493e-02
-1.957775950431823730e-01 1.808863133192062378e-01 -1.620640605688095093e-02
-1.871260255575180054e-01 9.848487377166748047e-02 -1.852444410324096680e-01
-2.103623449802398682e-01 5.841271951794624329e-02 -2.814439833164215088e-01
-1.617919951677322388e-01 2.439259365200996399e-02 -2.872821390628814697e-01
-7.424194365739822388e-02 -5.693580582737922668e-02 -1.446237862110137939e-01
-5.095721408724784851e-02 -1.945175975561141968e-01 -9.034874290227890015e-02
-5.642851069569587708e-02 -3.117041587829589844e-01 -8.322697877883911133e-02
-7.911394536495208740e-02 -3.349250257015228271e-01 -1.431997120380401611e-01
-1.549386233091354370e-01 -2.028674930334091187e-01 -1.862132400274276733e-01
-1.262800991535186768e-01 -9.938196837902069092e-02 -1.890269666910171509e-01
-1.901240795850753784e-01 -2.848268300294876099e-02 -2.097614705562591553e-01
-9.557020664215087891e-02 -1.931666769087314606e-02 -2.425752729177474976e-01
9.680836647748947144e-02 -2.822823263704776764e-02 -1.542040854692459106e-01
-8.230398595333099365e-02 6.331992149353027344e-02 -3.730540722608566284e-02
-2.248787283897399902e-01 1.080375537276268005e-01 3.190635889768600464e-02
-1.669289916753768921e-01 4.059309884905815125e-02 3.696377947926521301e-02
8.404806256294250488e-02 -5.558469146490097046e-02 -6.218517571687698364e-02
1.605556458234786987e-01 -1.486846953630447388e-01 -1.682825088500976562e-01
6.618680804967880249e-02 -8.964262902736663818e-02 -1.766245663166046143e-01
-1.097839325666427612e-01 6.799003109335899353e-03 -7.267057895660400391e-02
-1.172826513648033142e-01 9.921386837959289551e-02 -2.959018759429454803e-02
-1.899902522563934326e-02 1.052007898688316345e-01 3.942982479929924011e-02
-1.078622937202453613e-01 1.066901087760925293e-01 2.032707072794437408e-02
-1.123728156089782715e-01 1.186168715357780457e-01 -1.026628771796822548e-03
2.916047722101211548e-02 -1.731678470969200134e-02 6.951639056205749512e-02
-9.462153911590576172e-02 4.926543682813644409e-02 2.077633282169699669e-03
-1.872724294662475586e-01 4.655257612466812134e-02 -9.663686156272888184e-02
-2.062357515096664429e-01 4.895341023802757263e-02 -1.324659585952758789e-01
-1.915573924779891968e-01 4.838423803448677063e-02 -1.112459748983383179e-01
