1.143223650662559057e-02
1.841848153886388451e-01
3.344258990024053246e-01
3.605369659990512732e-01
1.799694398399487305e-01
0.000000000000000000e+00
0.000000000000000000e+00
0.000000000000000000e+00
0.000000000000000000e+00
1.355768539262913047e-02
0.000000000000000000e+00
1.358887563749278972e-02
4.852279302153509472e-02
8.066566320601480100e-02
3.725510773403638981e-02
0.000000000000000000e+00
0.000000000000000000e+00
0.000000000000000000e+00
0.000000000000000000e+00
8.567536951252880881e-03
0.000000000000000000e+00
0.000000000000000000e+00
5.321411054120495261e-03
6.577306847721737203e-03
1.869504550984677502e-03
0.000000000000000000e+00
0.000000000000000000e+00
0.000000000000000000e+00
1.842317751980195777e-03
2.617119718347204419e-03
0.000000000000000000e+00
0.000000000000000000e+00
0.000000000000000000e+00
0.000000000000000000e+00
0.000000000000000000e+00
3.384321824528382667e-03
3.540046274135688793e-03
1.265141224125720379e-04
0.000000000000000000e+00
0.000000000000000000e+00
8.808182424648232367e-02
6.548110766630635404e-02
0.000000000000000000e+00
0.000000000000000000e+00
0.000000000000000000e+00
0.000000000000000000e+00
9.796074411132364712e-02
1.605832780468217647e-01
1.346018535006526240e-01
1.583937623975990167e-02
1.822937527032708616e-02
1.864381768411059806e-02
9.713426658453469531e-03
0.000000000000000000e+00
0.000000000000000000e+00
0.000000000000000000e+00
0.000000000000000000e+00
1.369018578593787522e-03
0.000000000000000000e+00
0.000000000000000000e+00
0.000000000000000000e+00
0.000000000000000000e+00
0.000000000000000000e+00
0.000000000000000000e+00
0.000000000000000000e+00
0.000000000000000000e+00
0.000000000000000000e+00
0.000000000000000000e+00
0.000000000000000000e+00
0.000000000000000000e+00
0.000000000000000000e+00
0.000000000000000000e+00
6.369281753553247653e-03
1.637014535817053751e-02
1.996894372665791034e-02
1.197992359994875904e-02
3.212327743092489949e-03
6.722590938519820963e-04
2.851058184296993963e-03
5.125707385915109944e-03
2.656752960142635500e-04
0.000000000000000000e+00
0.000000000000000000e+00
0.000000000000000000e+00
0.000000000000000000e+00
0.000000000000000000e+00
0.000000000000000000e+00
9.375259046496772081e-03
5.046064979630282554e-02
5.215796837955770371e-02
3.595733421047465905e-02
0.000000000000000000e+00
0.000000000000000000e+00
0.000000000000000000e+00
0.000000000000000000e+00
0.000000000000000000e+00
0.000000000000000000e+00
0.000000000000000000e+00
0.000000000000000000e+00
1.104372490883192117e-03
0.000000000000000000e+00
0.000000000000000000e+00
0.000000000000000000e+00
0.000000000000000000e+00
1.026885898036693917e-02
1.009707132206539952e-02
7.880270023323140277e-03
2.724116678775273786e-03
0.000000000000000000e+00
0.000000000000000000e+00
0.000000000000000000e+00
2.207070337746854676e-04
1.425950660521466996e-03
1.939836692436647204e-03
9.079943132810530844e-04
6.746431356853334642e-04
1.903628330250598931e-04
0.000000000000000000e+00
0.000000000000000000e+00
0.000000000000000000e+00
0.000000000000000000e+00
0.000000000000000000e+00
5.639247441027644969e-03
5.320351899925507277e-02
8.281661843226713338e-02
3.355063525760165755e-02
0.000000000000000000e+00
0.000000000000000000e+00
0.000000000000000000e+00
6.350950797749242704e-03
3.561342745390938536e-03
4.741946427579611070e-04
0.000000000000000000e+00
0.000000000000000000e+00
0.000000000000000000e+00
0.000000000000000000e+00
0.000000000000000000e+00
0.000000000000000000e+00
0.000000000000000000e+00
2.312073337918137406e-01
3.747852239971278809e-01
3.210519127551401675e-01
1.562099451898316116e-01
0.000000000000000000e+00
0.000000000000000000e+00
0.000000000000000000e+00
0.000000000000000000e+00
0.000000000000000000e+00
0.000000000000000000e+00
0.000000000000000000e+00
0.000000000000000000e+00
0.000000000000000000e+00
0.000000000000000000e+00
0.000000000000000000e+00
0.000000000000000000e+00
0.000000000000000000e+00
1.524298200883412221e-03
1.524298200883412221e-03
3.810745502208530552e-04
0.000000000000000000e+00
0.000000000000000000e+00
