1.926732957363128662e-01 -2.297369539737701416e-01 2.584122419357299805e-01
9.941814839839935303e-02 -2.227411568164825439e-01 1.717953532934188843e-01
-5.741831287741661072e-02 -1.846084296703338623e-01 -4.501006752252578735e-02
-2.139793038368225098e-01 4.506244510412216187e-02 -3.050483465194702148e-01
-1.809623837471008301e-01 1.460669636726379395e-01 -3.512147665023803711e-01
-8.515200763940811157e-02 6.329227983951568604e-02 -3.121207952499389648e-01
1.442001461982727051e-01 -9.361868351697921753e-02 -3.646982610225677490e-01
3.073532283306121826e-01 -3.018127381801605225e-01 -3.656756281852722168e-01
3.338299095630645752e-01 -3.157909810543060303e-01 -3.667713701725006104e-01
2.657497525215148926e-01 -3.510347902774810791e-01 -2.599434256553649902e-01
1.130306422710418701e-01 -3.102778196334838867e-01 -1.305895447731018066e-01
2.408467829227447510e-01 -2.487703263759613037e-01 -5.154182389378547668e-02
3.296284973621368408e-01 -2.179665565490722656e-01 1.482913736253976822e-02
3.680433928966522217e-01 -8.039294928312301636e-02 -4.230583831667900085e-02
2.111650407314300537e-01 -7.680183649063110352e-02 -2.072071284055709839e-02
-4.081575199961662292e-02 -9.638204239308834076e-03 -9.111537784337997437e-02
-6.377921253442764282e-02 -7.742445450276136398e-04 -6.230408698320388794e-02
-1.446650028228759766e-01 -6.205096468329429626e-02 -1.080878153443336487e-01
-7.758552581071853638e-02 -1.416884809732437134e-01 -1.373390853404998779e-01
-4.699614644050598145e-02 -1.919872462749481201e-01 -2.758435718715190887e-02
-1.830680817365646362e-01 -1.351369023323059082e-01 2.821170538663864136e-02
-2.379290610551834106e-01 -5.083217471837997437e-02 2.223436981439590454e-01
-3.063445091247558594e-01 5.911270901560783386e-02 2.667067348957061768e-01
-3.552969098091125488e-01 7.424772530794143677e-02 2.490509599447250366e-01
-3.734955489635467529e-01 8.556026965379714966e-02 2.546338140964508057e-01
-3.888362348079681396e-01 1.015015020966529846e-01 1.719564795494079590e-01
-4.214129447937011719e-01 1.233497858047485352e-01 1.060107275843620300e-01
-3.364623785018920898e-01 2.514752149581909180e-01 5.171017348766326904e-02
-1.057391688227653503e-01 3.452680706977844238e-01 4.823876544833183289e-02
1.024300232529640198e-01 3.685757219791412354e-01 -1.565147005021572113e-02
4.176445305347442627e-01 3.897731900215148926e-01 -1.195789203047752380e-01
4.734207987785339355e-01 2.646188437938690186e-01 -4.529773071408271790e-02
1.959541887044906616e-01 -4.602820426225662231e-02 2.026352658867835999e-02
-2.576654255390167236e-01 -3.213284909725189209e-01 9.138038754463195801e-02
-4.426554739475250244e-01 -4.526514112949371338e-01 1.309725921601057053e-02
-2.805783450603485107e-01 -3.986055254936218262e-01 -7.840194553136825562e-02
2.444382407702505589e-04 -2.479182183742523193e-01 -1.698593944311141968e-01
9.183117002248764038e-02 -1.395154446363449097e-01 -1.773305982351303101e-01
-1.693065860308706760e-03 -1.087316274642944336e-01 -5.862588062882423401e-02
-7.099957019090652466e-02 -5.218538455665111542e-03 1.476340275257825851e-02
-5.424183234572410583e-02 1.325476318597793579e-01 1.954328715801239014e-01
-7.534664869308471680e-02 2.092887908220291138e-01 3.170162737369537354e-01
-3.911127150058746338e-02 2.828995287418365479e-01 3.463357090950012207e-01
-1.069513987749814987e-02 2.577383518218994141e-01 1.666917502880096436e-01
6.198802590370178223e-02 3.668044209480285645e-01 -3.137759268283843994e-01
7.884294539690017700e-02 4.067161083221435547e-01 -5.126082897186279297e-01
-2.568111754953861237e-02 4.015205800533294678e-01 -5.087848901748657227e-01
2.639274112880229950e-02 3.636705875396728516e-01 -3.109658658504486084e-01
-2.734438143670558929e-02 1.530091166496276855e-01 -2.133496850728988647e-01
6.696888804435729980e-02 7.586199045181274414e-02 -2.290856987237930298e-01
-7.245991379022598267e-02 -2.326992452144622803e-01 -1.256422698497772217e-01
-2.792887985706329346e-01 -4.439900517463684082e-01 2.333247661590576172e-01
-2.035378813743591309e-01 -3.781821727752685547e-01 4.549605548381805420e-01
9.323461353778839111e-02 -2.706342935562133789e-01 5.154139995574951172e-01
3.985155224800109863e-01 1.040433067828416824e-03 4.549421072006225586e-01
3.758283555507659912e-01 4.155627638101577759e-02 2.182092517614364624e-01
1.683094352483749390e-01 -2.734165787696838379e-01 -1.919805258512496948e-02
-2.000146508216857910e-01 -3.568225204944610596e-01 -1.955440491437911987e-01
-2.622454762458801270e-01 -2.891731858253479004e-01 -1.846475154161453247e-01
-3.306010365486145020e-01 -1.669844985008239746e-01 -8.214826881885528564e-02
-2.429289221763610840e-01 5.042477324604988098e-02 1.137112826108932495e-01
-1.986265778541564941e-01 8.797655254602432251e-02 2.904013395309448242e-01
-2.050689756870269775e-01 1.486706286668777466e-01 3.433963656425476074e-01
-1.212854757905006409e-01 2.272720038890838623e-01 4.421543478965759277e-01
-5.799083970487117767e-03 2.426887005567550659e-01 4.007166624069213867e-01
1.387593448162078857e-01 2.152973115444183350e-01 3.221597075462341309e-01
2.182562947273254395e-01 9.678903967142105103e-02 3.162372410297393799e-01
2.371507883071899414e-01 2.146863564848899841e-02 2.205381542444229126e-01
2.092712670564651489e-01 5.455387756228446960e-02 1.897625476121902466e-01
2.909644246101379395e-01 3.368999436497688293e-02 7.172231376171112061e-02
2.662827968597412109e-01 -5.837970972061157227e-02 -9.951648861169815063e-02
1.748644113540649414e-01 -5.937466397881507874e-02 -1.211563572287559509e-01
4.121553525328636169e-02 1.892678253352642059e-02 -9.030284732580184937e-02
-1.659071296453475952e-01 4.714176803827285767e-02 -1.489107012748718262e-01
-1.904742121696472168e-01 1.161620914936065674e-01 -1.647986769676208496e-01
-2.590818516910076141e-02 1.065816879272460938e-01 -1.924013793468475342e-01
6.124573573470115662e-02 8.594112843275070190e-02 -1.648645550012588501e-01
4.876984655857086182e-02 1.028359606862068176e-01 -1.378786712884902954e-01
3.372104838490486145e-02 -3.111797012388706207e-02 -1.100455150008201599e-01
-1.772490702569484711e-02 -5.314580351114273071e-02 -5.852057039737701416e-02
-8.542515337467193604e-02 -8.194078505039215088e-02 2.754516899585723877e-02
-7.369969785213470459e-02 -1.122772246599197388e-01 -1.656383089721202850e-02
-3.904768452048301697e-02 4.074290394783020020e-02 -5.060425028204917908e-02
-1.157033606432378292e-03 8.984415233135223389e-02 -6.143576279282569885e-02
1.494396775960922241e-01 1.649757921695709229e-01 -4.415168613195419312e-02
1.225537359714508057e-01 1.475901752710342407e-01 6.129071861505508423e-02
2.311532646417617798e-01 -7.366965524852275848e-03 1.527108997106552124e-02
2.627620697021484375e-01 7.176167797297239304e-03 1.876072585582733154e-02
2.374785244464874268e-01 5.181863158941268921e-02 -2.075340226292610168e-02
3.594850301742553711e-01 7.516305893659591675e-02 5.685095116496086121e-02
3.925794959068298340e-01 1.206983551383018494e-01 5.184631794691085815e-02
3.195154070854187012e-01 7.572844624519348145e-02 1.966840401291847229e-02
1.347166206687688828e-02 6.659321486949920654e-02 -1.613852754235267639e-02
-3.240210711956024170e-01 -3.780218586325645447e-02 -2.582017481327056885e-01
-3.131898641586303711e-01 -1.698800921440124512e-01 -3.798435330390930176e-01
-6.055771559476852417e-02 -3.058790564537048340e-01 -4.146912693977355957e-01
2.750684022903442383e-01 -4.911921918392181396e-01 -3.580236732959747314e-01
3.727649748325347900e-01 -5.262446403503417969e-01 -2.364326715469360352e-01
3.330700099468231201e-01 -5.001459717750549316e-01 -1.555074751377105713e-01
2.277338355779647827e-01 -3.409273326396942139e-01 -4.641460627317428589e-02
-3.052710369229316711e-02 -1.214974820613861084e-01 1.086741909384727478e-01
-9.550373256206512451e-02 1.315151620656251907e-02 1.586198359727859497e-01
-1.874396055936813354e-01 -7.680826354771852493e-03 1.256677657365798950e-01
-5.652051046490669250e-02 -1.025571897625923157e-01 3.873986378312110901e-02
5.415455251932144165e-02 -9.373877197504043579e-02 -3.106052242219448090e-02
8.662545680999755859e-02 4.648359492421150208e-02 -1.090897172689437866e-01
1.366753429174423218e-01 2.026666700839996338e-01 -1.186693459749221802e-01
-6.811568886041641235e-02 3.127997219562530518e-01 -2.397421002388000488e-01
-8.959531038999557495e-02 2.688313126564025879e-01 -2.773098349571228027e-01
-1.235236674547195435e-01 1.633060723543167114e-01 -2.223592102527618408e-01
