1.224077033904005657e-01
0.000000000000000000e+00
0.000000000000000000e+00
0.000000000000000000e+00
0.000000000000000000e+00
0.000000000000000000e+00
4.800733410348351389e-03
5.268840024326995608e-03
1.164537275389534131e-02
1.323775279332948737e-02
1.156774021117075099e-02
8.027653233881807196e-03
3.095562025883855008e-03
1.524850600820409604e-03
3.845069889872620040e-03
4.916208256125266865e-03
5.369501829688139421e-04
0.000000000000000000e+00
0.000000000000000000e+00
0.000000000000000000e+00
6.996046351541457091e-03
1.293751470546779941e-02
1.186547796247550655e-02
2.786203524325555313e-03
0.000000000000000000e+00
0.000000000000000000e+00
0.000000000000000000e+00
0.000000000000000000e+00
0.000000000000000000e+00
0.000000000000000000e+00
0.000000000000000000e+00
0.000000000000000000e+00
1.871413819609020826e-02
2.187872695515387725e-02
2.513530193319975844e-03
0.000000000000000000e+00
0.000000000000000000e+00
0.000000000000000000e+00
9.694586913233811318e-03
1.368986016071186904e-02
7.665011397348092149e-03
0.000000000000000000e+00
0.000000000000000000e+00
0.000000000000000000e+00
0.000000000000000000e+00
0.000000000000000000e+00
0.000000000000000000e+00
0.000000000000000000e+00
2.230610919209311260e-01
4.167526433558080279e-01
3.886478370623470124e-01
1.935618682812468017e-01
2.225705636842466306e-01
4.223775516574184707e-01
4.552566168674054281e-01
2.243443140672051472e-01
0.000000000000000000e+00
0.000000000000000000e+00
0.000000000000000000e+00
0.000000000000000000e+00
2.461491793360465197e-02
0.000000000000000000e+00
0.000000000000000000e+00
0.000000000000000000e+00
1.460673357613810749e-03
1.475884707457831907e-03
0.000000000000000000e+00
0.000000000000000000e+00
0.000000000000000000e+00
0.000000000000000000e+00
0.000000000000000000e+00
0.000000000000000000e+00
0.000000000000000000e+00
0.000000000000000000e+00
0.000000000000000000e+00
0.000000000000000000e+00
0.000000000000000000e+00
0.000000000000000000e+00
0.000000000000000000e+00
4.209956214571340346e-04
1.437361498798954591e-02
2.505539582862921152e-02
3.528483961980743988e-02
3.702582977913399659e-02
2.588365557205700440e-02
1.679055078390551820e-02
8.534503435020511508e-03
6.066272943902310637e-03
6.264974108607922545e-03
5.056442248551968471e-03
8.200903298332343910e-03
1.275575186725134112e-02
1.514852161960777641e-02
1.059326020442007479e-02
4.811074918642539028e-03
0.000000000000000000e+00
0.000000000000000000e+00
1.704124731952281666e-04
2.387638247678547029e-03
1.008024347556363970e-02
2.021494777017892805e-02
2.003609230005192615e-02
0.000000000000000000e+00
3.319382560145537481e-02
0.000000000000000000e+00
0.000000000000000000e+00
0.000000000000000000e+00
0.000000000000000000e+00
1.291576991805315489e-01
3.633346507199621267e-01
