-6.769975274801254272e-02 1.399226039648056030e-01 -4.244490265846252441e-01
2.874646708369255066e-02 2.292923778295516968e-01 -4.122148156166076660e-01
1.469165831804275513e-01 1.509376466274261475e-01 -3.446688354015350342e-01
2.076077014207839966e-01 1.401111185550689697e-01 -3.252180516719818115e-01
2.243443727493286133e-01 1.761214286088943481e-01 -2.703243196010589600e-01
2.634296119213104248e-01 6.576278060674667358e-02 -2.611663043498992920e-01
2.661222815513610840e-01 -3.050753660500049591e-02 -3.083870112895965576e-01
2.607640027999877930e-01 -2.900614589452743530e-02 -3.545013666152954102e-01
2.205993980169296265e-01 -4.006505478173494339e-03 -3.589137196540832520e-01
1.664555966854095459e-01 -1.625509350560605526e-03 -3.276109993457794189e-01
1.787679940462112427e-01 7.483323663473129272e-02 -3.144644498825073242e-01
2.236738204956054688e-01 8.239678293466567993e-02 -3.246405422687530518e-01
2.220304012298583984e-01 1.990728527307510376e-01 -3.215228021144866943e-01
2.142795473337173462e-01 2.434858530759811401e-01 -3.993079066276550293e-01
2.107615768909454346e-01 2.691465318202972412e-01 -4.055031836032867432e-01
1.690653562545776367e-01 2.510755360126495361e-01 -3.973221778869628906e-01
1.558433026075363159e-01 2.930968701839447021e-01 -3.968507349491119385e-01
9.450662136077880859e-02 3.407830893993377686e-01 -3.688506186008453369e-01
6.762184202671051025e-02 3.036042451858520508e-01 -4.015976190567016602e-01
-5.084865912795066833e-02 2.801142036914825439e-01 -4.717092812061309814e-01
-1.378340274095535278e-01 2.117397487163543701e-01 -5.508695244789123535e-01
-2.754050195217132568e-01 1.900863647460937500e-01 -4.866931736469268799e-01
-2.466905564069747925e-01 1.892703473567962646e-01 -4.030940234661102295e-01
-2.148659676313400269e-01 9.612786024808883667e-02 -3.739163279533386230e-01
-8.925423026084899902e-03 1.763487607240676880e-01 -4.872189760208129883e-01
1.104986816644668579e-01 2.848910689353942871e-01 -3.840261995792388916e-01
1.802082359790802002e-02 3.535176813602447510e-01 -3.587601780891418457e-01
7.048488408327102661e-02 1.746286600828170776e-01 -3.582258820533752441e-01
-2.828253209590911865e-01 7.458539213985204697e-03 -3.447335958480834961e-01
-2.302176654338836670e-01 -2.034623734652996063e-02 -3.192457556724548340e-01
-9.457608312368392944e-02 -5.365842580795288086e-01 -1.985633000731468201e-02
-2.814312279224395752e-01 -6.194159984588623047e-01 6.929802149534225464e-02
-2.665522992610931396e-01 -5.815955996513366699e-01 2.439388930797576904e-01
-2.983557879924774170e-01 -5.513231754302978516e-01 2.442586123943328857e-01
-1.112278997898101807e-01 -4.839932918548583984e-01 2.448555231094360352e-01
2.040058933198451996e-02 7.088557630777359009e-02 2.202143967151641846e-01
1.946757896803319454e-03 3.042296767234802246e-01 2.391145080327987671e-01
-1.984556019306182861e-02 2.592417597770690918e-01 2.574800848960876465e-01
-9.884508699178695679e-02 2.478993088006973267e-01 2.410343587398529053e-01
-1.149977222084999084e-01 3.114958405494689941e-01 2.349492758512496948e-01
-6.354556977748870850e-02 2.772050201892852783e-01 2.478122711181640625e-01
-7.338871806859970093e-02 3.041418194770812988e-01 2.805938720703125000e-01
-9.373010694980621338e-02 2.720925211906433105e-01 2.988176047801971436e-01
-1.948987133800983429e-02 3.054250478744506836e-01 3.008767068386077881e-01
-4.098699986934661865e-02 3.665473759174346924e-01 8.070387691259384155e-02
-1.385790854692459106e-01 5.519043207168579102e-01 2.485933154821395874e-01
-2.728592753410339355e-01 3.806510269641876221e-01 2.885332703590393066e-01
-3.536581695079803467e-01 3.771426081657409668e-01 2.615446448326110840e-01
-3.291414976119995117e-01 3.845870196819305420e-01 2.160187661647796631e-01
-3.027163147926330566e-01 3.696314096450805664e-01 1.998856663703918457e-01
-2.821519970893859863e-01 3.211684823036193848e-01 2.037599086761474609e-01
-3.110331892967224121e-01 3.598327338695526123e-01 1.872165054082870483e-01
-3.294628858566284180e-01 3.075146973133087158e-01 2.796747982501983643e-01
-2.546989023685455322e-01 3.077573180198669434e-01 3.703163862228393555e-01
-2.055163383483886719e-01 2.583845257759094238e-01 4.456749260425567627e-01
-1.118883192539215088e-01 2.429679781198501587e-01 4.725544452667236328e-01
-2.144865132868289948e-02 2.548802495002746582e-01 5.438842773437500000e-01
1.656978726387023926e-01 1.135518699884414673e-01 4.899778366088867188e-01
2.280998528003692627e-01 -1.881055347621440887e-02 4.034756124019622803e-01
2.923171520233154297e-01 -6.403480470180511475e-02 3.964872658252716064e-01
3.610265851020812988e-01 -4.335576668381690979e-02 3.719986379146575928e-01
3.683358132839202881e-01 1.686605811119079590e-02 4.029413461685180664e-01
3.100177347660064697e-01 1.478776335716247559e-02 3.452077805995941162e-01
1.538240760564804077e-01 8.737657219171524048e-02 4.068549871444702148e-01
5.296041816473007202e-02 7.804358750581741333e-02 4.501636028289794922e-01
2.267761342227458954e-02 3.488802909851074219e-01 4.179331362247467041e-01
-6.760170310735702515e-02 4.780728816986083984e-01 3.682500123977661133e-01
-1.342001110315322876e-01 5.509380698204040527e-01 1.861346811056137085e-01
-1.157630532979965210e-01 4.689635336399078369e-01 -7.790999859571456909e-02
-8.059793710708618164e-02 3.415922224521636963e-01 -3.839542567729949951e-01
-1.984042301774024963e-02 1.872202455997467041e-01 -4.644868969917297363e-01
8.587843924760818481e-02 1.163820028305053711e-01 -5.184363126754760742e-01
1.766829788684844971e-01 5.511109530925750732e-02 -5.212212204933166504e-01
2.194499969482421875e-01 7.354182749986648560e-02 -5.568351149559020996e-01
2.936737537384033203e-01 1.087173372507095337e-01 -5.259727239608764648e-01
2.999322116374969482e-01 1.181185394525527954e-01 -5.590584278106689453e-01
3.084258139133453369e-01 8.929499983787536621e-02 -6.045122146606445312e-01
3.742231726646423340e-01 1.772381365299224854e-01 -5.469064116477966309e-01
3.490021526813507080e-01 1.601145565509796143e-01 -5.028970837593078613e-01
2.699767351150512695e-01 2.349586635828018188e-01 -5.055707693099975586e-01
