1.275640577077865601e-01 1.930357962846755981e-01 1.617836654186248779e-01
1.781178116798400879e-01 2.758709490299224854e-01 2.256483286619186401e-01
1.969601362943649292e-01 3.009132146835327148e-01 2.376164495944976807e-01
2.020460516214370728e-01 3.418401181697845459e-01 1.707207858562469482e-01
2.265011817216873169e-01 3.498918414115905762e-01 2.829777821898460388e-02
2.069548219442367554e-01 2.717107534408569336e-01 -5.015234276652336121e-02
1.886670887470245361e-01 1.087520867586135864e-01 -5.759028345346450806e-02
7.789929211139678955e-02 -1.440398097038269043e-01 3.111893311142921448e-03
-3.512581810355186462e-02 -2.408681511878967285e-01 6.648078560829162598e-02
-1.497108489274978638e-01 -1.518938094377517700e-01 9.050021320581436157e-02
-2.931089699268341064e-01 -4.518676549196243286e-02 -2.503111399710178375e-02
-3.132545351982116699e-01 -9.586388617753982544e-02 -4.647894576191902161e-02
-3.408211767673492432e-01 -1.357919126749038696e-01 -4.104261100292205811e-02
-3.236940205097198486e-01 -2.048102617263793945e-01 -2.617501653730869293e-02
-2.592055499553680420e-01 -1.670027673244476318e-01 -1.105433516204357147e-02
-2.184597700834274292e-01 -6.073506549000740051e-02 -4.512354731559753418e-02
-1.711769551038742065e-01 -9.964827448129653931e-02 -4.776385426521301270e-02
1.695112138986587524e-02 -1.615398228168487549e-01 -1.122183948755264282e-01
1.708820611238479614e-01 -2.265314161777496338e-01 -1.964252293109893799e-01
1.846414506435394287e-01 -2.613968253135681152e-01 -2.178541719913482666e-01
1.803535521030426025e-01 -1.827416270971298218e-01 -9.194912761449813843e-02
1.090922728180885315e-01 7.642690092325210571e-03 1.028093174099922180e-01
1.272235512733459473e-01 2.497851401567459106e-01 4.534608498215675354e-02
6.483244150876998901e-02 4.218704104423522949e-01 -1.032873615622520447e-01
1.771355234086513519e-02 4.083432555198669434e-01 -2.572973668575286865e-01
-1.164914518594741821e-01 3.440665602684020996e-01 -2.028199881315231323e-01
-1.628051102161407471e-01 2.870290353894233704e-02 -1.878444105386734009e-02
-1.266653686761856079e-01 -1.548204421997070312e-01 3.964786231517791748e-02
-1.554440408945083618e-01 -1.508406847715377808e-01 3.988434374332427979e-01
-1.168610900640487671e-01 -3.365902900695800781e-01 5.129380822181701660e-01
-1.157479956746101379e-01 -2.925581037998199463e-01 5.518826246261596680e-01
-1.452269256114959717e-01 -3.244464397430419922e-01 4.767867624759674072e-01
7.851338945329189301e-03 -1.234340965747833252e-01 2.023745626211166382e-01
2.378504276275634766e-01 1.687728911638259888e-01 7.187192142009735107e-02
2.442075461149215698e-01 1.975313425064086914e-01 -4.381716623902320862e-02
2.302199304103851318e-01 1.188012287020683289e-01 2.425873465836048126e-02
7.101893424987792969e-02 -8.815340697765350342e-02 -2.165911905467510223e-02
-2.884371206164360046e-02 -2.397438585758209229e-01 6.883658468723297119e-02
2.003470668569207191e-03 -2.227688580751419067e-01 7.408536970615386963e-02
4.864361882209777832e-02 -4.794814065098762512e-02 3.209095075726509094e-02
1.736057698726654053e-01 1.088179126381874084e-01 1.081361845135688782e-01
2.474435269832611084e-01 2.599304616451263428e-01 7.120320945978164673e-02
8.903530426323413849e-03 3.939628005027770996e-01 -3.261121213436126709e-01
-9.908770769834518433e-02 3.516980409622192383e-01 -3.577493131160736084e-01
-2.099403738975524902e-01 6.498822569847106934e-02 -1.359330713748931885e-01
-2.689813971519470215e-01 -2.624374628067016602e-01 6.178557872772216797e-02
-1.765184700489044189e-01 -3.611772954463958740e-01 2.578593492507934570e-01
-1.697041243314743042e-01 -1.872092634439468384e-01 -7.004769984632730484e-03
7.318785786628723145e-02 -1.067384518682956696e-02 -7.569964975118637085e-02
1.608813852071762085e-01 -3.166114620398730040e-04 -4.242420941591262817e-02
1.301138252019882202e-01 5.530994385480880737e-02 1.083958987146615982e-02
2.903975732624530792e-02 1.161638125777244568e-01 8.370076864957809448e-02
-9.725821018218994141e-02 1.545656919479370117e-01 1.882287710905075073e-01
-7.121119648218154907e-02 1.380549371242523193e-01 3.192992508411407471e-01
-2.143163233995437622e-01 9.971167892217636108e-02 3.206630349159240723e-01
-1.172912716865539551e-01 1.970238834619522095e-01 3.253175020217895508e-01
1.728871315717697144e-01 1.721755862236022949e-01 2.801859974861145020e-01
2.948685288429260254e-01 1.515402197837829590e-01 2.222441583871841431e-01
4.106493890285491943e-01 1.543186604976654053e-01 1.165720149874687195e-01
2.244382053613662720e-01 1.619530767202377319e-01 4.246501252055168152e-03
2.042458765208721161e-02 2.176691293716430664e-01 -1.083206012845039368e-01
-2.102025151252746582e-01 1.413607746362686157e-01 -2.579694986343383789e-01
-3.532190024852752686e-01 1.099776849150657654e-02 -3.885081112384796143e-01
-2.810257375240325928e-01 -7.345008105039596558e-02 -4.199077188968658447e-01
-1.494648605585098267e-01 -9.321875870227813721e-02 -3.620315790176391602e-01
9.797687083482742310e-02 -2.420433908700942993e-01 -3.143280744552612305e-01
1.841144859790802002e-01 -3.935723006725311279e-01 -2.534619271755218506e-01
2.625742852687835693e-01 -5.500698089599609375e-01 -3.255591392517089844e-01
3.780718743801116943e-01 -5.984679460525512695e-01 -2.628406584262847900e-01
3.451169133186340332e-01 -4.463629424571990967e-01 -1.405400186777114868e-01
2.550324201583862305e-01 -1.871180534362792969e-01 2.388207055628299713e-02
1.187909319996833801e-01 -3.220959007740020752e-02 1.961060166358947754e-01
-5.643950775265693665e-02 8.200208097696304321e-02 1.905125677585601807e-01
-6.413725763559341431e-02 1.155275031924247742e-01 1.163357049226760864e-01
-1.632810197770595551e-02 8.162855356931686401e-02 -2.975794300436973572e-02
-1.037593930959701538e-01 3.305373191833496094e-01 -2.127684652805328369e-01
-9.685273468494415283e-02 3.385458588600158691e-01 -2.584446072578430176e-01
-2.083476036787033081e-01 3.772867918014526367e-01 -2.506718933582305908e-01
-2.128639221191406250e-01 3.285092413425445557e-01 -1.912340819835662842e-01
-8.369412273168563843e-02 8.473980426788330078e-02 -8.761921525001525879e-02
