2.740014632667299721e-01
0.000000000000000000e+00
0.000000000000000000e+00
0.000000000000000000e+00
0.000000000000000000e+00
2.377842743111561324e-02
2.527311118063985465e-02
1.992720264299762539e-02
1.983723413746948591e-02
1.549823729761578249e-02
1.143640567246586442e-02
2.403418860194483919e-02
3.445140476118041528e-02
3.960884316242382908e-02
3.238117260993177843e-02
0.000000000000000000e+00
0.000000000000000000e+00
0.000000000000000000e+00
0.000000000000000000e+00
0.000000000000000000e+00
0.000000000000000000e+00
0.000000000000000000e+00
0.000000000000000000e+00
0.000000000000000000e+00
3.090970186870735659e-01
5.726437374872692665e-01
5.120332011201881306e-01
2.564591950190877601e-01
0.000000000000000000e+00
0.000000000000000000e+00
0.000000000000000000e+00
0.000000000000000000e+00
1.976806319883244456e-01
3.835029468617776605e-01
4.143549078187548362e-01
1.991711116835913065e-01
0.000000000000000000e+00
0.000000000000000000e+00
0.000000000000000000e+00
0.000000000000000000e+00
1.354878303153922263e-02
0.000000000000000000e+00
0.000000000000000000e+00
0.000000000000000000e+00
4.153035471379264154e-02
7.825809495008306804e-02
5.167520572304012266e-02
1.782742872459204889e-02
0.000000000000000000e+00
0.000000000000000000e+00
4.442545661727676995e-03
1.544617796460603281e-03
0.000000000000000000e+00
0.000000000000000000e+00
3.235726241476411208e-04
2.617343585690093052e-03
4.380234948834508570e-03
1.256622635623604522e-03
0.000000000000000000e+00
0.000000000000000000e+00
0.000000000000000000e+00
1.635621325028587675e-03
1.397205221484231624e-02
2.638856365131195258e-02
3.172941627584662666e-02
2.652707648182970127e-02
1.990007689872302227e-02
1.358791620602326812e-02
8.881239060736824398e-03
2.475856517616836783e-03
0.000000000000000000e+00
0.000000000000000000e+00
0.000000000000000000e+00
0.000000000000000000e+00
0.000000000000000000e+00
0.000000000000000000e+00
0.000000000000000000e+00
0.000000000000000000e+00
0.000000000000000000e+00
1.988586190392325481e-01
