-8.535416796803474426e-03 -1.430797297507524490e-02 8.516838401556015015e-02
1.087431311607360840e-01 -4.690906405448913574e-02 1.161946579813957214e-01
2.524204552173614502e-01 -1.225664988160133362e-01 1.040823012590408325e-01
3.095371425151824951e-01 -1.752318590879440308e-01 -8.575530722737312317e-03
2.339238226413726807e-01 -1.459157913923263550e-01 -1.622279286384582520e-01
1.564298942685127258e-02 7.994959503412246704e-02 -3.190713226795196533e-01
-1.448994874954223633e-01 3.116035461425781250e-01 -3.621203601360321045e-01
-1.441597938537597656e-01 3.884164690971374512e-01 -2.632618546485900879e-01
-4.770787060260772705e-02 3.254311680793762207e-01 -4.571138694882392883e-02
5.026261508464813232e-02 1.861335784196853638e-01 8.755503594875335693e-02
4.707582294940948486e-02 5.960395187139511108e-02 4.313876852393150330e-02
-1.026945747435092926e-02 2.108441840391606092e-04 -8.942811191082000732e-02
-5.763988941907882690e-02 -4.644390940666198730e-02 -1.179081872105598450e-01
-3.145923092961311340e-02 -9.913671761751174927e-02 9.748997166752815247e-03
3.144182637333869934e-02 -9.759400784969329834e-02 6.810206919908523560e-02
5.550902336835861206e-02 -1.517054736614227295e-01 3.896039351820945740e-02
1.325520426034927368e-01 -2.438286542892456055e-01 -6.911434978246688843e-02
2.091675996780395508e-01 -2.342103719711303711e-01 -1.431269198656082153e-01
2.042503058910369873e-01 -1.124009341001510620e-01 -6.261362880468368530e-02
1.064478754997253418e-01 1.089461371302604675e-01 1.108171194791793823e-01
-1.242870464920997620e-01 1.859753876924514771e-01 2.882874011993408203e-01
-2.451980859041213989e-01 3.036616370081901550e-02 3.926614820957183838e-01
-1.748432219028472900e-01 -1.299919933080673218e-01 3.500058054924011230e-01
-1.065157204866409302e-01 -1.320045143365859985e-01 1.906657069921493530e-01
-5.498065426945686340e-02 4.488263651728630066e-02 -1.428565382957458496e-01
-1.023748815059661865e-01 1.764484643936157227e-01 -3.739347755908966064e-01
-1.396447718143463135e-01 2.104537338018417358e-01 -3.810343444347381592e-01
-1.751308329403400421e-02 2.376936078071594238e-01 -3.349539935588836670e-01
7.304273545742034912e-02 2.339078933000564575e-01 -1.169676482677459717e-01
1.112196817994117737e-01 2.481060922145843506e-01 -2.452269382774829865e-02
1.939304918050765991e-02 8.628083765506744385e-02 4.227883741259574890e-02
-2.060961574316024780e-01 -2.143332958221435547e-01 2.394374012947082520e-01
-2.555354535579681396e-01 -3.322979211807250977e-01 2.717600166797637939e-01
-1.739035546779632568e-01 -2.753688693046569824e-01 2.536782324314117432e-01
9.218543767929077148e-03 -6.443689018487930298e-02 4.349386319518089294e-03
1.672279685735702515e-01 1.301229894161224365e-01 -2.577978372573852539e-01
1.583891212940216064e-01 1.183518394827842712e-01 -3.014102876186370850e-01
1.118218675255775452e-01 3.114968538284301758e-03 -1.596843600273132324e-01
1.139955129474401474e-02 -9.512834995985031128e-02 1.049516648054122925e-01
-3.022658079862594604e-02 -1.655948907136917114e-01 2.704522609710693359e-01
1.057509034872055054e-01 -2.218274027109146118e-01 3.209413588047027588e-01
1.641347408294677734e-01 -1.879700720310211182e-01 2.279279679059982300e-01
1.998109221458435059e-01 1.036000717431306839e-02 -1.938214292749762535e-03
1.195929646492004395e-01 1.953634321689605713e-01 -2.713375389575958252e-01
-9.153698384761810303e-02 3.180989623069763184e-01 -4.201298952102661133e-01
-5.353521183133125305e-02 1.710247248411178589e-01 -3.472378551959991455e-01
-1.586430370807647705e-01 -1.580315083265304565e-01 -6.165199726819992065e-02
-2.158170044422149658e-01 -2.763065099716186523e-01 1.612685620784759521e-01
-1.789052039384841919e-01 -2.675837874412536621e-01 2.164286524057388306e-01
-1.379565447568893433e-01 -6.111324764788150787e-03 1.890026330947875977e-01
5.060211196541786194e-02 2.309460043907165527e-01 1.828252226114273071e-01
9.273394942283630371e-02 3.181030154228210449e-01 2.047505825757980347e-01
3.206156892701983452e-03 3.429393768310546875e-01 1.326257288455963135e-01
-6.453919410705566406e-02 1.762918233871459961e-01 2.707280591130256653e-02
-1.219067126512527466e-01 -1.578617393970489502e-01 -1.063263490796089172e-01
-9.887538105249404907e-02 -3.833263218402862549e-01 -1.760600656270980835e-01
-4.610111191868782043e-02 -4.793452322483062744e-01 -1.540199816226959229e-01
1.692880690097808838e-02 -2.965016663074493408e-01 -1.093587353825569153e-01
1.914046555757522583e-01 9.063968434929847717e-03 2.063853852450847626e-02
3.710674643516540527e-01 2.198229283094406128e-01 8.179391175508499146e-02
4.944981634616851807e-01 2.686243653297424316e-01 4.096514359116554260e-02
4.558861553668975830e-01 1.566086709499359131e-01 -4.208862036466598511e-02
1.546043455600738525e-01 9.225080162286758423e-02 -1.070983484387397766e-01
-3.087327778339385986e-01 -6.926093250513076782e-02 -2.258173227310180664e-01
-4.971462190151214600e-01 -1.493699550628662109e-01 -3.617474734783172607e-01
-3.991939723491668701e-01 -2.810757756233215332e-01 -4.911997318267822266e-01
-2.569664418697357178e-01 -3.749166429042816162e-01 -5.188124179840087891e-01
-9.219475835561752319e-02 -2.612672448158264160e-01 -2.505506575107574463e-01
-3.839285671710968018e-02 -5.923104658722877502e-02 2.230140566825866699e-01
-6.699346750974655151e-02 2.384386658668518066e-01 4.520066678524017334e-01
2.063048258423805237e-02 4.294901788234710693e-01 4.911823868751525879e-01
9.094857424497604370e-02 4.058149456977844238e-01 3.816954493522644043e-01
1.627760529518127441e-01 2.295975685119628906e-01 1.815469115972518921e-01
2.403808534145355225e-01 -4.578591510653495789e-02 1.590054929256439209e-01
2.146278023719787598e-01 -1.758194714784622192e-01 1.540116369724273682e-01
1.268941909074783325e-01 -1.223380118608474731e-01 1.789391636848449707e-01
1.541944872587919235e-02 2.098178083542734385e-04 1.268989443778991699e-01
-1.268140673637390137e-01 9.217011183500289917e-02 -1.233034208416938782e-01
-1.452355086803436279e-01 8.289007842540740967e-02 -1.913438439369201660e-01
-1.139969676733016968e-01 3.495282679796218872e-02 -2.044260501861572266e-01
