2.722528874874114990e-01 -6.915719807147979736e-02 -5.698181390762329102e-01
2.641406059265136719e-01 -2.233264036476612091e-03 -5.908172726631164551e-01
1.710688322782516479e-01 -8.261916227638721466e-03 -5.762143135070800781e-01
9.045765548944473267e-02 -3.664381429553031921e-02 -5.791537165641784668e-01
2.236348986625671387e-01 -1.008389443159103394e-01 -5.733389258384704590e-01
2.492479234933853149e-01 -1.591439247131347656e-01 -5.517850518226623535e-01
1.210296675562858582e-01 -2.313772439956665039e-01 -4.244001209735870361e-01
6.343010812997817993e-02 -2.472367286682128906e-01 -4.686044454574584961e-01
-3.799846023321151733e-02 -4.669897630810737610e-02 -3.724019527435302734e-01
-4.333873093128204346e-02 6.129753589630126953e-02 -5.121765136718750000e-01
-8.433405309915542603e-02 7.904470711946487427e-02 -4.519611299037933350e-01
8.064481429755687714e-03 8.556225895881652832e-02 -3.510836362838745117e-01
6.966343522071838379e-02 2.926549874246120453e-02 -1.720542609691619873e-01
-2.621554769575595856e-03 3.267536405473947525e-03 -1.215395480394363403e-01
-5.971341133117675781e-01 -1.186262350529432297e-02 -5.859783291816711426e-02
-5.945715308189392090e-01 1.611647456884384155e-01 8.079798519611358643e-02
-3.119114637374877930e-01 1.457198411226272583e-01 -6.550746411085128784e-02
-2.332706004381179810e-01 3.785050809383392334e-01 1.120178997516632080e-01
-3.096396327018737793e-01 4.463416934013366699e-01 1.583953574299812317e-02
-3.422786593437194824e-01 4.930031001567840576e-01 3.080824576318264008e-02
-4.071226119995117188e-01 4.665712714195251465e-01 -8.638776838779449463e-02
-4.666980803012847900e-01 3.809797167778015137e-01 -7.278286665678024292e-02
-4.878932833671569824e-01 3.496749401092529297e-01 -6.232604756951332092e-02
-4.545055627822875977e-01 3.453721702098846436e-01 -5.740518495440483093e-02
-4.305598735809326172e-01 2.360760122537612915e-01 -5.036571528762578964e-03
-3.136485517024993896e-01 5.580436810851097107e-02 3.136151283979415894e-02
-2.984067797660827637e-01 8.006472885608673096e-02 2.245724797248840332e-01
-2.611264288425445557e-01 1.737293787300586700e-03 3.744476735591888428e-01
-3.435479998588562012e-01 -3.177081048488616943e-01 1.509095877408981323e-01
-4.292263388633728027e-01 -5.137968063354492188e-01 1.568392664194107056e-01
-4.630125761032104492e-01 -6.234331727027893066e-01 9.937226027250289917e-02
-4.841486215591430664e-01 -6.634624600410461426e-01 8.114600181579589844e-02
-5.007879734039306641e-01 -6.280053257942199707e-01 9.565794467926025391e-02
-4.871717691421508789e-01 -7.178916335105895996e-01 1.244872137904167175e-01
-4.810910224914550781e-01 -7.410730719566345215e-01 7.523304224014282227e-02
-3.897393345832824707e-01 -7.429199218750000000e-01 6.612747162580490112e-02
-3.786774575710296631e-01 -7.167347669601440430e-01 6.893457472324371338e-02
-4.131614565849304199e-01 -6.874988675117492676e-01 2.051157802343368530e-01
-3.838241994380950928e-01 -7.337228655815124512e-01 8.225225657224655151e-02
-2.290738075971603394e-01 -7.065739035606384277e-01 2.312736809253692627e-01
9.812925010919570923e-02 -6.362314820289611816e-01 2.018377482891082764e-01
1.241849437355995178e-01 -3.775582015514373779e-01 2.009149193763732910e-01
1.046868041157722473e-02 -3.078335523605346680e-01 2.496349513530731201e-01
1.939503010362386703e-03 2.850266098976135254e-01 3.869595825672149658e-01
-1.901077628135681152e-01 3.285710513591766357e-01 3.573732078075408936e-01
-2.439457923173904419e-01 3.138572275638580322e-01 2.572994530200958252e-01
-3.298142850399017334e-01 3.402571082115173340e-01 2.447299361228942871e-01
-4.356924891471862793e-01 3.520158827304840088e-01 2.494199126958847046e-01
-4.673449397087097168e-01 4.044159948825836182e-01 1.911938041448593140e-01
-4.494023025035858154e-01 3.724425733089447021e-01 1.793054789304733276e-01
-4.127620458602905273e-01 3.362757861614227295e-01 1.695418953895568848e-01
-3.727061450481414795e-01 3.499593734741210938e-01 2.172192186117172241e-01
-3.582267165184020996e-01 3.467880487442016602e-01 3.250052332878112793e-01
-2.108230292797088623e-01 4.034072160720825195e-01 3.726442456245422363e-01
-1.419794112443923950e-01 3.856093883514404297e-01 4.564310908317565918e-01
-1.752605587244033813e-01 2.469283044338226318e-01 5.030840039253234863e-01
-1.194213926792144775e-01 1.912794560194015503e-01 5.224791765213012695e-01
-2.084295824170112610e-02 5.746613442897796631e-02 4.846991598606109619e-01
9.484198875725269318e-03 2.714377827942371368e-02 4.970181286334991455e-01
2.721355482935905457e-02 -5.573241040110588074e-02 4.155843257904052734e-01
1.299065351486206055e-01 -1.486989408731460571e-01 3.488565385341644287e-01
1.120485439896583557e-01 -1.049815565347671509e-01 3.625968694686889648e-01
9.672970324754714966e-02 -4.911971092224121094e-02 2.248732149600982666e-01
7.483059167861938477e-02 -3.457284718751907349e-02 3.742853701114654541e-01
-2.975583076477050781e-02 1.747286617755889893e-01 4.571177661418914795e-01
-1.137472093105316162e-01 3.364731371402740479e-01 4.400788247585296631e-01
-2.145174741744995117e-01 4.360444545745849609e-01 4.473864138126373291e-01
-1.263202279806137085e-01 5.177445411682128906e-01 1.776948571205139160e-01
-1.731118559837341309e-01 4.459817111492156982e-01 -1.574017405509948730e-01
-8.752808719873428345e-02 4.138186872005462646e-01 -3.307913839817047119e-01
-1.120525375008583069e-01 3.576288521289825439e-01 -4.373255074024200439e-01
-1.116651818156242371e-01 2.385031580924987793e-01 -5.568873286247253418e-01
-5.371491983532905579e-02 1.686698496341705322e-01 -5.790388584136962891e-01
-4.055769741535186768e-02 1.562507152557373047e-01 -5.869814157485961914e-01
5.801764503121376038e-02 1.660299450159072876e-01 -5.886543393135070801e-01
1.654223352670669556e-01 1.831122785806655884e-01 -5.791187286376953125e-01
2.042330503463745117e-01 1.791886240243911743e-01 -6.136522889137268066e-01
2.644914388656616211e-01 1.697475910186767578e-01 -5.616915225982666016e-01
3.648341894149780273e-01 2.223697453737258911e-01 -5.864646434783935547e-01
3.584038019180297852e-01 1.718005836009979248e-01 -6.210959553718566895e-01
2.794858813285827637e-01 2.015148848295211792e-01 -5.097385644912719727e-01
