1.034409105777740479e-01 -2.653557248413562775e-02 -7.274999748915433884e-03
7.230487465858459473e-02 2.593517862260341644e-02 -1.535656116902828217e-02
1.603791303932666779e-02 1.617281138896942139e-01 2.983658574521541595e-02
-7.245116680860519409e-02 2.632415592670440674e-01 5.951231345534324646e-02
-5.339025985449552536e-03 2.701735496520996094e-01 1.302938759326934814e-01
7.096423953771591187e-02 -7.380583137273788452e-02 2.094111889600753784e-01
2.955844625830650330e-02 -4.375497996807098389e-01 1.809988021850585938e-01
-4.587674140930175781e-02 -5.014120936393737793e-01 1.706206947565078735e-01
-2.246790230274200439e-01 -3.358537256717681885e-01 9.048622101545333862e-02
-2.717855870723724365e-01 2.728068232536315918e-01 4.324434325098991394e-02
1.002213545143604279e-02 5.622655153274536133e-01 -1.977663189172744751e-01
2.458746582269668579e-01 5.661950707435607910e-01 -4.449640214443206787e-01
2.928336858749389648e-01 3.994793593883514404e-01 -5.135880708694458008e-01
-9.138157963752746582e-02 1.065572053194046021e-01 -4.199241995811462402e-01
-4.876008629798889160e-01 -1.731643974781036377e-01 1.172880902886390686e-01
-4.867043793201446533e-01 -3.450573086738586426e-01 3.610291182994842529e-01
-2.557229101657867432e-01 -3.951015174388885498e-01 2.553662955760955811e-01
1.847198605537414551e-01 -3.971954584121704102e-01 -6.858865171670913696e-02
3.773819804191589355e-01 -1.770730167627334595e-01 -2.540473341941833496e-01
2.538769543170928955e-01 3.142319992184638977e-02 -2.005561292171478271e-01
2.573625242803245783e-04 1.786699146032333374e-01 -2.215856872498989105e-02
-2.352404147386550903e-01 1.951014846563339233e-01 8.177125453948974609e-02
-2.827292084693908691e-01 1.483117192983627319e-01 1.978902220726013184e-01
-1.000074967741966248e-01 1.965657025575637817e-01 3.240811824798583984e-01
2.618537247180938721e-01 1.491811871528625488e-01 3.352443575859069824e-01
4.354873895645141602e-01 2.815621718764305115e-02 1.814694255590438843e-01
4.328735470771789551e-01 -1.656854450702667236e-01 -1.929367333650588989e-01
2.870028913021087646e-01 -2.645366489887237549e-01 -4.215174019336700439e-01
1.852382440119981766e-03 -1.185773760080337524e-01 -3.867914676666259766e-01
-1.620711386203765869e-01 -3.350090608000755310e-02 -2.087319344282150269e-01
-1.807033717632293701e-01 1.310916710644960403e-02 4.130437597632408142e-02
-1.888757199048995972e-01 -2.848518546670675278e-03 1.779140681028366089e-01
-2.028556317090988159e-01 -3.792373090982437134e-02 1.405107825994491577e-01
-2.156384736299514771e-01 1.177579164505004883e-01 1.462591290473937988e-01
-2.200238108634948730e-01 9.389879554510116577e-02 1.178655549883842468e-01
-1.642305999994277954e-01 3.058028966188430786e-02 1.509037166833877563e-01
-1.434710323810577393e-01 -4.932287847623229027e-04 2.305497080087661743e-01
-1.650580167770385742e-01 -1.291947215795516968e-01 2.262576669454574585e-01
-1.748037040233612061e-01 -1.134918406605720520e-01 2.258299291133880615e-01
-1.179897785186767578e-01 -9.066256135702133179e-02 8.746852725744247437e-02
7.640083879232406616e-02 5.274755880236625671e-02 -7.378117740154266357e-02
3.626237213611602783e-01 1.813206076622009277e-01 -1.761828660964965820e-01
4.843112528324127197e-01 1.772928535938262939e-01 -3.103898465633392334e-01
3.487215936183929443e-01 5.050528794527053833e-02 -3.830706477165222168e-01
1.373318582773208618e-01 -1.631745696067810059e-01 -2.936206459999084473e-01
-1.106487214565277100e-01 -2.089515924453735352e-01 -1.419203132390975952e-01
-2.690641582012176514e-01 -1.270876973867416382e-01 2.181874774396419525e-02
-2.651301324367523193e-01 -6.310192402452230453e-03 1.600081324577331543e-01
-2.105224877595901489e-01 4.038847237825393677e-02 1.881270408630371094e-01
-9.658677130937576294e-02 1.368773728609085083e-01 2.655572295188903809e-01
4.953675437718629837e-03 2.840960621833801270e-01 2.827098965644836426e-01
2.778721274808049202e-03 3.242630660533905029e-01 1.678272783756256104e-01
-6.389939039945602417e-02 2.591414451599121094e-01 -3.691126778721809387e-02
-6.163905560970306396e-02 9.682294726371765137e-02 -2.518246173858642578e-01
1.038935594260692596e-02 -8.539471775293350220e-02 -2.881601750850677490e-01
1.046326532959938049e-01 -2.224579900503158569e-01 -1.774463951587677002e-01
1.162692382931709290e-01 -3.441252112388610840e-01 -6.926172226667404175e-02
3.296097740530967712e-02 -3.400391042232513428e-01 -1.051613129675388336e-02
1.610952056944370270e-02 -2.385116070508956909e-01 -2.248941734433174133e-02
4.779619351029396057e-02 -4.313823208212852478e-02 1.824472099542617798e-02
9.772320091724395752e-02 1.327661871910095215e-01 1.158865615725517273e-01
8.854868263006210327e-02 1.568769663572311401e-01 1.457262933254241943e-01
2.510584332048892975e-02 1.579843014478683472e-01 8.679807186126708984e-02
-2.159213460981845856e-02 -6.264556199312210083e-02 -8.676450699567794800e-02
-6.478254217654466629e-03 -3.201920986175537109e-01 -3.089453577995300293e-01
-7.251799851655960083e-02 -4.277696311473846436e-01 -4.182906448841094971e-01
-1.632402688264846802e-01 -3.880056738853454590e-01 -4.439425766468048096e-01
-1.124421507120132446e-01 -9.354637563228607178e-02 -3.637834489345550537e-01
-1.613769493997097015e-02 2.633992135524749756e-01 -9.996286034584045410e-02
1.338091939687728882e-01 3.488211929798126221e-01 8.819901198148727417e-02
9.350037574768066406e-02 2.632206976413726807e-01 2.731127738952636719e-01
-6.962779164314270020e-02 1.777156293392181396e-01 3.971266150474548340e-01
-7.463078200817108154e-02 1.205157786607742310e-01 4.165229499340057373e-01
-5.506132170557975769e-02 1.388035267591476440e-01 3.985791504383087158e-01
7.855547964572906494e-02 1.029186621308326721e-01 3.015135824680328369e-01
1.598913073539733887e-01 -2.680002711713314056e-03 1.369044482707977295e-01
1.743906587362289429e-01 -8.895834535360336304e-02 1.030006781220436096e-01
1.609291285276412964e-01 -1.756897717714309692e-01 6.710370630025863647e-02
3.557213395833969116e-02 -1.052611321210861206e-01 6.347578950226306915e-03
-4.563550278544425964e-02 -1.562894135713577271e-02 -2.956059761345386505e-02
-8.968558907508850098e-02 3.537676855921745300e-02 -9.630633890628814697e-02
