-3.261798024177551270e-01 -2.450121641159057617e-01 2.702878713607788086e-01
-2.678991556167602539e-01 9.649733453989028931e-02 1.539249788038432598e-03
-4.215296506881713867e-01 1.407419890165328979e-01 3.452709317207336426e-02
-4.888330399990081787e-01 2.939206063747406006e-01 9.607996791601181030e-02
-4.705931246280670166e-01 4.128482937812805176e-01 9.043801575899124146e-02
-4.703390300273895264e-01 4.399541020393371582e-01 1.256863176822662354e-01
-4.420696794986724854e-01 4.561838507652282715e-01 7.015082240104675293e-02
-4.126179218292236328e-01 4.309990704059600830e-01 1.180275082588195801e-01
-4.343484342098236084e-01 3.719103932380676270e-01 1.007274761795997620e-01
-3.799248337745666504e-01 3.415506184101104736e-01 1.326661705970764160e-01
-3.825861811637878418e-01 3.768711090087890625e-01 9.714134037494659424e-02
-1.351915299892425537e-01 4.006884396076202393e-01 3.052403032779693604e-02
7.953523844480514526e-02 3.312043249607086182e-01 -5.666677653789520264e-02
2.092208713293075562e-01 1.790995746850967407e-01 8.298110216856002808e-02
1.848586946725845337e-01 1.187072768807411194e-01 2.376930788159370422e-02
1.163225024938583374e-01 -3.360693529248237610e-02 4.184367880225181580e-02
1.438925042748451233e-02 7.538607716560363770e-02 1.941524595022201538e-01
-9.198667854070663452e-02 3.085708916187286377e-01 4.249782562255859375e-01
1.277628820389509201e-02 2.642853260040283203e-01 4.291296601295471191e-01
7.825188338756561279e-02 2.558982968330383301e-01 3.893491029739379883e-01
1.319350004196166992e-01 2.149533182382583618e-01 3.745339214801788330e-01
1.190741360187530518e-01 1.209858655929565430e-01 3.657139241695404053e-01
1.260198056697845459e-01 9.587000310420989990e-02 3.753980696201324463e-01
1.938783675432205200e-01 6.652348488569259644e-02 3.281279206275939941e-01
1.928827911615371704e-01 6.245251744985580444e-02 3.467922210693359375e-01
1.579201966524124146e-01 5.817637965083122253e-02 2.782261967658996582e-01
1.924507021903991699e-01 4.714967310428619385e-02 3.304789066314697266e-01
1.343388557434082031e-01 1.413723677396774292e-01 3.859501183032989502e-01
1.828310936689376831e-01 2.010032236576080322e-01 2.211929857730865479e-01
3.235605061054229736e-01 2.169463634490966797e-01 -2.977983467280864716e-02
2.909962236881256104e-01 2.198317646980285645e-01 -9.306319057941436768e-02
2.252043485641479492e-01 2.846038043498992920e-01 -1.221758648753166199e-01
4.866364598274230957e-02 3.185411989688873291e-01 -2.180443555116653442e-01
-6.222040206193923950e-02 3.206925094127655029e-01 -2.641295492649078369e-01
-1.995913982391357422e-01 3.289677202701568604e-01 -2.915999293327331543e-01
-3.007356822490692139e-01 3.275409936904907227e-01 -3.461258411407470703e-01
-3.338006436824798584e-01 2.866526544094085693e-01 -3.527717292308807373e-01
-3.359950482845306396e-01 2.580741643905639648e-01 -3.703701496124267578e-01
-3.119994103908538818e-01 2.219344675540924072e-01 -4.115265309810638428e-01
-2.909508943557739258e-01 1.779299825429916382e-01 -4.100812971591949463e-01
-2.218904495239257812e-01 1.330441683530807495e-01 -4.266658425331115723e-01
-1.878126710653305054e-01 1.095047146081924438e-01 -3.795925378799438477e-01
-3.371801078319549561e-01 2.245012968778610229e-01 -3.573390543460845947e-01
-3.510367572307586670e-01 2.032588869333267212e-01 -3.777600228786468506e-01
-3.630592226982116699e-01 1.798769384622573853e-01 -3.464488685131072998e-01
-2.899949550628662109e-01 1.847848892211914062e-01 -2.621636390686035156e-01
-7.122743874788284302e-02 1.712124347686767578e-01 -1.540434956550598145e-01
-3.069842420518398285e-02 2.076167166233062744e-01 -1.844767779111862183e-01
7.943630218505859375e-02 2.185811698436737061e-01 -2.284700125455856323e-01
1.237994283437728882e-01 1.878966540098190308e-01 -2.487334907054901123e-01
-1.298576407134532928e-02 1.845279335975646973e-01 -2.943227887153625488e-01
-1.827185004949569702e-01 1.291446089744567871e-01 -3.951836228370666504e-01
-2.612604498863220215e-01 7.744383066892623901e-02 -3.527874350547790527e-01
-3.248515427112579346e-01 2.339839190244674683e-01 -2.206900417804718018e-01
-4.003625512123107910e-01 2.680281996726989746e-01 -2.505368590354919434e-01
-3.200220465660095215e-01 2.163804322481155396e-01 -2.758244276046752930e-01
-2.270481884479522705e-01 1.705928742885589600e-01 -4.185477793216705322e-01
-2.281033843755722046e-01 1.669619679450988770e-01 -4.531767964363098145e-01
-2.492192089557647705e-01 2.083066850900650024e-01 -3.894382119178771973e-01
-3.107218742370605469e-01 1.724634915590286255e-01 -4.650941193103790283e-01
-3.414865434169769287e-01 1.736466288566589355e-01 -4.888470172882080078e-01
-3.087473809719085693e-01 1.639899462461471558e-01 -4.181378483772277832e-01
-2.285114526748657227e-01 1.473165154457092285e-01 -2.802572846412658691e-01
-4.915300756692886353e-02 1.236769407987594604e-01 3.611193597316741943e-02
3.039383888244628906e-01 -3.222629427909851074e-02 4.268178045749664307e-01
3.994290232658386230e-01 4.957076907157897949e-02 4.285431504249572754e-01
3.323280513286590576e-01 -1.553901284933090210e-02 4.654227197170257568e-01
3.453794419765472412e-01 -5.703277513384819031e-02 4.521786570549011230e-01
3.513355255126953125e-01 -5.018244311213493347e-02 4.605997204780578613e-01
3.428660333156585693e-01 -2.349056676030158997e-02 4.504388570785522461e-01
3.270633518695831299e-01 -1.297900918871164322e-02 4.167611598968505859e-01
3.504917621612548828e-01 1.117713935673236847e-02 4.536792039871215820e-01
3.816576302051544189e-01 5.599408969283103943e-02 4.657013714313507080e-01
3.120588064193725586e-01 4.623549059033393860e-02 5.347221493721008301e-01
2.893899977207183838e-01 -4.987768456339836121e-02 5.340914130210876465e-01
3.365257382392883301e-01 -1.956598013639450073e-01 4.523673355579376221e-01
1.734959781169891357e-01 -3.284569978713989258e-01 3.162229061126708984e-01
-1.443150192499160767e-01 -4.224706590175628662e-01 2.140657305717468262e-01
-3.627306520938873291e-01 -4.750941097736358643e-01 2.893497943878173828e-01
-4.990390837192535400e-01 -5.096855163574218750e-01 2.474517375230789185e-01
-6.318213939666748047e-01 -4.519757926464080811e-01 1.429163068532943726e-01
-5.790117979049682617e-01 -4.047141075134277344e-01 3.440722525119781494e-01
-5.557715296745300293e-01 -3.775404989719390869e-01 2.284950166940689087e-01
-6.207686066627502441e-01 -3.856448829174041748e-01 2.431707829236984253e-01
-5.846995711326599121e-01 -4.473076760768890381e-01 2.670078873634338379e-01
-5.959959626197814941e-01 -3.321800827980041504e-01 2.808166444301605225e-01
-5.530389547348022461e-01 -3.797585666179656982e-01 2.109452039003372192e-01
-5.153214931488037109e-01 -3.591927289962768555e-01 3.043494224548339844e-01
-5.766471624374389648e-01 -4.239572882652282715e-01 2.213248461484909058e-01
-5.855844020843505859e-01 -3.867360651493072510e-01 2.842694818973541260e-01
-6.255375146865844727e-01 -4.742273688316345215e-01 1.841975152492523193e-01
-6.503336429595947266e-01 -4.641596674919128418e-01 1.130699142813682556e-01
-6.225488781929016113e-01 -4.891814589500427246e-01 1.885949969291687012e-01
-6.737704277038574219e-01 -5.543895363807678223e-01 1.801561564207077026e-01
-6.275400519371032715e-01 -5.028476119041442871e-01 1.491612493991851807e-01
-6.159744858741760254e-01 -5.016704797744750977e-01 1.530165225267410278e-01
-6.625292897224426270e-01 -5.319165587425231934e-01 1.399788856506347656e-01
-5.874102115631103516e-01 -5.703349113464355469e-01 1.392756700515747070e-01
-5.792343616485595703e-01 -5.504853129386901855e-01 6.750319153070449829e-02
-5.925775766372680664e-01 -5.723255276679992676e-01 1.452428698539733887e-01
-6.361993551254272461e-01 -5.853463411331176758e-01 1.136026605963706970e-01
-5.345309376716613770e-01 -5.463085174560546875e-01 8.850234001874923706e-02
-5.068576931953430176e-01 -4.625729322433471680e-01 -3.744869679212570190e-02
