8.528922498226165771e-02 3.014539182186126709e-02 4.277049005031585693e-02
-7.114383392035961151e-03 3.413650393486022949e-02 1.251964569091796875e-01
-1.914861351251602173e-01 -3.101893514394760132e-02 1.753264516592025757e-01
-3.632477223873138428e-01 -6.321095675230026245e-02 1.362849920988082886e-01
-3.232625126838684082e-01 -2.404324337840080261e-02 1.930697076022624969e-02
-1.387989372014999390e-01 5.942178145051002502e-02 -4.695522412657737732e-02
9.309078752994537354e-02 1.814999282360076904e-01 -3.540464118123054504e-02
2.248355299234390259e-01 5.963585525751113892e-02 1.472262740135192871e-01
2.269190549850463867e-01 -2.462114840745925903e-01 3.718034625053405762e-01
1.663540005683898926e-01 -4.491128027439117432e-01 4.690488576889038086e-01
-3.205764666199684143e-02 -4.182444214820861816e-01 4.181326925754547119e-01
-1.881739050149917603e-01 -7.834356278181076050e-03 -7.783869653940200806e-02
-1.958514899015426636e-01 5.180721282958984375e-01 -5.092628598213195801e-01
1.905610226094722748e-02 6.757162213325500488e-01 -5.698589086532592773e-01
9.311103075742721558e-02 6.288316845893859863e-01 -4.698366224765777588e-01
-4.781343042850494385e-02 3.708925247192382812e-01 -9.088843315839767456e-02
-2.420808076858520508e-01 -1.921548247337341309e-01 2.033192068338394165e-01
-3.133594095706939697e-01 -5.029566287994384766e-01 1.854474842548370361e-01
-3.270570933818817139e-02 -4.654733836650848389e-01 7.976953685283660889e-02
2.599115967750549316e-01 -2.638965249061584473e-01 2.026322856545448303e-02
2.979051470756530762e-01 -7.587216049432754517e-02 5.393647029995918274e-02
1.369794011116027832e-01 -8.232125639915466309e-02 1.034785807132720947e-01
-1.510350406169891357e-01 -2.170187085866928101e-01 8.869125694036483765e-02
-6.489932537078857422e-02 -1.415456980466842651e-01 1.289248168468475342e-01
1.851399391889572144e-01 -7.725968956947326660e-02 2.010250687599182129e-01
3.331468701362609863e-01 -1.533380746841430664e-01 2.542844414710998535e-01
3.068297207355499268e-01 -3.314762115478515625e-01 1.470634788274765015e-01
3.893015906214714050e-02 -4.359754025936126709e-01 -8.695638924837112427e-02
-1.262131482362747192e-01 -1.843182742595672607e-01 -3.303698003292083740e-01
-8.499922603368759155e-02 2.806730568408966064e-01 -4.364325404167175293e-01
-3.517306596040725708e-02 5.312085151672363281e-01 -4.375372529029846191e-01
6.863790750503540039e-02 6.099883913993835449e-01 -4.339287877082824707e-01
7.709973305463790894e-02 5.246097445487976074e-01 -3.076252639293670654e-01
5.586222559213638306e-02 3.198843598365783691e-01 -6.874799728393554688e-02
5.772101134061813354e-02 -2.886667102575302124e-02 2.118743360042572021e-01
-7.135622203350067139e-02 -3.270061016082763672e-01 3.911195695400238037e-01
-1.787254959344863892e-01 -3.988338708877563477e-01 3.838771283626556396e-01
-2.481989264488220215e-01 -3.064997196197509766e-01 3.253937959671020508e-01
-1.927158087491989136e-01 -8.124345541000366211e-02 1.653114110231399536e-01
3.016573609784245491e-03 4.897665977478027344e-02 3.602356417104601860e-03
1.457738131284713745e-01 4.712843894958496094e-02 -6.805276870727539062e-02
1.996043026447296143e-01 1.361740473657846451e-02 -1.807861030101776123e-02
4.165000468492507935e-02 -2.481192536652088165e-02 2.515649497509002686e-01
-2.225209176540374756e-01 -8.685875684022903442e-02 3.658706843852996826e-01
-3.620904088020324707e-01 -1.835345029830932617e-01 3.479507267475128174e-01
-3.488116264343261719e-01 -2.589217722415924072e-01 8.912929147481918335e-02
-1.264679282903671265e-01 -9.820479899644851685e-02 -3.391954898834228516e-01
2.376420497894287109e-01 2.794785201549530029e-01 -4.993231594562530518e-01
3.741367161273956299e-01 4.454215168952941895e-01 -5.224713087081909180e-01
3.466924726963043213e-01 4.468109607696533203e-01 -3.755687475204467773e-01
1.045233234763145447e-01 9.829940646886825562e-02 -4.263423383235931396e-02
-1.691331863403320312e-01 -2.249839305877685547e-01 2.151600718498229980e-01
-2.197994291782379150e-01 -3.288938701152801514e-01 3.007687628269195557e-01
-1.100723966956138611e-01 -3.056292533874511719e-01 1.862238496541976929e-01
2.663465775549411774e-02 -1.376752406358718872e-01 9.557836502790451050e-02
3.165710717439651489e-02 -6.381580978631973267e-02 -3.127486258745193481e-02
-4.137701354920864105e-03 1.295404322445392609e-02 -9.125216305255889893e-02
-1.868436299264431000e-02 4.844734072685241699e-02 -1.029355973005294800e-01
2.122653648257255554e-02 6.527264416217803955e-02 -3.049054555594921112e-02
-4.226914048194885254e-02 1.279451251029968262e-01 3.024710714817047119e-01
-3.222888112068176270e-01 2.292586416006088257e-01 4.970051646232604980e-01
-5.419857501983642578e-01 2.804458141326904297e-01 5.133873820304870605e-01
-5.816241502761840820e-01 2.769716680049896240e-01 2.629567682743072510e-01
-3.731465339660644531e-01 1.761633306741714478e-01 -3.551439046859741211e-01
2.896993458271026611e-01 -3.982295095920562744e-02 -5.821205973625183105e-01
5.477752685546875000e-01 -1.569778174161911011e-01 -5.649127364158630371e-01
5.220478773117065430e-01 -2.685549557209014893e-01 -3.521795868873596191e-01
3.130845427513122559e-01 -2.308987677097320557e-01 -4.869220778346061707e-03
2.241230010986328125e-02 -1.142028942704200745e-01 2.348434031009674072e-01
1.091001741588115692e-02 1.622049510478973389e-02 3.095342516899108887e-01
1.964539140462875366e-01 1.651436984539031982e-01 2.699689865112304688e-01
2.969023585319519043e-01 1.152707859873771667e-01 1.143200993537902832e-01
2.999085485935211182e-01 -1.047296151518821716e-01 -1.824009567499160767e-01
1.548898071050643921e-01 -3.302164077758789062e-01 -3.963024616241455078e-01
4.703956842422485352e-02 -3.307100534439086914e-01 -4.142227172851562500e-01
4.356415569782257080e-02 -1.221931055188179016e-01 -3.113803267478942871e-01
3.550427034497261047e-02 7.305709272623062134e-02 -6.511694192886352539e-02
-7.899957150220870972e-02 1.878160983324050903e-01 2.079250812530517578e-01
-2.740645706653594971e-01 8.533822745084762573e-02 2.733210027217864990e-01
-3.255329132080078125e-01 4.785679280757904053e-02 2.610858380794525146e-01
-2.569359838962554932e-01 8.879666775465011597e-02 2.275897711515426636e-01
-8.097965270280838013e-02 -1.116087194532155991e-03 1.068194061517715454e-01
-6.245068274438381195e-03 8.598156273365020752e-02 4.013546183705329895e-02
-7.311502844095230103e-02 1.043409034609794617e-01 -2.965280599892139435e-02
-6.199627369642257690e-02 7.526241987943649292e-02 -6.591885536909103394e-02
-1.799596659839153290e-02 4.844501242041587830e-02 2.615183591842651367e-02
1.430328786373138428e-01 -7.857736945152282715e-02 1.748574152588844299e-02
2.311525195837020874e-01 -1.285254210233688354e-01 -1.173469275236129761e-01
1.436325013637542725e-01 -1.050590816885232925e-02 -1.778161376714706421e-01
6.037969887256622314e-02 8.450230956077575684e-02 -1.664085388183593750e-01
-5.507045239210128784e-02 1.045286506414413452e-01 3.656699787825345993e-03
-8.859507739543914795e-02 2.928967960178852081e-02 2.022229433059692383e-01
-7.973519712686538696e-02 -1.797970086336135864e-01 1.715842187404632568e-01
-1.639494001865386963e-01 -2.113638967275619507e-01 9.629546105861663818e-02
-8.747810125350952148e-02 -8.454987406730651855e-02 3.261161595582962036e-02
4.572709649801254272e-02 7.334528863430023193e-02 4.261767119169235229e-02
1.712411642074584961e-01 1.529886573553085327e-01 6.676913052797317505e-02
2.216117680072784424e-01 9.826792031526565552e-02 6.773616373538970947e-02
8.334954828023910522e-02 -2.911828458309173584e-02 1.975514553487300873e-02
-1.631900668144226074e-02 -1.076068505644798279e-01 -6.765969097614288330e-02
-7.357230037450790405e-02 -9.550957381725311279e-02 -1.091590076684951782e-01
-6.422671675682067871e-02 -6.048447638750076294e-02 -1.370101422071456909e-01
-3.297096490859985352e-02 -4.568035656120628119e-04 -8.820053189992904663e-02
