8.485643565654754639e-02 -1.913470923900604248e-01 -2.865335941314697266e-01
9.290342777967453003e-02 -2.139356434345245361e-01 -3.261841535568237305e-01
1.274120956659317017e-01 -1.470686644315719604e-01 -3.219313323497772217e-01
1.611598581075668335e-01 -5.858237296342849731e-02 -1.611340492963790894e-01
2.684370875358581543e-01 -1.322435098700225353e-03 -9.347002953290939331e-02
2.723718285560607910e-01 -2.387441694736480713e-02 5.944483354687690735e-02
1.693391352891921997e-01 -5.038944259285926819e-02 1.504849642515182495e-01
-3.932857140898704529e-02 5.942725576460361481e-03 1.704566180706024170e-01
-1.324667632579803467e-01 3.459962084889411926e-02 1.271483451128005981e-01
-1.126610785722732544e-01 3.267342150211334229e-01 -1.185032874345779419e-01
1.860043257474899292e-01 5.676810741424560547e-01 -2.864491045475006104e-01
3.464469909667968750e-01 6.417053341865539551e-01 -1.763108223676681519e-01
2.786109149456024170e-01 5.761469006538391113e-01 1.074604969471693039e-02
1.377459466457366943e-01 1.538625359535217285e-01 2.684686481952667236e-01
-2.430423051118850708e-01 -3.154050111770629883e-01 3.621460199356079102e-01
-4.228982627391815186e-01 -4.639618098735809326e-01 1.996767371892929077e-01
-3.786274194717407227e-01 -4.153220057487487793e-01 2.881684899330139160e-01
-2.857168316841125488e-01 -2.460323423147201538e-01 3.187367022037506104e-01
-4.650278016924858093e-02 -1.448376774787902832e-01 3.026105761528015137e-01
1.462686955928802490e-01 -1.332468241453170776e-01 2.766227722167968750e-01
-8.072015643119812012e-02 -8.379629999399185181e-02 1.295943558216094971e-01
-1.001181304454803467e-01 -3.071422874927520752e-02 1.008487418293952942e-01
-5.409786850214004517e-02 3.262824192643165588e-02 4.889487847685813904e-02
1.151275113224983215e-01 7.609368860721588135e-02 -1.986614242196083069e-02
2.548625469207763672e-01 1.306049376726150513e-01 2.738649584352970123e-02
4.382563009858131409e-02 2.351808249950408936e-01 -4.867859184741973877e-02
1.851870305836200714e-02 3.865321278572082520e-01 -2.351966351270675659e-01
1.661961078643798828e-01 4.664726853370666504e-01 -3.961182236671447754e-01
3.429650664329528809e-01 3.573361933231353760e-01 -4.782593846321105957e-01
4.293767511844635010e-01 1.942484080791473389e-01 -4.260091483592987061e-01
3.153795301914215088e-01 -1.362092047929763794e-01 -3.648992776870727539e-01
8.077925071120262146e-03 -3.530336618423461914e-01 -3.035127520561218262e-01
-2.131369709968566895e-01 -4.988739490509033203e-01 -1.745760291814804077e-01
-3.774383664131164551e-01 -6.066021323204040527e-01 -1.203778684139251709e-01
-4.555455446243286133e-01 -5.512799620628356934e-01 -7.049128413200378418e-02
-4.392519593238830566e-01 -4.477976262569427490e-01 -7.352493703365325928e-02
-3.284677267074584961e-01 -2.726477980613708496e-01 -9.651217609643936157e-02
-1.353152990341186523e-01 -6.575424224138259888e-02 -1.270573493093252182e-02
-7.750347256660461426e-02 4.428227618336677551e-02 1.387682370841503143e-02
-5.795608833432197571e-02 1.371507793664932251e-01 9.723161160945892334e-02
-4.743568599224090576e-02 2.841818705201148987e-02 1.516482047736644745e-02
2.121861465275287628e-02 -4.527215287089347839e-02 -9.198679029941558838e-02
1.651957631111145020e-01 -6.542010605335235596e-02 -9.233999997377395630e-02
8.735576272010803223e-02 9.420809149742126465e-02 -2.708077803254127502e-02
3.063822723925113678e-02 4.485421180725097656e-01 2.271169573068618774e-01
2.218543142080307007e-01 5.049777030944824219e-01 1.677042096853256226e-01
3.333427608013153076e-01 4.937603473663330078e-01 7.774218916893005371e-02
4.530202448368072510e-01 3.322357833385467529e-01 8.552043884992599487e-02
2.254085838794708252e-01 -8.120118826627731323e-02 5.847407877445220947e-02
-2.532855868339538574e-01 -3.034801185131072998e-01 6.753487884998321533e-02
-3.943434357643127441e-01 -4.275600314140319824e-01 -2.388180932030081749e-03
-3.534811437129974365e-01 -3.674574494361877441e-01 -7.431348413228988647e-02
-6.113151460886001587e-02 -2.129863053560256958e-01 -1.342094987630844116e-01
8.694133907556533813e-02 -6.093505024909973145e-02 -6.706855446100234985e-02
1.551417410373687744e-01 1.790947094559669495e-02 -6.090908125042915344e-02
9.254765510559082031e-02 5.628054961562156677e-02 -1.957263983786106110e-02
5.816202238202095032e-02 1.141373440623283386e-01 4.523611813783645630e-02
1.470361202955245972e-01 -2.998077869415283203e-02 -2.021406963467597961e-02
1.607665121555328369e-01 -1.205221712589263916e-01 -5.194988846778869629e-02
1.647076159715652466e-01 -1.285416781902313232e-01 -5.491519346833229065e-02
1.378163397312164307e-01 9.869136847555637360e-04 7.077509164810180664e-02
3.797079250216484070e-02 3.596329987049102783e-01 2.400014996528625488e-01
-2.760387770831584930e-02 4.771874547004699707e-01 5.437797307968139648e-01
4.951613768935203552e-02 4.436998665332794189e-01 6.249515414237976074e-01
3.958404809236526489e-02 2.214768826961517334e-01 6.519735455513000488e-01
9.409413486719131470e-02 -1.469436287879943848e-01 5.871784687042236328e-01
6.429740786552429199e-02 -3.305099904537200928e-01 2.530496716499328613e-01
-2.329435897991061211e-03 -3.282358348369598389e-01 7.811225950717926025e-02
1.152186840772628784e-01 -2.030667364597320557e-01 -1.257640589028596878e-02
2.395076863467693329e-02 -6.279838830232620239e-02 -6.062613055109977722e-02
-2.620562165975570679e-02 1.057363227009773254e-01 -1.258875057101249695e-02
-1.863211393356323242e-01 2.118916809558868408e-01 4.420738294720649719e-02
-2.905173897743225098e-01 2.000860273838043213e-01 4.822722077369689941e-02
-2.209899276494979858e-01 6.975818425416946411e-02 -8.820660412311553955e-02
-4.099861532449722290e-02 -1.431234180927276611e-01 -2.769818603992462158e-01
4.256946220993995667e-02 -3.350592851638793945e-01 -3.621294796466827393e-01
-2.618878334760665894e-02 -4.121344387531280518e-01 -3.476981818675994873e-01
-5.672390386462211609e-02 -3.994187414646148682e-01 -2.747099399566650391e-01
-9.519741684198379517e-02 -2.800744175910949707e-01 -3.227639794349670410e-01
-1.334781348705291748e-01 -1.484126150608062744e-01 -1.792241483926773071e-01
2.294682525098323822e-02 -1.055092737078666687e-01 -1.403144598007202148e-01
-5.779534950852394104e-02 -1.680899225175380707e-02 -1.164021492004394531e-01
-4.473789408802986145e-02 7.529796659946441650e-02 2.801320329308509827e-02
4.359731078147888184e-02 3.206495894119143486e-03 -8.994039893150329590e-02
-1.070394515991210938e-01 -1.034764479845762253e-02 5.552388355135917664e-02
-6.682367995381355286e-03 -1.130807958543300629e-02 1.804665625095367432e-01
-3.260012250393629074e-03 -1.648653298616409302e-02 8.810424804687500000e-02
-2.515921369194984436e-02 7.712446153163909912e-02 7.136441022157669067e-02
-6.513602286577224731e-02 4.343869164586067200e-02 -5.121140927076339722e-02
-8.296692743897438049e-03 -1.915057748556137085e-01 -1.795148998498916626e-01
-1.080230399966239929e-01 -2.265277206897735596e-01 -6.457208096981048584e-02
-3.264811336994171143e-01 -1.528094857931137085e-01 -5.215804651379585266e-02
-1.447871327400207520e-01 -1.720576919615268707e-02 -1.794338971376419067e-02
5.399348214268684387e-03 8.871451020240783691e-02 4.797416273504495621e-03
1.082519963383674622e-01 2.586770989000797272e-02 -7.618183642625808716e-02
2.077456861734390259e-01 2.353408001363277435e-02 6.042363494634628296e-02
-5.536513775587081909e-02 6.838073581457138062e-02 2.716497890651226044e-02
-1.205521300435066223e-01 1.610552370548248291e-01 4.426965862512588501e-02
-1.542864143848419189e-01 1.433197706937789917e-01 -4.112916439771652222e-02
-2.581961154937744141e-01 1.980905532836914062e-01 -9.249094128608703613e-02
-1.405584514141082764e-01 1.596412807703018188e-01 -1.514919549226760864e-01
1.118443068116903305e-02 6.743238121271133423e-02 -2.157323211431503296e-01
9.973685443401336670e-02 1.330915372818708420e-02 -1.379903703927993774e-01
