3.266732624382091554e-01
3.303263588131351569e-01
1.318776437860984807e-01
0.000000000000000000e+00
0.000000000000000000e+00
0.000000000000000000e+00
0.000000000000000000e+00
4.668191150939108441e-02
0.000000000000000000e+00
0.000000000000000000e+00
0.000000000000000000e+00
1.258960159567524065e-03
1.367002609560561723e-02
3.610022262996703812e-02
4.751127314532477969e-02
3.400098657465800561e-02
1.034428192334354429e-02
0.000000000000000000e+00
0.000000000000000000e+00
0.000000000000000000e+00
0.000000000000000000e+00
0.000000000000000000e+00
0.000000000000000000e+00
1.077264190817125858e-03
0.000000000000000000e+00
0.000000000000000000e+00
0.000000000000000000e+00
0.000000000000000000e+00
7.998797605593981411e-03
2.081414470394294530e-02
2.153765488247581447e-02
6.099108759104598411e-03
0.000000000000000000e+00
0.000000000000000000e+00
0.000000000000000000e+00
0.000000000000000000e+00
8.219827357226604930e-04
1.793485597549736733e-03
2.277760085473830905e-03
2.096770607169170381e-03
0.000000000000000000e+00
0.000000000000000000e+00
0.000000000000000000e+00
0.000000000000000000e+00
0.000000000000000000e+00
0.000000000000000000e+00
0.000000000000000000e+00
0.000000000000000000e+00
0.000000000000000000e+00
0.000000000000000000e+00
8.191282817324334331e-03
1.914639405415780385e-02
3.608391520235328803e-02
5.241141528538772326e-02
2.232017591112031574e-02
5.349551469858316449e-03
0.000000000000000000e+00
3.459579047523884520e-03
1.387657133941657198e-02
0.000000000000000000e+00
4.374881321234589532e-02
7.288160090013978687e-02
4.938917999008797521e-02
0.000000000000000000e+00
0.000000000000000000e+00
0.000000000000000000e+00
1.606722376956228743e-02
7.183794879180481485e-02
9.113680813594167429e-02
3.174223195438493489e-02
0.000000000000000000e+00
0.000000000000000000e+00
0.000000000000000000e+00
0.000000000000000000e+00
0.000000000000000000e+00
0.000000000000000000e+00
0.000000000000000000e+00
0.000000000000000000e+00
2.098045982328970993e-01
3.582703556702005465e-01
3.137686068068883949e-01
1.552350465220760367e-01
0.000000000000000000e+00
0.000000000000000000e+00
0.000000000000000000e+00
0.000000000000000000e+00
0.000000000000000000e+00
0.000000000000000000e+00
0.000000000000000000e+00
0.000000000000000000e+00
0.000000000000000000e+00
0.000000000000000000e+00
0.000000000000000000e+00
0.000000000000000000e+00
0.000000000000000000e+00
0.000000000000000000e+00
0.000000000000000000e+00
0.000000000000000000e+00
1.524298200883412221e-03
1.524298200883412221e-03
3.810745502208530552e-04
0.000000000000000000e+00
0.000000000000000000e+00
