-2.803323604166507721e-02 -2.124729752540588379e-02 -1.421750932931900024e-01
-1.103722397238016129e-02 5.270582158118486404e-03 -1.348175257444381714e-01
4.423529654741287231e-02 -3.488794714212417603e-02 -1.351819634437561035e-01
1.329750567674636841e-01 -6.506700068712234497e-02 -5.349238216876983643e-02
1.668305695056915283e-01 -1.192957162857055664e-01 -7.704555988311767578e-02
1.626605838537216187e-01 -1.483350992202758789e-01 -1.277499198913574219e-01
9.046611934900283813e-02 -1.356015168130397797e-02 -1.439204346388578415e-02
-1.025068014860153198e-01 1.616366803646087646e-01 1.098167747259140015e-01
-2.382285445928573608e-01 3.289550840854644775e-01 2.598570585250854492e-01
-4.058557152748107910e-01 4.738251566886901855e-01 3.893364965915679932e-01
-4.342483878135681152e-01 4.261256456375122070e-01 4.527896642684936523e-01
-3.354924917221069336e-01 2.792736291885375977e-01 5.316979885101318359e-01
-2.942760288715362549e-01 1.137687042355537415e-01 5.164033174514770508e-01
-1.329737603664398193e-01 -1.295823603868484497e-01 3.406969606876373291e-01
-2.137757390737533569e-01 -2.407427132129669189e-01 1.173419132828712463e-01
-2.421172112226486206e-01 -2.168053686618804932e-01 -1.674764230847358704e-02
-2.231972515583038330e-01 -1.274654418230056763e-01 -2.940907888114452362e-02
-1.704477667808532715e-01 1.510290335863828659e-02 1.337204277515411377e-01
5.200361832976341248e-02 1.501133944839239120e-02 1.716227531433105469e-01
1.144824847579002380e-01 -9.983471781015396118e-02 8.123411983251571655e-02
1.539520770311355591e-01 -1.455655395984649658e-01 1.342030614614486694e-02
1.165900826454162598e-01 -1.604476124048233032e-01 -1.223267391324043274e-01
7.459428161382675171e-02 -7.030399888753890991e-02 -9.826418757438659668e-02
-1.557784969918429852e-03 6.362305581569671631e-02 -1.918977312743663788e-02
-6.616665422916412354e-02 -7.054140418767929077e-02 4.256448149681091309e-02
-7.961613684892654419e-02 -1.795715391635894775e-01 1.190773695707321167e-01
1.069010272622108459e-01 -2.345123589038848877e-01 7.880714535713195801e-02
3.365685939788818359e-01 -2.452681064605712891e-01 -7.730730623006820679e-02
2.407978028059005737e-01 -1.727876812219619751e-01 -1.663812845945358276e-01
5.376223102211952209e-02 -1.906064450740814209e-01 -1.960617154836654663e-01
-1.656464338302612305e-01 -2.375917434692382812e-01 -1.303548514842987061e-01
-2.641231119632720947e-01 -2.469016313552856445e-01 -2.303467132151126862e-02
-7.596296817064285278e-02 -1.744713187217712402e-01 -1.242642011493444443e-02
-2.661298215389251709e-02 -1.148031726479530334e-01 2.738066948950290680e-02
-1.116507500410079956e-01 7.537198066711425781e-02 8.571421355009078979e-02
-8.085409551858901978e-02 7.816638797521591187e-02 4.276788234710693359e-02
-7.262043654918670654e-02 -1.575426757335662842e-02 3.754454851150512695e-02
-4.845088347792625427e-02 5.792989209294319153e-02 5.659726262092590332e-02
-1.124722883105278015e-02 4.328269977122545242e-03 1.505015324801206589e-02
3.620144724845886230e-02 1.334031485021114349e-02 7.431898848153650761e-04
3.716393932700157166e-02 5.437581986188888550e-02 -2.452326007187366486e-02
1.553409546613693237e-01 1.854343712329864502e-01 8.078195899724960327e-02
2.156291455030441284e-01 3.724297285079956055e-01 2.759707570075988770e-01
7.523681968450546265e-02 4.270874261856079102e-01 2.524456083774566650e-01
5.765603855252265930e-02 3.374542593955993652e-01 1.432981491088867188e-01
-1.630402505397796631e-01 1.604782044887542725e-01 -2.170223183929920197e-02
-1.822232902050018311e-01 1.070670969784259796e-02 -9.375081211328506470e-02
-7.020667940378189087e-02 2.649156749248504639e-02 5.384679418057203293e-03
3.389995172619819641e-02 5.264222621917724609e-03 4.905668087303638458e-03
1.082555651664733887e-01 2.923725545406341553e-02 4.836672917008399963e-02
5.519978702068328857e-02 4.186727851629257202e-02 5.801680311560630798e-02
4.645457491278648376e-02 9.980350732803344727e-03 1.091070566326379776e-02
-3.335292264819145203e-02 6.556862592697143555e-02 6.385923177003860474e-02
-3.330032154917716980e-02 9.427179582417011261e-03 2.824828401207923889e-02
-3.535734489560127258e-02 9.376642294228076935e-03 2.042312733829021454e-02
-2.085915039060637355e-04 8.258773013949394226e-03 1.382312038913369179e-03
5.160474404692649841e-02 4.181649908423423767e-02 1.899359002709388733e-02
3.350133076310157776e-02 3.516048192977905273e-02 4.254362359642982483e-02
-1.377135980874300003e-03 -6.407900154590606689e-02 7.487982977181673050e-03
2.831801585853099823e-02 -1.251947251148521900e-03 2.119593136012554169e-02
4.521518573164939880e-02 3.545930981636047363e-02 -2.526459656655788422e-02
2.717748656868934631e-02 7.817509025335311890e-02 3.244403749704360962e-02
-6.746302545070648193e-02 7.589423656463623047e-02 3.819379210472106934e-02
-5.260750278830528259e-02 -3.556698933243751526e-02 1.309997867792844772e-02
4.083836078643798828e-02 -8.700773119926452637e-02 -2.357877232134342194e-02
1.028893366456031799e-01 -7.368648052215576172e-02 -3.557069599628448486e-02
7.222105562686920166e-02 -5.730882287025451660e-02 -4.486178606748580933e-02
-2.925100363790988922e-02 -3.630814701318740845e-02 -4.148212075233459473e-02
-8.112130314111709595e-02 -1.405121944844722748e-02 -6.454768031835556030e-02
-1.031414642930030823e-01 -1.132905669510364532e-02 -4.704098403453826904e-02
-1.433973908424377441e-01 4.745308309793472290e-02 5.174414720386266708e-03
-1.467050760984420776e-01 7.400010526180267334e-02 2.073291875422000885e-02
-7.751863449811935425e-02 6.509818136692047119e-02 2.926833741366863251e-02
-5.102254822850227356e-02 1.089138071984052658e-02 -2.930627577006816864e-02
-1.981381699442863464e-02 1.431236322969198227e-02 9.963335469365119934e-03
-5.442846938967704773e-02 1.431094016879796982e-02 7.195259630680084229e-02
-2.482915297150611877e-02 2.918058075010776520e-02 3.170890361070632935e-02
1.352112367749214172e-02 8.400686085224151611e-02 -1.330166030675172806e-02
1.336539089679718018e-01 -9.425910189747810364e-03 -4.979654774069786072e-02
2.441951036453247070e-01 -4.968654736876487732e-02 -3.961861133575439453e-03
3.203033506870269775e-01 -3.011413477361202240e-02 7.749605178833007812e-02
4.163765311241149902e-01 -2.074878290295600891e-02 8.555097132921218872e-02
1.931279748678207397e-01 9.060629457235336304e-02 7.521695643663406372e-02
-1.447476297616958618e-01 6.735376268625259399e-02 -1.228999421000480652e-01
-3.497135937213897705e-01 -1.286961287260055542e-01 -3.050141036510467529e-01
-2.450459301471710205e-01 -2.608835995197296143e-01 -3.979981839656829834e-01
2.154636234045028687e-01 -4.386626482009887695e-01 -4.089349210262298584e-01
4.152093529701232910e-01 -4.688476324081420898e-01 -3.111832439899444580e-01
4.098026454448699951e-01 -4.260680377483367920e-01 -3.070402741432189941e-01
2.913582026958465576e-01 -3.885330259799957275e-01 -2.872526943683624268e-01
1.483395695686340332e-01 -3.285207748413085938e-01 -2.100078761577606201e-01
1.236957013607025146e-01 -2.322814613580703735e-01 -8.967453241348266602e-02
7.479124516248703003e-02 -8.085467666387557983e-02 2.712246787268668413e-04
-5.937859416007995605e-02 1.067051067948341370e-01 2.295619621872901917e-02
-1.726736277341842651e-01 1.912667006254196167e-01 1.191367115825414658e-02
-2.402938902378082275e-01 8.627405390143394470e-03 -6.429912173189222813e-04
-1.430509835481643677e-01 1.813025623559951782e-01 -6.950830668210983276e-02
-5.360976606607437134e-02 2.691807150840759277e-01 -1.157921850681304932e-01
-3.464103862643241882e-02 3.289956152439117432e-01 -1.239058077335357666e-01
-6.747661530971527100e-02 3.339820802211761475e-01 -8.321950584650039673e-02
