-3.998969793319702148e-01 -3.385816216468811035e-01 -2.707236409187316895e-01
-4.480742216110229492e-01 -4.046559631824493408e-01 -1.848046928644180298e-01
-5.172740817070007324e-01 -2.365806400775909424e-01 -2.643114626407623291e-01
-4.569946229457855225e-01 -1.850588023662567139e-01 -1.720647364854812622e-01
-3.620193600654602051e-01 -7.697907090187072754e-02 -2.430308610200881958e-01
4.054836928844451904e-03 6.063739582896232605e-02 -3.554217517375946045e-01
6.716912239789962769e-02 3.043991923332214355e-01 -3.259424865245819092e-01
-4.249345976859331131e-03 3.393114209175109863e-01 -3.321319818496704102e-01
-5.292129889130592346e-02 3.462429940700531006e-01 -1.916445493698120117e-01
8.542819879949092865e-03 4.109448492527008057e-01 -1.153790131211280823e-01
-8.699449710547924042e-03 5.082401633262634277e-01 1.683858036994934082e-02
3.311485052108764648e-02 6.164360642433166504e-01 1.870808899402618408e-01
4.469041153788566589e-02 5.783110260963439941e-01 2.501295804977416992e-01
1.127346307039260864e-01 5.196545720100402832e-01 1.806261539459228516e-01
4.708478599786758423e-02 3.417919576168060303e-01 4.759646356105804443e-01
1.043765544891357422e-01 4.314972460269927979e-01 4.590924680233001709e-01
1.432708501815795898e-01 3.562273085117340088e-01 4.688476920127868652e-01
2.515081763267517090e-01 3.571357131004333496e-01 3.994771242141723633e-01
2.491252720355987549e-01 3.034875094890594482e-01 4.075256586074829102e-01
2.646627724170684814e-01 2.994513213634490967e-01 3.869417607784271240e-01
2.713366746902465820e-01 2.378126680850982666e-01 3.975442647933959961e-01
2.553904950618743896e-01 2.420364618301391602e-01 3.698457181453704834e-01
1.515093743801116943e-01 2.105401456356048584e-01 4.279395639896392822e-01
1.178210526704788208e-01 2.416630387306213379e-01 4.119791090488433838e-01
1.590045690536499023e-01 2.316379547119140625e-01 4.242118299007415771e-01
1.183942779898643494e-01 1.869497448205947876e-01 4.203127622604370117e-01
5.595541372895240784e-02 1.625066250562667847e-01 4.005745351314544678e-01
-5.379556119441986084e-02 2.230881154537200928e-01 4.322406649589538574e-01
-1.742395460605621338e-01 3.774313628673553467e-01 4.258207082748413086e-01
-2.551479041576385498e-01 4.305717349052429199e-01 3.895456790924072266e-01
-3.062382936477661133e-01 4.040925800800323486e-01 1.194882392883300781e-01
-2.922649681568145752e-01 4.232344329357147217e-01 -5.360203981399536133e-02
-3.184073269367218018e-01 4.751692116260528564e-01 -9.535854309797286987e-02
-3.872976303100585938e-01 4.384063184261322021e-01 -1.952520906925201416e-01
-4.126640558242797852e-01 4.408700764179229736e-01 -2.166718691587448120e-01
-4.341936409473419189e-01 4.006000161170959473e-01 -1.750872135162353516e-01
-4.017240107059478760e-01 3.684651851654052734e-01 -2.410309314727783203e-01
-4.786467254161834717e-01 3.835628628730773926e-01 -2.111570835113525391e-01
-4.977558553218841553e-01 3.968774676322937012e-01 -1.761111021041870117e-01
-4.812929034233093262e-01 3.436717391014099121e-01 -1.898987293243408203e-01
-5.086820721626281738e-01 3.440592288970947266e-01 -1.874228417873382568e-01
-4.513065218925476074e-01 2.827342152595520020e-01 -2.602230012416839600e-01
-4.663443565368652344e-01 2.865976989269256592e-01 -3.057024478912353516e-01
-5.442749857902526855e-01 3.082250654697418213e-01 -2.638376653194427490e-01
-4.696764051914215088e-01 3.144014477729797363e-01 -3.176091611385345459e-01
-4.383781254291534424e-01 3.316508829593658447e-01 -3.795087933540344238e-01
-4.490118622779846191e-01 3.519293069839477539e-01 -4.427974224090576172e-01
-3.544126451015472412e-01 2.714480757713317871e-01 -4.557974636554718018e-01
-2.700785696506500244e-01 2.372606396675109863e-01 -6.057091951370239258e-01
-1.802763938903808594e-01 2.699523232877254486e-02 -5.943902730941772461e-01
-1.312053948640823364e-01 1.164034008979797363e-01 -6.896209716796875000e-01
6.925743818283081055e-02 -4.911670461297035217e-03 -5.881109833717346191e-01
1.136936396360397339e-01 4.842247068881988525e-02 -5.868134498596191406e-01
2.056894898414611816e-01 9.680987335741519928e-03 -6.257273554801940918e-01
3.046958148479461670e-01 -3.232663869857788086e-02 -6.112924218177795410e-01
2.641023993492126465e-01 -6.601655483245849609e-02 -6.296192407608032227e-01
2.647919654846191406e-01 -4.498073458671569824e-02 -6.417944431304931641e-01
2.724614441394805908e-01 -9.188520722091197968e-03 -6.463035941123962402e-01
2.884359657764434814e-01 3.840035572648048401e-02 -6.523054838180541992e-01
3.368292450904846191e-01 6.437915563583374023e-02 -6.578396558761596680e-01
3.521364331245422363e-01 1.006797403097152710e-01 -6.488267183303833008e-01
3.809798955917358398e-01 1.069945171475410461e-01 -6.560372710227966309e-01
3.705939352512359619e-01 1.057094559073448181e-01 -6.773905754089355469e-01
2.890927195549011230e-01 1.152394041419029236e-01 -6.541737318038940430e-01
2.897478342056274414e-01 1.347185224294662476e-01 -6.219117641448974609e-01
2.381589859724044800e-01 1.623087972402572632e-01 -6.219463348388671875e-01
1.686117351055145264e-01 1.366449892520904541e-01 -6.323125958442687988e-01
1.323642432689666748e-01 1.129618585109710693e-01 -6.125315427780151367e-01
1.319615840911865234e-01 1.372302174568176270e-01 -6.259164214134216309e-01
8.511441946029663086e-02 1.363534331321716309e-01 -6.033480167388916016e-01
6.014166399836540222e-02 1.096181571483612061e-01 -5.558422207832336426e-01
9.547955542802810669e-02 1.042682975530624390e-01 -5.643569827079772949e-01
9.807761758565902710e-02 1.041772812604904175e-01 -5.638824701309204102e-01
4.538306966423988342e-02 1.142796054482460022e-01 -5.126403570175170898e-01
6.018850952386856079e-02 1.331328600645065308e-01 -5.357303023338317871e-01
2.820367738604545593e-02 1.683051884174346924e-01 -5.461052060127258301e-01
7.653839886188507080e-02 1.473956406116485596e-01 -5.625141263008117676e-01
-4.478057473897933960e-02 1.805943995714187622e-01 -5.406247973442077637e-01
-2.140152007341384888e-01 1.991811543703079224e-01 -5.310952067375183105e-01
-2.639187574386596680e-01 1.579229533672332764e-01 -4.787801504135131836e-01
-3.576331734657287598e-01 1.139247864484786987e-01 -5.018433928489685059e-01
-2.808884978294372559e-01 2.525501251220703125e-01 -4.779980480670928955e-01
-1.965107321739196777e-01 1.754032522439956665e-01 -4.199365377426147461e-01
-1.954614669084548950e-01 1.129954829812049866e-01 -4.755262732505798340e-01
-1.617769151926040649e-01 -3.505615592002868652e-01 -1.591238528490066528e-01
-3.833940923213958740e-01 -3.726400136947631836e-01 4.731451719999313354e-02
-5.790977478027343750e-01 -3.477180004119873047e-01 4.132904484868049622e-02
-5.459493994712829590e-01 -4.327692985534667969e-01 1.565794497728347778e-01
-4.997799992561340332e-01 -5.137810707092285156e-01 1.473030149936676025e-01
-4.851575791835784912e-01 -6.454163789749145508e-01 1.471980363130569458e-01
-4.776434600353240967e-01 -6.416978240013122559e-01 8.363530039787292480e-02
-1.031170189380645752e-01 -6.107075214385986328e-01 7.767584174871444702e-02
1.421414911746978760e-01 -5.036930441856384277e-01 9.782546013593673706e-02
2.940513491630554199e-01 -4.286279082298278809e-01 1.715898215770721436e-01
3.421730399131774902e-01 -3.904977142810821533e-01 1.747436374425888062e-01
3.514737486839294434e-01 -4.186781346797943115e-01 1.664982140064239502e-01
3.280824124813079834e-01 -4.337342977523803711e-01 1.318252384662628174e-01
3.260265886783599854e-01 -4.381746053695678711e-01 9.267891198396682739e-02
3.008688986301422119e-01 -4.349915981292724609e-01 1.354821771383285522e-01
2.927935123443603516e-01 -4.031916856765747070e-01 1.439222693443298340e-01
3.123905360698699951e-01 -4.257197082042694092e-01 1.127330064773559570e-01
3.815795779228210449e-01 -3.776799738407135010e-01 1.854712069034576416e-01
3.571168780326843262e-01 -4.010419547557830811e-01 1.947135180234909058e-01
2.833046615123748779e-01 -4.505972564220428467e-01 1.335603147745132446e-01
2.989001274108886719e-01 -5.013123750686645508e-01 9.657274931669235229e-02
3.112552165985107422e-01 -4.844189286231994629e-01 6.586316972970962524e-02
3.756870627403259277e-01 -5.494072437286376953e-01 1.922741765156388283e-03
3.934330642223358154e-01 -5.375994443893432617e-01 5.571565777063369751e-02
4.278042912483215332e-01 -4.936980009078979492e-01 7.696884125471115112e-02
4.402087628841400146e-01 -4.837380945682525635e-01 7.701978832483291626e-02
4.362100064754486084e-01 -4.559698700904846191e-01 3.952466696500778198e-02
4.228262901306152344e-01 -4.359172284603118896e-01 8.772079646587371826e-02
4.416183233261108398e-01 -4.163618087768554688e-01 8.812187612056732178e-02
4.744241833686828613e-01 -4.137167930603027344e-01 8.849903196096420288e-02
4.866802692413330078e-01 -4.315011501312255859e-01 2.881303615868091583e-02
4.475887417793273926e-01 -4.852595031261444092e-01 -8.148308843374252319e-02
4.647903144359588623e-01 -4.251599907875061035e-01 -4.003508761525154114e-02
3.328231573104858398e-01 -4.832350909709930420e-01 -6.618723273277282715e-02
4.083172678947448730e-01 -4.085207879543304443e-01 -6.228132173418998718e-02
2.603756487369537354e-01 -3.162442445755004883e-01 -2.205014824867248535e-01
3.433077037334442139e-01 -4.246805012226104736e-01 -7.097619771957397461e-02
