-1.957254856824874878e-02 -2.921358346939086914e-01 -5.200619250535964966e-02
-3.334118798375129700e-02 -2.210870087146759033e-01 -5.199256911873817444e-02
3.226495161652565002e-02 1.211503893136978149e-02 -8.369688689708709717e-02
3.275915980339050293e-01 3.741002678871154785e-01 -7.796896249055862427e-02
4.966568350791931152e-01 3.904688656330108643e-01 9.297547489404678345e-02
5.977441668510437012e-01 2.067723274230957031e-01 9.546877443790435791e-02
5.474504232406616211e-01 2.541121095418930054e-02 2.194412499666213989e-01
2.467089146375656128e-01 -8.925784379243850708e-03 2.582250833511352539e-01
-4.317786172032356262e-02 1.695466488599777222e-01 1.562086790800094604e-01
-2.250720858573913574e-01 3.395394086837768555e-01 1.130610257387161255e-01
-3.855110108852386475e-01 4.578635096549987793e-01 -1.312225013971328735e-01
-3.060473501682281494e-01 4.930218756198883057e-01 -2.388492077589035034e-01
-3.678605556488037109e-01 2.760595083236694336e-01 4.148671776056289673e-02
-3.301292061805725098e-01 -3.823488578200340271e-02 3.379453718662261963e-01
-2.344333529472351074e-01 -2.914105057716369629e-01 5.260612964630126953e-01
-1.493250429630279541e-01 -3.245945274829864502e-01 5.016070604324340820e-01
1.725838482379913330e-01 -1.422970741987228394e-01 2.092903852462768555e-01
2.679586708545684814e-01 -6.291591376066207886e-02 -2.738545276224613190e-02
2.311251908540725708e-01 8.925212547183036804e-03 -1.101944521069526672e-01
1.924724578857421875e-01 1.735456660389900208e-02 -1.198267117142677307e-01
4.242849245201796293e-04 -2.320891804993152618e-02 -8.886387944221496582e-02
-1.905274391174316406e-01 -9.446547925472259521e-02 8.136949501931667328e-03
-2.966749668121337891e-01 -7.156337052583694458e-02 5.588057450950145721e-03
-3.449163436889648438e-01 -8.220579475164413452e-02 7.763746380805969238e-02
-2.689676284790039062e-01 -5.116428062319755554e-02 6.447480618953704834e-02
-2.367395460605621338e-01 -1.177087277173995972e-01 -1.456687413156032562e-02
-2.376182228326797485e-01 -1.337935030460357666e-01 -1.481525152921676636e-01
-1.593662649393081665e-01 -1.270793676376342773e-01 -2.596638202667236328e-01
5.268428847193717957e-02 -1.883197277784347534e-01 -3.769423365592956543e-01
3.162247240543365479e-01 -2.316982895135879517e-01 -4.148770868778228760e-01
4.470823705196380615e-01 -2.973684072494506836e-01 -3.723243474960327148e-01
4.362322986125946045e-01 -3.382521271705627441e-01 -3.136239349842071533e-01
2.671290934085845947e-01 -3.453840017318725586e-01 -2.275236845016479492e-01
-4.469853639602661133e-02 -3.602282106876373291e-01 -1.087446138262748718e-01
-9.534344822168350220e-02 -2.238167971372604370e-01 -3.782108426094055176e-02
-8.685776591300964355e-02 -1.168518736958503723e-01 -2.716862410306930542e-02
-1.282574385404586792e-01 -6.730098277330398560e-02 -3.213927149772644043e-03
-4.656871408224105835e-02 1.854620524682104588e-03 2.870943769812583923e-02
-1.571650616824626923e-02 -4.659109935164451599e-02 9.007115662097930908e-02
1.618394851684570312e-01 4.266374185681343079e-02 9.465134888887405396e-02
3.016803264617919922e-01 3.870081854984164238e-03 3.916725516319274902e-02
8.739500492811203003e-02 -3.912447392940521240e-02 -7.013769447803497314e-02
-3.699680417776107788e-02 2.137956023216247559e-02 -1.026207879185676575e-01
-1.150826960802078247e-01 2.161200717091560364e-02 -1.618120819330215454e-01
-7.779221981763839722e-02 3.547556325793266296e-02 -2.010117918252944946e-01
1.334488838911056519e-01 -4.867702350020408630e-02 -1.409370154142379761e-01
2.158689200878143311e-01 -4.644777253270149231e-02 -1.688645482063293457e-01
3.068510591983795166e-01 1.073159426450729370e-01 -4.794277623295783997e-02
3.314109444618225098e-01 1.375102251768112183e-01 -1.102207377552986145e-01
1.590701192617416382e-01 1.538140028715133667e-01 1.008652374148368835e-01
1.699193194508552551e-02 5.798412114381790161e-02 3.777512907981872559e-01
-5.780384689569473267e-02 1.739172451198101044e-02 3.969157338142395020e-01
4.708087816834449768e-02 1.543159037828445435e-01 4.125697612762451172e-01
2.413477003574371338e-01 6.813649088144302368e-02 1.019984632730484009e-01
2.079621106386184692e-01 -1.129510067403316498e-02 4.327051341533660889e-02
1.293883770704269409e-01 -2.605142630636692047e-02 2.218550629913806915e-02
-4.226844385266304016e-02 -5.595073103904724121e-02 -6.501348316669464111e-02
-7.605136185884475708e-02 3.276871889829635620e-02 -2.479095011949539185e-02
1.666950620710849762e-02 5.437208712100982666e-02 4.849899560213088989e-02
1.446809321641921997e-01 9.902781248092651367e-02 8.809993416070938110e-02
1.240972280502319336e-01 1.131869778037071228e-01 4.385976586490869522e-03
-8.922529220581054688e-02 1.581968553364276886e-02 -1.756013035774230957e-01
-3.368609249591827393e-01 -2.077375166118144989e-02 -2.185868620872497559e-01
-3.522162139415740967e-01 -4.647972434759140015e-02 -1.509231477975845337e-01
-2.686653733253479004e-01 -1.702359877526760101e-02 -1.400706321001052856e-01
-1.340058445930480957e-01 -1.350716408342123032e-02 -1.033776253461837769e-01
2.150715328752994537e-02 -4.970370233058929443e-02 -1.622260510921478271e-01
-1.216067075729370117e-01 -3.154911473393440247e-02 -1.603983342647552490e-01
-2.503860890865325928e-01 2.402894012629985809e-02 2.679314836859703064e-02
-2.855340242385864258e-01 3.281694650650024414e-02 9.667549282312393188e-02
-2.906858623027801514e-01 2.853665687143802643e-02 1.251091957092285156e-01
-1.560756862163543701e-01 2.069053798913955688e-02 8.147254586219787598e-02
6.252338737249374390e-02 -3.318084776401519775e-02 -1.290044933557510376e-02
1.877866387367248535e-01 -1.083639562129974365e-01 -6.059775501489639282e-02
3.120148777961730957e-01 -1.119832396507263184e-01 -3.286711126565933228e-02
2.342781722545623779e-01 -9.552271664142608643e-02 -2.688174322247505188e-02
-1.800570264458656311e-02 -1.090139150619506836e-01 -2.159459702670574188e-02
-1.268561333417892456e-01 -7.963115721940994263e-02 1.297767274081707001e-02
1.112360358238220215e-01 -1.286797877401113510e-02 -1.088116392493247986e-01
2.717005312442779541e-01 1.924634128808975220e-01 -2.587914466857910156e-01
2.160529345273971558e-01 4.603244364261627197e-01 -3.276638388633728027e-01
1.872217953205108643e-01 4.787539839744567871e-01 -3.020077347755432129e-01
-2.564798891544342041e-01 2.021117806434631348e-01 2.368364930152893066e-01
-3.932286500930786133e-01 -1.361909657716751099e-01 5.275920033454895020e-01
-4.128870666027069092e-01 -4.233946204185485840e-01 5.145144462585449219e-01
-5.182265639305114746e-01 -2.639986872673034668e-01 4.190208017826080322e-01
-3.676093220710754395e-01 3.472467139363288879e-02 1.493781208992004395e-01
-1.542135328054428101e-01 1.889169663190841675e-01 2.221146225929260254e-01
9.392990171909332275e-02 1.513331830501556396e-01 3.016175925731658936e-01
3.837304711341857910e-01 8.098909258842468262e-02 3.245316743850708008e-01
2.279845476150512695e-01 1.091570481657981873e-01 3.612216114997863770e-01
1.964354887604713440e-02 2.236124724149703979e-01 3.197175562381744385e-01
-9.394378401339054108e-03 2.789819240570068359e-01 2.947453856468200684e-01
1.097975485026836395e-02 1.564927101135253906e-01 1.885914802551269531e-01
1.860628724098205566e-01 3.780325129628181458e-02 1.401607990264892578e-01
1.838607788085937500e-01 -7.725082337856292725e-02 3.970448300242424011e-02
6.950892508029937744e-02 -4.263604804873466492e-02 -7.519261445850133896e-03
7.316817343235015869e-02 -1.371285505592823029e-02 -4.392391443252563477e-02
4.248094558715820312e-02 4.533971659839153290e-03 -3.534787893295288086e-02
-4.011540859937667847e-02 6.485810875892639160e-02 7.767696678638458252e-02
-2.311503328382968903e-02 3.959063906222581863e-03 1.387916356325149536e-01
-1.228567678481340408e-02 -1.126182079315185547e-01 1.126963794231414795e-01
6.930503994226455688e-02 -1.436876058578491211e-01 3.388230875134468079e-02
8.364761620759963989e-02 -1.915755718946456909e-01 -1.046131998300552368e-01
1.831913739442825317e-01 3.695170162245631218e-03 -5.849453806877136230e-02
1.254433393478393555e-01 1.745646148920059204e-01 4.161354526877403259e-02
9.269294887781143188e-02 1.616918444633483887e-01 9.380508214235305786e-02
1.755147725343704224e-01 1.939669102430343628e-01 1.160072162747383118e-01
9.351301938295364380e-02 1.392160505056381226e-01 6.588811520487070084e-03
2.031992971897125244e-01 8.830279856920242310e-02 2.193970140069723129e-03
1.005539372563362122e-01 5.564206093549728394e-02 -5.022806301712989807e-02
-9.845165908336639404e-02 8.220267482101917267e-03 -1.047684624791145325e-01
-1.797518581151962280e-01 8.830622583627700806e-02 -1.391618847846984863e-01
-2.096913158893585205e-01 1.180001273751258850e-01 -2.531307339668273926e-01
-1.505429148674011230e-01 4.601668566465377808e-02 -1.978850364685058594e-01
-7.777490466833114624e-02 5.029175058007240295e-02 -2.905296683311462402e-01
-1.098201721906661987e-01 -4.153349995613098145e-02 -2.030066847801208496e-01
-1.327941119670867920e-01 7.240252941846847534e-02 -3.069352209568023682e-01
-1.446232050657272339e-01 1.152639091014862061e-01 -2.450941056013107300e-01
-1.050717011094093323e-01 5.299478396773338318e-02 -3.101673349738121033e-02
-4.317692667245864868e-02 7.430383563041687012e-02 -3.648918820545077324e-03
