1.222198922187089920e-02 -3.395468229427933693e-03 1.908803135156631470e-01
-3.123039379715919495e-02 -1.354645341634750366e-01 3.611119389533996582e-01
-1.840093135833740234e-01 -2.146469652652740479e-01 3.908414244651794434e-01
-2.792000770568847656e-01 -2.560616433620452881e-01 2.504362165927886963e-01
-3.156993687152862549e-01 -1.057686507701873779e-01 -7.976122945547103882e-02
-1.808212697505950928e-01 1.524355113506317139e-01 -2.888591289520263672e-01
4.791827499866485596e-02 2.126031517982482910e-01 -1.888653188943862915e-01
1.555939465761184692e-01 2.593322694301605225e-01 1.013701260089874268e-01
2.934359908103942871e-01 2.165272533893585205e-01 3.162806928157806396e-01
3.644842207431793213e-01 4.862745478749275208e-02 3.529212772846221924e-01
3.463831245899200439e-01 6.013664975762367249e-02 1.479284018278121948e-01
9.960570186376571655e-02 1.260024011135101318e-01 -2.240912765264511108e-01
-3.242130875587463379e-01 2.137019932270050049e-01 -4.652287662029266357e-01
-4.800467193126678467e-01 2.367017567157745361e-01 -4.855780005455017090e-01
-3.434465229511260986e-01 -1.626247167587280273e-01 -3.366503715515136719e-01
-2.043768763542175293e-02 -4.706203937530517578e-01 -6.791386008262634277e-02
2.744100689888000488e-01 -5.163406729698181152e-01 1.428102403879165649e-01
3.548017740249633789e-01 -3.721737563610076904e-01 1.798576414585113525e-01
3.008197247982025146e-01 1.458791177719831467e-02 1.023386493325233459e-01
1.789158731698989868e-01 2.862876057624816895e-01 3.462627995759248734e-03
7.213813811540603638e-02 3.656774759292602539e-01 -5.478848144412040710e-02
1.282409951090812683e-02 3.515620827674865723e-01 -6.429912894964218140e-02
-3.320885449647903442e-02 1.789899468421936035e-01 -4.213305190205574036e-02
-7.987765595316886902e-03 6.269977893680334091e-03 -4.809730127453804016e-02
4.571098834276199341e-02 -4.479118064045906067e-02 -9.603439271450042725e-02
1.294072419404983521e-01 -6.628036499023437500e-02 -9.351125359535217285e-02
1.972932517528533936e-01 -1.389072090387344360e-01 -1.289133280515670776e-01
1.333656609058380127e-01 -3.380092978477478027e-01 -1.444834917783737183e-01
-8.232606947422027588e-02 -4.487138390541076660e-01 -1.453052461147308350e-01
-2.253995239734649658e-01 -4.172471463680267334e-01 -1.470335721969604492e-01
-2.862300872802734375e-01 -1.299918889999389648e-01 -5.538720265030860901e-02
-1.961370110511779785e-01 2.418752759695053101e-01 1.612202450633049011e-02
-2.376041002571582794e-02 3.312495052814483643e-01 1.131334453821182251e-01
2.495973929762840271e-02 2.561453878879547119e-01 1.831114739179611206e-01
1.429059449583292007e-02 1.376464515924453735e-01 1.904354989528656006e-01
-2.156964316964149475e-02 2.391227148473262787e-02 1.837113052606582642e-01
2.715411363169550896e-03 7.447531819343566895e-02 1.051321849226951599e-01
6.384760886430740356e-02 -2.812530100345611572e-02 9.001757204532623291e-02
-3.785290569067001343e-02 -1.967495828866958618e-01 3.440215811133384705e-02
-2.111291699111461639e-02 -1.846033930778503418e-01 -4.619005322456359863e-02
1.232309825718402863e-02 -1.000390350818634033e-01 -3.064977191388607025e-02
3.560782968997955322e-02 9.526000171899795532e-02 -1.377787999808788300e-02
7.009756565093994141e-02 1.326579004526138306e-01 5.218074098229408264e-02
-7.072047889232635498e-02 -2.878215163946151733e-02 9.644180536270141602e-03
-6.956156343221664429e-02 -1.583634614944458008e-01 -8.648422360420227051e-02
-4.561693593859672546e-02 -2.464747279882431030e-01 -3.023566678166389465e-02
-9.829747490584850311e-03 -2.331195473670959473e-01 6.823885440826416016e-02
-2.287150360643863678e-02 1.428932510316371918e-02 1.665823459625244141e-01
-1.868377178907394409e-01 3.521710038185119629e-01 1.427992433309555054e-01
-2.417399585247039795e-01 5.062175393104553223e-01 -7.544552907347679138e-03
-2.432535141706466675e-01 4.188050925731658936e-01 -5.754066631197929382e-03
-8.507312834262847900e-02 -9.358444809913635254e-02 -6.102043390274047852e-02
3.287859261035919189e-02 -3.747974932193756104e-01 -1.019262149930000305e-01
7.367710024118423462e-02 -3.280800879001617432e-01 -1.192734315991401672e-01
1.076045483350753784e-01 -6.595188379287719727e-02 -1.668634861707687378e-01
7.793920487165451050e-02 1.943778246641159058e-01 -3.731097653508186340e-02
6.090420484542846680e-02 1.893762499094009399e-01 5.671328306198120117e-02
2.828692318871617317e-03 6.619692593812942505e-02 9.797968715429306030e-02
1.158747123554348946e-03 -5.063355341553688049e-02 9.861557185649871826e-02
1.511440128087997437e-01 -5.488202720880508423e-02 5.288320127874612808e-03
2.726459205150604248e-01 5.666847527027130127e-02 -4.901010170578956604e-02
2.660967707633972168e-01 1.873212754726409912e-01 -7.443340867757797241e-02
1.646208465099334717e-01 1.892385631799697876e-01 -4.996304586529731750e-02
-4.518899600952863693e-03 4.303947836160659790e-02 -1.499149668961763382e-02
-4.566069692373275757e-02 -1.539415568113327026e-01 -2.534577250480651855e-02
-1.307491865009069443e-02 -1.722593158483505249e-01 -2.212486602365970612e-02
-5.887831561267375946e-03 1.575523242354393005e-02 2.095003984868526459e-02
1.605281978845596313e-02 1.937876641750335693e-01 7.110664248466491699e-02
-1.238991878926753998e-02 2.642338871955871582e-01 8.527654409408569336e-02
-6.181668490171432495e-02 1.265624761581420898e-01 5.048898234963417053e-02
-1.627438813447952271e-01 -1.283689737319946289e-01 -3.696996718645095825e-02
-2.370889484882354736e-01 -2.495714426040649414e-01 -1.015343293547630310e-01
-2.328598648309707642e-01 -2.987418472766876221e-01 -1.185573935508728027e-01
-1.180604174733161926e-01 -2.077922523021697998e-01 -1.008582711219787598e-01
1.531260013580322266e-01 3.449949622154235840e-02 -3.916437178850173950e-02
3.278653919696807861e-01 1.956719905138015747e-01 3.262050077319145203e-02
3.798772096633911133e-01 1.776800602674484253e-01 6.748018413782119751e-02
2.902565300464630127e-01 -5.509652197360992432e-02 1.429673284292221069e-01
6.234299764037132263e-02 -3.525254428386688232e-01 3.027950823307037354e-01
-1.873677372932434082e-01 -4.022109806537628174e-01 3.089472949504852295e-01
-3.249834775924682617e-01 -6.217931583523750305e-02 1.741835772991180420e-01
-4.035502076148986816e-01 3.418908715248107910e-01 -1.128335148096084595e-01
-3.764730989933013916e-01 6.046379804611206055e-01 -4.401325285434722900e-01
-1.110485866665840149e-01 6.200572252273559570e-01 -4.119424521923065186e-01
1.544685214757919312e-01 1.692357063293457031e-01 -1.385150551795959473e-01
2.159818112850189209e-01 -3.169047236442565918e-01 2.091688215732574463e-01
6.969146430492401123e-02 -4.707075357437133789e-01 2.918387055397033691e-01
-2.174535095691680908e-01 -4.178857207298278809e-01 9.746097773313522339e-02
-3.562672436237335205e-01 -9.856944531202316284e-02 -5.147154256701469421e-02
-3.125789463520050049e-01 1.347200572490692139e-01 -8.986208587884902954e-03
-2.428963035345077515e-01 1.511270254850387573e-01 1.108881905674934387e-01
-6.581624597311019897e-02 6.703608483076095581e-02 1.178169623017311096e-01
1.442246437072753906e-01 -1.616168022155761719e-01 -1.723077520728111267e-02
2.816728949546813965e-01 -2.190618962049484253e-01 -2.000588029623031616e-01
3.535557091236114502e-01 -1.053945124149322510e-01 -2.261713147163391113e-01
2.933941781520843506e-01 -1.818987540900707245e-03 -1.319932937622070312e-01
1.712585687637329102e-01 6.813848018646240234e-02 -2.289616130292415619e-02
3.504663333296775818e-02 1.199737042188644409e-01 7.792095839977264404e-02
-5.176041647791862488e-02 1.270087957382202148e-01 5.164858698844909668e-02
-3.910095617175102234e-02 1.078565940260887146e-01 -3.563399240374565125e-02
1.204595528542995453e-02 -1.425415556877851486e-02 -1.099487543106079102e-01
7.655341923236846924e-02 -1.617564111948013306e-01 -1.704957187175750732e-01
7.587929069995880127e-02 -2.545473277568817139e-01 -5.554287135601043701e-02
-1.118596829473972321e-02 -2.148335874080657959e-01 1.338015645742416382e-01
-1.129171624779701233e-01 -3.618964180350303650e-02 2.027274072170257568e-01
-1.681283414363861084e-01 7.521195709705352783e-02 2.170397937297821045e-01
-9.998762607574462891e-02 1.457353234291076660e-01 9.093932062387466431e-02
-3.104631556198000908e-03 7.457286864519119263e-02 -2.224159799516201019e-02
9.441534429788589478e-02 2.352029643952846527e-02 -6.475730985403060913e-02
1.593193858861923218e-01 9.254246205091476440e-02 -1.046604365110397339e-01
1.764927208423614502e-01 8.448022603988647461e-02 -3.966311737895011902e-02
1.834283471107482910e-01 4.742712713778018951e-03 7.710287347435951233e-03
9.198668599128723145e-02 -7.910007238388061523e-02 -9.870497509837150574e-03
2.808621339499950409e-02 -1.722224950790405273e-01 -4.473381116986274719e-02
-3.716248273849487305e-02 -4.596523195505142212e-02 -1.201173514127731323e-01
2.708483673632144928e-02 5.904118716716766357e-02 -7.402232289314270020e-02
5.995401740074157715e-02 4.559892416000366211e-02 1.914569362998008728e-02
-5.312696844339370728e-02 9.576944261789321899e-02 4.667395725846290588e-02
-1.282913386821746826e-01 -8.023494854569435120e-03 7.187072187662124634e-02
-2.012192010879516602e-01 -5.394896026700735092e-03 2.313919737935066223e-02
-1.252761632204055786e-01 -1.472430955618619919e-02 4.076143726706504822e-03
