-4.762887954711914062e-01 -1.093251481652259827e-01 -3.990399837493896484e-01
-4.946270287036895752e-01 -4.094278216361999512e-01 -2.118469625711441040e-01
-5.327653884887695312e-01 -4.503030478954315186e-01 -2.203066200017929077e-01
-3.979985117912292480e-01 -4.042921662330627441e-01 -1.290892362594604492e-01
-3.262079879641532898e-02 2.469836361706256866e-02 -3.144333362579345703e-01
1.646824330091476440e-01 1.883951127529144287e-01 -3.342953026294708252e-01
1.926058679819107056e-01 2.142224907875061035e-01 -3.809376060962677002e-01
1.124211698770523071e-01 2.357810735702514648e-01 -4.434435069561004639e-01
4.233188554644584656e-02 3.337117135524749756e-01 -5.052094459533691406e-01
-1.103730276226997375e-01 3.320549726486206055e-01 -5.231672525405883789e-01
-2.236341536045074463e-01 3.972038924694061279e-01 -4.214456975460052490e-01
-2.644824087619781494e-01 3.934285044670104980e-01 -3.115967810153961182e-01
-2.181054055690765381e-01 4.703868627548217773e-01 -1.365302652120590210e-01
-7.685723900794982910e-02 5.331019163131713867e-01 1.535697877407073975e-01
-1.283429265022277832e-01 5.396692752838134766e-01 3.547416627407073975e-01
3.051278181374073029e-02 3.216758072376251221e-01 1.269217580556869507e-01
1.859279572963714600e-01 3.281299769878387451e-01 2.676262557506561279e-01
-1.436475757509469986e-02 3.588586151599884033e-01 4.408754706382751465e-01
5.155501142144203186e-02 3.074193298816680908e-01 3.667078316211700439e-01
8.558476716279983521e-02 3.060995936393737793e-01 3.716076910495758057e-01
1.046209260821342468e-01 2.235816717147827148e-01 3.732241094112396240e-01
1.535935699939727783e-01 2.300810515880584717e-01 3.395938277244567871e-01
1.832335442304611206e-01 1.093706339597702026e-01 3.358200490474700928e-01
1.862630248069763184e-01 1.243618503212928772e-01 2.978905737400054932e-01
1.638517677783966064e-01 1.667991876602172852e-01 3.342295587062835693e-01
1.592013686895370483e-01 1.364217102527618408e-01 3.426639139652252197e-01
1.948750764131546021e-01 9.554811567068099976e-02 3.238178193569183350e-01
1.633173078298568726e-01 1.100174635648727417e-01 3.689480125904083252e-01
8.653724938631057739e-02 1.728293150663375854e-01 4.089199304580688477e-01
-1.107681393623352051e-01 2.877466678619384766e-01 3.562870323657989502e-01
-2.000819444656372070e-01 3.964952528476715088e-01 2.225073575973510742e-01
-2.230503708124160767e-01 3.569107651710510254e-01 -1.643425077199935913e-01
-2.693357765674591064e-01 3.622163534164428711e-01 -2.501261234283447266e-01
-3.425619006156921387e-01 3.462602496147155762e-01 -3.525743484497070312e-01
-3.506470322608947754e-01 4.248602390289306641e-01 -3.507417142391204834e-01
-4.074319899082183838e-01 3.973606824874877930e-01 -4.184168279170989990e-01
-4.017932713031768799e-01 3.813997209072113037e-01 -4.667225778102874756e-01
-4.295285046100616455e-01 3.662915527820587158e-01 -4.572788476943969727e-01
-4.268208444118499756e-01 3.628899157047271729e-01 -4.754469394683837891e-01
-4.590890407562255859e-01 3.232801556587219238e-01 -4.726819694042205811e-01
-4.666732549667358398e-01 2.991446554660797119e-01 -4.947834312915802002e-01
-4.004121124744415283e-01 2.773733437061309814e-01 -5.707885622978210449e-01
-3.434768915176391602e-01 2.596894204616546631e-01 -6.084116101264953613e-01
-3.318755626678466797e-01 2.423395365476608276e-01 -6.120711565017700195e-01
-3.007565736770629883e-01 2.105501592159271240e-01 -6.447007656097412109e-01
-3.649466633796691895e-01 2.320348322391510010e-01 -6.185680031776428223e-01
-4.077898263931274414e-01 2.585463225841522217e-01 -6.248592138290405273e-01
-3.619593381881713867e-01 2.594276964664459229e-01 -6.586523056030273438e-01
-3.679392635822296143e-01 2.684406042098999023e-01 -6.163148283958435059e-01
-3.152479231357574463e-01 3.082341849803924561e-01 -5.558746457099914551e-01
-2.915377318859100342e-01 2.975789308547973633e-01 -5.735852718353271484e-01
-2.691364884376525879e-01 2.725978791713714600e-01 -5.886390805244445801e-01
-1.557750999927520752e-01 2.396521568298339844e-01 -6.134188175201416016e-01
-4.304710030555725098e-02 2.064748704433441162e-01 -6.215738654136657715e-01
-8.936799131333827972e-03 1.918493360280990601e-01 -6.067657470703125000e-01
-4.317293874919414520e-03 1.579148024320602417e-01 -5.851645469665527344e-01
-4.100001417100429535e-03 1.223314478993415833e-01 -5.940991640090942383e-01
-2.019404433667659760e-02 1.280403584241867065e-01 -5.867901444435119629e-01
-5.493343248963356018e-02 1.388831883668899536e-01 -5.904006958007812500e-01
-1.263174712657928467e-01 1.387785375118255615e-01 -5.675876736640930176e-01
-1.189611926674842834e-01 1.041791662573814392e-01 -5.890712141990661621e-01
-1.109926849603652954e-01 1.524668335914611816e-01 -6.291931271553039551e-01
-1.271403729915618896e-01 2.343948632478713989e-01 -6.206310391426086426e-01
-1.611166149377822876e-01 1.962190866470336914e-01 -5.968478918075561523e-01
-9.698964655399322510e-02 2.123851031064987183e-01 -4.916704893112182617e-01
-8.674798160791397095e-02 1.457978785037994385e-01 -4.350411593914031982e-01
-1.676569133996963501e-02 8.619592338800430298e-02 -3.832823336124420166e-01
-4.118834435939788818e-02 3.771807625889778137e-02 -3.032812774181365967e-01
-5.714083313941955566e-01 1.326991021633148193e-01 1.524098068475723267e-01
-5.423915982246398926e-01 2.156189233064651489e-01 2.286586463451385498e-01
-3.134368658065795898e-01 1.978144347667694092e-01 -1.313139963895082474e-02
-3.478747904300689697e-01 3.425089120864868164e-01 7.979761064052581787e-02
-3.386772871017456055e-01 3.528699278831481934e-01 -3.844311460852622986e-02
-4.093804955482482910e-01 3.159946203231811523e-01 -2.272111028432846069e-01
-4.427708387374877930e-01 3.086124658584594727e-01 -1.831644177436828613e-01
-4.450671076774597168e-01 3.290396928787231445e-01 -1.907902508974075317e-01
-4.583455026149749756e-01 3.387384414672851562e-01 -1.469041258096694946e-01
-4.208545088768005371e-01 3.186757266521453857e-01 -1.480905711650848389e-01
-3.652137219905853271e-01 2.640790641307830811e-01 -1.305181980133056641e-01
-3.264209330081939697e-01 1.893513053655624390e-01 -2.321460051462054253e-03
-2.417420148849487305e-01 5.417218431830406189e-02 1.447923928499221802e-01
-2.466819882392883301e-01 -2.108966857194900513e-01 1.784779876470565796e-01
-4.111012816429138184e-01 -5.028084516525268555e-01 7.290688902139663696e-02
-5.109839439392089844e-01 -6.274733543395996094e-01 2.084739692509174347e-02
-5.265555381774902344e-01 -6.716672182083129883e-01 4.265059158205986023e-02
-4.996718466281890869e-01 -6.564308404922485352e-01 1.062649637460708618e-01
-4.934017956256866455e-01 -6.875079274177551270e-01 3.720980137586593628e-02
-4.551349282264709473e-01 -7.071197628974914551e-01 8.667991310358047485e-02
-4.460705518722534180e-01 -7.205904126167297363e-01 9.943498671054840088e-02
-3.694911599159240723e-01 -7.144072055816650391e-01 1.274280846118927002e-01
-4.068902432918548584e-01 -7.311252355575561523e-01 1.037577167153358459e-01
-3.627026081085205078e-01 -7.090438604354858398e-01 -7.040282711386680603e-03
-3.794380128383636475e-01 -6.803471446037292480e-01 1.106867194175720215e-01
-3.188569247722625732e-01 -6.917935609817504883e-01 8.471758663654327393e-02
-3.256077170372009277e-01 -6.876667141914367676e-01 6.374648213386535645e-02
-6.835544109344482422e-02 -6.022323966026306152e-01 2.345392256975173950e-01
3.048046529293060303e-01 -3.846495449542999268e-01 3.255857229232788086e-01
4.304313063621520996e-01 -2.767579555511474609e-01 3.557328581809997559e-01
4.940078556537628174e-01 -2.303523719310760498e-01 3.029959201812744141e-01
5.350221991539001465e-01 -1.992502063512802124e-01 3.269567489624023438e-01
5.503355264663696289e-01 -1.850918233394622803e-01 3.070776462554931641e-01
5.346400737762451172e-01 -1.806771457195281982e-01 3.584035038948059082e-01
5.806621313095092773e-01 -1.237288936972618103e-01 2.973052859306335449e-01
6.158708333969116211e-01 -8.010161668062210083e-02 2.727794349193572998e-01
6.308951377868652344e-01 -7.587083429098129272e-02 1.624568700790405273e-01
5.557147264480590820e-01 -1.206266209483146667e-01 6.856346130371093750e-02
4.974302947521209717e-01 -1.820933371782302856e-01 2.752600312232971191e-01
