1.143223650662559057e-02
7.621491004417061538e-03
1.804150405175468930e-01
3.478493453956082448e-01
3.792233388298871799e-01
1.948140833468468003e-01
0.000000000000000000e+00
0.000000000000000000e+00
0.000000000000000000e+00
0.000000000000000000e+00
2.688436876107882026e-02
0.000000000000000000e+00
0.000000000000000000e+00
3.454869111218974737e-03
4.395209057442429901e-02
7.672897924027541339e-02
3.219418813862666429e-02
0.000000000000000000e+00
0.000000000000000000e+00
0.000000000000000000e+00
0.000000000000000000e+00
1.457409546196590522e-02
6.087237975195359044e-03
4.906843623509135957e-03
5.063402487758121052e-03
2.315270948563961668e-03
0.000000000000000000e+00
0.000000000000000000e+00
0.000000000000000000e+00
0.000000000000000000e+00
0.000000000000000000e+00
0.000000000000000000e+00
5.957685653129310942e-03
6.597800885384293677e-03
2.945454611425369663e-03
0.000000000000000000e+00
0.000000000000000000e+00
0.000000000000000000e+00
0.000000000000000000e+00
0.000000000000000000e+00
0.000000000000000000e+00
0.000000000000000000e+00
0.000000000000000000e+00
0.000000000000000000e+00
0.000000000000000000e+00
0.000000000000000000e+00
0.000000000000000000e+00
0.000000000000000000e+00
0.000000000000000000e+00
5.536518496954885918e-03
1.264204760864090331e-02
1.763092262279397290e-02
1.912236756426655832e-02
2.068277236945289393e-02
2.338845051980485701e-02
2.366101918555921224e-02
2.183266842988074857e-02
1.563215648655219212e-02
0.000000000000000000e+00
0.000000000000000000e+00
0.000000000000000000e+00
0.000000000000000000e+00
0.000000000000000000e+00
0.000000000000000000e+00
0.000000000000000000e+00
0.000000000000000000e+00
1.183530602328518311e-01
2.211806905543471924e-01
4.391155779294199646e-01
5.453940404815421639e-01
4.723726242499805550e-01
2.293833411809013123e-01
0.000000000000000000e+00
0.000000000000000000e+00
0.000000000000000000e+00
0.000000000000000000e+00
1.518871307607638256e-02
0.000000000000000000e+00
0.000000000000000000e+00
0.000000000000000000e+00
0.000000000000000000e+00
0.000000000000000000e+00
0.000000000000000000e+00
0.000000000000000000e+00
2.919689922448167052e-01
4.557015226840301914e-01
3.809767812467408921e-01
1.795445279936750960e-01
0.000000000000000000e+00
0.000000000000000000e+00
0.000000000000000000e+00
0.000000000000000000e+00
0.000000000000000000e+00
1.565376753503471829e-01
2.958516369598773177e-01
3.177623420566470513e-01
1.483981843881683471e-01
0.000000000000000000e+00
0.000000000000000000e+00
0.000000000000000000e+00
0.000000000000000000e+00
5.394034056258549537e-02
0.000000000000000000e+00
0.000000000000000000e+00
0.000000000000000000e+00
0.000000000000000000e+00
1.473612352169636486e-01
