-7.327955216169357300e-02 -3.941261395812034607e-02 1.812486946582794189e-01
-1.063678041100502014e-01 -1.339296698570251465e-01 2.644972801208496094e-01
-1.191842332482337952e-01 -1.787724941968917847e-01 2.335639894008636475e-01
-1.079494655132293701e-01 -2.221249938011169434e-01 -5.602940171957015991e-02
-9.234397113323211670e-02 -1.415732055902481079e-01 -3.651743531227111816e-01
3.882307559251785278e-02 -1.013426706194877625e-01 -4.119479954242706299e-01
1.946054697036743164e-01 -4.749112576246261597e-02 -3.164162635803222656e-01
2.800620198249816895e-01 1.535152494907379150e-01 -6.811719387769699097e-02
2.806299030780792236e-01 3.736237883567810059e-01 2.155229151248931885e-01
5.436908826231956482e-02 5.238488912582397461e-01 3.734372854232788086e-01
-1.465095728635787964e-01 4.785567224025726318e-01 4.393344819545745850e-01
-1.852460950613021851e-01 1.878830641508102417e-01 4.323222041130065918e-01
-1.789560765027999878e-01 -1.507087349891662598e-01 2.453451305627822876e-01
-7.974599301815032959e-02 -2.809914648532867432e-01 -2.093992084264755249e-01
-1.148455217480659485e-01 -2.123801261186599731e-01 -4.975173771381378174e-01
-6.279867887496948242e-02 2.848902344703674316e-02 -5.081831216812133789e-01
1.084674894809722900e-01 3.096647001802921295e-02 -3.668594956398010254e-01
8.625157922506332397e-02 -1.479164510965347290e-01 -7.359074801206588745e-02
8.575882017612457275e-02 -2.418364733457565308e-01 1.256974339485168457e-01
-1.257315091788768768e-02 -2.984914779663085938e-01 1.200005784630775452e-01
-4.993593692779541016e-02 -9.811873733997344971e-02 4.697255790233612061e-02
4.582259431481361389e-02 1.025838851928710938e-01 -5.297278612852096558e-02
3.015842754393815994e-03 1.443578153848648071e-01 -7.313560694456100464e-02
-7.489165663719177246e-02 1.462306976318359375e-01 -5.049714446067810059e-02
-9.040989726781845093e-02 3.665879741311073303e-02 2.347178757190704346e-02
7.382006943225860596e-02 -2.220653928816318512e-03 9.235591627657413483e-03
3.406130075454711914e-01 -2.948808297514915466e-02 -8.560753613710403442e-02
4.750603139400482178e-01 -1.952233463525772095e-01 -2.181541323661804199e-01
4.106749892234802246e-01 -3.314654827117919922e-01 -2.976106405258178711e-01
9.426622837781906128e-02 -4.305509328842163086e-01 -2.056096792221069336e-01
-1.832149326801300049e-01 -3.427598774433135986e-01 -6.821588426828384399e-02
-3.532372713088989258e-01 2.826821431517601013e-02 6.046351417899131775e-02
-3.172776401042938232e-01 2.581249475479125977e-01 7.972169667482376099e-02
-1.016723588109016418e-01 3.710705339908599854e-01 5.796418339014053345e-02
2.453938871622085571e-02 3.342501223087310791e-01 4.145905375480651855e-02
3.091023862361907959e-02 2.432592213153839111e-01 7.025695592164993286e-02
-3.279044851660728455e-02 1.392218172550201416e-01 9.310298413038253784e-02
-6.402774155139923096e-02 -9.392032772302627563e-02 7.966971397399902344e-02
-6.395906955003738403e-02 -2.385959327220916748e-01 7.879143953323364258e-02
-1.611043661832809448e-01 -2.661746442317962646e-01 5.184433981776237488e-02
-2.167808413505554199e-01 -1.961976140737533569e-01 7.358051091432571411e-02
-1.823233217000961304e-01 -2.777215791866183281e-03 7.282692193984985352e-02
-9.365469962358474731e-02 1.188064217567443848e-01 5.417538806796073914e-03
1.103165522217750549e-01 1.175621226429939270e-01 -9.846704080700874329e-03
1.396150588989257812e-01 1.465425342321395874e-01 3.118086792528629303e-02
1.602761149406433105e-01 2.113397270441055298e-01 1.734784543514251709e-01
1.449593901634216309e-01 2.968407273292541504e-01 2.453715056180953979e-01
-3.188505768775939941e-02 2.787557244300842285e-01 1.461087316274642944e-01
-1.690262109041213989e-01 -4.760648682713508606e-02 -4.266513884067535400e-02
-2.762976288795471191e-01 -3.434717953205108643e-01 -1.747766286134719849e-01
-2.667419910430908203e-01 -3.805629014968872070e-01 -1.270706206560134888e-01
-8.805844932794570923e-02 -1.768025755882263184e-01 2.142510935664176941e-02
9.884466230869293213e-02 1.217422783374786377e-01 7.479383051395416260e-02
2.001893371343612671e-01 2.193661928176879883e-01 2.257650159299373627e-02
2.574839293956756592e-01 1.338800638914108276e-01 -7.926457375288009644e-02
2.983866035938262939e-01 7.763020694255828857e-02 -1.109097599983215332e-01
3.363537192344665527e-01 8.211653679609298706e-02 -6.960833817720413208e-02
2.855876684188842773e-01 2.546869777143001556e-02 -1.149049494415521622e-02
7.794208079576492310e-02 -1.967628747224807739e-01 8.515021204948425293e-02
-1.709351092576980591e-01 -4.188724160194396973e-01 1.770961582660675049e-01
-2.733538746833801270e-01 -3.874968886375427246e-01 2.443067282438278198e-01
-2.582755088806152344e-01 -1.015932112932205200e-01 2.822793722152709961e-01
-2.184918075799942017e-01 3.470323681831359863e-01 1.727891862392425537e-01
-1.633212417364120483e-01 5.086390376091003418e-01 1.697049289941787720e-02
3.161912783980369568e-02 5.358648300170898438e-01 -2.533661425113677979e-01
1.811283975839614868e-01 4.906656146049499512e-01 -4.018028974533081055e-01
2.219058126211166382e-01 2.889477908611297607e-01 -4.124909341335296631e-01
9.507843293249607086e-03 1.280536060221493244e-03 -3.779897093772888184e-01
-2.553210854530334473e-01 -3.709685802459716797e-01 -8.163868635892868042e-02
-2.217066138982772827e-01 -5.028108358383178711e-01 7.269062846899032593e-02
-2.144855074584484100e-02 -3.882007598876953125e-01 6.603515893220901489e-02
1.762938499450683594e-01 -1.766984164714813232e-01 -2.070385962724685669e-02
1.505248993635177612e-01 5.337948724627494812e-02 -5.263469740748405457e-02
-6.176577880978584290e-02 8.556869626045227051e-02 1.009709015488624573e-01
-1.762495338916778564e-01 1.384248025715351105e-02 1.816700547933578491e-01
-1.483196616172790527e-01 4.289848729968070984e-02 1.736963093280792236e-01
-1.666585914790630341e-02 7.796502858400344849e-02 1.875455826520919800e-01
1.463531851768493652e-01 8.876208961009979248e-02 2.421482652425765991e-01
2.267146706581115723e-01 2.937488444149494171e-02 2.121521979570388794e-01
3.082411587238311768e-01 -1.337193548679351807e-01 -1.417256193235516548e-03
2.629231810569763184e-01 -2.340041995048522949e-01 -3.333188295364379883e-01
1.256735920906066895e-01 -1.163208112120628357e-01 -4.299671053886413574e-01
-3.946640342473983765e-02 2.758333273231983185e-02 -2.937803864479064941e-01
-2.289433032274246216e-01 1.374695450067520142e-01 2.041584253311157227e-02
-1.976953595876693726e-01 1.858782768249511719e-01 2.444537132978439331e-01
-1.607151627540588379e-01 1.049683913588523865e-01 2.176524102687835693e-01
-1.381136626005172729e-01 3.165817260742187500e-02 1.053916588425636292e-01
-8.717014640569686890e-02 -1.558424830436706543e-01 -6.287795305252075195e-02
-1.036705449223518372e-01 -2.089879959821701050e-01 -4.153687134385108948e-02
-2.893852815032005310e-02 -1.260771453380584717e-01 5.667683854699134827e-02
1.018286682665348053e-02 3.651494043879210949e-04 1.225968375802040100e-01
-2.349168993532657623e-02 1.287129819393157959e-01 2.594941258430480957e-01
-1.482185274362564087e-01 5.261676385998725891e-02 2.660000324249267578e-01
-2.500645816326141357e-01 4.768017679452896118e-03 3.110694587230682373e-01
-2.842426598072052002e-01 -7.611348479986190796e-02 2.908961772918701172e-01
-1.865489184856414795e-01 -1.441236883401870728e-01 6.269966065883636475e-02
6.323230266571044922e-02 -6.593259423971176147e-02 -1.894591748714447021e-01
2.236033529043197632e-01 7.811523973941802979e-02 -3.798534870147705078e-01
2.974211871623992920e-01 2.270663827657699585e-01 -3.668603897094726562e-01
2.634283900260925293e-01 2.436035573482513428e-01 -2.130440473556518555e-01
2.023331969976425171e-01 8.676234632730484009e-02 -5.460659042000770569e-02
1.882885694503784180e-01 -2.058888971805572510e-01 3.331495821475982666e-02
9.624677151441574097e-02 -2.740895450115203857e-01 -9.140906855463981628e-03
5.914973840117454529e-02 -1.766824424266815186e-01 -3.631003201007843018e-02
-3.226919099688529968e-02 3.946938365697860718e-02 -4.282389953732490540e-02
-8.640501648187637329e-02 2.102843970060348511e-01 -3.176165744662284851e-02
-5.542673915624618530e-02 1.606297343969345093e-01 -1.412916346453130245e-03
