-2.343529164791107178e-01 -2.371135354042053223e-01 1.345674991607666016e-01
-3.730863332748413086e-01 -1.858194172382354736e-01 1.304223984479904175e-01
-3.576710224151611328e-01 1.176907029002904892e-02 5.656962096691131592e-02
-3.775589466094970703e-01 9.869956970214843750e-02 1.134620327502489090e-02
-4.886102974414825439e-01 3.111209273338317871e-01 -1.046664267778396606e-01
-5.152348279953002930e-01 4.405732452869415283e-01 -1.191003546118736267e-01
-4.855091273784637451e-01 4.751450717449188232e-01 -1.963393390178680420e-01
-5.232957601547241211e-01 4.731936752796173096e-01 -1.739890575408935547e-01
-4.297417998313903809e-01 4.891992211341857910e-01 -1.789247393608093262e-01
-4.493415057659149170e-01 4.040064811706542969e-01 -1.976484209299087524e-01
-4.450025260448455811e-01 4.290687739849090576e-01 -2.136546373367309570e-01
-3.794085085391998291e-01 4.362889230251312256e-01 -1.155466139316558838e-01
-2.780253589153289795e-01 3.795850872993469238e-01 -1.022490486502647400e-01
-1.504036039113998413e-01 2.933473587036132812e-01 -3.234872519969940186e-01
-4.495586082339286804e-02 2.801643013954162598e-01 -2.033243477344512939e-01
5.241708084940910339e-02 3.086928129196166992e-01 -1.499744802713394165e-01
6.158651085570454597e-04 1.259484589099884033e-01 2.108310721814632416e-02
-5.351186171174049377e-02 3.340176343917846680e-01 3.253525495529174805e-01
6.359702348709106445e-02 3.387792110443115234e-01 3.870941102504730225e-01
1.946123093366622925e-01 2.629811465740203857e-01 3.723451495170593262e-01
2.538654804229736328e-01 2.549591958522796631e-01 3.344091773033142090e-01
2.330472618341445923e-01 2.109467089176177979e-01 3.334030807018280029e-01
2.570942640304565430e-01 2.326402813196182251e-01 3.448468446731567383e-01
1.687781214714050293e-01 1.895347237586975098e-01 3.477546274662017822e-01
1.278480887413024902e-01 9.111792594194412231e-02 3.272376656532287598e-01
4.735751822590827942e-02 2.235495112836360931e-02 2.804327011108398438e-01
-2.280930243432521820e-02 6.294111907482147217e-02 3.147071301937103271e-01
2.290324866771697998e-02 1.134393960237503052e-01 2.769131660461425781e-01
-6.506676226854324341e-02 2.700710296630859375e-01 3.089640438556671143e-01
1.615275144577026367e-01 2.944596111774444580e-01 6.827967613935470581e-02
1.864161193370819092e-01 2.966979146003723145e-01 6.652390211820602417e-02
1.562938094139099121e-01 3.369516134262084961e-01 2.607139945030212402e-02
1.349952965974807739e-01 3.354646861553192139e-01 2.001265622675418854e-02
1.210308745503425598e-01 3.958279788494110107e-01 -7.357186079025268555e-02
9.904703497886657715e-02 4.026108980178833008e-01 -9.811310470104217529e-02
3.631062805652618408e-02 3.665607273578643799e-01 -1.063872203230857849e-01
-2.136726379394531250e-01 2.931550145149230957e-01 -1.854588389396667480e-01
-2.908556759357452393e-01 2.884763777256011963e-01 -3.165578842163085938e-01
-4.034045040607452393e-01 2.679074406623840332e-01 -3.891072869300842285e-01
-4.279247224330902100e-01 2.389034777879714966e-01 -4.180834889411926270e-01
-4.740975201129913330e-01 2.772003412246704102e-01 -4.111412167549133301e-01
-4.618766903877258301e-01 2.701309323310852051e-01 -3.640272319316864014e-01
-4.903023838996887207e-01 2.499647587537765503e-01 -3.104877471923828125e-01
-3.876610100269317627e-01 2.220790833234786987e-01 -2.705217897891998291e-01
-2.989422380924224854e-01 2.168258428573608398e-01 -1.920012086629867554e-01
-2.199384570121765137e-01 1.977511495351791382e-01 -1.503264307975769043e-01
-1.284672021865844727e-01 2.626132369041442871e-01 -2.092643082141876221e-01
-5.687317997217178345e-02 3.005841076374053955e-01 -1.982288062572479248e-01
-9.990118443965911865e-02 3.262307345867156982e-01 -2.144112586975097656e-01
-2.745105624198913574e-01 3.098260760307312012e-01 -3.622306287288665771e-01
-3.387222290039062500e-01 3.133266270160675049e-01 -4.436919987201690674e-01
-3.774338364601135254e-01 3.181376159191131592e-01 -4.729665219783782959e-01
-4.380615651607513428e-01 3.167188167572021484e-01 -4.533997178077697754e-01
-4.750516116619110107e-01 3.248803615570068359e-01 -4.393296539783477783e-01
-3.611819744110107422e-01 2.908407449722290039e-01 -5.097489953041076660e-01
-3.459956943988800049e-01 2.782247066497802734e-01 -5.394090414047241211e-01
-3.357378840446472168e-01 2.763383388519287109e-01 -4.843311309814453125e-01
-2.636145949363708496e-01 2.913595736026763916e-01 -3.452738523483276367e-01
-1.149798408150672913e-01 2.497308850288391113e-01 -2.653340399265289307e-01
-2.320008724927902222e-02 2.948321700096130371e-01 1.073832288384437561e-01
-6.318332999944686890e-02 4.051164984703063965e-01 2.898203134536743164e-01
-2.593081593513488770e-01 4.448569416999816895e-01 3.825733661651611328e-01
-2.940226495265960693e-01 4.422544538974761963e-01 3.460079431533813477e-01
-3.303126692771911621e-01 3.587883710861206055e-01 3.010005056858062744e-01
-3.776625692844390869e-01 3.545351028442382812e-01 3.041745126247406006e-01
-3.633282780647277832e-01 2.888481020927429199e-01 2.803660631179809570e-01
-3.549775779247283936e-01 3.135791122913360596e-01 3.119741380214691162e-01
-3.511506319046020508e-01 3.209262490272521973e-01 3.918894529342651367e-01
-3.228067457675933838e-01 2.267650365829467773e-01 4.639077186584472656e-01
-1.977290213108062744e-01 1.548297405242919922e-01 3.885429799556732178e-01
-1.317162364721298218e-01 1.201668605208396912e-01 4.275355935096740723e-01
-1.006923913955688477e-01 8.767915889620780945e-03 3.888407647609710693e-01
-2.394236158579587936e-03 -5.615076422691345215e-02 3.137355446815490723e-01
6.887985765933990479e-02 -8.334203809499740601e-02 3.713480830192565918e-01
6.401787698268890381e-02 -1.187883224338293076e-02 3.963503837585449219e-01
1.102330982685089111e-01 1.502206455916166306e-02 4.350465238094329834e-01
1.116068139672279358e-01 3.913248330354690552e-02 4.485989511013031006e-01
6.404209136962890625e-02 1.070824265480041504e-01 4.501528143882751465e-01
1.003350876271724701e-02 1.878550946712493896e-01 4.795401692390441895e-01
-1.073478311300277710e-01 3.315052390098571777e-01 4.821499288082122803e-01
-1.484058797359466553e-01 4.917202591896057129e-01 3.811945021152496338e-01
-1.577435433864593506e-01 4.846802353858947754e-01 1.032706424593925476e-01
-1.057438626885414124e-01 4.074653983116149902e-01 -1.447334587574005127e-01
-1.574582159519195557e-01 3.864823877811431885e-01 -2.641719877719879150e-01
-1.458061635494232178e-01 2.882300019264221191e-01 -4.532218873500823975e-01
-6.091618537902832031e-02 1.465789079666137695e-01 -5.338602066040039062e-01
-1.417147088795900345e-02 7.636648416519165039e-02 -5.342427492141723633e-01
3.404493257403373718e-02 7.919535785913467407e-02 -5.614750981330871582e-01
7.895597070455551147e-02 1.100615784525871277e-01 -5.774328112602233887e-01
1.363204270601272583e-01 1.570910364389419556e-01 -5.741594433784484863e-01
1.878254115581512451e-01 1.302303075790405273e-01 -5.734126567840576172e-01
1.914606839418411255e-01 5.847465619444847107e-02 -5.853439569473266602e-01
3.619976639747619629e-01 3.471232578158378601e-02 -6.134593486785888672e-01
3.730091750621795654e-01 7.649210840463638306e-02 -5.999868512153625488e-01
3.383719027042388916e-01 7.217925041913986206e-02 -6.279596090316772461e-01
1.839311271905899048e-01 1.918163746595382690e-01 -6.048254370689392090e-01
