-1.131289526820182800e-01 -2.118192613124847412e-02 -1.738998293876647949e-01
-1.019248142838478088e-01 2.623345702886581421e-02 -2.841812968254089355e-01
-5.878706648945808411e-02 -3.450086340308189392e-02 -4.346176385879516602e-01
1.761536672711372375e-02 -1.278759539127349854e-01 -4.390225708484649658e-01
1.868252307176589966e-01 -1.678320318460464478e-01 -4.395144581794738770e-01
2.145481556653976440e-01 -1.874023675918579102e-01 -3.297579288482666016e-01
2.744139432907104492e-01 -2.575410529971122742e-02 -9.081127494573593140e-02
1.934191286563873291e-01 2.013389021158218384e-02 1.202798709273338318e-01
-5.445805191993713379e-02 3.267142176628112793e-02 1.677326560020446777e-01
-1.743157505989074707e-01 7.088491320610046387e-02 1.916235536336898804e-01
-3.240920901298522949e-01 1.635568290948867798e-01 1.168253719806671143e-01
-5.508878827095031738e-02 4.273702204227447510e-01 -2.612073123455047607e-01
1.596275866031646729e-01 5.547795891761779785e-01 -2.957227230072021484e-01
2.640350759029388428e-01 5.885443687438964844e-01 -2.859781384468078613e-01
2.808485627174377441e-01 3.970485329627990723e-01 1.631757915019989014e-01
-2.582172453403472900e-01 3.350141271948814392e-02 5.590136051177978516e-01
-2.725061178207397461e-01 -2.762057185173034668e-01 6.095548868179321289e-01
-1.821471899747848511e-01 -3.880872726440429688e-01 6.375105381011962891e-01
-4.809075966477394104e-02 -3.035728931427001953e-01 5.096044540405273438e-01
1.849659681320190430e-01 -2.333578020334243774e-01 3.666175007820129395e-01
4.335563629865646362e-02 -9.389868378639221191e-02 1.022635698318481445e-01
-8.403772115707397461e-02 -5.789319798350334167e-02 -1.176672726869583130e-01
-2.815057896077632904e-02 -9.302200376987457275e-02 -1.213757991790771484e-01
-2.353532984852790833e-02 -1.843707859516143799e-01 -1.073340922594070435e-01
-1.113099381327629089e-01 -2.615033984184265137e-01 -4.127203300595283508e-02
-6.343317776918411255e-02 -1.684075742959976196e-01 2.664715424180030823e-02
-7.512877881526947021e-02 8.450230956077575684e-02 -8.996956795454025269e-02
1.314398944377899170e-01 4.468290507793426514e-01 -3.203423321247100830e-01
2.454931139945983887e-01 5.547105669975280762e-01 -3.804901242256164551e-01
2.677118778228759766e-01 4.933723211288452148e-01 -3.786991834640502930e-01
3.486055731773376465e-01 2.839058935642242432e-01 -2.568422555923461914e-01
3.007268011569976807e-01 -2.052443660795688629e-02 -1.634207814931869507e-01
1.551584005355834961e-01 -1.586936116218566895e-01 -2.244841754436492920e-01
1.899828948080539703e-02 -2.753746211528778076e-01 -1.662497669458389282e-01
-2.493029832839965820e-01 -5.072897076606750488e-01 -1.121257618069648743e-01
-4.292560815811157227e-01 -5.868048071861267090e-01 -1.204311996698379517e-01
-4.553172886371612549e-01 -5.982756018638610840e-01 -1.371273994445800781e-01
-4.808380305767059326e-01 -4.939056932926177979e-01 -1.650208979845046997e-01
-3.044070005416870117e-01 -3.596464991569519043e-01 -1.912940144538879395e-01
-6.529738008975982666e-02 -1.830590963363647461e-01 -1.413350105285644531e-01
1.952425092458724976e-01 -1.428598724305629730e-02 -1.232223585247993469e-02
2.899029552936553955e-01 1.678511649370193481e-01 1.363301277160644531e-01
5.429689586162567139e-02 3.713922798633575439e-01 2.757577300071716309e-01
-1.085834484547376633e-02 4.476962387561798096e-01 3.438622951507568359e-01
1.554246619343757629e-02 4.805178642272949219e-01 1.715122163295745850e-01
1.002225503325462341e-01 3.823610246181488037e-01 6.742838770151138306e-02
9.913776069879531860e-02 1.733539104461669922e-01 -2.528447844088077545e-02
-1.089456528425216675e-01 -1.993116140365600586e-01 -1.688107997179031372e-01
-8.651071786880493164e-02 -4.197363555431365967e-01 -1.932280212640762329e-01
1.567062805406749249e-03 -4.722132682800292969e-01 -2.984296679496765137e-01
-1.568826119182631373e-04 -4.118986725807189941e-01 -2.740618884563446045e-01
-7.797870784997940063e-02 -2.607817649841308594e-01 -1.556994020938873291e-01
2.162145450711250305e-02 -1.029004156589508057e-01 -1.827771961688995361e-02
2.405426055192947388e-01 1.043782848864793777e-02 8.969570696353912354e-02
3.656869232654571533e-01 1.263914108276367188e-01 1.532767564058303833e-01
3.177452683448791504e-01 2.117025107145309448e-01 2.158937305212020874e-01
-1.687634736299514771e-02 3.059388101100921631e-01 3.344691097736358643e-01
-7.779900729656219482e-02 4.864999651908874512e-01 3.702827692031860352e-01
-2.086660265922546387e-01 4.442625343799591064e-01 4.598850011825561523e-01
-3.295011818408966064e-01 3.061613440513610840e-01 4.112384915351867676e-01
-3.477871417999267578e-01 -1.511430460959672928e-02 2.416419982910156250e-01
-3.392207026481628418e-01 -2.719477117061614990e-01 7.471894472837448120e-02
-2.019352018833160400e-01 -1.812430024147033691e-01 -1.389199942350387573e-01
-9.528556466102600098e-02 -1.463485956192016602e-01 -8.697262406349182129e-02
-1.523870043456554413e-02 -6.563049554824829102e-02 -1.072975620627403259e-02
-1.146142408251762390e-01 4.021123424172401428e-02 5.701307207345962524e-02
-8.903053402900695801e-02 9.785800427198410034e-02 1.976295709609985352e-01
1.424857322126626968e-02 9.962221980094909668e-02 2.304750531911849976e-01
1.415246129035949707e-01 1.697533018887042999e-02 2.361475974321365356e-01
3.916950523853302002e-01 -5.539469420909881592e-02 2.509152591228485107e-01
4.380443096160888672e-01 -6.901804823428392410e-03 2.034772336483001709e-01
3.243171870708465576e-01 1.094712987542152405e-01 2.231591641902923584e-01
2.278283536434173584e-01 1.795204579830169678e-01 1.357443481683731079e-01
1.253036409616470337e-01 2.685671448707580566e-01 7.639839500188827515e-02
4.787145555019378662e-02 2.985539436340332031e-01 2.497425489127635956e-02
-3.338493406772613525e-02 2.444985359907150269e-01 -4.925017058849334717e-02
-1.279902458190917969e-01 2.004552781581878662e-01 -6.414050608873367310e-02
-2.540067732334136963e-01 5.146200582385063171e-02 -2.822129428386688232e-01
-9.284172207117080688e-02 -8.503932505846023560e-02 -3.529051840305328369e-01
2.603825330734252930e-01 -2.984484136104583740e-01 -4.195176661014556885e-01
4.348080158233642578e-01 -4.162974357604980469e-01 -3.769279718399047852e-01
4.201546907424926758e-01 -5.143463611602783203e-01 -2.476846277713775635e-01
2.335684746503829956e-01 -5.383494496345520020e-01 -2.394655793905258179e-01
1.846815347671508789e-01 -3.806321620941162109e-01 -1.882756054401397705e-01
2.309798449277877808e-01 -2.225271165370941162e-01 -9.677088260650634766e-02
1.889658719301223755e-01 -6.856825202703475952e-02 4.161876440048217773e-02
4.595851153135299683e-02 -2.916562557220458984e-02 1.089163050055503845e-01
-1.482739895582199097e-01 1.086237747222185135e-02 7.601211220026016235e-02
-1.590677648782730103e-01 1.010717004537582397e-01 2.766741625964641571e-02
-1.206322312355041504e-01 1.384433358907699585e-01 8.855026215314865112e-02
-6.927135400474071503e-03 1.619210988283157349e-01 1.065096110105514526e-01
6.891679018735885620e-03 1.950968503952026367e-01 -1.700990716926753521e-03
-7.660276442766189575e-02 1.768635660409927368e-01 -1.119392812252044678e-01
-2.268187850713729858e-01 2.493190169334411621e-01 -3.196548819541931152e-01
-2.949406802654266357e-01 1.975848227739334106e-01 -3.530785143375396729e-01
-2.242516577243804932e-01 1.143925562500953674e-01 -2.868083417415618896e-01
