1.143223650662559057e-02
1.603158583299538475e-01
3.020293987479059084e-01
3.330610990149093231e-01
1.754613737309571597e-01
0.000000000000000000e+00
0.000000000000000000e+00
0.000000000000000000e+00
0.000000000000000000e+00
3.167981657624055307e-03
0.000000000000000000e+00
0.000000000000000000e+00
3.843965089998625274e-03
5.317172983656497792e-02
5.689093394710899310e-02
5.300181743068115015e-02
2.828500206027733180e-02
0.000000000000000000e+00
0.000000000000000000e+00
0.000000000000000000e+00
0.000000000000000000e+00
5.188198355629840448e-04
4.605070445296217604e-03
2.214114890627602149e-03
0.000000000000000000e+00
0.000000000000000000e+00
0.000000000000000000e+00
1.552604336602332559e-03
1.162416931841895804e-02
2.047182537035450653e-02
1.782041033802410704e-02
5.031624954540393074e-03
0.000000000000000000e+00
0.000000000000000000e+00
0.000000000000000000e+00
0.000000000000000000e+00
0.000000000000000000e+00
5.223476360027257473e-03
7.657571442407178769e-03
5.211015380395854837e-03
0.000000000000000000e+00
0.000000000000000000e+00
0.000000000000000000e+00
0.000000000000000000e+00
0.000000000000000000e+00
0.000000000000000000e+00
0.000000000000000000e+00
0.000000000000000000e+00
0.000000000000000000e+00
0.000000000000000000e+00
0.000000000000000000e+00
0.000000000000000000e+00
0.000000000000000000e+00
0.000000000000000000e+00
0.000000000000000000e+00
0.000000000000000000e+00
0.000000000000000000e+00
0.000000000000000000e+00
4.655010306968750122e-03
3.448587451724897252e-02
4.582418268300858522e-02
4.227414669211753545e-02
3.564812689205701379e-02
2.880556340932589193e-02
2.678089843814325868e-02
1.835925903235533299e-02
5.261379717809458630e-03
0.000000000000000000e+00
0.000000000000000000e+00
1.139760975268020067e-03
1.034153736786710097e-03
0.000000000000000000e+00
0.000000000000000000e+00
0.000000000000000000e+00
2.376671655245129328e-03
1.410062475386222175e-02
2.357288522929551836e-02
2.927779267125538154e-02
2.902851493126563584e-02
2.395466626996210768e-02
1.504234453698093284e-02
1.793441987028393048e-03
0.000000000000000000e+00
0.000000000000000000e+00
0.000000000000000000e+00
0.000000000000000000e+00
0.000000000000000000e+00
0.000000000000000000e+00
0.000000000000000000e+00
4.025138313966541981e-02
0.000000000000000000e+00
0.000000000000000000e+00
0.000000000000000000e+00
0.000000000000000000e+00
1.196431539436052655e-01
3.588470292233754688e-01
