-5.559756755828857422e-01 -6.343014240264892578e-01 6.194588169455528259e-02
-5.977219939231872559e-01 -6.795097589492797852e-01 6.426885724067687988e-02
-5.492914915084838867e-01 -6.760274171829223633e-01 1.278769820928573608e-01
-5.117828249931335449e-01 -6.233280301094055176e-01 6.433060020208358765e-02
-5.046315789222717285e-01 -6.199932098388671875e-01 4.299822449684143066e-02
-4.939081370830535889e-01 -5.660492777824401855e-01 1.356513053178787231e-01
-4.430455565452575684e-01 -5.329555273056030273e-01 1.760779768228530884e-01
-3.404908776283264160e-01 -4.708392322063446045e-01 1.486923992633819580e-01
-2.868898808956146240e-01 -5.418282151222229004e-01 1.280893385410308838e-01
-2.313264757394790649e-01 -6.575753688812255859e-01 3.938527777791023254e-02
1.217469125986099243e-01 -6.391190290451049805e-01 1.229541227221488953e-01
2.724716961383819580e-01 -5.427064895629882812e-01 1.673117727041244507e-01
3.069808483123779297e-01 -4.571531414985656738e-01 1.432970613241195679e-01
2.897185981273651123e-01 -4.639850854873657227e-01 2.892336621880531311e-02
2.914471626281738281e-01 -4.187035858631134033e-01 1.373277902603149414e-01
3.062770366668701172e-01 -4.188562631607055664e-01 6.586973369121551514e-02
3.206859827041625977e-01 -4.079803526401519775e-01 9.274639934301376343e-02
2.701200842857360840e-01 -4.394831955432891846e-01 2.157792076468467712e-02
3.159521222114562988e-01 -4.465678334236145020e-01 1.061373054981231689e-01
2.694818079471588135e-01 -4.166719317436218262e-01 1.558902710676193237e-01
2.795842289924621582e-01 -4.243301451206207275e-01 1.511867195367813110e-01
1.926794648170471191e-01 -3.901319801807403564e-01 2.110587954521179199e-01
2.252912372350692749e-01 -4.174819886684417725e-01 9.031194448471069336e-02
2.878580093383789062e-01 -4.263480007648468018e-01 1.274560242891311646e-01
3.238850533962249756e-01 -4.111120700836181641e-01 1.582608968019485474e-01
3.490733504295349121e-01 -4.221962392330169678e-01 6.632785499095916748e-02
3.275251388549804688e-01 -4.093057811260223389e-01 4.833664372563362122e-02
3.431154787540435791e-01 -4.113323092460632324e-01 6.659406423568725586e-02
3.199861347675323486e-01 -4.136248528957366943e-01 4.601809754967689514e-02
2.998273968696594238e-01 -3.796520531177520752e-01 2.366609498858451843e-02
2.631404995918273926e-01 -4.271739125251770020e-01 -3.299793228507041931e-02
1.993181109428405762e-01 -4.258003234863281250e-01 1.472016051411628723e-02
2.311413586139678955e-01 -4.453631639480590820e-01 -2.488632500171661377e-02
3.569479286670684814e-01 -4.404388964176177979e-01 -7.814272493124008179e-02
3.051311671733856201e-01 -4.395007491111755371e-01 -8.355886489152908325e-02
2.745161764323711395e-02 -5.405323505401611328e-01 1.060756389051675797e-02
-2.717720866203308105e-01 -5.697148442268371582e-01 9.161373227834701538e-02
-4.745015799999237061e-01 -5.523465275764465332e-01 1.649334281682968140e-01
-4.621083438396453857e-01 -5.556800961494445801e-01 1.955991238355636597e-01
-5.279681086540222168e-01 -5.712844133377075195e-01 1.856538653373718262e-01
-5.829665064811706543e-01 -5.449178218841552734e-01 2.114427983760833740e-01
-5.423346161842346191e-01 -5.082771778106689453e-01 2.253026664257049561e-01
-3.147636353969573975e-01 -3.163455724716186523e-01 2.230614274740219116e-01
-4.174532294273376465e-01 -2.194645851850509644e-01 3.311973214149475098e-01
-3.322407305240631104e-01 -2.031929790973663330e-01 4.658519923686981201e-01
4.113181307911872864e-02 5.997707694768905640e-02 3.199321627616882324e-01
5.580483749508857727e-02 8.832731842994689941e-02 1.973915696144104004e-01
-8.075763285160064697e-02 1.112787500023841858e-01 2.296373806893825531e-02
-1.683815866708755493e-01 1.179908215999603271e-01 -1.320186257362365723e-01
-1.828026920557022095e-01 1.507271677255630493e-01 -1.464110761880874634e-01
-2.023963928222656250e-01 2.042458951473236084e-01 -1.116065084934234619e-01
-1.915117353200912476e-01 2.094802260398864746e-01 -4.845558665692806244e-03
-8.099043369293212891e-02 7.317306846380233765e-02 -9.861715883016586304e-02
-8.077255636453628540e-02 2.030053362250328064e-02 -3.031182847917079926e-02
-6.397334486246109009e-02 7.253850996494293213e-02 2.029579430818557739e-01
4.404534772038459778e-02 -1.041839551180601120e-02 2.051731348037719727e-01
2.348117083311080933e-01 -1.044215410947799683e-01 1.904065310955047607e-01
3.833373785018920898e-01 -2.012684047222137451e-01 1.437050253152847290e-01
3.689829707145690918e-01 -2.365459501743316650e-01 1.674318015575408936e-01
3.565557897090911865e-01 -2.654870748519897461e-01 1.895580738782882690e-01
4.299026131629943848e-01 -2.807879745960235596e-01 1.377443671226501465e-01
3.589034974575042725e-01 -2.624191343784332275e-01 2.384392768144607544e-01
3.467898368835449219e-01 -2.778180539608001709e-01 2.432363629341125488e-01
4.240227639675140381e-01 -3.138008117675781250e-01 2.120089679956436157e-01
4.071588516235351562e-01 -3.347440361976623535e-01 1.924653500318527222e-01
4.142454862594604492e-01 -3.877383470535278320e-01 2.028442025184631348e-01
3.902991712093353271e-01 -4.064693152904510498e-01 1.732136011123657227e-01
3.816330432891845703e-01 -4.075328707695007324e-01 1.534378081560134888e-01
4.232361912727355957e-01 -4.378783106803894043e-01 1.395273953676223755e-01
3.311354517936706543e-01 -4.530723094940185547e-01 1.752434074878692627e-01
-2.589406967163085938e-01 -1.049355566501617432e-01 2.079506665468215942e-01
-5.124456882476806641e-01 2.493400275707244873e-01 4.312152862548828125e-01
-5.071254968643188477e-01 2.949950993061065674e-01 4.641402065753936768e-01
-4.032009840011596680e-01 1.178658306598663330e-01 2.428137212991714478e-01
-4.980894029140472412e-01 2.345524728298187256e-01 2.153425961732864380e-01
-5.427430868148803711e-01 3.356994390487670898e-01 1.804082393646240234e-01
-5.208196043968200684e-01 4.202739000320434570e-01 1.062688156962394714e-01
-5.509814023971557617e-01 4.178512692451477051e-01 7.979896664619445801e-02
-5.521916151046752930e-01 3.960269689559936523e-01 7.131141610443592072e-03
-5.201024413108825684e-01 3.741500377655029297e-01 -1.336077153682708740e-01
-4.592555165290832520e-01 3.374049663543701172e-01 -2.012035399675369263e-01
-2.786228954792022705e-01 2.663198411464691162e-01 -2.202387303113937378e-01
-2.152578830718994141e-01 2.717335224151611328e-01 -2.533081471920013428e-01
-2.669890224933624268e-01 3.277118206024169922e-01 -1.822529137134552002e-01
-3.381076455116271973e-01 3.472334146499633789e-01 -2.745751738548278809e-01
-2.984538376331329346e-01 2.731950283050537109e-01 -3.255327641963958740e-01
-2.344216704368591309e-01 2.876895070075988770e-01 -3.455835580825805664e-01
-2.337345778942108154e-01 2.461120486259460449e-01 -3.688298165798187256e-01
-2.594987154006958008e-01 1.027237027883529663e-01 -4.564562737941741943e-01
-1.768582016229629517e-01 9.284923970699310303e-02 -3.542672395706176758e-01
2.439598888158798218e-01 1.373300105333328247e-01 2.383393049240112305e-02
3.150236904621124268e-01 1.327523291110992432e-01 8.667092770338058472e-02
2.562097311019897461e-01 5.758726224303245544e-02 -2.833176113199442625e-04
1.849670410156250000e-01 9.599726647138595581e-02 2.356835873797535896e-03
-4.546155035495758057e-02 1.456536538898944855e-02 -1.135510429739952087e-01
1.815456002950668335e-01 1.340150237083435059e-01 -1.176476255059242249e-01
-2.060217037796974182e-02 -5.347522348165512085e-02 -2.146044224500656128e-01
1.239385269582271576e-02 -1.310273706912994385e-01 -1.582704633474349976e-01
-6.767848134040832520e-02 -3.241787478327751160e-02 -2.148878425359725952e-01
-8.514139801263809204e-02 -5.702578276395797729e-02 -1.189646571874618530e-01
-1.068652570247650146e-01 -5.577521398663520813e-02 -1.168803945183753967e-01
-1.141351684927940369e-01 -3.801431506872177124e-02 -1.187546700239181519e-01
-1.938745379447937012e-01 -1.032316386699676514e-01 -1.621150970458984375e-01
-2.635785043239593506e-01 -7.913037389516830444e-02 -8.558453619480133057e-02
-1.490692198276519775e-01 9.978042915463447571e-03 -1.987560391426086426e-01
-1.495735794305801392e-01 9.619624912738800049e-02 -1.395675241947174072e-01
-2.008090466260910034e-01 -8.025019615888595581e-02 -1.160438805818557739e-01
-2.954413592815399170e-01 -2.304513901472091675e-01 5.285815522074699402e-02
-1.751440316438674927e-01 2.648002281785011292e-02 1.312597095966339111e-01
-3.249099552631378174e-01 1.657038182020187378e-01 2.319681793451309204e-01
-3.230810165405273438e-01 5.563900247216224670e-02 2.944033443927764893e-01
1.655660942196846008e-02 1.562835872173309326e-01 2.914352416992187500e-01
1.864691525697708130e-01 2.442231923341751099e-01 3.801979720592498779e-01
2.182768583297729492e-01 2.356418371200561523e-01 4.177803695201873779e-01
2.142096906900405884e-01 2.110124975442886353e-01 4.005114436149597168e-01
1.798929870128631592e-01 2.934651076793670654e-01 3.121680319309234619e-01
-1.037223488092422485e-01 1.874347776174545288e-01 4.255054593086242676e-01
8.692204207181930542e-02 2.424372136592864990e-01 2.766012549400329590e-01
1.179841458797454834e-01 4.697839915752410889e-02 2.268626093864440918e-01
-1.527088582515716553e-01 -1.245468109846115112e-01 1.769242286682128906e-01
-1.748852431774139404e-02 -1.212838888168334961e-01 3.674166202545166016e-01
1.599053293466567993e-01 7.971087098121643066e-02 4.100400805473327637e-01
3.160712122917175293e-01 2.469861358404159546e-01 3.340516984462738037e-01
1.747788786888122559e-01 3.352286815643310547e-01 3.084037303924560547e-01
6.869574636220932007e-02 2.763808667659759521e-01 3.337659537792205811e-01
6.971662864089012146e-03 3.163131475448608398e-01 2.811589539051055908e-01
-7.896052300930023193e-02 3.338343501091003418e-01 2.449512779712677002e-01
-1.319033652544021606e-01 3.887131810188293457e-01 2.778758108615875244e-01
-1.732729971408843994e-01 3.027687668800354004e-01 2.671679854393005371e-01
-2.365539371967315674e-01 2.475742101669311523e-01 1.596063375473022461e-01
-2.818233966827392578e-01 2.339692562818527222e-01 2.172675579786300659e-01
-2.051452100276947021e-01 3.610028326511383057e-01 2.963485121726989746e-01
-2.164972573518753052e-01 3.771060705184936523e-01 3.696964979171752930e-01
-1.682381927967071533e-01 3.126630783081054688e-01 3.959314823150634766e-01
-7.536164671182632446e-02 3.040911555290222168e-01 4.188375771045684814e-01
-4.337043687701225281e-02 2.231870889663696289e-01 4.696328938007354736e-01
-3.780554980039596558e-02 1.690696030855178833e-01 4.761265516281127930e-01
2.752869576215744019e-02 1.353688240051269531e-01 4.833170771598815918e-01
1.598680317401885986e-01 8.781793713569641113e-02 4.457486569881439209e-01
2.268313020467758179e-01 7.060869038105010986e-02 4.451977312564849854e-01
8.800838887691497803e-02 9.664371609687805176e-02 5.304127335548400879e-01
4.488550499081611633e-02 2.054317593574523926e-01 5.517082810401916504e-01
-1.236346870427951217e-04 1.761672496795654297e-01 4.856860637664794922e-01
7.837343029677867889e-03 4.408988356590270996e-01 3.362976312637329102e-01
1.067275833338499069e-02 4.833385050296783447e-01 2.032234221696853638e-01
1.941152289509773254e-02 4.655891954898834229e-01 -6.541831418871879578e-03
-2.799361711367964745e-03 4.065442085266113281e-01 -2.246558368206024170e-01
-9.129755944013595581e-02 2.971433699131011963e-01 -3.998994231224060059e-01
-1.319610923528671265e-01 2.723953723907470703e-01 -4.556475281715393066e-01
1.658337190747261047e-02 1.632869988679885864e-01 -5.086640119552612305e-01
1.176406070590019226e-01 9.928462654352188110e-02 -5.357933044433593750e-01
1.636186391115188599e-01 5.344970524311065674e-02 -5.539696216583251953e-01
2.381714284420013428e-01 6.264298222959041595e-03 -5.659627914428710938e-01
3.288047015666961670e-01 1.996058784425258636e-02 -5.462124347686767578e-01
2.718485891819000244e-01 1.654774099588394165e-01 -5.251736640930175781e-01
1.227012574672698975e-01 8.868432044982910156e-02 -5.428296923637390137e-01
