-1.094393357634544373e-01 -2.662966959178447723e-02 1.431509554386138916e-01
-5.463601648807525635e-02 -9.568571299314498901e-02 1.646903157234191895e-01
2.240673266351222992e-02 -1.245949044823646545e-01 9.299597889184951782e-02
1.030098646879196167e-01 -2.419630065560340881e-02 3.973487764596939087e-02
5.907922610640525818e-02 2.709158509969711304e-02 1.453620567917823792e-02
2.019693553447723389e-01 6.984751671552658081e-02 1.247361078858375549e-01
2.504675090312957764e-01 8.038231730461120605e-02 1.857843101024627686e-01
2.592255473136901855e-01 6.438405066728591919e-02 1.464812308549880981e-01
2.605718374252319336e-01 3.115563988685607910e-01 1.938423812389373779e-01
3.398909792304039001e-02 3.959408104419708252e-01 2.146596759557723999e-01
3.266982734203338623e-02 4.410680532455444336e-01 1.214856281876564026e-01
-1.290450338274240494e-02 3.249019384384155273e-01 -7.744701951742172241e-02
-1.249803006649017334e-01 1.466504484415054321e-01 -2.155604809522628784e-01
-3.994334116578102112e-02 7.876910269260406494e-02 -2.274248301982879639e-01
-6.334286928176879883e-02 3.586735948920249939e-02 -1.172671988606452942e-01
-2.913833037018775940e-02 -2.494515292346477509e-02 -6.629582494497299194e-02
-5.887696053832769394e-03 -7.825185358524322510e-02 -1.180594135075807571e-02
-1.129901558160781860e-01 -3.598216921091079712e-02 6.317633390426635742e-02
-1.065068542957305908e-01 -1.287648081779479980e-02 7.421087473630905151e-02
-2.195714414119720459e-01 7.763931900262832642e-02 3.102978505194187164e-02
-5.295384302735328674e-02 -1.172726694494485855e-02 -7.407921552658081055e-02
1.099394783377647400e-01 -5.043576675234362483e-05 1.250713225454092026e-02
1.161259487271308899e-01 2.638697624206542969e-02 1.273954808712005615e-01
1.474914401769638062e-01 1.486288383603096008e-02 2.318618893623352051e-01
-1.245880592614412308e-02 2.117982879281044006e-02 1.916164904832839966e-01
1.699601270956918597e-04 -4.273769259452819824e-02 3.246929123997688293e-02
9.062934666872024536e-02 -1.130382195115089417e-01 -8.984512835741043091e-02
4.720656573772430420e-02 -1.443347036838531494e-01 -1.476736217737197876e-01
8.703445643186569214e-02 -2.091668248176574707e-01 -1.622767746448516846e-01
8.789554238319396973e-02 -2.415806353092193604e-01 -1.050268262624740601e-01
9.178470075130462646e-02 -2.030216902494430542e-01 -5.791951715946197510e-02
2.260425835847854614e-01 -8.818811178207397461e-02 7.211176306009292603e-02
2.988747358322143555e-01 5.417757853865623474e-02 1.751477867364883423e-01
3.916417956352233887e-01 -4.347172565758228302e-03 1.804284751415252686e-01
2.314971834421157837e-01 -1.478075832128524780e-01 1.207057312130928040e-01
-1.591454446315765381e-01 -2.114870101213455200e-01 -8.474721759557723999e-02
-3.360450267791748047e-01 -1.009047478437423706e-01 -1.719451248645782471e-01
-4.389507174491882324e-01 1.245107618160545826e-03 -1.675218641757965088e-01
-3.569160401821136475e-01 -5.714877322316169739e-02 -1.207460239529609680e-01
-2.489399760961532593e-01 -1.608777195215225220e-01 -4.569569230079650879e-02
-2.531555294990539551e-02 -1.553119271993637085e-01 6.545550376176834106e-02
2.585444040596485138e-02 1.700974255800247192e-02 7.322533428668975830e-02
9.276372380554676056e-03 3.020200431346893311e-01 8.105909079313278198e-02
-3.360663354396820068e-02 4.431405067443847656e-01 -2.481709606945514679e-02
-2.215625643730163574e-01 3.571433424949645996e-01 -6.184155493974685669e-02
-1.387155801057815552e-02 8.009262382984161377e-02 -6.687597185373306274e-02
4.367093369364738464e-02 -3.105966448783874512e-01 -1.973495930433273315e-01
1.102723553776741028e-01 -4.188195765018463135e-01 -2.797182798385620117e-01
1.164110451936721802e-01 -2.572754621505737305e-01 -3.185676932334899902e-01
-2.013879269361495972e-02 -7.570515573024749756e-02 -9.694223850965499878e-02
9.013839066028594971e-03 5.053273867815732956e-03 7.361862063407897949e-02
-2.815462835133075714e-02 -6.140157114714384079e-03 1.598783284425735474e-01
-1.651852428913116455e-01 7.695809472352266312e-03 2.725495994091033936e-01
-1.954154819250106812e-01 6.642984598875045776e-02 3.207319378852844238e-01
-6.803255528211593628e-02 2.486052960157394409e-01 3.538024723529815674e-01
2.349393814802169800e-01 3.172125518321990967e-01 3.169944584369659424e-01
4.242103993892669678e-01 2.191435992717742920e-01 2.468757331371307373e-01
2.270312011241912842e-01 1.483348160982131958e-01 1.814970225095748901e-01
7.789240777492523193e-02 9.986951202154159546e-02 4.561566188931465149e-02
-3.148093447089195251e-02 1.208452358841896057e-01 -7.048429548740386963e-02
-1.479529496282339096e-02 1.699745953083038330e-01 -8.851078152656555176e-02
9.201749414205551147e-02 1.605721563100814819e-01 7.711247354745864868e-02
1.533767022192478180e-02 8.244219422340393066e-02 1.829252839088439941e-01
4.343015607446432114e-03 9.462991356849670410e-02 1.743236929178237915e-01
-5.273149162530899048e-02 4.948406666517257690e-02 8.634046465158462524e-02
-8.642002940177917480e-02 -3.140795230865478516e-02 -1.264628320932388306e-01
-9.522412903606891632e-03 -5.109635530970990658e-04 -1.447512656450271606e-01
6.158230826258659363e-02 -5.884216353297233582e-02 -1.292306631803512573e-01
-1.447764970362186432e-02 -7.333821058273315430e-02 -4.097273945808410645e-01
-3.490627110004425049e-01 -1.476333439350128174e-01 -4.544737935066223145e-01
-4.917460978031158447e-01 -1.986304819583892822e-01 -4.038699567317962646e-01
-3.870585560798645020e-01 -1.971524953842163086e-01 -3.385361433029174805e-01
-1.757949739694595337e-01 -2.870970368385314941e-01 -8.874487131834030151e-03
3.091607093811035156e-01 -3.531600832939147949e-01 -9.789740294218063354e-02
4.133753180503845215e-01 -3.871024847030639648e-01 -1.681129634380340576e-01
2.415343970060348511e-01 -3.400996625423431396e-01 -1.778393238782882690e-01
1.691374778747558594e-01 -2.064814865589141846e-01 -1.690199971199035645e-01
-7.832935452461242676e-02 -1.098926290869712830e-01 -1.102248653769493103e-01
-9.206069807987660170e-05 -8.784278482198715210e-02 -7.989154756069183350e-02
3.584619462490081787e-01 -1.799014164134860039e-03 4.027931019663810730e-02
4.437059462070465088e-01 9.279450774192810059e-02 1.088924780488014221e-01
3.190640211105346680e-01 3.598051667213439941e-01 1.434013154357671738e-02
1.945872046053409576e-02 4.512791037559509277e-01 -3.597027957439422607e-01
-1.587463915348052979e-01 4.409372210502624512e-01 -5.220836400985717773e-01
-1.746887713670730591e-01 3.470582962036132812e-01 -4.715106785297393799e-01
-2.147974073886871338e-01 1.962157636880874634e-01 -2.731892168521881104e-01
-1.600589454174041748e-01 1.329170316457748413e-01 -3.542351722717285156e-02
-1.004390120506286621e-01 1.539563834667205811e-01 3.993844240903854370e-02
1.139809116721153259e-01 3.720481395721435547e-01 3.680846095085144043e-01
1.245140135288238525e-01 4.235390126705169678e-01 4.939538240432739258e-01
7.787258923053741455e-02 4.209201633930206299e-01 4.516873061656951904e-01
-2.094499580562114716e-02 2.312852293252944946e-01 2.985187172889709473e-01
-2.883685827255249023e-01 -1.447564065456390381e-01 -1.813361048698425293e-01
-1.513339430093765259e-01 -2.050783634185791016e-01 -2.039009928703308105e-01
-7.955604791641235352e-02 -2.289347499608993530e-01 -1.557147502899169922e-01
1.144252121448516846e-01 -8.599688857793807983e-02 -9.639128297567367554e-02
1.385547071695327759e-01 6.337754428386688232e-02 -1.231046169996261597e-01
-6.484559923410415649e-02 1.531327217817306519e-01 -2.190867662429809570e-01
-1.024722903966903687e-01 1.513361930847167969e-01 -1.087069287896156311e-01
-1.683981865644454956e-01 -3.769174590706825256e-02 -3.596952185034751892e-02
-1.894540488719940186e-01 -1.151168942451477051e-01 8.636416494846343994e-02
-1.230908855795860291e-01 -2.680081725120544434e-01 1.750622093677520752e-01
1.516717392951250076e-02 -1.648024022579193115e-01 1.531077455729246140e-02
8.543782681226730347e-02 -1.293013393878936768e-01 -6.118758395314216614e-02
8.513317257165908813e-02 -4.258335381746292114e-02 -5.406024679541587830e-02
-3.959204256534576416e-02 -1.348668187856674194e-01 1.512567102909088135e-01
-1.392780691385269165e-01 -2.133086323738098145e-01 4.065770804882049561e-01
-1.866051405668258667e-01 -1.633176952600479126e-01 2.963901162147521973e-01
-2.177105396986007690e-01 -1.216064840555191040e-01 2.061529010534286499e-01
-1.115377470850944519e-01 1.390247642993927002e-01 1.428738534450531006e-01
9.134339541196823120e-02 2.389442324638366699e-01 3.090663254261016846e-01
1.880059987306594849e-01 2.939502298831939697e-01 4.099333584308624268e-01
2.263530194759368896e-01 2.810486853122711182e-01 3.061118125915527344e-01
1.187459900975227356e-01 2.196374386548995972e-01 3.428902849555015564e-02
-3.383039534091949463e-01 -1.553863566368818283e-02 -2.443424463272094727e-01
-3.188477158546447754e-01 1.168546900153160095e-01 -3.202709853649139404e-01
-1.608808636665344238e-01 1.260320246219635010e-01 -2.003309130668640137e-01
9.625477343797683716e-02 -2.560379505157470703e-01 -1.841703616082668304e-02
3.679959177970886230e-01 -3.330013155937194824e-01 2.123126089572906494e-01
2.093043178319931030e-01 -3.840332925319671631e-01 3.037965893745422363e-01
2.871283292770385742e-01 -3.719949722290039062e-02 2.112666964530944824e-01
2.857179343700408936e-01 2.996650934219360352e-01 8.327075839042663574e-02
6.049470603466033936e-02 1.264003962278366089e-01 -1.309550553560256958e-01
-2.543008029460906982e-01 -1.469118148088455200e-01 -2.072448879480361938e-01
-3.592638969421386719e-01 -3.237769007682800293e-01 -2.051267623901367188e-01
-2.133287489414215088e-01 -3.285303413867950439e-01 -1.277814954519271851e-01
-8.961415849626064301e-03 -2.375580370426177979e-01 -6.546834111213684082e-02
9.525034576654434204e-03 -1.953615844249725342e-01 -6.333965808153152466e-02
-1.431544274091720581e-01 -1.125481352210044861e-01 -1.055631116032600403e-01
-1.430561095476150513e-01 -3.790133446455001831e-02 -8.842150121927261353e-02
-1.664962917566299438e-01 3.283471241593360901e-02 6.424780189990997314e-02
-1.710389107465744019e-01 1.127081066370010376e-01 2.219919711351394653e-01
-1.419627219438552856e-01 1.095448881387710571e-01 2.751235365867614746e-01
-9.529307484626770020e-02 8.384180068969726562e-02 3.183096647262573242e-01
1.424309909343719482e-01 2.091620676219463348e-02 3.344816863536834717e-01
2.427080422639846802e-01 4.527686536312103271e-02 2.944322228431701660e-01
2.154560983180999756e-01 9.410658478736877441e-02 2.484757751226425171e-01
1.380645483732223511e-01 1.855792701244354248e-01 1.175979077816009521e-01
2.867921069264411926e-02 2.203768640756607056e-01 1.016755625605583191e-01
-3.104501590132713318e-02 1.513563543558120728e-01 5.837970972061157227e-02
2.344867400825023651e-02 2.127708680927753448e-02 -1.070507913827896118e-01
1.629979014396667480e-01 -1.368003804236650467e-02 -2.471694350242614746e-01
3.607743680477142334e-01 -6.161209940910339355e-02 -3.760677874088287354e-01
5.296980142593383789e-01 -2.231695353984832764e-01 -3.512043356895446777e-01
5.288011431694030762e-01 -3.582763075828552246e-01 -2.911221086978912354e-01
4.147329330444335938e-01 -5.538553595542907715e-01 -2.930842041969299316e-01
9.125709533691406250e-02 -5.823579430580139160e-01 -2.960344552993774414e-01
-1.561002731323242188e-01 -4.776241481304168701e-01 -1.973648518323898315e-01
-8.697108924388885498e-02 -2.571349143981933594e-01 -4.566640034317970276e-02
6.808412820100784302e-02 -2.163750678300857544e-02 1.604970544576644897e-01
6.939006596803665161e-02 1.132519841194152832e-01 1.940588802099227905e-01
-1.680737137794494629e-01 1.610485166311264038e-01 7.726541906595230103e-02
-3.276830911636352539e-01 3.556447923183441162e-01 -1.620990335941314697e-01
-2.810471653938293457e-01 2.261794805526733398e-01 -2.432306855916976929e-01
-9.473606944084167480e-02 3.075597248971462250e-02 -2.279163599014282227e-01
-1.528423279523849487e-03 -1.389443874359130859e-01 -1.492596566677093506e-01
