4.080309718847274780e-02 -1.118795424699783325e-01 3.465078771114349365e-02
-2.658219262957572937e-02 -7.842469215393066406e-02 1.182609200477600098e-01
-2.045186609029769897e-01 4.468951746821403503e-02 1.193646043539047241e-01
-3.264374434947967529e-01 1.809864789247512817e-01 2.366490475833415985e-02
-1.927297115325927734e-01 1.848994493484497070e-01 -1.887582987546920776e-01
5.912418290972709656e-02 1.715945899486541748e-01 -3.011970221996307373e-01
2.713385820388793945e-01 4.410169273614883423e-02 -1.427405476570129395e-01
2.473028898239135742e-01 -1.142220292240381241e-02 1.556775867938995361e-01
1.149825304746627808e-01 1.795494183897972107e-02 4.071552753448486328e-01
8.242405951023101807e-02 5.861751269549131393e-03 4.559833109378814697e-01
1.113525256514549255e-01 9.160602837800979614e-02 3.485414683818817139e-01
9.747979044914245605e-02 1.182215139269828796e-01 1.053424328565597534e-01
3.470329940319061279e-02 1.423923075199127197e-01 -2.773865461349487305e-01
-5.599454417824745178e-02 1.371574550867080688e-01 -5.176284909248352051e-01
-6.178670004010200500e-02 1.061436757445335388e-01 -5.584904551506042480e-01
-2.395922783762216568e-03 -3.502430394291877747e-02 -3.888841271400451660e-01
-5.630452558398246765e-02 -2.536683082580566406e-01 5.196112394332885742e-02
-3.339573368430137634e-02 -3.111499249935150146e-01 2.834782898426055908e-01
-5.358503758907318115e-02 -2.798021733760833740e-01 2.392859905958175659e-01
6.374366115778684616e-03 -6.562349200248718262e-02 8.445158600807189941e-03
5.465804040431976318e-02 6.449130177497863770e-02 -1.380896419286727905e-01
2.858064323663711548e-02 6.053990498185157776e-02 -4.875174164772033691e-02
6.053471192717552185e-02 1.045541465282440186e-01 1.178647428750991821e-01
1.325559169054031372e-01 1.177207678556442261e-01 1.521572768688201904e-01
2.912682294845581055e-01 2.011025696992874146e-01 9.443154186010360718e-02
2.789380848407745361e-01 -5.377705092541873455e-04 -1.522708386182785034e-01
1.186853796243667603e-01 -3.340409994125366211e-01 -3.236253857612609863e-01
-1.417468339204788208e-01 -4.562872946262359619e-01 -3.716049790382385254e-01
-2.500496506690979004e-01 -4.001639783382415771e-01 -3.226807713508605957e-01
-1.969593763351440430e-01 -8.332948386669158936e-02 -1.045521870255470276e-01
-1.113890931010246277e-01 2.058454900979995728e-01 1.053659021854400635e-01
-6.513813883066177368e-02 2.336251586675643921e-01 2.069793492555618286e-01
-5.182301625609397888e-02 2.039353847503662109e-01 2.354154884815216064e-01
-2.749542519450187683e-02 1.146258711814880371e-01 1.764068752527236938e-01
3.493104875087738037e-02 8.122444152832031250e-02 6.897496432065963745e-02
1.317929476499557495e-01 1.781504303216934204e-01 2.603466622531414032e-02
6.854915618896484375e-02 1.330257803201675415e-01 -2.682341262698173523e-02
-3.798970580101013184e-02 4.399314895272254944e-02 -6.598924845457077026e-02
-1.075397729873657227e-01 -5.250529944896697998e-02 -2.794476039707660675e-02
-1.951458007097244263e-01 -2.113988846540451050e-01 -2.998549677431583405e-02
-1.818531900644302368e-01 -2.296123057603836060e-01 -1.175883412361145020e-02
-1.287883222103118896e-01 -2.481367439031600952e-01 -1.032136380672454834e-02
1.706046797335147858e-02 -2.566702067852020264e-01 2.358541078865528107e-02
2.440410852432250977e-01 -4.763508215546607971e-02 1.669058054685592651e-01
3.257118761539459229e-01 1.441949903964996338e-01 2.236463427543640137e-01
1.535336524248123169e-01 3.200209140777587891e-01 2.460487186908721924e-01
-1.261413991451263428e-01 3.993896245956420898e-01 8.015517890453338623e-02
-2.999968826770782471e-01 2.449600249528884888e-01 -1.427461057901382446e-01
-2.830784320831298828e-01 8.238086849451065063e-02 -1.737621128559112549e-01
-9.848421066999435425e-02 -7.390321046113967896e-02 -2.165463268756866455e-01
-4.224631190299987793e-02 -1.285180598497390747e-01 3.122044028714299202e-03
-4.769465327262878418e-02 -5.377393215894699097e-02 1.927964538335800171e-01
-4.356160014867782593e-02 -5.591519922018051147e-02 1.609102934598922729e-01
-4.055680334568023682e-02 -9.028595685958862305e-02 8.695224672555923462e-02
9.347200393676757812e-02 -4.991797357797622681e-02 -6.375023722648620605e-02
2.284382581710815430e-01 4.049793258309364319e-02 -7.041925191879272461e-02
2.944120168685913086e-01 1.701526194810867310e-01 1.009341981261968613e-02
3.387664258480072021e-01 2.237031310796737671e-01 3.036669082939624786e-02
2.630213797092437744e-01 -4.267666861414909363e-02 -6.724595557898283005e-03
9.012311697006225586e-02 -3.686939179897308350e-01 -2.912625437602400780e-03
-4.422696679830551147e-02 -5.209956765174865723e-01 1.692613027989864349e-02
-1.959701031446456909e-01 -4.600367546081542969e-01 5.095628276467323303e-02
-2.782100737094879150e-01 6.969495862722396851e-02 1.442517489194869995e-01
-1.245573312044143677e-01 5.080583095550537109e-01 3.782790526747703552e-02
-2.364427223801612854e-02 6.338469982147216797e-01 -2.690895199775695801e-01
-1.635625143535435200e-03 5.961026549339294434e-01 -4.187678694725036621e-01
-8.216053247451782227e-02 3.658831119537353516e-01 -3.747864961624145508e-01
-2.413293868303298950e-01 4.964351654052734375e-02 -9.743272676132619381e-04
-1.648640781641006470e-01 -1.888525187969207764e-01 2.201025485992431641e-01
-1.215549185872077942e-02 -3.659105896949768066e-01 1.605024337768554688e-01
1.928958594799041748e-01 -3.204169869422912598e-01 -2.314454689621925354e-02
2.798120081424713135e-01 -6.996125727891921997e-02 -6.401252001523971558e-02
1.393286138772964478e-01 8.849970251321792603e-02 2.666211687028408051e-02
-7.837961614131927490e-02 6.440845131874084473e-02 5.811756104230880737e-02
-3.802996873855590820e-01 -1.709839850664138794e-01 -3.741252422332763672e-02
-3.770767450332641602e-01 -2.316905111074447632e-01 -9.600834921002388000e-03
-2.096314281225204468e-01 -1.552650630474090576e-01 1.769885718822479248e-01
2.148743122816085815e-01 -1.171559691429138184e-01 2.900998890399932861e-01
4.753055870532989502e-01 -1.105294227600097656e-01 1.992764472961425781e-01
4.643711149692535400e-01 -1.939500719308853149e-01 -1.660312116146087646e-01
3.093363940715789795e-01 -3.120023012161254883e-02 -3.895879089832305908e-01
3.351422026753425598e-02 2.159045636653900146e-01 -3.924594819545745850e-01
-1.327805370092391968e-01 2.565032541751861572e-01 -2.061690688133239746e-01
-1.673727631568908691e-01 1.819296181201934814e-01 3.320114687085151672e-02
-1.653024256229400635e-01 -4.984084516763687134e-02 7.037691026926040649e-02
-2.508840560913085938e-01 -2.397456169128417969e-01 3.994779661297798157e-02
-3.033834993839263916e-01 -2.527711987495422363e-01 5.232473462820053101e-02
-2.199863046407699585e-01 -1.089495122432708740e-01 2.114214599132537842e-01
-1.520020067691802979e-01 6.434983015060424805e-02 2.961528599262237549e-01
-8.903971314430236816e-02 1.521175652742385864e-01 2.789542376995086670e-01
-1.069439873099327087e-01 1.419879794120788574e-01 2.851276397705078125e-01
-1.309848427772521973e-01 4.626943916082382202e-02 2.020119279623031616e-01
-3.735969541594386101e-03 8.508469909429550171e-02 1.547841578722000122e-01
1.038076803088188171e-01 3.191738203167915344e-02 -2.532392740249633789e-02
1.953347474336624146e-01 -1.043822541832923889e-01 -2.790198326110839844e-01
2.827165126800537109e-01 -9.126240760087966919e-02 -3.579105138778686523e-01
3.218513429164886475e-01 -1.375261396169662476e-01 -3.429543972015380859e-01
3.611693382263183594e-01 -1.486299633979797363e-01 -1.028437912464141846e-01
1.346859335899353027e-01 -8.200193196535110474e-02 1.732049733400344849e-01
-3.138553202152252197e-01 3.410576656460762024e-02 2.559270560741424561e-01
-5.560063719749450684e-01 3.293445408344268799e-01 6.553557515144348145e-02
-5.683479905128479004e-01 4.686883389949798584e-01 -2.407639324665069580e-01
-1.908563971519470215e-01 2.245478332042694092e-01 -3.122286200523376465e-01
3.285549879074096680e-01 -5.607689172029495239e-02 -1.885538846254348755e-01
4.837236404418945312e-01 -2.766006588935852051e-01 2.921298705041408539e-02
3.771585524082183838e-01 -2.447774708271026611e-01 1.197826117277145386e-01
7.925602793693542480e-02 -4.214134067296981812e-02 7.154188305139541626e-02
-6.590795516967773438e-02 -5.479071289300918579e-02 9.725675731897354126e-02
-1.895483396947383881e-02 -7.127051055431365967e-02 1.005162447690963745e-01
1.322963237762451172e-01 -5.215689167380332947e-02 2.323048561811447144e-02
2.737730145454406738e-01 -1.606533769518136978e-03 -1.361866444349288940e-01
3.657622933387756348e-01 9.152873605489730835e-02 -3.076709210872650146e-01
3.523662388324737549e-01 7.105270773172378540e-02 -3.151383996009826660e-01
1.717179864645004272e-01 -1.403486728668212891e-02 -2.020010650157928467e-01
-8.312179893255233765e-02 -1.185898631811141968e-01 -9.485071152448654175e-02
-2.743391692638397217e-01 -1.232744753360748291e-01 1.596358232200145721e-02
-2.604213356971740723e-01 1.802750397473573685e-03 4.189202189445495605e-02
-1.158226355910301208e-01 8.964890986680984497e-02 1.125955581665039062e-01
-3.295457223430275917e-03 8.405122905969619751e-02 1.945183277130126953e-01
-9.199664741754531860e-02 -8.070062100887298584e-02 1.332814693450927734e-01
-2.159538418054580688e-01 -7.996024936437606812e-02 8.101550489664077759e-02
-2.377290874719619751e-01 5.056278780102729797e-02 9.135900065302848816e-03
-1.554334908723831177e-01 1.363475620746612549e-01 4.280704073607921600e-03
1.393157872371375561e-03 1.585338562726974487e-01 1.154023632407188416e-01
-9.530791081488132477e-03 -7.472170144319534302e-02 7.206149399280548096e-02
-5.640200898051261902e-02 -3.917755186557769775e-02 1.026888266205787659e-01
4.198672249913215637e-02 -6.653503049165010452e-03 7.523924112319946289e-03
1.678437590599060059e-01 4.779214784502983093e-02 -9.613712877035140991e-02
2.717359066009521484e-01 9.650574624538421631e-02 -3.839175775647163391e-02
2.347514927387237549e-01 -4.536963999271392822e-02 -3.855150938034057617e-02
4.152383655309677124e-02 -2.916667796671390533e-02 1.131040677428245544e-01
-9.722549468278884888e-02 -9.902562201023101807e-02 8.710980415344238281e-02
-1.737261265516281128e-01 -1.161011829972267151e-01 -2.910156734287738800e-02
-1.365106552839279175e-01 -1.057177335023880005e-01 -1.016325876116752625e-01
-6.754855066537857056e-02 -2.012238837778568268e-02 -9.456679224967956543e-02
-9.071279317140579224e-03 8.095851540565490723e-02 -3.223896026611328125e-02
1.546084065921604633e-03 1.364118456840515137e-01 -2.783059515058994293e-02
-6.024835631251335144e-03 1.505531668663024902e-01 -3.361038491129875183e-02
7.142585702240467072e-03 8.570596575736999512e-02 -6.376286596059799194e-02
1.955120125785470009e-03 6.497626751661300659e-02 -1.755423843860626221e-02
