-3.652925193309783936e-01 -1.711243242025375366e-01 -3.008626103401184082e-01
-4.024135172367095947e-01 -2.903148233890533447e-01 -2.473889142274856567e-01
-4.140063226222991943e-01 -2.730025351047515869e-01 -2.100949436426162720e-01
7.880304008722305298e-02 -6.561230123043060303e-02 -4.952663779258728027e-01
2.762646973133087158e-01 2.145965695381164551e-01 -4.223106801509857178e-01
2.628992199897766113e-01 2.465080767869949341e-01 -4.231826961040496826e-01
8.319967240095138550e-02 3.176819086074829102e-01 -4.326064288616180420e-01
-1.365846954286098480e-02 3.785953819751739502e-01 -3.821545243263244629e-01
-2.235486172139644623e-02 4.261884093284606934e-01 -2.708412706851959229e-01
4.058298096060752869e-02 4.573857188224792480e-01 -8.169525116682052612e-02
1.411461979150772095e-01 5.050721168518066406e-01 1.648946702480316162e-01
9.981438517570495605e-02 5.800255537033081055e-01 3.050884306430816650e-01
9.150560945272445679e-02 5.818845033645629883e-01 3.152390718460083008e-01
1.967084407806396484e-01 4.796598255634307861e-01 1.694543659687042236e-01
1.658485531806945801e-01 3.360111117362976074e-01 3.989712595939636230e-01
1.841677427291870117e-01 3.866246342658996582e-01 4.290620684623718262e-01
1.689899712800979614e-01 2.838637828826904297e-01 4.342213869094848633e-01
2.553620934486389160e-01 2.564760148525238037e-01 3.994288444519042969e-01
3.046240210533142090e-01 2.268171608448028564e-01 3.265259563922882080e-01
2.931932210922241211e-01 1.683911085128784180e-01 3.598021864891052246e-01
3.260502815246582031e-01 2.162480503320693970e-01 3.670281767845153809e-01
3.500086367130279541e-01 2.069744169712066650e-01 3.628835380077362061e-01
3.045406043529510498e-01 2.127692997455596924e-01 4.237961173057556152e-01
3.112160563468933105e-01 2.423053383827209473e-01 4.358311593532562256e-01
2.820243537425994873e-01 1.899381428956985474e-01 4.685200154781341553e-01
3.224320113658905029e-01 1.328217387199401855e-01 4.761181175708770752e-01
2.817628979682922363e-01 1.841203719377517700e-01 4.582322537899017334e-01
5.079942569136619568e-02 3.646424114704132080e-01 4.620331525802612305e-01
-1.015987023711204529e-01 4.348160624504089355e-01 3.780716955661773682e-01
-2.193570882081985474e-01 4.499264955520629883e-01 2.020546495914459229e-01
-3.077732324600219727e-01 3.467638492584228516e-01 -5.014141276478767395e-02
-2.276107966899871826e-01 4.321011602878570557e-01 -1.349239498376846313e-01
-3.019655644893646240e-01 4.294384419918060303e-01 -2.488089054822921753e-01
-3.311882615089416504e-01 4.122702479362487793e-01 -3.008309602737426758e-01
-3.096399307250976562e-01 4.304401278495788574e-01 -3.032993376255035400e-01
-3.344858884811401367e-01 3.954040110111236572e-01 -3.056445121765136719e-01
-3.745117783546447754e-01 3.712663650512695312e-01 -2.789987623691558838e-01
-4.771946370601654053e-01 3.957335650920867920e-01 -2.034957706928253174e-01
-4.797424674034118652e-01 3.573298454284667969e-01 -1.702555567026138306e-01
-4.421191513538360596e-01 2.633461058139801025e-01 -1.512489169836044312e-01
-4.486552178859710693e-01 2.143939137458801270e-01 -9.489811211824417114e-02
-4.431369602680206299e-01 2.320863157510757446e-01 -7.129906862974166870e-02
-4.066358208656311035e-01 2.432936131954193115e-01 -3.388688340783119202e-02
-2.866751849651336670e-01 2.553884983062744141e-01 -3.697646036744117737e-02
-5.134458467364311218e-02 2.093437612056732178e-01 -2.235367000102996826e-01
-3.533428013324737549e-01 -7.902716100215911865e-02 3.426969796419143677e-02
-3.698770701885223389e-01 -5.802176147699356079e-02 3.976347148418426514e-01
-3.722336888313293457e-01 -1.716960072517395020e-01 8.804173022508621216e-02
-3.963526189327239990e-01 -1.693024486303329468e-01 9.323155134916305542e-02
-3.952103257179260254e-01 -2.407504804432392120e-02 1.398137807846069336e-01
-4.641742706298828125e-01 1.604960560798645020e-01 -5.685228481888771057e-02
-5.438535213470458984e-01 3.609243333339691162e-01 1.093775853514671326e-01
-5.306932330131530762e-01 4.320712685585021973e-01 1.526234894990921021e-01
-4.559723734855651855e-01 4.707515835762023926e-01 1.106237545609474182e-01
-4.364268779754638672e-01 4.487420320510864258e-01 1.532467603683471680e-01
-3.756511509418487549e-01 4.245233535766601562e-01 1.943272501230239868e-01
-2.889914810657501221e-01 4.276249706745147705e-01 2.147306501865386963e-01
-2.117472738027572632e-01 4.749956429004669189e-01 2.049610614776611328e-01
-1.508064568042755127e-01 4.007642865180969238e-01 6.561261415481567383e-02
-1.768267601728439331e-01 2.884987890720367432e-01 2.606839537620544434e-01
-1.241530328989028931e-01 2.544038593769073486e-01 4.174446761608123779e-01
-5.453822668641805649e-03 2.133936882019042969e-01 4.557084739208221436e-01
-2.523323521018028259e-02 1.401387751102447510e-01 4.720415472984313965e-01
1.048404127359390259e-01 1.100738272070884705e-01 4.101678729057312012e-01
1.281998157501220703e-01 4.783060774207115173e-02 3.660143017768859863e-01
2.292338609695434570e-01 3.888197243213653564e-02 3.729649782180786133e-01
2.606282532215118408e-01 9.121761471033096313e-02 3.734044730663299561e-01
2.954052388668060303e-01 6.235337629914283752e-02 3.494418859481811523e-01
2.169844806194305420e-01 6.317686289548873901e-02 3.611153960227966309e-01
2.053065448999404907e-01 5.777908489108085632e-02 3.828891217708587646e-01
2.221431881189346313e-01 1.347966492176055908e-01 4.216802418231964111e-01
2.926105260848999023e-01 2.040736526250839233e-01 2.814230918884277344e-01
3.619553744792938232e-01 2.017641216516494751e-01 1.764246672391891479e-01
3.534324765205383301e-01 2.688448727130889893e-01 1.467957347631454468e-01
3.280259370803833008e-01 2.875348329544067383e-01 1.345061212778091431e-01
2.959251999855041504e-01 2.971310019493103027e-01 8.866222947835922241e-02
2.133989185094833374e-01 2.607191801071166992e-01 5.033513531088829041e-02
2.120629549026489258e-01 2.303030192852020264e-01 4.856305941939353943e-02
2.287850379943847656e-01 2.170012742280960083e-01 2.235685661435127258e-02
1.345149427652359009e-01 3.183747828006744385e-01 -2.551001869142055511e-02
-1.262985616922378540e-01 3.713031113147735596e-01 -2.562597095966339111e-01
-2.125372886657714844e-01 3.160921037197113037e-01 -3.891396522521972656e-01
-2.281963080167770386e-01 2.652961611747741699e-01 -4.143379628658294678e-01
-2.362553924322128296e-01 2.767226696014404297e-01 -4.423783421516418457e-01
-2.202836722135543823e-01 2.501040995121002197e-01 -4.666885137557983398e-01
-2.704943418502807617e-01 2.241259366273880005e-01 -4.581135213375091553e-01
-2.928650677204132080e-01 2.660335600376129150e-01 -4.264764487743377686e-01
-2.938499152660369873e-01 2.213377356529235840e-01 -3.952758014202117920e-01
-2.298872470855712891e-01 2.009750455617904663e-01 -3.567639887332916260e-01
-1.251979321241378784e-01 2.018307298421859741e-01 -2.852579355239868164e-01
2.203807793557643890e-02 1.198860108852386475e-01 -2.102877348661422729e-01
1.502228230237960815e-01 1.802754849195480347e-01 -1.603667289018630981e-01
1.132645085453987122e-01 1.420393884181976318e-01 -1.414583027362823486e-01
9.627816081047058105e-02 2.246032953262329102e-01 -1.488964557647705078e-01
1.071492880582809448e-01 2.320678234100341797e-01 -1.812268942594528198e-01
-8.965388685464859009e-02 2.331220507621765137e-01 -2.084882706403732300e-01
-1.697972118854522705e-01 2.954072952270507812e-01 -3.574642837047576904e-01
-1.042432710528373718e-01 3.265536129474639893e-01 -3.962754309177398682e-01
-1.790295392274856567e-01 2.845300436019897461e-01 -4.203093945980072021e-01
-7.777006179094314575e-02 2.147641628980636597e-01 -4.617615342140197754e-01
-1.076555848121643066e-01 1.703388541936874390e-01 -4.571285247802734375e-01
-3.061137720942497253e-02 1.981785744428634644e-01 -3.964956402778625488e-01
5.027684941887855530e-02 1.663318425416946411e-01 -4.116277694702148438e-01
1.504333019256591797e-01 1.828409433364868164e-01 -4.023110568523406982e-01
9.905511885881423950e-02 1.298929005861282349e-01 -4.503538906574249268e-01
3.099610470235347748e-02 1.197360232472419739e-01 -3.383390605449676514e-01
1.829601228237152100e-01 1.610824465751647949e-01 -3.700299561023712158e-01
