-1.158016175031661987e-02 5.066567659378051758e-02 3.100967407226562500e-02
3.091205656528472900e-01 1.503870189189910889e-01 -4.910653457045555115e-02
5.011635422706604004e-01 3.556262254714965820e-01 5.886002909392118454e-03
5.692142844200134277e-01 3.667269349098205566e-01 8.304444700479507446e-02
5.808394551277160645e-01 1.622575968503952026e-01 7.885244488716125488e-02
2.535748779773712158e-01 -7.864990085363388062e-02 4.609568789601325989e-02
4.969544708728790283e-02 -1.693053394556045532e-01 -6.562998890876770020e-02
-1.280829608440399170e-01 3.244665265083312988e-02 2.154712006449699402e-02
-2.606373131275177002e-01 3.509924709796905518e-01 2.595045566558837891e-01
-3.638659119606018066e-01 5.276724696159362793e-01 3.127264678478240967e-01
-3.076739013195037842e-01 5.832450389862060547e-01 1.491208970546722412e-01
-6.842584908008575439e-02 5.446340441703796387e-01 -1.846559345722198486e-01
3.662926703691482544e-02 2.514828443527221680e-01 -5.874805524945259094e-02
6.932816654443740845e-02 -1.941103637218475342e-01 2.313512712717056274e-01
-3.770026192069053650e-02 -4.700337946414947510e-01 4.674521982669830322e-01
-9.550677984952926636e-02 -4.388728737831115723e-01 4.797233641147613525e-01
1.105621606111526489e-01 -1.973992288112640381e-01 1.835247576236724854e-01
1.737459897994995117e-01 -4.366207122802734375e-02 -1.637173257768154144e-02
1.239409446716308594e-01 7.108550518751144409e-02 -1.067954078316688538e-01
6.105403602123260498e-02 2.341908030211925507e-02 -3.748900070786476135e-02
-1.187160536646842957e-01 -7.946362718939781189e-03 6.603170931339263916e-02
-1.807944476604461670e-01 2.270454168319702148e-02 1.258458495140075684e-01
-2.585577964782714844e-01 -1.709618233144283295e-02 1.258341968059539795e-01
-1.807351559400558472e-01 2.946289256215095520e-02 1.704736053943634033e-01
-3.840469755232334137e-03 4.886288568377494812e-02 7.234954088926315308e-02
-1.032970398664474487e-01 -4.065173119306564331e-02 -1.529195010662078857e-01
-1.778474748134613037e-01 -1.109571233391761780e-01 -4.384314119815826416e-01
-1.996988803148269653e-01 -2.480340301990509033e-01 -5.443980693817138672e-01
8.275885879993438721e-02 -2.958914637565612793e-01 -5.169947147369384766e-01
3.381600379943847656e-01 -2.605327367782592773e-01 -4.018613696098327637e-01
4.038857519626617432e-01 -3.391118347644805908e-01 -2.916006743907928467e-01
3.307603001594543457e-01 -3.207628130912780762e-01 -2.038159221410751343e-01
1.763761937618255615e-01 -3.127552270889282227e-01 -1.599283516407012939e-01
8.690206706523895264e-02 -2.794545590877532959e-01 -3.285432234406471252e-02
-4.029437154531478882e-02 -1.072645410895347595e-01 7.276070117950439453e-02
-1.915854364633560181e-01 -1.208546683192253113e-01 5.058690160512924194e-02
-1.844233125448226929e-01 -1.311927288770675659e-01 1.269120126962661743e-01
-6.413358449935913086e-02 -8.348891884088516235e-02 2.168732136487960815e-01
-7.574906200170516968e-02 7.889968343079090118e-03 2.706951498985290527e-01
-1.422793716192245483e-01 1.332440227270126343e-01 2.486626803874969482e-01
-2.574509084224700928e-01 1.138787418603897095e-01 2.014946490526199341e-01
-2.761608362197875977e-01 1.718650907278060913e-01 4.995386302471160889e-02
1.291943788528442383e-01 4.796192944049835205e-01 -2.414322793483734131e-01
2.486869394779205322e-01 4.323920607566833496e-01 -1.530907154083251953e-01
-8.535373210906982422e-02 2.827076315879821777e-01 7.205819338560104370e-02
-2.994643151760101318e-01 -1.210396289825439453e-01 2.595762312412261963e-01
-3.543395698070526123e-01 -4.103780090808868408e-01 3.066043257713317871e-01
-1.460207253694534302e-01 -1.427442729473114014e-01 4.549055173993110657e-02
2.348125129938125610e-01 -1.061303913593292236e-01 -1.880109906196594238e-01
1.483439654111862183e-01 -1.129831895232200623e-01 -1.239150092005729675e-01
1.363805532455444336e-01 -1.676630079746246338e-01 -1.261397600173950195e-01
1.966159641742706299e-01 -1.548543125391006470e-01 -1.152694448828697205e-01
1.280808895826339722e-01 -7.703898474574089050e-03 4.273717291653156281e-03
3.711216524243354797e-02 8.431319892406463623e-02 5.973376333713531494e-02
-1.029353588819503784e-01 1.436012387275695801e-01 1.288917213678359985e-01
-1.071368306875228882e-01 2.302378714084625244e-01 5.210465937852859497e-02
-5.968554317951202393e-02 4.412718713283538818e-01 -2.836186587810516357e-01
-6.345642358064651489e-02 4.861683547496795654e-01 -2.034821361303329468e-01
-1.043536663055419922e-01 3.976608812808990479e-01 1.632841229438781738e-01
-1.086327657103538513e-01 1.485373526811599731e-01 4.885483980178833008e-01
-1.118473988026380539e-02 -1.972948610782623291e-01 6.262795329093933105e-01
2.929131984710693359e-01 -2.528561055660247803e-01 4.906384944915771484e-01
4.384803473949432373e-01 -2.443707883358001709e-01 2.903889715671539307e-01
2.961862087249755859e-01 -1.296686530113220215e-01 1.628049612045288086e-01
1.475445181131362915e-01 3.378190472722053528e-02 7.799694687128067017e-02
-3.859326988458633423e-02 1.096327900886535645e-01 4.267337918281555176e-02
-7.175164669752120972e-02 8.692080527544021606e-02 -5.037434399127960205e-03
-5.147386342287063599e-02 1.468352694064378738e-02 -7.143674790859222412e-02
-2.328826934099197388e-01 9.862861782312393188e-02 -1.366806477308273315e-01
-1.975808292627334595e-01 3.447132408618927002e-01 -3.199239075183868408e-01
7.529954612255096436e-02 5.331132411956787109e-01 -3.920580744743347168e-01
2.212425470352172852e-01 5.084407329559326172e-01 -3.859385251998901367e-01
2.716946899890899658e-01 3.271345496177673340e-01 -3.107160329818725586e-01
1.849308013916015625e-01 6.861491501331329346e-02 -1.890575289726257324e-01
2.449363097548484802e-02 -2.020854353904724121e-01 -2.429962456226348877e-01
6.427286565303802490e-02 -2.039897292852401733e-01 -2.227053046226501465e-01
8.067303895950317383e-02 -1.691945046186447144e-01 -1.448757201433181763e-01
-5.002838373184204102e-02 -2.138345241546630859e-01 -8.642610907554626465e-02
-2.416075468063354492e-01 -3.666134774684906006e-01 -2.457067668437957764e-01
-3.768471181392669678e-01 -5.273807644844055176e-01 -3.030790388584136963e-01
-3.962938487529754639e-01 -5.176512598991394043e-01 -3.036673963069915771e-01
-2.910170257091522217e-01 -3.648178279399871826e-01 -2.679620981216430664e-01
-6.848882883787155151e-02 -9.986419230699539185e-02 -1.344840079545974731e-01
1.368072777986526489e-01 -2.960467338562011719e-02 -6.494612991809844971e-02
2.404662519693374634e-01 -6.230765208601951599e-02 -6.060995161533355713e-03
2.622836232185363770e-01 -9.209631383419036865e-02 1.108719930052757263e-01
1.774020493030548096e-01 -6.104358658194541931e-02 2.265886068344116211e-01
1.085823634639382362e-03 1.638298928737640381e-01 2.559114396572113037e-01
8.057127147912979126e-02 4.040529727935791016e-01 2.644156217575073242e-01
1.551187187433242798e-01 5.063551068305969238e-01 1.695939898490905762e-01
2.075293809175491333e-01 4.436253309249877930e-01 1.130433231592178345e-01
2.417981177568435669e-01 2.194964885711669922e-01 8.719419687986373901e-02
1.032502502202987671e-01 -4.020754620432853699e-02 7.639595121145248413e-02
-1.929386518895626068e-02 -2.992903292179107666e-01 1.269284784793853760e-01
-4.621492326259613037e-02 -4.335195720195770264e-01 8.399871736764907837e-02
-5.928628891706466675e-02 -3.916613459587097168e-01 8.265373110771179199e-02
-1.532358955591917038e-02 -3.177047073841094971e-01 -7.698031142354011536e-03
5.541827902197837830e-02 -6.153083592653274536e-02 -1.215049698948860168e-01
-1.497572362422943115e-01 -1.559648197144269943e-02 -1.024597436189651489e-01
-2.918750047683715820e-01 -7.170034945011138916e-02 -1.522075291723012924e-02
-3.117737174034118652e-01 9.523213654756546021e-02 7.494758814573287964e-02
-2.711558341979980469e-01 9.566868841648101807e-02 1.573662757873535156e-01
-2.220011502504348755e-01 2.207492738962173462e-01 -6.097488850355148315e-02
-2.736041843891143799e-01 1.090804189443588257e-01 -1.082040667533874512e-01
-2.423705458641052246e-01 1.071682423353195190e-01 -5.373981967568397522e-02
-1.469359844923019409e-01 1.663813143968582153e-01 -2.574055828154087067e-02
-2.192439511418342590e-02 1.165415272116661072e-01 1.184872984886169434e-01
