1.143223650662559057e-02
1.829375079603738630e-01
3.315259621457884442e-01
3.582363016677687084e-01
1.781437667702806538e-01
0.000000000000000000e+00
0.000000000000000000e+00
0.000000000000000000e+00
0.000000000000000000e+00
2.245327231488741110e-02
8.540716480627671622e-03
4.413246950543017050e-02
6.883553883950704888e-02
3.657479813794471679e-02
0.000000000000000000e+00
0.000000000000000000e+00
0.000000000000000000e+00
0.000000000000000000e+00
0.000000000000000000e+00
4.305419645788600980e-03
0.000000000000000000e+00
0.000000000000000000e+00
0.000000000000000000e+00
1.753750597871174760e-03
4.731977062400865783e-03
5.546743710525501095e-03
1.219210623048516944e-03
0.000000000000000000e+00
0.000000000000000000e+00
1.235532587502708064e-03
8.553965357011313053e-03
1.058419793808525015e-02
1.826821480063409988e-03
0.000000000000000000e+00
0.000000000000000000e+00
0.000000000000000000e+00
0.000000000000000000e+00
3.487591539065770709e-03
0.000000000000000000e+00
0.000000000000000000e+00
0.000000000000000000e+00
0.000000000000000000e+00
0.000000000000000000e+00
0.000000000000000000e+00
0.000000000000000000e+00
0.000000000000000000e+00
2.588389601139799989e-01
5.947033986807340744e-01
6.859659853749617842e-01
5.319145807347278598e-01
1.787263102996282660e-01
0.000000000000000000e+00
0.000000000000000000e+00
0.000000000000000000e+00
0.000000000000000000e+00
0.000000000000000000e+00
0.000000000000000000e+00
0.000000000000000000e+00
3.560360345713511898e-02
5.712001420098129084e-02
4.595099626433437473e-02
1.500050169543751775e-02
0.000000000000000000e+00
0.000000000000000000e+00
0.000000000000000000e+00
0.000000000000000000e+00
0.000000000000000000e+00
0.000000000000000000e+00
0.000000000000000000e+00
0.000000000000000000e+00
0.000000000000000000e+00
7.210159474489265426e-03
1.879497175108128890e-03
0.000000000000000000e+00
0.000000000000000000e+00
0.000000000000000000e+00
0.000000000000000000e+00
0.000000000000000000e+00
0.000000000000000000e+00
0.000000000000000000e+00
0.000000000000000000e+00
1.584905196076160250e-03
1.042693549075861779e-02
1.641601781188593845e-02
1.698339069454279232e-02
7.574932411832551067e-03
0.000000000000000000e+00
0.000000000000000000e+00
0.000000000000000000e+00
0.000000000000000000e+00
0.000000000000000000e+00
0.000000000000000000e+00
0.000000000000000000e+00
0.000000000000000000e+00
0.000000000000000000e+00
0.000000000000000000e+00
0.000000000000000000e+00
0.000000000000000000e+00
2.827680037489700531e-03
5.541429041657972704e-03
0.000000000000000000e+00
0.000000000000000000e+00
0.000000000000000000e+00
0.000000000000000000e+00
0.000000000000000000e+00
1.479455158987446894e-01
1.990839487882694880e-01
