4.917559325695037842e-01 5.671028979122638702e-03 -5.608382225036621094e-01
4.951448738574981689e-01 3.329487144947052002e-02 -5.450489521026611328e-01
4.287401139736175537e-01 2.765802480280399323e-02 -6.059997677803039551e-01
3.306335806846618652e-01 -1.586738228797912598e-02 -6.326231360435485840e-01
2.151005119085311890e-01 6.984424591064453125e-02 -6.294682025909423828e-01
2.147374749183654785e-01 3.902488620951771736e-03 -6.326082944869995117e-01
1.121931970119476318e-01 1.005150228738784790e-01 -6.161121726036071777e-01
-8.179412037134170532e-02 1.807998418807983398e-01 -6.013529300689697266e-01
-1.598407179117202759e-01 2.706497609615325928e-01 -5.453365445137023926e-01
-2.309731580317020416e-02 2.983436584472656250e-01 -3.348174989223480225e-01
2.879150956869125366e-02 3.941435813903808594e-01 -6.238510832190513611e-02
3.176876902580261230e-02 3.324242532253265381e-01 1.489548385143280029e-01
4.107210040092468262e-02 1.881482303142547607e-01 4.120002985000610352e-01
1.737380027770996094e-01 2.778541855514049530e-02 4.226454794406890869e-01
2.736302912235260010e-01 -1.183953285217285156e-01 3.131819069385528564e-01
2.935045063495635986e-01 -2.156226336956024170e-01 2.241635769605636597e-01
2.617437243461608887e-01 -3.114531636238098145e-01 7.439144700765609741e-02
2.794876098632812500e-01 -3.876972198486328125e-01 1.748747937381267548e-02
2.874719798564910889e-01 -4.283409118652343750e-01 -7.201240211725234985e-02
2.758280932903289795e-01 -3.960844576358795166e-01 6.062571704387664795e-02
2.432665377855300903e-01 -3.635337054729461670e-01 1.020342111587524414e-01
2.757190167903900146e-01 -3.982162475585937500e-01 1.732893437147140503e-01
2.422071695327758789e-01 -4.550080001354217529e-01 1.795579493045806885e-01
2.549162507057189941e-01 -5.767703652381896973e-01 1.708045788109302521e-02
1.187341958284378052e-01 -6.534780859947204590e-01 -1.090827770531177521e-02
-5.698065087199211121e-02 -6.751043200492858887e-01 2.424726933240890503e-01
-2.477477341890335083e-01 -7.204145193099975586e-01 1.225166544318199158e-01
-2.688875794410705566e-01 -7.337768673896789551e-01 1.038738340139389038e-01
-2.939811348915100098e-01 -7.340017557144165039e-01 2.249821275472640991e-02
-3.044912815093994141e-01 -7.033265233039855957e-01 1.080856472253799438e-01
-3.327181935310363770e-01 -7.335830926895141602e-01 1.258954554796218872e-01
-3.534928560256958008e-01 -7.228075861930847168e-01 1.637568324804306030e-01
-3.395250439643859863e-01 -7.155866622924804688e-01 1.110111474990844727e-01
-3.932036459445953369e-01 -7.102153301239013672e-01 5.213101208209991455e-02
-3.531602919101715088e-01 -6.867454051971435547e-01 7.916267961263656616e-02
-3.173343837261199951e-01 -6.824956536293029785e-01 1.716959476470947266e-01
-3.715452253818511963e-01 -6.710346341133117676e-01 1.553156971931457520e-01
-3.302515447139739990e-01 -6.628236770629882812e-01 1.474036127328872681e-01
-1.049858424812555313e-02 -6.708686351776123047e-01 4.169082641601562500e-02
2.171948850154876709e-01 -5.656403899192810059e-01 1.945769190788269043e-01
2.995132505893707275e-01 -3.964674472808837891e-01 2.180980741977691650e-01
3.825725317001342773e-01 -2.948767840862274170e-01 2.130142152309417725e-01
3.339011669158935547e-01 -2.551177144050598145e-01 2.491848319768905640e-01
3.299147188663482666e-01 -2.781039178371429443e-01 2.141301780939102173e-01
3.492804765701293945e-01 -2.476450949907302856e-01 1.763043701648712158e-01
3.829260468482971191e-01 -2.902939617633819580e-01 2.077172398567199707e-01
3.943593502044677734e-01 -2.826381325721740723e-01 2.193235009908676147e-01
4.005649089813232422e-01 -2.895270884037017822e-01 1.979742497205734253e-01
4.349658191204071045e-01 -2.831311821937561035e-01 1.579715609550476074e-01
4.315632581710815430e-01 -3.322404325008392334e-01 1.156134083867073059e-01
4.281276166439056396e-01 -3.270010948181152344e-01 1.544342488050460815e-01
3.526206910610198975e-01 -3.573254942893981934e-01 1.705034822225570679e-01
3.103340268135070801e-01 -3.975841403007507324e-01 1.759307682514190674e-01
3.372106552124023438e-01 -4.118328094482421875e-01 1.496041268110275269e-01
3.492846190929412842e-01 -4.318105280399322510e-01 1.051072552800178528e-01
3.285916149616241455e-01 -4.744393527507781982e-01 9.057541191577911377e-02
3.822985589504241943e-01 -5.028297901153564453e-01 7.866385579109191895e-02
3.242889344692230225e-01 -4.489883482456207275e-01 1.495011299848556519e-01
4.080731570720672607e-01 -4.936367273330688477e-01 3.705050423741340637e-02
3.910435438156127930e-01 -4.397410154342651367e-01 2.855805121362209320e-02
4.133177101612091064e-01 -4.249194264411926270e-01 4.611418023705482483e-02
4.297460019588470459e-01 -4.259915947914123535e-01 7.589018344879150391e-02
4.177042543888092041e-01 -4.288834929466247559e-01 1.103862449526786804e-01
4.514165222644805908e-01 -4.287829101085662842e-01 1.151303648948669434e-01
5.108118653297424316e-01 -4.492560923099517822e-01 2.022505179047584534e-02
3.617779314517974854e-01 -4.893063306808471680e-01 -2.982559055089950562e-02
1.111435741186141968e-01 -4.760743081569671631e-01 -5.247243866324424744e-02
2.822136282920837402e-01 -1.281803250312805176e-01 8.198861777782440186e-02
5.953933596611022949e-01 -3.169049918651580811e-01 1.906819045543670654e-01
4.603952467441558838e-01 -1.883814036846160889e-01 2.447312623262405396e-01
4.657393097877502441e-01 -9.637852758169174194e-02 3.628054559230804443e-01
4.284401834011077881e-01 -6.943836808204650879e-03 3.940929174423217773e-01
4.030416607856750488e-01 -2.594358660280704498e-02 3.987038135528564453e-01
4.020053744316101074e-01 1.434486079961061478e-02 4.240953326225280762e-01
3.942518532276153564e-01 7.206527143716812134e-02 4.444143474102020264e-01
3.558110594749450684e-01 6.929588317871093750e-02 4.291901588439941406e-01
3.367876112461090088e-01 6.986525654792785645e-02 4.281312525272369385e-01
3.505372107028961182e-01 3.125746175646781921e-02 3.511297702789306641e-01
2.697250247001647949e-01 -1.831468939781188965e-02 3.581710755825042725e-01
2.652141451835632324e-01 -1.291985660791397095e-01 3.122018873691558838e-01
1.487391293048858643e-01 -3.164829909801483154e-01 1.938296705484390259e-01
-2.440344095230102539e-01 -3.820203542709350586e-01 1.120188683271408081e-01
-4.846865534782409668e-01 -4.037737250328063965e-01 1.807535439729690552e-01
-5.272387862205505371e-01 -4.085793793201446533e-01 1.004510447382926941e-01
-5.785100460052490234e-01 -3.270866572856903076e-01 1.596133410930633545e-01
-5.111318826675415039e-01 -3.901083469390869141e-01 1.724545806646347046e-01
-5.809577703475952148e-01 -4.547374844551086426e-01 8.249954134225845337e-02
-6.459779143333435059e-01 -4.249217808246612549e-01 1.044098362326622009e-01
-6.059330105781555176e-01 -4.409915506839752197e-01 1.894777566194534302e-01
-5.872337818145751953e-01 -4.416342973709106445e-01 1.705008894205093384e-01
-6.076750159263610840e-01 -4.609420299530029297e-01 1.706966459751129150e-01
-6.239525675773620605e-01 -5.025360584259033203e-01 1.152914613485336304e-01
-6.420996785163879395e-01 -4.590922594070434570e-01 1.834903955459594727e-01
-6.515127420425415039e-01 -4.122764468193054199e-01 1.103445068001747131e-01
-6.947432756423950195e-01 -4.674320518970489502e-01 1.001251116394996643e-01
-6.574014425277709961e-01 -5.435171127319335938e-01 1.875046342611312866e-01
-6.796337962150573730e-01 -5.764443874359130859e-01 1.291980743408203125e-01
-6.794616580009460449e-01 -5.427859425544738770e-01 1.096099019050598145e-01
-6.046415567398071289e-01 -4.133831262588500977e-01 1.533621251583099365e-01
-6.498466134071350098e-01 -4.910633563995361328e-01 1.441680788993835449e-01
-6.396636366844177246e-01 -5.021172165870666504e-01 1.363113373517990112e-01
-6.529003381729125977e-01 -5.268212556838989258e-01 9.715942293405532837e-02
-5.954762101173400879e-01 -5.561351776123046875e-01 2.337715588510036469e-03
-5.831727981567382812e-01 -4.236035048961639404e-01 -2.124522114172577858e-03
