7.112538485412875366e-02
0.000000000000000000e+00
0.000000000000000000e+00
0.000000000000000000e+00
2.311813506431982523e-02
2.785727588169310473e-02
2.995968096821963536e-02
3.099688453413217484e-02
2.089955154893873013e-02
9.101620469285495382e-03
9.137994551452650882e-03
1.461997663778557069e-02
1.839356306844279476e-02
1.493625758276486380e-02
1.130687079460832890e-03
0.000000000000000000e+00
0.000000000000000000e+00
0.000000000000000000e+00
0.000000000000000000e+00
0.000000000000000000e+00
0.000000000000000000e+00
0.000000000000000000e+00
0.000000000000000000e+00
0.000000000000000000e+00
0.000000000000000000e+00
0.000000000000000000e+00
0.000000000000000000e+00
2.854048761261167022e-01
4.783810492910069989e-01
4.152564535896134390e-01
2.082087933138535574e-01
0.000000000000000000e+00
0.000000000000000000e+00
0.000000000000000000e+00
0.000000000000000000e+00
0.000000000000000000e+00
2.478755279896745767e-01
5.025704622752478201e-01
5.758159784391443381e-01
3.323009385542407546e-01
0.000000000000000000e+00
0.000000000000000000e+00
0.000000000000000000e+00
0.000000000000000000e+00
0.000000000000000000e+00
0.000000000000000000e+00
0.000000000000000000e+00
0.000000000000000000e+00
0.000000000000000000e+00
0.000000000000000000e+00
0.000000000000000000e+00
0.000000000000000000e+00
0.000000000000000000e+00
0.000000000000000000e+00
0.000000000000000000e+00
2.212371341984358669e-02
4.466082841569465889e-02
5.096711622485370491e-02
4.510953706978046429e-02
2.671021450515246101e-02
6.201756296870846591e-03
0.000000000000000000e+00
0.000000000000000000e+00
0.000000000000000000e+00
5.574552395564314616e-02
1.013820418432136994e-01
9.757062183160840341e-02
3.768232221583686647e-02
0.000000000000000000e+00
0.000000000000000000e+00
0.000000000000000000e+00
1.778995856465516792e-02
2.927608604618687355e-02
5.284618310948461031e-03
0.000000000000000000e+00
0.000000000000000000e+00
0.000000000000000000e+00
0.000000000000000000e+00
0.000000000000000000e+00
0.000000000000000000e+00
0.000000000000000000e+00
0.000000000000000000e+00
2.276274042422268828e-01
3.814236320926175927e-01
3.312295036364429901e-01
1.630393412024856159e-01
0.000000000000000000e+00
0.000000000000000000e+00
0.000000000000000000e+00
0.000000000000000000e+00
0.000000000000000000e+00
0.000000000000000000e+00
0.000000000000000000e+00
0.000000000000000000e+00
0.000000000000000000e+00
0.000000000000000000e+00
0.000000000000000000e+00
0.000000000000000000e+00
0.000000000000000000e+00
1.524298200883412221e-03
1.524298200883412221e-03
3.810745502208530552e-04
0.000000000000000000e+00
0.000000000000000000e+00
