1.355325132608413696e-01 -1.711411215364933014e-02 -1.490385830402374268e-01
2.078157365322113037e-01 7.188237458467483521e-02 -1.772534400224685669e-01
1.917848289012908936e-01 1.718516647815704346e-01 -6.098162010312080383e-02
1.050688698887825012e-01 2.064677923917770386e-01 8.565537631511688232e-02
8.607527241110801697e-03 1.415943056344985962e-01 1.475203037261962891e-01
-4.948385059833526611e-02 1.506986320018768311e-01 1.921452283859252930e-01
-1.025062799453735352e-01 2.605997622013092041e-01 2.898838818073272705e-01
-1.327451318502426147e-01 3.795489966869354248e-01 4.245374202728271484e-01
-1.168637871742248535e-01 4.505858719348907471e-01 4.030514061450958252e-01
-7.738986611366271973e-02 3.776068091392517090e-01 1.848241239786148071e-01
-1.031093448400497437e-01 1.075112074613571167e-01 -2.586763799190521240e-01
-2.131239920854568481e-01 -2.057559341192245483e-01 -5.093784928321838379e-01
-1.913463026285171509e-01 -5.057482719421386719e-01 -5.082752108573913574e-01
-5.679868161678314209e-02 -5.571408271789550781e-01 -3.898703753948211670e-01
1.233282014727592468e-01 -4.165445864200592041e-01 -2.252308428287506104e-01
2.197557836771011353e-01 -1.601319313049316406e-01 -3.952190279960632324e-02
8.360821753740310669e-02 6.390278041362762451e-02 1.154127642512321472e-01
-3.580339998006820679e-02 1.160481274127960205e-01 2.200734019279479980e-01
-9.932954609394073486e-02 1.490460336208343506e-01 2.344901710748672485e-01
-1.248290613293647766e-01 9.999985992908477783e-02 9.291886538267135620e-02
-1.750936917960643768e-02 -1.491156499832868576e-02 -1.029541492462158203e-01
2.067670412361621857e-02 -1.311094760894775391e-01 -2.316289842128753662e-01
9.755416959524154663e-02 -1.647679954767227173e-01 -2.279431074857711792e-01
1.921778023242950439e-01 -5.928603932261466980e-02 -9.852772206068038940e-02
1.988172233104705811e-01 1.868121325969696045e-02 -2.110149152576923370e-02
1.512758731842041016e-01 1.004248298704624176e-02 3.753010183572769165e-03
2.755077928304672241e-02 6.300312280654907227e-02 4.576171934604644775e-02
-9.906738251447677612e-02 1.283204406499862671e-01 1.042029410600662231e-01
-1.598271429538726807e-01 1.704582571983337402e-01 1.750632524490356445e-01
-1.331134140491485596e-01 5.963286384940147400e-02 7.631488144397735596e-02
-9.023044258356094360e-02 -9.608757495880126953e-02 -1.672195270657539368e-02
-7.305226475000381470e-02 -9.346918016672134399e-02 -1.154086738824844360e-02
-6.360916793346405029e-02 4.192259535193443298e-02 1.130919605493545532e-01
-8.247450739145278931e-02 1.446096450090408325e-01 2.300177812576293945e-01
-1.071829125285148621e-01 -4.026010259985923767e-02 1.587757617235183716e-01
-1.015319526195526123e-01 -1.802035272121429443e-01 1.215301081538200378e-01
-1.153883859515190125e-01 -1.426787972450256348e-01 1.614505648612976074e-01
-1.261456459760665894e-01 4.307261854410171509e-02 1.868105828762054443e-01
-5.266219750046730042e-02 2.538433372974395752e-01 7.716324925422668457e-02
5.565063096582889557e-03 1.593352258205413818e-01 -1.915040463209152222e-01
8.468580245971679688e-02 -8.873253129422664642e-03 -3.235130012035369873e-01
1.693001836538314819e-01 -1.176851391792297363e-01 -2.534525394439697266e-01
1.694973558187484741e-01 -1.196755617856979370e-01 -3.691763058304786682e-02
1.256909817457199097e-01 1.539307739585638046e-02 9.615774452686309814e-02
5.329579114913940430e-02 5.348449200391769409e-02 6.996080279350280762e-02
-4.127360880374908447e-02 -3.213161136955022812e-03 -6.085103750228881836e-02
-8.217646926641464233e-02 -9.717977792024612427e-02 -1.411706358194351196e-01
-1.249493658542633057e-02 -1.360952258110046387e-01 -1.404794603586196899e-01
7.206474989652633667e-02 -4.564499482512474060e-02 -1.379690766334533691e-01
1.176215559244155884e-01 2.504019252955913544e-02 -8.647014200687408447e-02
1.017305329442024231e-01 2.655466832220554352e-02 -7.513889670372009277e-02
1.029872242361307144e-02 -2.026050724089145660e-02 -3.632069751620292664e-02
-7.032331544905900955e-03 -3.488396480679512024e-02 1.914798095822334290e-02
7.043578475713729858e-02 1.008917838335037231e-01 7.227786630392074585e-02
6.325546652078628540e-02 1.004359126091003418e-01 1.472685784101486206e-01
6.540608592331409454e-03 1.035548187792301178e-02 1.462767273187637329e-01
-8.946108818054199219e-02 -9.847512096166610718e-02 9.068501740694046021e-02
-1.742638200521469116e-01 -1.640408635139465332e-01 6.780016236007213593e-03
-1.669323444366455078e-01 9.304435923695564270e-03 -6.815725564956665039e-02
-1.523400843143463135e-01 1.086861863732337952e-01 -5.821649357676506042e-02
-1.066364124417304993e-01 6.253469735383987427e-02 9.879516437649726868e-04
6.860490143299102783e-02 -9.346367418766021729e-02 6.423823535442352295e-02
3.174271285533905029e-01 -2.448261380195617676e-01 3.545701131224632263e-02
3.806968629360198975e-01 -1.868468970060348511e-01 -3.396044299006462097e-02
3.866972774267196655e-02 2.513017319142818451e-02 -3.591350093483924866e-02
-4.635121524333953857e-01 2.157827764749526978e-01 1.157308835536241531e-02
-6.233189105987548828e-01 3.365754783153533936e-01 5.154201760888099670e-02
-4.845263957977294922e-01 3.338545560836791992e-01 -5.340996384620666504e-02
1.907764971256256104e-01 2.167392224073410034e-01 -1.701142340898513794e-01
4.681340754032135010e-01 6.358867883682250977e-02 -1.741527616977691650e-01
4.327857196331024170e-01 -9.054066985845565796e-02 -7.656887173652648926e-02
1.373346000909805298e-01 -1.393990963697433472e-01 4.658089205622673035e-02
-5.152738094329833984e-02 -1.133193224668502808e-01 6.275644153356552124e-02
7.385836541652679443e-02 -1.623263806104660034e-01 4.110987856984138489e-02
2.419602870941162109e-01 -1.763979792594909668e-01 3.291784599423408508e-02
3.241948783397674561e-01 -1.428754031658172607e-01 5.159770604223012924e-03
2.748463451862335205e-01 -1.186484247446060181e-01 -8.396390080451965332e-02
2.084609568119049072e-01 -1.862122304737567902e-02 -2.090365141630172729e-01
1.403364837169647217e-01 1.573286764323711395e-02 -2.928301990032196045e-01
1.408244669437408447e-01 3.471919894218444824e-02 -2.822118401527404785e-01
3.362406417727470398e-02 9.688663482666015625e-02 -9.912030398845672607e-02
-2.818454504013061523e-01 2.443053014576435089e-02 1.737763583660125732e-01
-4.661560356616973877e-01 -7.104252278804779053e-02 3.191280364990234375e-01
-4.562074542045593262e-01 -7.324486970901489258e-02 2.714984714984893799e-01
-2.534819543361663818e-01 -3.648401424288749695e-02 1.162918582558631897e-01
5.745838955044746399e-02 7.617972046136856079e-02 1.275056414306163788e-02
1.457410305738449097e-01 1.354274451732635498e-01 3.630487620830535889e-02
6.011120975017547607e-02 5.069944262504577637e-02 7.339645177125930786e-02
4.139994457364082336e-02 1.754841767251491547e-02 -3.847099468111991882e-02
6.278257071971893311e-02 1.215276122093200684e-02 -1.659553647041320801e-01
9.593879431486129761e-02 2.248123846948146820e-02 -2.214195132255554199e-01
9.703149646520614624e-02 1.157005429267883301e-01 -5.958180129528045654e-02
6.776612251996994019e-03 5.902528017759323120e-02 1.377674937248229980e-01
-2.608361095190048218e-02 -1.137242466211318970e-02 2.122076302766799927e-01
-8.486642688512802124e-02 -2.987881749868392944e-02 1.673608869314193726e-01
-8.107640594244003296e-02 -5.293499678373336792e-02 -4.202630743384361267e-02
-8.263946324586868286e-02 4.203153029084205627e-02 -9.912671148777008057e-02
-4.366502165794372559e-02 -7.861137390136718750e-03 -8.351013809442520142e-02
7.137059420347213745e-02 -2.088010609149932861e-01 -9.994121268391609192e-03
9.772072732448577881e-02 -2.233162522315979004e-01 4.620733112096786499e-02
1.238699704408645630e-01 -1.214105337858200073e-01 -1.308695133775472641e-02
1.871739979833364487e-03 1.226285025477409363e-01 -6.786846369504928589e-02
-8.230549097061157227e-02 2.506097555160522461e-01 -8.828543126583099365e-02
-8.245502412319183350e-02 1.663271933794021606e-01 -6.212204694747924805e-02
