3.079506456851959229e-01 7.571121305227279663e-02 -5.875500440597534180e-01
2.361236363649368286e-01 2.544357068836688995e-02 -5.915104150772094727e-01
1.530867666006088257e-01 2.870980650186538696e-02 -6.059179306030273438e-01
1.916824877262115479e-01 -4.198683798313140869e-02 -6.101035475730895996e-01
2.051303684711456299e-01 -1.102480068802833557e-01 -5.193933248519897461e-01
1.763283461332321167e-01 -1.058513075113296509e-01 -4.780974984169006348e-01
6.849455088376998901e-02 -1.797956824302673340e-01 -3.871018588542938232e-01
5.081905797123908997e-02 -7.240625470876693726e-02 -3.937420845031738281e-01
8.396323025226593018e-02 5.307456851005554199e-02 -4.317264556884765625e-01
-6.317226588726043701e-02 -7.751809805631637573e-02 -3.330680429935455322e-01
-1.104670241475105286e-01 -2.929642563685774803e-03 -2.541502416133880615e-01
1.863129809498786926e-02 -2.978957444429397583e-02 -2.392183840274810791e-01
2.948713488876819611e-02 -5.073834583163261414e-02 -1.385502070188522339e-01
-5.750698447227478027e-01 -4.106190428137779236e-02 1.645419150590896606e-01
-6.196960210800170898e-01 1.586028635501861572e-01 1.799575686454772949e-01
-3.774778246879577637e-01 2.743303477764129639e-01 1.084686145186424255e-01
-3.245812654495239258e-01 4.901894927024841309e-01 2.128285616636276245e-01
-3.864772021770477295e-01 4.997906386852264404e-01 1.373348981142044067e-01
-3.757799267768859863e-01 5.381964445114135742e-01 1.094137355685234070e-01
-3.472449481487274170e-01 5.603733658790588379e-01 4.856233298778533936e-02
-4.585622251033782959e-01 5.202913284301757812e-01 1.155924499034881592e-01
-4.630212485790252686e-01 4.998327195644378662e-01 4.991695284843444824e-02
-4.936285018920898438e-01 4.583307504653930664e-01 8.387034386396408081e-02
-4.442884027957916260e-01 2.658317685127258301e-01 -6.921134144067764282e-02
-3.373011648654937744e-01 1.657675653696060181e-01 -6.714826822280883789e-02
-1.931948661804199219e-01 6.029375270009040833e-02 4.699629917740821838e-02
-2.062265276908874512e-01 1.091907452791929245e-02 3.431861102581024170e-01
-3.829602003097534180e-01 -1.566591113805770874e-01 1.914681494235992432e-01
-4.676315486431121826e-01 -4.061948359012603760e-01 2.021406292915344238e-01
-4.897078573703765869e-01 -5.022041201591491699e-01 1.666101813316345215e-01
-4.289234578609466553e-01 -6.410354971885681152e-01 8.875564485788345337e-02
-4.284635484218597412e-01 -6.864755153656005859e-01 1.854617730714380741e-03
-4.645074605941772461e-01 -6.870748996734619141e-01 4.351890087127685547e-02
-4.753653109073638916e-01 -6.879656314849853516e-01 1.356269121170043945e-01
-4.520066082477569580e-01 -6.654206514358520508e-01 1.318745166063308716e-01
-4.942812323570251465e-01 -6.860469579696655273e-01 9.597179293632507324e-02
-4.055014848709106445e-01 -7.090780735015869141e-01 9.091086685657501221e-02
-3.690863847732543945e-01 -7.064027190208435059e-01 7.849454879760742188e-02
-3.417568504810333252e-01 -7.218561172485351562e-01 1.585685610771179199e-01
-3.102008998394012451e-01 -6.902757883071899414e-01 -2.780319191515445709e-03
-3.005850315093994141e-01 -7.025977969169616699e-01 1.122375428676605225e-01
6.394606828689575195e-02 -6.387330293655395508e-01 2.129423916339874268e-01
2.661407291889190674e-01 -3.720541298389434814e-01 3.075572848320007324e-01
3.524008393287658691e-01 -2.945058047771453857e-01 4.051562547683715820e-01
3.627323508262634277e-01 -2.807673513889312744e-01 3.879248499870300293e-01
3.565042018890380859e-01 -3.041616976261138916e-01 3.631359338760375977e-01
3.295985162258148193e-01 -3.399875462055206299e-01 2.904469370841979980e-01
3.738560378551483154e-01 -2.726892530918121338e-01 2.627144157886505127e-01
4.622054100036621094e-01 -1.279297918081283569e-01 1.072449386119842529e-01
3.807521760463714600e-01 -7.714580278843641281e-04 -3.936420008540153503e-02
1.188982874155044556e-01 2.896209955215454102e-01 3.096344470977783203e-01
-7.085456978529691696e-03 3.431361913681030273e-01 2.224606871604919434e-01
-1.260166764259338379e-01 3.544467091560363770e-01 2.098578065633773804e-01
-2.971181571483612061e-01 4.113869965076446533e-01 1.566602438688278198e-01
-4.093440473079681396e-01 4.498122036457061768e-01 9.129848331212997437e-02
-4.514124095439910889e-01 4.612548649311065674e-01 -2.242310531437397003e-02
-4.559745490550994873e-01 4.340594112873077393e-01 2.971533313393592834e-02
-4.538834393024444580e-01 4.696952104568481445e-01 2.349317818880081177e-02
-4.204142987728118896e-01 4.450878500938415527e-01 1.070814207196235657e-01
-3.612502217292785645e-01 4.065917134284973145e-01 7.339286059141159058e-02
-2.449330985546112061e-01 4.440758228302001953e-01 2.333511263132095337e-01
-1.091420054435729980e-01 4.511155486106872559e-01 3.443625569343566895e-01
-7.111950218677520752e-02 3.644016385078430176e-01 4.730532467365264893e-01
1.265239436179399490e-02 1.924921572208404541e-01 4.594348669052124023e-01
1.413165032863616943e-01 1.068892255425453186e-01 4.831592738628387451e-01
2.482073158025741577e-01 5.144957825541496277e-02 4.514125883579254150e-01
3.660649955272674561e-01 -1.242391541600227356e-01 9.076151996850967407e-02
3.572408556938171387e-01 -2.163798660039901733e-01 7.997458428144454956e-02
4.087737798690795898e-01 -2.082067728042602539e-01 1.212392300367355347e-01
3.716284036636352539e-01 -2.771283872425556183e-02 2.719142735004425049e-01
1.928767412900924683e-01 1.541941165924072266e-01 3.650249540805816650e-01
1.089120954275131226e-01 2.425720989704132080e-01 4.718244373798370361e-01
3.901701048016548157e-02 2.335154563188552856e-01 4.545809030532836914e-01
1.621072180569171906e-02 3.840432763099670410e-01 2.633620202541351318e-01
4.179104045033454895e-02 4.541485905647277832e-01 -1.138381063938140869e-01
2.149077691137790680e-02 3.595044612884521484e-01 -3.786399066448211670e-01
-1.116133574396371841e-02 3.060228824615478516e-01 -5.384225845336914062e-01
5.388509482145309448e-03 2.729704082012176514e-01 -5.821764469146728516e-01
5.471401661634445190e-02 1.377714276313781738e-01 -6.411322355270385742e-01
1.410371661186218262e-01 9.812287241220474243e-02 -6.114128828048706055e-01
1.972304582595825195e-01 4.701506346464157104e-02 -6.398819088935852051e-01
2.329098284244537354e-01 3.567162528634071350e-02 -6.371648311614990234e-01
2.746340036392211914e-01 7.850009948015213013e-02 -6.625605821609497070e-01
3.031090199947357178e-01 1.416990756988525391e-01 -6.530173420906066895e-01
3.473313450813293457e-01 1.176720932126045227e-01 -6.704418063163757324e-01
2.453473508358001709e-01 8.732165396213531494e-02 -6.024795770645141602e-01
2.844742536544799805e-01 1.916177123785018921e-01 -5.580742955207824707e-01
