-1.104033738374710083e-02 -1.347688287496566772e-01 -5.709953606128692627e-02
-8.888427168130874634e-02 -1.139994189143180847e-01 -6.652358919382095337e-02
-2.581165432929992676e-01 2.064016275107860565e-02 1.904590637423098087e-03
-4.280321002006530762e-01 1.701015084981918335e-01 1.074128746986389160e-01
-4.404674768447875977e-01 2.840387821197509766e-01 1.749161928892135620e-01
-2.123368233442306519e-01 3.648318052291870117e-01 -1.084779668599367142e-02
5.896748229861259460e-02 3.695401251316070557e-01 -2.249472737312316895e-01
1.316653341054916382e-01 3.635713160037994385e-01 -2.813469767570495605e-01
1.845126040279865265e-02 3.019323050975799561e-01 -2.279645204544067383e-01
-1.718636602163314819e-01 2.388590276241302490e-01 -5.102223251014947891e-03
-2.772301137447357178e-01 2.075557708740234375e-01 1.905352026224136353e-01
-2.649694383144378662e-01 -1.852845996618270874e-01 1.949272155761718750e-01
-2.052982896566390991e-01 -4.030086398124694824e-01 2.395032346248626709e-01
-9.474419802427291870e-02 -4.097421169281005859e-01 2.658536434173583984e-01
4.743399843573570251e-02 -3.832928538322448730e-01 2.607927322387695312e-01
-5.312351137399673462e-02 -5.912232398986816406e-02 1.672419011592864990e-01
-3.826203569769859314e-02 5.709026381373405457e-02 -4.159611184149980545e-03
1.289736032485961914e-01 -2.621719054877758026e-02 -1.604238003492355347e-01
2.265021055936813354e-01 -7.618829607963562012e-02 -1.599022001028060913e-01
3.265696465969085693e-01 -1.273692846298217773e-01 -6.722307205200195312e-02
1.122848168015480042e-01 -2.411138713359832764e-01 -5.999957025051116943e-02
-2.175104804337024689e-02 -2.568997740745544434e-01 4.008109122514724731e-02
8.725254237651824951e-02 -9.653335809707641602e-02 1.573975980281829834e-01
1.970853954553604126e-01 1.027272865176200867e-01 3.008273243904113770e-01
1.389241367578506470e-01 3.031852841377258301e-01 3.854010105133056641e-01
-2.860188670456409454e-02 3.300615847110748291e-01 2.739895284175872803e-01
-1.942616850137710571e-01 1.433187872171401978e-01 7.738582044839859009e-02
-2.718197405338287354e-01 -1.555030047893524170e-01 -3.583123534917831421e-02
-2.795047760009765625e-01 -2.568774819374084473e-01 -5.807444453239440918e-03
-3.200817406177520752e-01 -2.489512115716934204e-01 6.641148775815963745e-02
-2.798231840133666992e-01 -2.553067803382873535e-01 7.667934894561767578e-02
-3.518357276916503906e-01 -1.317609846591949463e-01 5.437681823968887329e-02
-2.426019310951232910e-01 -1.155612692236900330e-01 1.944623701274394989e-02
-1.663056164979934692e-01 -9.361992031335830688e-02 3.868572041392326355e-02
8.085881918668746948e-02 -1.272783726453781128e-01 5.232169479131698608e-02
2.730656266212463379e-01 -1.193997561931610107e-01 6.277245283126831055e-02
9.963616728782653809e-02 8.202000707387924194e-02 1.473791152238845825e-01
1.995796859264373779e-01 4.153720289468765259e-02 1.082712933421134949e-01
1.151171326637268066e-01 3.771052509546279907e-02 8.133864402770996094e-02
2.174041867256164551e-01 2.042856365442276001e-01 1.928116083145141602e-01
3.108252882957458496e-01 3.891611397266387939e-01 1.965795904397964478e-01
2.404634058475494385e-01 5.348825454711914062e-01 2.903112471103668213e-01
3.201236426830291748e-01 4.384264647960662842e-01 2.326715737581253052e-01
2.049382627010345459e-01 2.141861170530319214e-01 1.287488639354705811e-01
6.064838543534278870e-02 3.548382967710494995e-02 1.666849828325212002e-03
-9.628198295831680298e-02 9.789277613162994385e-02 -2.602609097957611084e-01
-1.524749398231506348e-01 3.148020803928375244e-01 -4.140439927577972412e-01
-1.090275868773460388e-01 3.558351695537567139e-01 -5.179910063743591309e-01
-6.558849662542343140e-02 1.174985393881797791e-01 -2.881314754486083984e-01
-7.192923873662948608e-02 -1.904451847076416016e-01 -7.114841043949127197e-02
-7.857038080692291260e-02 -3.454724848270416260e-01 7.396849989891052246e-02
2.291892655193805695e-02 -3.062846362590789795e-01 2.429436659440398216e-03
7.839202880859375000e-02 -2.513410151004791260e-01 -3.366935849189758301e-01
5.682304967194795609e-03 -2.392824590206146240e-01 -4.337499737739562988e-01
-1.735869348049163818e-01 -1.892605721950531006e-01 -4.099098443984985352e-01
-2.763412892818450928e-01 -1.422302722930908203e-01 -2.770167887210845947e-01
-2.135014832019805908e-01 -1.816802285611629486e-02 -6.322083622217178345e-02
-1.584554165601730347e-01 1.146837249398231506e-01 1.182802021503448486e-01
-1.930204927921295166e-01 1.795635074377059937e-01 1.910375952720642090e-01
-2.108817100524902344e-01 2.188448011875152588e-01 3.530776798725128174e-01
-7.068752497434616089e-02 1.910364478826522827e-01 5.379154682159423828e-01
6.087980046868324280e-02 1.627751737833023071e-01 5.870999693870544434e-01
1.442719697952270508e-01 1.186808943748474121e-01 5.388757586479187012e-01
2.138604372739791870e-01 6.759074330329895020e-02 4.123753607273101807e-01
4.081058800220489502e-01 -6.211412325501441956e-02 1.505265682935714722e-01
5.545656085014343262e-01 -1.319000422954559326e-01 4.939564689993858337e-02
5.606368780136108398e-01 -1.175088658928871155e-01 2.397111617028713226e-02
3.066399693489074707e-01 3.048518858850002289e-02 6.870682351291179657e-03
-3.878057897090911865e-01 2.180208861827850342e-01 -1.112763583660125732e-01
-5.211646556854248047e-01 2.362352758646011353e-01 -1.905447393655776978e-01
-4.815219938755035400e-01 1.152505576610565186e-01 -2.691955268383026123e-01
-7.504642009735107422e-02 -6.166193261742591858e-02 -3.220579922199249268e-01
4.864231348037719727e-01 -1.680291444063186646e-01 -3.509553074836730957e-01
5.219883918762207031e-01 -2.539412677288055420e-01 -5.083407759666442871e-01
4.702921807765960693e-01 -3.739924430847167969e-01 -5.148856639862060547e-01
2.362871319055557251e-01 -5.154173374176025391e-01 -3.956616818904876709e-01
5.582870915532112122e-02 -4.895368814468383789e-01 -1.852073669433593750e-01
2.850568294525146484e-02 -2.708850502967834473e-01 1.244884356856346130e-01
5.527479108422994614e-03 -8.585444092750549316e-02 2.650583982467651367e-01
4.296452552080154419e-02 -3.029713965952396393e-02 2.617671191692352295e-01
-8.556195348501205444e-02 1.288821268826723099e-02 7.133575528860092163e-02
-1.781240254640579224e-01 9.952004998922348022e-02 -1.419746130704879761e-01
-2.882279753684997559e-01 2.936854958534240723e-01 -2.571102678775787354e-01
-2.573966085910797119e-01 3.393026590347290039e-01 -2.887209355831146240e-01
-1.866402477025985718e-01 3.472963869571685791e-01 -1.982904672622680664e-01
-1.492261737585067749e-01 2.585595548152923584e-01 -8.931509405374526978e-02
-1.238400489091873169e-01 1.506528258323669434e-01 1.911378814838826656e-03
