9.491867572069168091e-02 5.998622253537178040e-02 8.214750140905380249e-02
8.116728812456130981e-02 1.960280388593673706e-01 2.020064443349838257e-01
-2.763998135924339294e-02 2.506374716758728027e-01 2.926673889160156250e-01
-1.152713298797607422e-01 1.071598753333091736e-01 3.274688124656677246e-01
-1.273659020662307739e-01 -2.269682735204696655e-01 2.467871904373168945e-01
-8.892969787120819092e-02 -4.687956571578979492e-01 1.116043254733085632e-01
-1.011480949819087982e-02 -4.026650190353393555e-01 -3.048030892387032509e-03
-8.172675222158432007e-02 -5.957923084497451782e-02 -9.883209317922592163e-02
-1.284288167953491211e-01 3.309037089347839355e-01 -1.344178467988967896e-01
-3.357818722724914551e-02 4.907134175300598145e-01 -2.929531931877136230e-01
7.771546393632888794e-02 4.489808976650238037e-01 -4.319256246089935303e-01
1.330609470605850220e-01 3.065434396266937256e-01 -4.502084255218505859e-01
-7.752291858196258545e-02 1.358188837766647339e-01 -3.638447523117065430e-01
-3.683032691478729248e-01 -9.747085720300674438e-02 5.816529691219329834e-02
-4.012155532836914062e-01 -2.625205516815185547e-01 3.197530508041381836e-01
-2.160289138555526733e-01 -3.769159913063049316e-01 3.084613382816314697e-01
1.024098023772239685e-01 -4.308614134788513184e-01 1.269163340330123901e-01
2.293219268321990967e-01 -2.863621115684509277e-01 -5.224677920341491699e-02
2.315695881843566895e-01 5.074355285614728928e-04 -1.554951816797256470e-01
2.063408195972442627e-01 2.008513808250427246e-01 -1.652785390615463257e-01
9.255225211381912231e-02 1.713600903749465942e-01 -8.452661335468292236e-02
-1.205667033791542053e-01 3.596973791718482971e-02 7.713364064693450928e-02
-3.110905587673187256e-01 -6.026607379317283630e-02 3.120274543762207031e-01
-2.079553902149200439e-01 8.352046832442283630e-03 3.951740264892578125e-01
2.113791108131408691e-01 1.358078420162200928e-01 2.483892738819122314e-01
4.555672407150268555e-01 1.316538155078887939e-01 -1.323668956756591797e-01
4.428550899028778076e-01 4.049157723784446716e-02 -4.059125483036041260e-01
1.462195068597793579e-01 -2.104157814756035805e-03 -4.075481295585632324e-01
-1.692440658807754517e-01 8.302058093249797821e-03 -2.684319019317626953e-01
-1.867559254169464111e-01 6.605554372072219849e-02 6.726336869178339839e-05
-8.289227634668350220e-02 1.046852469444274902e-01 1.617486029863357544e-01
-6.297951936721801758e-02 5.381527543067932129e-02 1.753036379814147949e-01
-1.408308148384094238e-01 -6.086437404155731201e-02 1.006106659770011902e-01
-2.398174554109573364e-01 -2.078328728675842285e-01 -1.624205149710178375e-02
-2.135055661201477051e-01 -2.185859233140945435e-01 4.940778017044067383e-02
-1.613062024116516113e-01 -1.566263884305953979e-01 7.266952097415924072e-02
-7.250009477138519287e-02 -2.145296894013881683e-02 1.003908440470695496e-01
-8.566052466630935669e-02 7.668872922658920288e-02 1.401131451129913330e-01
-1.756429672241210938e-01 7.990851253271102905e-02 2.140381336212158203e-01
-2.351620644330978394e-01 1.290132105350494385e-01 4.014095067977905273e-01
-2.057352811098098755e-01 6.314259767532348633e-02 3.580394089221954346e-01
-1.085723750293254852e-02 -2.744374610483646393e-02 5.324868485331535339e-02
2.277559787034988403e-01 -9.258158504962921143e-02 -2.997894287109375000e-01
3.770211338996887207e-01 -1.575490236282348633e-01 -3.951564431190490723e-01
4.005298614501953125e-01 -1.583903133869171143e-01 -1.934058368206024170e-01
3.791338205337524414e-01 -1.852430999279022217e-01 7.194849103689193726e-02
1.712804287672042847e-01 -4.687602818012237549e-02 1.182283908128738403e-01
-1.381803601980209351e-01 1.734162271022796631e-01 -1.356627643108367920e-01
-3.240235745906829834e-01 3.011893928050994873e-01 -3.704403340816497803e-01
-3.265887796878814697e-01 2.698927819728851318e-01 -3.958593308925628662e-01
1.675515621900558472e-02 -4.345738142728805542e-02 -3.147187232971191406e-01
2.482890337705612183e-01 -2.069995254278182983e-01 -1.219084262847900391e-01
3.137213587760925293e-01 -1.957685053348541260e-01 6.162048503756523132e-02
2.350656390190124512e-01 -1.618961989879608154e-02 1.356924921274185181e-01
-2.371802926063537598e-02 1.914927512407302856e-01 2.180037051439285278e-01
-1.687534004449844360e-01 1.820056438446044922e-01 2.668635249137878418e-01
-2.110864967107772827e-01 1.692755222320556641e-01 2.824200093746185303e-01
-2.157089710235595703e-01 1.995480507612228394e-01 2.914392948150634766e-01
-2.717142105102539062e-01 2.401560246944427490e-01 2.426749169826507568e-01
-2.972415089607238770e-01 2.009334564208984375e-01 1.365728825330734253e-01
-1.923665553331375122e-01 2.982447855174541473e-02 -6.113902106881141663e-02
4.501357302069664001e-02 -1.782067865133285522e-01 -2.289615273475646973e-01
2.030526697635650635e-01 -4.147637486457824707e-01 -3.249719142913818359e-01
9.869486093521118164e-02 -4.996135532855987549e-01 -3.301086723804473877e-01
-8.609336614608764648e-02 -4.901939332485198975e-01 -2.643630504608154297e-01
-1.180694550275802612e-01 -2.636277675628662109e-01 -6.812551617622375488e-02
1.844427585601806641e-01 3.311640918254852295e-01 2.682795226573944092e-01
3.657740652561187744e-01 5.456413030624389648e-01 3.715994954109191895e-01
3.863524794578552246e-01 5.361894965171813965e-01 3.003932237625122070e-01
2.717464864253997803e-01 1.684233695268630981e-01 2.118158852681517601e-03
-1.167250201106071472e-01 -4.731564223766326904e-01 -3.381092548370361328e-01
-2.122711092233657837e-01 -6.378159523010253906e-01 -4.537971913814544678e-01
-2.497721910476684570e-01 -6.065762639045715332e-01 -4.890972077846527100e-01
-1.798442006111145020e-01 -2.865546047687530518e-01 -4.520492553710937500e-01
-3.654429316520690918e-02 2.512015104293823242e-01 -2.281113266944885254e-01
-9.279034286737442017e-02 4.903859496116638184e-01 1.405225396156311035e-01
-9.321912378072738647e-02 4.412742555141448975e-01 3.395495116710662842e-01
-8.192801475524902344e-02 2.706054747104644775e-01 4.040684998035430908e-01
4.608564823865890503e-02 1.376604735851287842e-01 3.639722466468811035e-01
2.108970582485198975e-01 2.576417522504925728e-03 2.344631850719451904e-01
2.835952043533325195e-01 -4.854265600442886353e-02 2.240842133760452271e-01
3.189000487327575684e-01 -5.820155516266822815e-02 2.600973546504974365e-01
2.120762169361114502e-01 -3.457486629486083984e-02 2.702499032020568848e-01
3.012455767020583153e-03 3.511808812618255615e-02 1.654894798994064331e-01
-1.947169303894042969e-01 1.063677668571472168e-01 -4.376346245408058167e-02
-2.557694911956787109e-01 1.197905018925666809e-01 -1.334010064601898193e-01
-1.794122010469436646e-01 7.767524570226669312e-02 -1.483610272407531738e-01
