-5.917614698410034180e-01 -9.099800139665603638e-02 3.251709938049316406e-01
-4.855957627296447754e-01 -8.956974744796752930e-02 2.862478792667388916e-01
-3.111802637577056885e-01 -5.534471198916435242e-02 9.853636473417282104e-02
-4.652040600776672363e-01 2.164272516965866089e-01 7.738614827394485474e-02
-4.660723805427551270e-01 3.707025349140167236e-01 5.336763709783554077e-02
-3.842884302139282227e-01 3.648249804973602295e-01 -2.548376284539699554e-02
-3.801135718822479248e-01 3.939984440803527832e-01 -1.080600637942552567e-02
-4.092354476451873779e-01 3.816966116428375244e-01 -6.929645687341690063e-02
-3.923458158969879150e-01 3.677415847778320312e-01 -1.731527000665664673e-01
-4.420020580291748047e-01 3.715018332004547119e-01 -1.896552443504333496e-01
-4.968731701374053955e-01 3.500529527664184570e-01 -1.635530292987823486e-01
-4.503661990165710449e-01 3.111267685890197754e-01 -3.117498159408569336e-01
-3.240755200386047363e-01 3.195357620716094971e-01 -4.079247415065765381e-01
-1.750054210424423218e-01 3.257813155651092529e-01 -3.642771542072296143e-01
-2.137251049280166626e-01 2.741779088973999023e-01 -4.689480960369110107e-01
-2.270454317331314087e-01 2.240195572376251221e-01 -2.352101802825927734e-01
5.218333005905151367e-02 2.008421421051025391e-01 -7.059460878372192383e-02
2.332730144262313843e-01 9.334543347358703613e-02 3.292123973369598389e-02
2.696060240268707275e-01 6.651714444160461426e-02 -1.484005432575941086e-02
6.662508007138967514e-03 3.750872239470481873e-02 -4.047782719135284424e-02
5.728173628449440002e-02 4.511559009552001953e-02 -7.497850805521011353e-02
1.443563699722290039e-01 8.041525632143020630e-02 -1.717597544193267822e-01
-7.713762670755386353e-02 -1.128610894083976746e-01 -1.964691281318664551e-01
-3.563634306192398071e-02 -9.258855879306793213e-02 -2.577529847621917725e-01
-1.140253245830535889e-01 -4.674747586250305176e-02 -1.527287364006042480e-01
-8.881295472383499146e-02 -7.704400271177291870e-02 -1.254150122404098511e-01
-8.817878365516662598e-02 -3.062917478382587433e-02 -9.462378174066543579e-02
-1.337201744318008423e-01 -6.471776962280273438e-02 -1.629457175731658936e-01
-2.390481382608413696e-01 -1.328198313713073730e-01 -1.185083985328674316e-01
-2.293216288089752197e-01 -5.404421314597129822e-02 -1.676393896341323853e-01
-1.035262197256088257e-01 1.398731768131256104e-01 -1.210179924964904785e-01
1.672683954238891602e-01 9.461622685194015503e-02 -1.977457292377948761e-02
2.420940548181533813e-01 8.084551244974136353e-02 -2.794574946165084839e-03
-5.393525585532188416e-02 8.004008792340755463e-03 -8.828062564134597778e-02
1.345225274562835693e-01 9.652174264192581177e-02 -8.156011998653411865e-02
8.095365762710571289e-02 2.452164515852928162e-02 -1.946539431810379028e-01
-2.048968337476253510e-02 -1.278754323720932007e-01 -1.531170457601547241e-01
-5.591894313693046570e-02 -5.631258711218833923e-02 -2.509357929229736328e-01
-9.973285347223281860e-02 -5.337754264473915100e-02 -1.355576962232589722e-01
-9.706234186887741089e-02 -7.453018426895141602e-02 -1.266136020421981812e-01
-9.542859345674514771e-02 -2.459196001291275024e-02 -9.102292358875274658e-02
-1.554479002952575684e-01 -7.830944657325744629e-02 -1.688185781240463257e-01
-2.506423890590667725e-01 -1.193536445498466492e-01 -8.344084769487380981e-02
-1.775386780500411987e-01 -9.418583661317825317e-02 -1.453730463981628418e-01
-3.348986804485321045e-01 -1.043924689292907715e-01 3.734529614448547363e-01
-3.351853489875793457e-01 -8.817946165800094604e-02 3.940820097923278809e-01
-1.346796303987503052e-01 1.599047929048538208e-01 1.977708488702774048e-01
5.248579755425453186e-02 2.921193242073059082e-01 1.286007580347359180e-03
1.071274653077125549e-01 2.996600568294525146e-01 7.025630772113800049e-02
8.769130706787109375e-02 2.689679265022277832e-01 2.011497914791107178e-01
1.738907694816589355e-01 2.653374075889587402e-01 3.115938007831573486e-01
1.599056422710418701e-01 3.110851645469665527e-01 3.599712252616882324e-01
1.506034731864929199e-01 3.151344656944274902e-01 4.007137417793273926e-01
1.504482924938201904e-01 2.396937459707260132e-01 4.344882965087890625e-01
1.684146225452423096e-01 2.206225544214248657e-01 4.608146548271179199e-01
1.311298757791519165e-01 2.270713746547698975e-01 3.623512685298919678e-01
-4.187022801488637924e-03 2.701862752437591553e-01 2.762611806392669678e-01
-5.814224481582641602e-02 4.317144155502319336e-01 3.121120333671569824e-01
-1.609810590744018555e-01 4.180928766727447510e-01 2.892574369907379150e-01
-2.511013448238372803e-01 4.466731548309326172e-01 2.400179058313369751e-01
-3.257211446762084961e-01 4.860390126705169678e-01 2.506126463413238525e-01
-3.431667387485504150e-01 4.883311390876770020e-01 2.467260211706161499e-01
-3.732085525989532471e-01 3.951047956943511963e-01 1.717035919427871704e-01
-3.435674011707305908e-01 4.136431515216827393e-01 2.240915596485137939e-01
-3.292885720729827881e-01 4.659955799579620361e-01 2.816568613052368164e-01
-2.857481241226196289e-01 4.402566254138946533e-01 3.249981999397277832e-01
-2.403144389390945435e-01 4.507480859756469727e-01 4.117590487003326416e-01
-7.746756821870803833e-02 3.747451901435852051e-01 3.531876504421234131e-01
-2.478443272411823273e-02 2.959051132202148438e-01 4.131440222263336182e-01
-2.665404230356216431e-02 2.619587182998657227e-01 4.962248504161834717e-01
2.338568866252899170e-02 2.582964897155761719e-01 4.286395907402038574e-01
1.136847436428070068e-01 2.225704640150070190e-01 3.886196613311767578e-01
1.246732622385025024e-01 2.196543812751770020e-01 3.941467106342315674e-01
8.534882962703704834e-02 2.679055035114288330e-01 4.326815307140350342e-01
4.696729406714439392e-02 2.887207865715026855e-01 4.808602929115295410e-01
2.632492454722523689e-03 3.892298340797424316e-01 3.586425185203552246e-01
-4.003220237791538239e-03 4.249151647090911865e-01 2.552455365657806396e-01
-4.121043905615806580e-02 4.996805787086486816e-01 1.310888826847076416e-01
3.820917755365371704e-02 4.512318074703216553e-01 -5.086730793118476868e-02
4.038451611995697021e-02 3.541451990604400635e-01 -2.789395153522491455e-01
7.150626275688409805e-03 3.076552748680114746e-01 -4.480876922607421875e-01
6.662715226411819458e-02 2.312932610511779785e-01 -5.613953471183776855e-01
9.634106606245040894e-02 8.459543436765670776e-02 -6.484407782554626465e-01
1.319179683923721313e-01 3.905894979834556580e-02 -6.527615785598754883e-01
1.754252165555953979e-01 4.147300124168395996e-02 -6.636609435081481934e-01
1.615283191204071045e-01 5.464220046997070312e-02 -6.477140188217163086e-01
1.257504522800445557e-01 8.543806523084640503e-02 -6.586437225341796875e-01
1.406398415565490723e-01 5.837376415729522705e-02 -6.704077720642089844e-01
1.968551874160766602e-01 4.968912526965141296e-02 -6.778168082237243652e-01
1.730956733226776123e-01 9.243827313184738159e-03 -6.043280363082885742e-01
1.965088695287704468e-01 4.302601143717765808e-02 -6.714916229248046875e-01
2.295781373977661133e-01 1.987110674381256104e-01 -6.327548623085021973e-01
