3.302563428878784180e-01 -2.197599224746227264e-02 9.775743633508682251e-02
4.295265674591064453e-01 -1.403835117816925049e-01 6.584922317415475845e-03
4.472502768039703369e-01 -2.172796130180358887e-01 -1.147025376558303833e-01
3.757364153861999512e-01 -2.478778660297393799e-01 -1.589332520961761475e-01
1.588576734066009521e-01 -2.481358796358108521e-01 -4.253061488270759583e-02
5.993787944316864014e-02 -1.241666302084922791e-01 2.099788747727870941e-02
-7.433493621647357941e-03 -4.442764073610305786e-02 -8.163638412952423096e-02
-9.672925621271133423e-02 -2.721450850367546082e-02 -2.361260503530502319e-01
-9.270339459180831909e-02 -1.663085818290710449e-01 -2.189113646745681763e-01
-1.045755594968795776e-01 -2.035224735736846924e-01 -1.343974322080612183e-01
-1.980154775083065033e-02 -8.435893058776855469e-02 -1.494222413748502731e-02
1.419272720813751221e-01 3.300238251686096191e-01 -9.687896817922592163e-02
9.469069540500640869e-02 5.323826074600219727e-01 -3.843227922916412354e-01
-9.793812036514282227e-02 5.312799811363220215e-01 -2.738978564739227295e-01
-1.593414098024368286e-01 5.386483073234558105e-01 -9.710772428661584854e-04
-1.527179148979485035e-03 5.393465161323547363e-01 3.282415270805358887e-01
1.092723533511161804e-01 5.180040001869201660e-01 4.260804951190948486e-01
5.101778730750083923e-02 3.750980198383331299e-01 1.502777189016342163e-01
-1.757816523313522339e-01 1.638750894926488400e-03 -2.041054144501686096e-02
-1.164845749735832214e-01 -2.216924130916595459e-01 -1.173668429255485535e-01
-3.687733784317970276e-02 -1.787827163934707642e-01 -1.666419208049774170e-01
1.731332093477249146e-01 -7.706592231988906860e-02 -1.420718431472778320e-01
-6.085041095502674580e-04 1.048497930169105530e-01 -2.331897020339965820e-01
-4.278731718659400940e-02 1.469203531742095947e-01 -1.481792777776718140e-01
-8.977346122264862061e-02 1.068180203437805176e-01 -1.587853883393108845e-03
-2.067319452762603760e-01 1.584853045642375946e-02 9.469307959079742432e-03
-1.104480922222137451e-01 -2.017583847045898438e-01 1.447676271200180054e-01
-8.475757390260696411e-02 -2.133791297674179077e-01 9.094202518463134766e-02
1.452005058526992798e-01 -1.862824112176895142e-01 3.420517966151237488e-02
2.836362123489379883e-01 3.209276497364044189e-02 1.183807179331779480e-01
2.354681342840194702e-01 2.451733648777008057e-01 1.586220413446426392e-01
-6.167859211564064026e-02 1.703346818685531616e-01 1.250127106904983521e-01
-1.483990997076034546e-01 5.550206080079078674e-02 1.060225963592529297e-01
-1.112926900386810303e-01 -1.768799424171447754e-01 -9.018865972757339478e-02
3.799369931221008301e-02 -1.034553945064544678e-01 -1.313528269529342651e-01
1.691780686378479004e-01 -5.875104572623968124e-03 -1.242278069257736206e-01
-3.576541319489479065e-02 1.230991557240486145e-01 -2.462681680917739868e-01
-5.252365022897720337e-02 1.424744576215744019e-01 -1.352836042642593384e-01
-1.307417899370193481e-01 1.881230063736438751e-02 -2.266865596175193787e-02
-2.196843326091766357e-01 -2.350486442446708679e-02 4.011985287070274353e-02
-1.170765608549118042e-01 -2.413068711757659912e-01 1.805453449487686157e-01
-9.156540781259536743e-02 -1.564066261053085327e-01 9.048248082399368286e-02
-2.552946507930755615e-01 -1.525958627462387085e-01 3.119696974754333496e-01
-3.948255479335784912e-01 -1.483723074197769165e-01 3.772478699684143066e-01
-2.866904437541961670e-01 -5.749012157320976257e-02 2.403757274150848389e-01
1.703395247459411621e-01 -1.954867392778396606e-01 2.084127068519592285e-01
5.677248239517211914e-01 -1.143359914422035217e-01 -2.327511273324489594e-02
5.680091381072998047e-01 -9.550043195486068726e-02 1.199799478054046631e-01
2.783942520618438721e-01 5.472206696867942810e-02 3.156317472457885742e-01
-8.951058238744735718e-02 2.501303255558013916e-01 3.364087343215942383e-01
-1.834771931171417236e-01 2.869965136051177979e-01 2.443021237850189209e-01
-2.370215207338333130e-01 2.443060278892517090e-01 1.156104058027267456e-01
-2.849646806716918945e-01 9.731783717870712280e-02 9.612242877483367920e-02
-2.254297286272048950e-01 -9.281165152788162231e-02 5.525673925876617432e-02
-1.032166853547096252e-01 -2.817467749118804932e-01 -1.288776546716690063e-01
-1.528546307235956192e-02 -3.520132899284362793e-01 -2.213499397039413452e-01
-6.437754631042480469e-02 -3.608970344066619873e-01 -3.069821000099182129e-01
-1.015472710132598877e-01 -2.927902638912200928e-01 -2.800346016883850098e-01
3.722878172993659973e-02 -2.257152348756790161e-01 -2.392793446779251099e-01
1.761482656002044678e-01 -1.904362887144088745e-01 -1.980390846729278564e-01
1.207843348383903503e-01 -2.028602212667465210e-01 -1.057442873716354370e-01
-7.396336644887924194e-02 -9.980115294456481934e-02 -3.028814494609832764e-02
-2.296735048294067383e-01 1.829269109293818474e-03 3.365867957472801208e-02
-1.211152970790863037e-01 8.526792377233505249e-02 8.546487241983413696e-02
3.248337656259536743e-02 1.616801023483276367e-01 2.178896963596343994e-01
-3.904651850461959839e-02 2.001022100448608398e-01 3.056727051734924316e-01
-1.647395193576812744e-01 1.901771277189254761e-01 3.404679596424102783e-01
-2.769811451435089111e-01 1.583992540836334229e-01 3.243396580219268799e-01
-1.434812247753143311e-01 6.116362661123275757e-02 2.787725031375885010e-01
5.505234375596046448e-02 7.422708719968795776e-02 1.676858812570571899e-01
1.721113175153732300e-01 1.772538870573043823e-01 2.245657518506050110e-02
1.956027746200561523e-01 1.521201133728027344e-01 -7.076314836740493774e-02
1.298699826002120972e-01 1.034383699297904968e-01 -1.221090089529752731e-02
2.679124176502227783e-01 -2.340652979910373688e-02 -6.996495276689529419e-02
2.993369996547698975e-01 -1.070629432797431946e-01 -2.023961991071701050e-01
2.985379099845886230e-01 -1.151894629001617432e-01 -3.088997304439544678e-01
4.665621221065521240e-01 -1.045012101531028748e-01 -2.941150367259979248e-01
5.345270037651062012e-01 -2.348608076572418213e-01 -1.650501042604446411e-01
5.448538661003112793e-01 -3.904779255390167236e-01 -1.895583719015121460e-01
3.605896234512329102e-01 -4.704581201076507568e-01 -2.500554025173187256e-01
7.224300503730773926e-02 -4.392254352569580078e-01 -2.396521419286727905e-01
-1.110266745090484619e-01 -2.924209237098693848e-01 -1.077761128544807434e-01
-1.567769348621368408e-01 -1.602806895971298218e-01 1.242026034742593765e-02
-1.130736768245697021e-01 -1.396908313035964966e-01 4.903003200888633728e-02
-2.170342057943344116e-01 -8.757051825523376465e-02 -1.378625258803367615e-02
-1.914195269346237183e-01 -3.736957535147666931e-02 -9.146174788475036621e-02
-1.979992985725402832e-01 -5.955804884433746338e-02 -8.299174904823303223e-02
-7.191429287195205688e-02 1.756187342107295990e-02 -2.592816948890686035e-03
6.117878481745719910e-03 5.407021939754486084e-02 -5.760040134191513062e-02
-8.469548076391220093e-02 3.010418117046356201e-01 -2.017167806625366211e-01
-1.072135195136070251e-01 3.794366121292114258e-01 -2.476593703031539917e-01
-1.339203864336013794e-01 3.027362227439880371e-01 -2.182248979806900024e-01
