2.503250166773796082e-02 1.673300564289093018e-02 -1.435117721557617188e-01
4.902229644358158112e-03 2.703440375626087189e-02 -1.734841763973236084e-01
-1.010590046644210815e-02 1.020079106092453003e-01 -1.335023790597915649e-01
-1.107316650450229645e-02 8.909573405981063843e-02 1.627498678863048553e-02
1.153931468725204468e-01 4.030011594295501709e-02 1.348814964294433594e-01
2.555328309535980225e-01 -3.324642777442932129e-02 1.485405862331390381e-01
2.746301889419555664e-01 -6.180028989911079407e-02 2.354281209409236908e-02
2.086340487003326416e-01 5.515011399984359741e-02 -1.097496747970581055e-01
1.083762571215629578e-02 1.212971508502960205e-01 -9.362701326608657837e-02
-9.346951544284820557e-02 -3.221799805760383606e-02 1.802201271057128906e-01
4.147273302078247070e-02 -3.091143965721130371e-01 4.248552620410919189e-01
7.781715691089630127e-02 -3.194481134414672852e-01 5.084049701690673828e-01
1.921400427818298340e-02 -9.167467057704925537e-02 4.626567065715789795e-01
-2.512607574462890625e-01 2.240726351737976074e-01 2.515658736228942871e-01
-4.862881898880004883e-01 3.544502556324005127e-01 4.066951572895050049e-02
-3.168587684631347656e-01 1.699797213077545166e-01 -1.647962331771850586e-01
8.272331207990646362e-02 6.404899060726165771e-02 -4.129256904125213623e-01
3.616661131381988525e-01 -7.184030488133430481e-03 -5.099549293518066406e-01
3.906156718730926514e-01 -6.115318089723587036e-02 -4.736937284469604492e-01
1.088954135775566101e-01 -1.445861458778381348e-01 -2.974764406681060791e-01
5.988404899835586548e-02 -2.254705429077148438e-01 5.484372749924659729e-02
9.270250052213668823e-02 -1.154811456799507141e-01 2.380540072917938232e-01
4.549061879515647888e-02 1.348828673362731934e-01 2.126337587833404541e-01
3.621708368882536888e-03 2.954133450984954834e-01 9.566742926836013794e-02
-2.586165666580200195e-01 2.806371450424194336e-01 -1.670601069927215576e-01
-3.068837821483612061e-01 1.433421075344085693e-01 -2.603671252727508545e-01
-2.507747709751129150e-01 -6.627698242664337158e-02 -2.252552658319473267e-01
-1.875966638326644897e-01 -1.442822366952896118e-01 2.145458711311221123e-03
-1.683906652033329010e-02 -1.282062232494354248e-01 2.983228564262390137e-01
7.265642285346984863e-02 -1.188611239194869995e-02 3.078477680683135986e-01
1.379164904356002808e-01 9.905932843685150146e-02 1.485498845577239990e-01
2.150945663452148438e-01 5.621792748570442200e-02 -1.891950964927673340e-01
2.012761980295181274e-01 -8.164198696613311768e-02 -3.032237589359283447e-01
1.001591905951499939e-01 -2.336789667606353760e-01 -1.789606213569641113e-01
1.501898318529129028e-01 -2.470421344041824341e-01 4.583937302231788635e-02
1.073222458362579346e-01 -8.864592760801315308e-02 2.070596069097518921e-01
5.525219067931175232e-02 1.751698553562164307e-01 1.225945949554443359e-01
-4.614013805985450745e-02 2.963626980781555176e-01 8.575333282351493835e-03
-3.026055395603179932e-01 2.901877462863922119e-01 -2.064361870288848877e-01
-2.876923680305480957e-01 1.223186478018760681e-01 -2.215584516525268555e-01
-1.786926388740539551e-01 1.125235185027122498e-01 -1.163120791316032410e-01
2.847363986074924469e-02 2.881690859794616699e-01 2.211783081293106079e-02
2.738523483276367188e-01 2.812005579471588135e-01 1.917818039655685425e-01
1.782374531030654907e-01 1.131996661424636841e-01 4.546611383557319641e-02
-3.014883492141962051e-03 -3.516487479209899902e-01 -7.585312426090240479e-02
-1.871236413717269897e-01 -4.686516821384429932e-01 -1.249576807022094727e-01
-3.037220239639282227e-01 -2.790748775005340576e-01 1.493584923446178436e-02
-1.959364414215087891e-01 9.318304806947708130e-02 2.750669419765472412e-01
-6.525593996047973633e-02 3.107294738292694092e-01 3.196335136890411377e-01
6.606366485357284546e-02 1.938483268022537231e-01 2.373713999986648560e-01
1.713940650224685669e-01 5.642016977071762085e-02 -1.954664330696687102e-04
1.785421371459960938e-01 -4.090293124318122864e-02 -2.454524785280227661e-01
8.003369718790054321e-02 -1.777914911508560181e-01 -3.791533708572387695e-01
-9.109622985124588013e-02 -2.789793908596038818e-01 -3.916588723659515381e-01
-1.017380580306053162e-01 -2.845507860183715820e-01 -3.178344368934631348e-01
3.031154163181781769e-02 -1.531392484903335571e-01 -1.401919722557067871e-01
1.684720367193222046e-01 2.101012691855430603e-02 7.574596256017684937e-02
1.621747612953186035e-01 5.095262825489044189e-02 1.333118677139282227e-01
2.296291850507259369e-02 2.449363283812999725e-02 9.821109473705291748e-02
1.174921728670597076e-02 4.041942954063415527e-02 8.379313349723815918e-02
6.022280827164649963e-02 1.489702612161636353e-01 1.336610317230224609e-01
2.264224737882614136e-02 1.882789880037307739e-01 2.138450741767883301e-01
-1.463194191455841064e-01 1.504087299108505249e-01 2.850086987018585205e-01
-2.720102369785308838e-01 8.999322354793548584e-02 2.346100509166717529e-01
-2.201665043830871582e-01 7.167256623506546021e-02 1.344763785600662231e-01
-9.981109760701656342e-03 1.425676345825195312e-01 1.328474190086126328e-02
1.175721213221549988e-01 7.100702077150344849e-02 -1.500660926103591919e-01
1.004623398184776306e-01 -8.497956395149230957e-02 -1.682826727628707886e-01
3.616378456354141235e-02 -2.792288064956665039e-01 -1.029289588332176208e-01
1.471004914492368698e-02 -3.555941283702850342e-01 -2.733087167143821716e-02
1.041685417294502258e-01 -1.663128435611724854e-01 6.857347488403320312e-02
1.033427491784095764e-01 3.523668274283409119e-03 -2.226011455059051514e-02
5.660976469516754150e-02 3.205450996756553650e-02 -1.654909551143646240e-01
-2.079780027270317078e-02 -1.001992076635360718e-01 -2.424896508455276489e-01
-1.155895739793777466e-01 -3.109266459941864014e-01 -2.743484079837799072e-01
-1.336826533079147339e-01 -3.629186749458312988e-01 -2.676352858543395996e-01
-1.404343992471694946e-01 -2.894671559333801270e-01 -2.768831253051757812e-01
-4.766290634870529175e-02 -9.246128797531127930e-02 -2.596999704837799072e-01
1.038939654827117920e-01 1.421560645103454590e-01 -1.799034774303436279e-01
1.532094180583953857e-01 2.961755096912384033e-01 3.192870318889617920e-02
1.250828504562377930e-01 3.833998739719390869e-01 2.410250157117843628e-01
6.348519027233123779e-02 3.608285188674926758e-01 3.172006607055664062e-01
6.495304405689239502e-02 3.059011101722717285e-01 2.948788404464721680e-01
1.369427889585494995e-01 1.983315944671630859e-01 2.048458307981491089e-01
1.323398202657699585e-01 1.002347841858863831e-01 1.161651909351348877e-01
5.658308789134025574e-02 6.995294243097305298e-03 1.191111952066421509e-01
-3.746697679162025452e-02 -9.030257165431976318e-02 1.127019897103309631e-01
-9.012944996356964111e-02 -1.234253793954849243e-01 1.982240676879882812e-01
-9.659153968095779419e-02 -1.687408089637756348e-01 2.647734284400939941e-01
-1.087830588221549988e-01 -1.565845608711242676e-01 1.689246743917465210e-01
-1.101685389876365662e-01 -9.626432508230209351e-02 7.298749685287475586e-02
-9.387046098709106445e-02 -3.123992308974266052e-02 -5.043665319681167603e-02
