3.644971549510955811e-01 -2.490134350955486298e-02 -4.655343592166900635e-01
4.186348915100097656e-01 -1.014697030186653137e-01 -4.653266072273254395e-01
4.246742427349090576e-01 -6.684496998786926270e-02 -5.039466023445129395e-01
3.817943036556243896e-01 2.539435587823390961e-02 -5.161262154579162598e-01
3.788739740848541260e-01 4.307236522436141968e-02 -4.747913777828216553e-01
3.552787601947784424e-01 4.549936950206756592e-02 -4.641441702842712402e-01
2.417766749858856201e-01 6.139767542481422424e-02 -4.801316857337951660e-01
1.810992360115051270e-01 4.516388848423957825e-02 -5.217303633689880371e-01
1.046091318130493164e-01 5.665111169219017029e-02 -5.072656869888305664e-01
-8.034086972475051880e-02 1.847342997789382935e-01 -4.806049168109893799e-01
-1.773930490016937256e-01 2.535782754421234131e-01 -3.811530470848083496e-01
-9.926288574934005737e-02 3.192314207553863525e-01 -1.674046218395233154e-01
2.859278023242950439e-02 3.847896456718444824e-01 1.849103868007659912e-01
1.204887479543685913e-01 3.545118868350982666e-01 3.625230193138122559e-01
2.173497974872589111e-01 2.040975391864776611e-01 4.062139093875885010e-01
3.520087301731109619e-01 1.868633180856704712e-02 2.892515957355499268e-01
3.817697167396545410e-01 -1.340468078851699829e-01 1.680671572685241699e-01
3.624074459075927734e-01 -2.064602524042129517e-01 7.780837267637252808e-02
2.977045476436614990e-01 -2.331992983818054199e-01 1.968567818403244019e-01
2.940314412117004395e-01 -3.001779913902282715e-01 1.067938283085823059e-01
2.289913743734359741e-01 -2.919820845127105713e-01 1.427778601646423340e-01
2.833432257175445557e-01 -3.177246153354644775e-01 1.343816369771957397e-01
2.877924442291259766e-01 -3.398714065551757812e-01 1.389249116182327271e-01
2.650602459907531738e-01 -3.262972235679626465e-01 1.408565640449523926e-01
2.298359870910644531e-01 -3.618175089359283447e-01 1.695999503135681152e-01
2.902679741382598877e-01 -4.893075823783874512e-01 -1.006192341446876526e-02
2.429440021514892578e-01 -5.605325698852539062e-01 -1.506590098142623901e-02
1.475650668144226074e-01 -5.972724556922912598e-01 -3.309738589450716972e-03
1.345245689153671265e-01 -6.580058932304382324e-01 1.072095260024070740e-01
5.092874169349670410e-02 -7.052126526832580566e-01 5.202053114771842957e-02
-1.422659158706665039e-01 -7.117902040481567383e-01 4.944138601422309875e-02
-3.026114702224731445e-01 -7.336379885673522949e-01 -2.495031990110874176e-02
-3.503074645996093750e-01 -7.253319621086120605e-01 6.811995804309844971e-02
-3.897442221641540527e-01 -6.706596612930297852e-01 3.369578719139099121e-02
-3.254821300506591797e-01 -6.933742761611938477e-01 -7.102195173501968384e-03
-3.381795883178710938e-01 -7.474737167358398438e-01 1.676583662629127502e-02
-3.781875967979431152e-01 -6.991742849349975586e-01 7.990990765392780304e-03
-3.670148849487304688e-01 -6.935606002807617188e-01 1.956583559513092041e-02
-3.948737084865570068e-01 -7.256518602371215820e-01 6.771668791770935059e-02
-3.966996073722839355e-01 -6.862714886665344238e-01 8.017151802778244019e-02
-3.833391964435577393e-01 -6.706487536430358887e-01 8.034208416938781738e-02
-3.165499866008758545e-01 -6.869359016418457031e-01 7.517308741807937622e-02
-2.565107345581054688e-01 -7.284669280052185059e-01 1.426613181829452515e-01
1.041429862380027771e-01 -6.785199642181396484e-01 7.566077262163162231e-02
2.467484623193740845e-01 -5.616143345832824707e-01 2.966187894344329834e-02
2.502171695232391357e-01 -3.838219642639160156e-01 5.279842019081115723e-02
3.254338204860687256e-01 -3.033115267753601074e-01 1.561517417430877686e-01
3.798528015613555908e-01 -2.920268774032592773e-01 3.739478066563606262e-02
3.839398622512817383e-01 -2.743345797061920166e-01 -2.469851262867450714e-02
4.044854938983917236e-01 -3.130324780941009521e-01 4.220024682581424713e-03
4.017816483974456787e-01 -3.077008724212646484e-01 4.043078422546386719e-02
3.821384906768798828e-01 -3.126191496849060059e-01 1.275837719440460205e-01
3.220012485980987549e-01 -3.271120190620422363e-01 8.243908733129501343e-02
3.014901578426361084e-01 -2.885471582412719727e-01 1.129621788859367371e-01
3.931943476200103760e-01 -3.211087882518768311e-01 6.637436896562576294e-02
3.676302134990692139e-01 -3.421838879585266113e-01 3.873752057552337646e-02
3.726245462894439697e-01 -3.831804394721984863e-01 7.745616137981414795e-02
4.142179489135742188e-01 -3.613740205764770508e-01 1.159023568034172058e-01
3.991287350654602051e-01 -3.937697112560272217e-01 1.378521323204040527e-01
4.027079939842224121e-01 -4.322085380554199219e-01 1.252023130655288696e-01
4.336441159248352051e-01 -4.769493937492370605e-01 1.254713386297225952e-01
4.273945987224578857e-01 -4.952613413333892822e-01 1.319603621959686279e-01
4.536092281341552734e-01 -5.138391852378845215e-01 5.488787963986396790e-02
4.921994209289550781e-01 -5.033269524574279785e-01 6.347635388374328613e-02
5.080384016036987305e-01 -4.594799578189849854e-01 2.720946446061134338e-02
4.493914246559143066e-01 -4.732006788253784180e-01 -5.382598936557769775e-02
4.879251718521118164e-01 -3.788729012012481689e-01 -4.514088109135627747e-02
4.884487092494964600e-01 -3.849294483661651611e-01 -4.638745635747909546e-02
5.204710364341735840e-01 -4.629855155944824219e-01 -1.222798675298690796e-01
4.651793241500854492e-01 -5.060730576515197754e-01 -1.260656416416168213e-01
4.581301510334014893e-01 -4.224053621292114258e-01 -1.747368425130844116e-01
3.899372816085815430e-01 -4.592435657978057861e-01 -2.344582825899124146e-01
4.208356738090515137e-01 -4.328906238079071045e-01 -2.301088720560073853e-01
3.910045623779296875e-01 -4.013352096080780029e-01 -1.953521966934204102e-01
3.048525452613830566e-01 -4.048745334148406982e-01 -7.310578227043151855e-02
2.693488299846649170e-01 -4.268011152744293213e-01 -7.727633416652679443e-02
2.198366820812225342e-01 -3.402446806430816650e-01 -1.031405571848154068e-02
-2.840642631053924561e-02 -3.346387743949890137e-01 1.496708244085311890e-01
7.762283086776733398e-02 -1.314896196126937866e-01 8.821683377027511597e-02
1.249864473938941956e-01 -4.507173597812652588e-02 5.109096691012382507e-02
2.866171896457672119e-01 5.426127836108207703e-02 1.801275648176670074e-02
2.496686875820159912e-01 9.300499409437179565e-02 -2.245381847023963928e-02
3.357945084571838379e-01 6.185098737478256226e-02 -1.060534864664077759e-01
2.827577590942382812e-01 -3.190071089193224907e-03 2.140367403626441956e-02
4.615816175937652588e-01 -1.049793139100074768e-01 1.471429467201232910e-01
3.936061263084411621e-01 -1.359273344278335571e-01 1.805913001298904419e-01
3.811579644680023193e-01 -1.166020035743713379e-01 2.228288054466247559e-01
3.830069601535797119e-01 -8.142745494842529297e-02 2.201765328645706177e-01
3.388488292694091797e-01 -1.193678304553031921e-01 2.026114612817764282e-01
3.404357135295867920e-01 -1.442047059535980225e-01 1.661645323038101196e-01
3.131548762321472168e-01 -1.363073587417602539e-01 1.995124220848083496e-01
2.871074378490447998e-01 -1.407334506511688232e-01 2.393968254327774048e-01
2.793607413768768311e-01 -1.191023141145706177e-01 2.174263000488281250e-01
2.417688667774200439e-01 -1.274291723966598511e-01 2.187257409095764160e-01
2.427233159542083740e-01 -1.323054134845733643e-01 2.008141279220581055e-01
2.774268090724945068e-01 -1.583829373121261597e-01 2.320792526006698608e-01
3.215298652648925781e-01 -1.961313486099243164e-01 2.167324274778366089e-01
3.852388262748718262e-01 -1.908610314130783081e-01 3.072321712970733643e-01
5.064859390258789062e-01 -9.625889360904693604e-02 2.087009251117706299e-01
2.438524663448333740e-01 -2.180800735950469971e-01 1.581552624702453613e-01
1.397886574268341064e-01 -2.812824249267578125e-01 1.506149321794509888e-01
4.569928050041198730e-01 -1.798543930053710938e-01 7.206264883279800415e-02
