5.190642550587654114e-02 9.867237508296966553e-02 -4.413530603051185608e-02
7.181491702795028687e-02 1.397426724433898926e-01 -2.143603190779685974e-02
5.854275450110435486e-02 1.192761883139610291e-01 -1.857713796198368073e-02
2.148068137466907501e-02 1.887708902359008789e-02 -4.222401231527328491e-02
-4.482223466038703918e-02 -6.996603310108184814e-02 -1.228841692209243774e-01
-2.310488931834697723e-02 -4.064612463116645813e-02 -1.618073731660842896e-01
1.685433648526668549e-02 3.603102266788482666e-02 -5.852226912975311279e-02
1.776251196861267090e-02 1.192772611975669861e-01 1.797437816858291626e-01
-4.307323321700096130e-02 2.190079241991043091e-01 4.300520420074462891e-01
-1.796820461750030518e-01 3.096488118171691895e-01 5.344215631484985352e-01
-2.505053579807281494e-01 2.968752980232238770e-01 4.925734102725982666e-01
-2.419654279947280884e-01 6.228177249431610107e-02 2.103145569562911987e-01
-1.569441407918930054e-01 -3.397883772850036621e-01 -3.680497109889984131e-01
-1.002263426780700684e-01 -5.357493758201599121e-01 -5.709069967269897461e-01
7.587129622697830200e-02 -4.274880290031433105e-01 -5.484673976898193359e-01
3.534748554229736328e-01 -2.141234651207923889e-02 -3.205388486385345459e-01
4.619386792182922363e-01 3.105547726154327393e-01 7.454058527946472168e-02
3.845159113407135010e-01 4.108149707317352295e-01 2.467861026525497437e-01
4.878112301230430603e-02 1.992468833923339844e-01 1.556646674871444702e-01
-2.304234951734542847e-01 -1.018494591116905212e-01 3.575276955962181091e-02
-2.820746600627899170e-01 -2.497961372137069702e-01 -7.928305864334106445e-02
-1.918324530124664307e-01 -2.714538872241973877e-01 -1.452993303537368774e-01
-8.257355540990829468e-02 -1.839364320039749146e-01 -1.516845226287841797e-01
-9.441480040550231934e-02 -1.342655867338180542e-01 -1.912555694580078125e-01
-1.066620424389839172e-01 -6.352066993713378906e-02 -9.841685742139816284e-02
-5.049191787838935852e-02 1.195642165839672089e-02 5.102637410163879395e-02
6.588822603225708008e-02 4.243389144539833069e-02 1.161976605653762817e-01
2.405187487602233887e-01 5.125294253230094910e-02 2.808450162410736084e-02
3.536603450775146484e-01 7.994823157787322998e-02 -1.513641923666000366e-01
3.352515101432800293e-01 1.448409259319305420e-01 -2.047832608222961426e-01
1.492386907339096069e-01 1.430738270282745361e-01 -1.026689708232879639e-01
-1.551116406917572021e-01 9.744185209274291992e-02 1.173979789018630981e-01
-3.143619596958160400e-01 -2.427546679973602295e-02 2.011214494705200195e-01
-3.142046034336090088e-01 -8.328087627887725830e-02 1.988759934902191162e-01
-1.620478481054306030e-01 -4.009430762380361557e-03 1.622400134801864624e-01
-2.747267670929431915e-02 6.856280565261840820e-02 9.129527956247329712e-02
-1.832140423357486725e-02 1.059583649039268494e-01 9.088896214962005615e-02
-7.634577900171279907e-02 3.081250749528408051e-02 4.688402265310287476e-02
-1.755515336990356445e-01 -9.038016945123672485e-02 6.240062788128852844e-02
-2.387293577194213867e-01 -1.765633225440979004e-01 1.247790977358818054e-01
-1.783040165901184082e-01 -1.029491946101188660e-01 1.601129323244094849e-01
-1.205297186970710754e-02 6.598173826932907104e-02 1.569222658872604370e-01
1.016815751791000366e-01 1.848777532577514648e-01 6.566216796636581421e-02
1.777891218662261963e-01 1.762332618236541748e-01 -4.413837939500808716e-02
6.168847903609275818e-02 -5.693653598427772522e-02 -1.434617936611175537e-01
-6.973949074745178223e-02 -2.512391805648803711e-01 -1.788683682680130005e-01
-7.533454149961471558e-02 -2.804875671863555908e-01 -1.858748793601989746e-01
-1.478429418057203293e-02 -1.022099629044532776e-01 -1.319448202848434448e-01
1.402919441461563110e-01 1.420605778694152832e-01 -7.165793329477310181e-02
1.882907003164291382e-01 2.549106776714324951e-01 -7.453297078609466553e-02
1.341878175735473633e-01 1.535027623176574707e-01 -5.294926092028617859e-02
3.387595713138580322e-02 -5.974204838275909424e-02 -3.666404262185096741e-02
-6.384389102458953857e-02 -1.170792505145072937e-01 5.157765373587608337e-02
-6.596210598945617676e-02 -3.987133875489234924e-02 1.084082201123237610e-01
-2.988114766776561737e-02 1.557756960391998291e-01 3.448231890797615051e-02
2.154459245502948761e-03 1.803111582994461060e-01 -4.118290916085243225e-02
1.998150907456874847e-02 1.848539151251316071e-02 -8.339652419090270996e-02
1.555870380252599716e-02 -1.320139467716217041e-01 -6.306473165750503540e-02
5.042678862810134888e-02 -2.121505290269851685e-01 3.923264145851135254e-02
6.803887337446212769e-02 -1.405226439237594604e-01 8.848056942224502563e-02
2.973169088363647461e-02 -4.429220035672187805e-02 7.583997398614883423e-02
3.670930163934826851e-04 -3.734056279063224792e-02 9.475481696426868439e-03
-6.560178101062774658e-02 2.848857827484607697e-02 -9.436108916997909546e-02
-4.389842227101325989e-02 6.413752585649490356e-02 -1.202943325042724609e-01
1.513802073895931244e-02 3.580636158585548401e-02 -6.219342723488807678e-02
6.399004906415939331e-02 -9.894903749227523804e-03 -2.572844037786126137e-03
5.609606206417083740e-02 -1.541209220886230469e-01 -2.358766831457614899e-02
-6.886033713817596436e-02 -2.521632611751556396e-01 -1.001324281096458435e-01
-1.475343108177185059e-01 -1.818481832742691040e-01 -1.241195946931838989e-01
-9.800426661968231201e-02 -8.717880584299564362e-03 -1.681502535939216614e-02
1.572227180004119873e-01 2.671482861042022705e-01 1.242970526218414307e-01
3.075532317161560059e-01 3.705553412437438965e-01 2.420692890882492065e-01
3.710334300994873047e-01 2.739492654800415039e-01 2.518388032913208008e-01
3.186804354190826416e-01 1.929360926151275635e-01 1.160962954163551331e-01
8.266340941190719604e-02 8.756372332572937012e-02 -2.511199377477169037e-02
-1.176710054278373718e-01 -7.443906273692846298e-03 -1.019901260733604431e-01
-3.100267052650451660e-01 -1.734239608049392700e-01 6.567208468914031982e-02
-3.365683555603027344e-01 -3.667036592960357666e-01 2.694603502750396729e-01
-2.468499988317489624e-01 -3.643942475318908691e-01 1.908209323883056641e-01
-2.143931239843368530e-01 -9.159367531538009644e-02 -1.141069382429122925e-01
-3.612606227397918701e-01 2.761069536209106445e-01 -4.326619207859039307e-01
-5.147150754928588867e-01 4.224724471569061279e-01 -4.940540790557861328e-01
-4.650236666202545166e-01 4.003147780895233154e-01 -4.040304124355316162e-01
-1.261800825595855713e-01 5.950111895799636841e-02 -1.530259251594543457e-01
4.338003396987915039e-01 -1.217409297823905945e-01 7.294797152280807495e-02
5.634847283363342285e-01 -1.799509227275848389e-01 1.521055251359939575e-01
4.581978023052215576e-01 -1.558092832565307617e-01 1.291088908910751343e-01
2.511339187622070312e-01 -4.457530006766319275e-02 1.002665162086486816e-01
-1.760863699018955231e-02 -5.806216970086097717e-02 1.202172785997390747e-01
-9.983310103416442871e-02 -1.980616524815559387e-02 8.490717411041259766e-02
-1.155465543270111084e-01 5.352675914764404297e-03 1.598286628723144531e-02
-8.082247525453567505e-02 6.070542149245738983e-03 -1.757211983203887939e-02
-1.843385770916938782e-02 -1.503272727131843567e-02 3.454969823360443115e-02
6.239065155386924744e-02 1.123480405658483505e-02 1.655168235301971436e-01
2.264831066131591797e-01 -2.831682376563549042e-02 3.084768950939178467e-01
2.601754367351531982e-01 -1.018427833914756775e-01 2.346052974462509155e-01
1.989241242408752441e-01 -1.436309963464736938e-01 -2.456545270979404449e-02
8.971611410379409790e-02 -2.183382213115692139e-01 -1.635134220123291016e-01
-7.064018398523330688e-02 -1.040968596935272217e-01 -1.819171607494354248e-01
3.970270510762929916e-03 -4.032047092914581299e-02 1.496088057756423950e-01
4.434214532375335693e-02 -6.446264218538999557e-03 2.729475498199462891e-01
5.036179348826408386e-02 2.973478846251964569e-02 2.310415357351303101e-01
