6.781549006700515747e-02 -6.182909384369850159e-02 -1.305763795971870422e-02
1.748396083712577820e-02 -9.778349846601486206e-02 -5.624452605843544006e-02
-6.939447671175003052e-02 -9.422639012336730957e-02 -8.006790280342102051e-02
-8.696332573890686035e-02 -5.437322705984115601e-02 -9.320961683988571167e-02
-2.038640528917312622e-02 -1.063753738999366760e-01 -9.813795983791351318e-02
8.440851233899593353e-03 -1.912765651941299438e-01 -1.101216599345207214e-01
3.600485622882843018e-02 -2.654200494289398193e-01 -4.249254986643791199e-02
-2.852889150381088257e-02 -2.670614421367645264e-01 -4.856726527214050293e-02
-5.756166577339172363e-02 -1.264907270669937134e-01 -5.247736815363168716e-03
-6.871866434812545776e-02 9.911781549453735352e-02 9.612610936164855957e-02
-2.194697111845016479e-01 3.922561109066009521e-01 3.065384924411773682e-01
-3.802199065685272217e-01 5.824652910232543945e-01 4.577877819538116455e-01
-4.048835635185241699e-01 5.450122356414794922e-01 4.613428711891174316e-01
-2.309431880712509155e-01 3.429010808467864990e-01 3.843486905097961426e-01
1.466339528560638428e-01 3.287131339311599731e-02 1.815152019262313843e-01
3.476951420307159424e-01 -1.960165947675704956e-01 3.692036122083663940e-02
9.808038175106048584e-02 -1.621325016021728516e-01 -2.058247104287147522e-02
-2.546237111091613770e-01 -1.084629967808723450e-01 -3.711281716823577881e-02
-4.080028235912322998e-01 -9.746035560965538025e-03 2.151516237063333392e-04
-4.019585549831390381e-01 4.226614162325859070e-02 2.525688521564006805e-02
-1.848152577877044678e-01 -2.837464213371276855e-02 2.688599377870559692e-02
-2.351019904017448425e-02 -2.002546377480030060e-02 4.783079959452152252e-03
1.218477785587310791e-01 -8.881478756666183472e-02 -1.334188785403966904e-02
2.687365114688873291e-01 -1.515653729438781738e-01 5.844698473811149597e-02
2.541060745716094971e-01 -1.925336271524429321e-01 1.150749176740646362e-01
2.721779644489288330e-01 -2.554218173027038574e-01 1.165586337447166443e-01
2.462764084339141846e-01 -1.722717732191085815e-01 1.493332237005233765e-01
1.051982194185256958e-01 -9.402481466531753540e-02 7.460083067417144775e-02
1.546807121485471725e-02 -1.157600879669189453e-01 2.034761570394039154e-02
-9.905693680047988892e-02 -2.736441195011138916e-01 -1.495929360389709473e-01
-2.466784715652465820e-01 -3.648754656314849854e-01 -2.538176178932189941e-01
-2.504969239234924316e-01 -3.635550141334533691e-01 -2.770317494869232178e-01
-1.173581779003143311e-01 -2.784049510955810547e-01 -2.340508103370666504e-01
-3.149209171533584595e-02 -1.244669854640960693e-01 -2.087531611323356628e-02
1.956676878035068512e-02 -9.038784354925155640e-02 -5.630298051983118057e-03
1.593268848955631256e-02 -6.366678280755877495e-04 6.052339449524879456e-02
-7.824730128049850464e-02 2.714965678751468658e-02 7.707639783620834351e-02
-9.857101738452911377e-02 2.926067821681499481e-02 6.045819818973541260e-02
-6.858988851308822632e-02 6.287688761949539185e-02 1.084831207990646362e-01
4.965026304125785828e-02 6.548865884542465210e-02 1.145190671086311340e-01
1.861550211906433105e-01 1.709041446447372437e-01 1.692121028900146484e-01
3.416050076484680176e-01 3.146764338016510010e-01 2.205442041158676147e-01
2.237624973058700562e-01 3.418795168399810791e-01 2.174107879400253296e-01
8.114541880786418915e-03 3.124470114707946777e-01 7.517640292644500732e-02
-1.101550534367561340e-01 2.563349008560180664e-01 -4.294801875948905945e-02
-1.260796785354614258e-01 1.943663358688354492e-01 -6.477463990449905396e-02
8.094318956136703491e-02 1.290749013423919678e-01 -7.451210170984268188e-02
1.926321536302566528e-01 8.524353057146072388e-02 -4.092025011777877808e-02
1.817034482955932617e-01 1.902309618890285492e-02 -4.831387847661972046e-02
3.210804611444473267e-02 -5.720166489481925964e-03 9.170779958367347717e-03
-5.036278069019317627e-02 -6.098968908190727234e-02 7.156748790293931961e-03
-8.617369830608367920e-02 -1.261261850595474243e-01 -4.039646312594413757e-02
4.242775216698646545e-02 -5.595776811242103577e-02 -1.543993689119815826e-02
1.113510578870773315e-01 9.095156565308570862e-03 4.535902664065361023e-02
1.737131923437118530e-02 8.606686443090438843e-02 1.643302291631698608e-01
-9.431745857000350952e-02 9.138139337301254272e-02 2.153099924325942993e-01
-1.560611277818679810e-01 -2.214458584785461426e-02 2.185900360345840454e-01
-3.029257245361804962e-02 -4.035142809152603149e-02 2.042701989412307739e-01
1.162836700677871704e-01 1.208827132359147072e-03 1.316543668508529663e-01
7.029506564140319824e-02 -3.500121878460049629e-03 8.559306710958480835e-02
6.571775674819946289e-02 8.872739970684051514e-02 7.386627839878201485e-04
9.808579832315444946e-02 1.054459810256958008e-01 -2.118482813239097595e-02
1.074952781200408936e-01 9.909424185752868652e-02 -5.006717145442962646e-02
1.287314146757125854e-01 1.867721788585186005e-02 -1.328969597816467285e-01
6.172326207160949707e-02 -5.122220516204833984e-02 -1.079238951206207275e-01
7.395665626972913742e-03 -5.564675480127334595e-02 -1.336395889520645142e-01
9.342738240957260132e-02 3.336215019226074219e-02 -1.073700711131095886e-01
1.553178727626800537e-01 2.628647349774837494e-02 -1.034170314669609070e-01
3.063127994537353516e-01 -5.100393667817115784e-02 -1.468542218208312988e-01
4.001274108886718750e-01 -1.571281850337982178e-01 -1.588459908962249756e-01
3.148305118083953857e-01 -1.435769498348236084e-01 -1.728255003690719604e-01
1.163739934563636780e-01 -1.198618300259113312e-02 -1.308139562606811523e-01
-1.765845268964767456e-01 3.696963563561439514e-02 -8.755628019571304321e-02
-2.902338504791259766e-01 1.937318593263626099e-01 -4.817561432719230652e-02
-2.896021306514739990e-01 2.157233208417892456e-01 -1.712453514337539673e-01
-4.209983944892883301e-01 5.043593049049377441e-02 -2.623690366744995117e-01
-3.886857628822326660e-01 5.099281668663024902e-02 -2.979273200035095215e-01
-2.369556128978729248e-01 1.335079669952392578e-01 -2.971420288085937500e-01
-2.579515858087688684e-04 3.954938948154449463e-01 -1.879769861698150635e-01
1.881711483001708984e-01 4.991578161716461182e-01 -1.235124692320823669e-01
1.920180320739746094e-01 3.477226793766021729e-01 -5.662506818771362305e-02
1.056043207645416260e-01 4.084557294845581055e-02 2.283208370208740234e-01
1.632789522409439087e-01 -3.548870384693145752e-01 5.529990792274475098e-01
1.911534965038299561e-01 -4.624641835689544678e-01 6.365625262260437012e-01
1.230123117566108704e-01 -4.578995108604431152e-01 5.945762395858764648e-01
7.887248694896697998e-02 -3.577468395233154297e-01 3.465262055397033691e-01
-1.529940217733383179e-01 -3.027649223804473877e-01 1.928958110511302948e-02
-1.749606877565383911e-01 -2.349253445863723755e-01 -4.111407697200775146e-02
-1.036073341965675354e-01 -1.829847544431686401e-01 -4.635552689433097839e-02
-3.653621301054954529e-02 -1.069622859358787537e-01 1.047556172125041485e-03
-4.387119412422180176e-02 -4.810388013720512390e-02 1.253358554095029831e-02
-5.943954735994338989e-02 -1.030660718679428101e-01 4.366589710116386414e-02
-7.409065961837768555e-02 -1.286432147026062012e-01 2.978830784559249878e-02
-9.978988021612167358e-02 -6.866822391748428345e-02 4.282464459538459778e-02
-8.568376302719116211e-02 3.778200969099998474e-02 6.714472174644470215e-02
-2.251253724098205566e-01 1.539947688579559326e-01 8.773314952850341797e-02
-2.399232536554336548e-01 3.750661313533782959e-01 -1.702309399843215942e-01
-2.089789211750030518e-01 2.556057274341583252e-01 -3.098016083240509033e-01
-1.957510411739349365e-01 7.802899181842803955e-02 -3.721493482589721680e-01
-7.063344866037368774e-02 1.899127364158630371e-01 -3.966932594776153564e-01
-7.706501334905624390e-02 2.097158432006835938e-01 -2.282506227493286133e-01
-2.538914605975151062e-02 4.042935371398925781e-01 -2.125356495380401611e-01
