2.897527607902199431e-01
0.000000000000000000e+00
0.000000000000000000e+00
0.000000000000000000e+00
0.000000000000000000e+00
1.726228288589171447e-02
3.120019387725957508e-02
3.349611919855630809e-02
3.410665486786920025e-02
2.163102791603670194e-02
7.449517274557795887e-03
0.000000000000000000e+00
0.000000000000000000e+00
0.000000000000000000e+00
5.043641106854105174e-03
4.341494269042543881e-03
0.000000000000000000e+00
0.000000000000000000e+00
0.000000000000000000e+00
0.000000000000000000e+00
4.670163509450991554e-03
3.609863811435829167e-03
0.000000000000000000e+00
0.000000000000000000e+00
0.000000000000000000e+00
0.000000000000000000e+00
0.000000000000000000e+00
0.000000000000000000e+00
0.000000000000000000e+00
0.000000000000000000e+00
0.000000000000000000e+00
2.706760389049577831e-01
4.842653587882946864e-01
4.292059126470326724e-01
2.105709019623386025e-01
0.000000000000000000e+00
0.000000000000000000e+00
0.000000000000000000e+00
0.000000000000000000e+00
0.000000000000000000e+00
2.609793150761782199e-01
5.080281503938252063e-01
5.577056744289209389e-01
2.876087483589651606e-01
0.000000000000000000e+00
0.000000000000000000e+00
0.000000000000000000e+00
0.000000000000000000e+00
3.941914320932318402e-03
0.000000000000000000e+00
1.665514883724349008e-03
1.533095896722099080e-03
0.000000000000000000e+00
0.000000000000000000e+00
0.000000000000000000e+00
0.000000000000000000e+00
0.000000000000000000e+00
0.000000000000000000e+00
0.000000000000000000e+00
0.000000000000000000e+00
1.716367368240171928e-02
2.524720071622664486e-02
2.825726867607203374e-02
2.324623079497305234e-02
2.458251240887959765e-02
2.912458309504544970e-02
2.518086911326575597e-02
2.429160987995314380e-02
1.287840791220920891e-02
3.452935711439486174e-03
1.893295544060675335e-03
0.000000000000000000e+00
0.000000000000000000e+00
0.000000000000000000e+00
0.000000000000000000e+00
1.111531884803470920e-02
1.538863533537956213e-02
1.381819429554843534e-02
1.024314912435190378e-02
1.044843257041203934e-02
2.196122352469211808e-02
2.597300190081400229e-02
2.221922918368640643e-02
8.884838382431571591e-03
0.000000000000000000e+00
0.000000000000000000e+00
9.280842267791782540e-04
7.303462731216007163e-03
6.510434474296214122e-03
0.000000000000000000e+00
0.000000000000000000e+00
0.000000000000000000e+00
0.000000000000000000e+00
0.000000000000000000e+00
0.000000000000000000e+00
0.000000000000000000e+00
0.000000000000000000e+00
0.000000000000000000e+00
0.000000000000000000e+00
0.000000000000000000e+00
1.807247449959078212e-01
3.077950091282055101e-01
