2.277270257472991943e-01 -1.185983568429946899e-01 -9.148086607456207275e-02
1.023770719766616821e-01 -2.139033675193786621e-01 -1.005680412054061890e-01
2.142596691846847534e-01 -3.309315145015716553e-01 -4.936742410063743591e-02
-2.372944355010986328e-01 -5.528123974800109863e-01 6.209758296608924866e-02
-2.798078954219818115e-01 -7.128241062164306641e-01 2.808701805770397186e-02
-3.407651782035827637e-01 -7.534396052360534668e-01 3.416120260953903198e-02
-2.685302495956420898e-01 -7.117388248443603516e-01 -7.246270030736923218e-02
-2.194772660732269287e-01 -7.624956965446472168e-01 -5.823731049895286560e-02
-5.464965477585792542e-02 -7.259508967399597168e-01 -1.082882285118103027e-01
6.244569644331932068e-02 -6.770574450492858887e-01 -1.058576777577400208e-01
2.463743388652801514e-01 -5.976511836051940918e-01 7.185415923595428467e-02
2.533170878887176514e-01 -5.073298215866088867e-01 1.358026713132858276e-01
3.668489158153533936e-01 -3.343478441238403320e-01 2.483486682176589966e-01
4.385891854763031006e-01 -2.003080695867538452e-01 3.211959898471832275e-01
4.466535151004791260e-01 -1.046198606491088867e-01 3.858006000518798828e-01
4.122858047485351562e-01 -4.743518307805061340e-02 4.100851416587829590e-01
3.338682353496551514e-01 -6.626848876476287842e-02 4.159044623374938965e-01
3.446768820285797119e-01 -1.398167014122009277e-01 3.796610832214355469e-01
3.650077283382415771e-01 -1.101985424757003784e-01 3.995684981346130371e-01
3.474999070167541504e-01 -7.705845683813095093e-02 4.302696287631988525e-01
3.277054727077484131e-01 -2.268828451633453369e-02 4.681912064552307129e-01
3.176379501819610596e-01 -6.938584614545106888e-03 4.592278301715850830e-01
3.179979324340820312e-01 3.991856426000595093e-02 4.465230703353881836e-01
2.921667695045471191e-01 6.684532016515731812e-02 4.529134631156921387e-01
2.270729094743728638e-01 6.946748495101928711e-02 4.490045011043548584e-01
2.722034752368927002e-01 7.522530853748321533e-02 3.946975469589233398e-01
2.691528499126434326e-01 1.425729095935821533e-01 4.130975604057312012e-01
2.025361955165863037e-01 1.557336598634719849e-01 4.628441333770751953e-01
2.207734882831573486e-01 1.962175369262695312e-01 4.645800888538360596e-01
2.986543476581573486e-01 2.522695660591125488e-01 4.268231391906738281e-01
3.113658130168914795e-01 2.321421951055526733e-01 4.187607467174530029e-01
2.639870643615722656e-01 2.069034278392791748e-01 3.731087446212768555e-01
2.397137880325317383e-01 4.639149084687232971e-02 3.900769948959350586e-01
1.319989413022994995e-01 -8.844926953315734863e-02 3.784523606300354004e-01
-8.853689581155776978e-02 -3.249737322330474854e-01 3.590729534626007080e-01
-3.403354585170745850e-01 -5.173938274383544922e-01 3.550396263599395752e-01
-4.216443896293640137e-01 -5.040588974952697754e-01 2.748155295848846436e-01
-5.215466022491455078e-01 -5.191185474395751953e-01 2.622810900211334229e-01
-5.536402463912963867e-01 -4.917451143264770508e-01 1.747420132160186768e-01
-6.149855256080627441e-01 -4.890926778316497803e-01 2.647072374820709229e-01
-6.245340704917907715e-01 -3.361240029335021973e-01 1.924133002758026123e-01
-6.589850783348083496e-01 -4.116072654724121094e-01 2.011568099260330200e-01
-6.248579621315002441e-01 -3.552266955375671387e-01 1.871615797281265259e-01
-6.132345199584960938e-01 -2.631945013999938965e-01 2.542799115180969238e-01
-5.154317021369934082e-01 -2.740294337272644043e-01 2.517608702182769775e-01
-5.002083182334899902e-01 -2.991112470626831055e-01 2.190385162830352783e-01
-4.734741747379302979e-01 -4.121935069561004639e-01 2.889653742313385010e-01
-1.120012402534484863e-01 -2.634719908237457275e-01 2.408294081687927246e-01
2.611880004405975342e-01 4.319077357649803162e-02 1.687034070491790771e-01
3.260233700275421143e-01 1.718498766422271729e-01 1.258976757526397705e-01
3.775315880775451660e-01 2.425837367773056030e-01 1.250965744256973267e-01
3.997992277145385742e-01 3.037439882755279541e-01 1.355452090501785278e-01
3.768411576747894287e-01 3.232030570507049561e-01 1.531717777252197266e-01
3.685043156147003174e-01 3.148542046546936035e-01 1.245471015572547913e-01
3.812766373157501221e-01 2.937611341476440430e-01 7.738061249256134033e-02
1.642625480890274048e-01 1.358048617839813232e-01 1.361847072839736938e-01
-2.569033019244670868e-02 3.795678913593292236e-02 1.276764553040266037e-02
-6.924501061439514160e-02 5.679178610444068909e-02 -2.094439715147018433e-01
-1.010284721851348877e-01 9.302901476621627808e-02 -2.939339876174926758e-01
-8.659182488918304443e-02 9.236554801464080811e-02 -3.453398346900939941e-01
-4.164474457502365112e-02 1.786691546440124512e-01 -3.908914625644683838e-01
-4.135929793119430542e-02 2.249509692192077637e-01 -4.039723277091979980e-01
-4.896482825279235840e-02 2.185463756322860718e-01 -4.239883422851562500e-01
3.031833656132221222e-02 2.814049720764160156e-01 -3.892089426517486572e-01
5.554350093007087708e-03 3.370329439640045166e-01 -3.072837293148040771e-01
6.657917052507400513e-02 -6.320946663618087769e-02 2.558379061520099640e-02
5.805968120694160461e-02 4.187256842851638794e-02 4.150053262710571289e-01
7.855927944183349609e-02 1.363081485033035278e-01 3.954098522663116455e-01
1.818781197071075439e-01 1.567972451448440552e-01 3.909388780593872070e-01
2.101384997367858887e-01 1.735462248325347900e-01 4.029915034770965576e-01
2.541125714778900146e-01 1.087820902466773987e-01 4.110951423645019531e-01
2.975126802921295166e-01 7.078535109758377075e-02 4.214676320552825928e-01
2.105303406715393066e-01 8.040992170572280884e-02 4.206433892250061035e-01
2.432183772325515747e-01 1.198271811008453369e-01 4.393131732940673828e-01
4.422695934772491455e-01 1.697671562433242798e-01 2.956624329090118408e-01
3.763252794742584229e-01 2.138059139251708984e-01 2.409546077251434326e-01
3.397186994552612305e-01 1.378797888755798340e-01 2.191410213708877563e-01
1.049875691533088684e-01 1.532598286867141724e-01 1.602738350629806519e-02
-2.315935998922213912e-04 1.239157989621162415e-01 -4.090565070509910583e-02
2.995261251926422119e-01 1.392002999782562256e-01 7.635045051574707031e-02
2.619610428810119629e-01 6.137030944228172302e-02 -4.012303426861763000e-03
1.695419698953628540e-01 8.747672289609909058e-02 4.529985599219799042e-03
-4.210139438509941101e-02 1.441759336739778519e-02 -1.158211082220077515e-01
1.859245449304580688e-01 1.385909169912338257e-01 -1.308554708957672119e-01
-3.173259645700454712e-02 -5.811241641640663147e-02 -2.187935113906860352e-01
1.686728745698928833e-02 -1.214100867509841919e-01 -1.713154166936874390e-01
-8.078588545322418213e-02 -3.664887696504592896e-02 -2.086084336042404175e-01
-8.547312021255493164e-02 -6.203452125191688538e-02 -1.219312548637390137e-01
-1.094698831439018250e-01 -5.263130739331245422e-02 -1.143383234739303589e-01
-1.186007410287857056e-01 -4.165576025843620300e-02 -1.218629404902458191e-01
-2.062573879957199097e-01 -1.100324615836143494e-01 -1.544503867626190186e-01
-2.675837874412536621e-01 -6.954824924468994141e-02 -9.063598513603210449e-02
-1.248733997344970703e-01 7.858105748891830444e-02 -1.413208544254302979e-01
-1.387024670839309692e-01 9.554306417703628540e-02 -7.707609981298446655e-02
-1.654229611158370972e-01 -1.635965853929519653e-01 -1.060284227132797241e-01
-4.258787631988525391e-02 -1.067594066262245178e-01 -7.430528104305267334e-02
-2.900159358978271484e-01 -1.865069121122360229e-01 7.166150212287902832e-02
-1.018733158707618713e-01 -2.901789732277393341e-02 -1.195803470909595490e-02
9.325280040502548218e-02 2.523115873336791992e-01 -4.370035231113433838e-01
-5.681595578789710999e-02 3.466379344463348389e-01 -4.815833866596221924e-01
-2.146421819925308228e-01 3.515936732292175293e-01 -5.110238790512084961e-01
-2.246503233909606934e-01 3.431079685688018799e-01 -5.481472015380859375e-01
-1.165081188082695007e-01 3.261686861515045166e-01 -5.931925773620605469e-01
-4.966148361563682556e-02 2.583411931991577148e-01 -5.918813347816467285e-01
-7.191459834575653076e-02 3.417528271675109863e-01 -5.060930848121643066e-01
5.332407355308532715e-02 3.724255561828613281e-01 -4.224437475204467773e-01
6.904512643814086914e-02 3.279018402099609375e-01 -4.989247024059295654e-01
-3.197879716753959656e-02 2.760058343410491943e-01 -4.787699282169342041e-01
-1.066657304763793945e-01 2.586982250213623047e-01 -5.344730019569396973e-01
5.981220304965972900e-02 2.354463338851928711e-01 -6.325669884681701660e-01
1.348263621330261230e-01 2.520911991596221924e-01 -6.365815997123718262e-01
1.360801309347152710e-01 2.515524625778198242e-01 -6.434657573699951172e-01
1.049170866608619690e-01 2.713423073291778564e-01 -6.247594356536865234e-01
8.618500083684921265e-02 2.164263874292373657e-01 -6.291453838348388672e-01
5.896113440394401550e-02 2.662682831287384033e-01 -5.929119586944580078e-01
-5.095844157040119171e-03 2.885322868824005127e-01 -6.092559099197387695e-01
-4.098991677165031433e-02 3.014988899230957031e-01 -5.773526430130004883e-01
8.480846299789845943e-04 2.418128848075866699e-01 -5.418565273284912109e-01
1.397173106670379639e-01 1.702112406492233276e-01 -4.877282679080963135e-01
5.162587761878967285e-02 2.487318068742752075e-01 -5.616854429244995117e-01
-4.882543161511421204e-02 3.002180159091949463e-01 -5.350252985954284668e-01
1.523688733577728271e-01 1.264152228832244873e-01 -4.154594242572784424e-01
-5.784710869193077087e-02 1.472324728965759277e-01 -4.844582080841064453e-02
-3.228103816509246826e-01 7.304982841014862061e-02 8.833207935094833374e-02
-6.748449057340621948e-02 -1.618457585573196411e-01 1.119025647640228271e-01
-1.711949938908219337e-03 1.067955717444419861e-01 -5.452395081520080566e-01
-9.466531872749328613e-02 2.313208878040313721e-01 -5.621629953384399414e-01
-2.512788176536560059e-01 2.339158654212951660e-01 -5.534236431121826172e-01
-2.498091757297515869e-01 2.543098926544189453e-01 -5.085780024528503418e-01
-2.447762340307235718e-01 3.045553267002105713e-01 -4.855695962905883789e-01
-1.760141700506210327e-01 3.156586587429046631e-01 -4.651613831520080566e-01
-1.053335964679718018e-01 3.345257937908172607e-01 -4.151999354362487793e-01
6.481283158063888550e-02 3.914312422275543213e-01 -2.234157323837280273e-01
2.162760347127914429e-01 4.168623983860015869e-01 -1.324264854192733765e-01
1.286792159080505371e-01 4.425202310085296631e-01 -1.214675083756446838e-01
7.240461558103561401e-02 5.332391858100891113e-01 6.021544337272644043e-02
1.515406072139739990e-01 4.568076729774475098e-01 1.141649335622787476e-01
2.036307156085968018e-01 4.642692804336547852e-01 1.207691207528114319e-01
1.977501809597015381e-01 4.201603233814239502e-01 8.589880913496017456e-02
1.511427611112594604e-01 4.398116469383239746e-01 1.253949850797653198e-01
6.932167708873748779e-02 3.969101905822753906e-01 2.232302576303482056e-01
1.157290861010551453e-01 3.824669122695922852e-01 2.790599465370178223e-01
1.095950827002525330e-01 3.430403769016265869e-01 4.182479679584503174e-01
1.595370918512344360e-01 2.837434411048889160e-01 4.614334106445312500e-01
1.000885739922523499e-01 2.941507399082183838e-01 4.247445166110992432e-01
1.238622218370437622e-01 2.758190333843231201e-01 3.688912689685821533e-01
-1.727062612771987915e-01 2.148004919290542603e-01 3.619121611118316650e-01
-1.952710300683975220e-01 2.478085309267044067e-01 4.096546173095703125e-01
-2.143221795558929443e-01 3.578085899353027344e-01 4.376759529113769531e-01
-2.869102358818054199e-01 4.427807033061981201e-01 3.508838713169097900e-01
-2.463073283433914185e-01 3.766131401062011719e-01 2.896058261394500732e-01
-2.424886375665664673e-01 2.857370674610137939e-01 3.153178095817565918e-01
-1.657669991254806519e-01 3.507510721683502197e-01 3.312233388423919678e-01
-1.270555853843688965e-01 3.613244891166687012e-01 4.027524292469024658e-01
-3.470733016729354858e-02 3.410363197326660156e-01 4.090916514396667480e-01
7.717142999172210693e-02 2.461840957403182983e-01 4.596136808395385742e-01
9.963421523571014404e-02 1.497509181499481201e-01 4.615552425384521484e-01
1.414210349321365356e-01 1.254957765340805054e-01 4.646010696887969971e-01
2.063505947589874268e-01 8.866634964942932129e-02 4.745494723320007324e-01
2.844390869140625000e-01 1.194577366113662720e-01 4.365234375000000000e-01
3.025156259536743164e-01 8.791491389274597168e-02 3.961067497730255127e-01
2.666828036308288574e-01 4.847295582294464111e-02 4.419848620891571045e-01
2.313594222068786621e-01 9.326805174350738525e-02 4.364378154277801514e-01
2.199610769748687744e-01 1.400240063667297363e-01 4.576435387134552002e-01
1.935937553644180298e-01 2.636753618717193604e-01 4.687627255916595459e-01
1.339114308357238770e-01 3.731923103332519531e-01 4.209892749786376953e-01
4.758419468998908997e-02 4.105321168899536133e-01 2.759186625480651855e-01
-5.490805953741073608e-03 4.838749170303344727e-01 8.183050900697708130e-03
-1.056788861751556396e-01 4.432129263877868652e-01 -1.521382331848144531e-01
-1.267679631710052490e-01 3.650633990764617920e-01 -3.565328121185302734e-01
-1.208733096718788147e-01 3.138333857059478760e-01 -4.980907142162322998e-01
-1.972700096666812897e-02 3.050349056720733643e-01 -5.648943185806274414e-01
1.006269156932830811e-01 2.414123415946960449e-01 -6.026764512062072754e-01
1.710664778947830200e-01 2.201909422874450684e-01 -6.238831281661987305e-01
2.729976177215576172e-01 1.478448808193206787e-01 -6.016373634338378906e-01
2.584431469440460205e-01 8.078406751155853271e-02 -5.668287873268127441e-01
2.993411719799041748e-01 1.038184538483619690e-01 -5.986198782920837402e-01
3.123266696929931641e-01 6.666354089975357056e-02 -5.803351998329162598e-01
2.810542285442352295e-01 2.474444210529327393e-01 -4.739960432052612305e-01
