9.623922407627105713e-03 1.599767357110977173e-01 -2.898153364658355713e-01
-3.340314328670501709e-02 2.365242689847946167e-01 -3.743261396884918213e-01
-1.649045944213867188e-01 1.934446692466735840e-01 -3.860663175582885742e-01
-2.749849557876586914e-01 -9.467782080173492432e-02 -1.278006732463836670e-01
-3.411303162574768066e-01 -3.721973896026611328e-01 2.642304599285125732e-01
-3.039011955261230469e-01 -3.970267772674560547e-01 4.420181214809417725e-01
-1.662438660860061646e-01 -1.678671240806579590e-01 5.159870386123657227e-01
3.161588311195373535e-02 2.491485029458999634e-01 4.300116598606109619e-01
1.499150097370147705e-01 4.350804388523101807e-01 2.921054661273956299e-01
1.548211276531219482e-01 3.585275113582611084e-01 1.691522300243377686e-01
1.322731226682662964e-01 1.264122575521469116e-01 6.268829107284545898e-02
7.192286103963851929e-02 -1.813408173620700836e-02 3.993672877550125122e-02
1.301167905330657959e-01 1.370060630142688751e-02 -1.240066960453987122e-01
1.558327078819274902e-01 1.647404208779335022e-02 -3.264011442661285400e-01
1.018245965242385864e-01 -6.301498413085937500e-02 -3.910490870475769043e-01
7.124906778335571289e-02 -2.188721895217895508e-01 -2.543186247348785400e-01
-1.631911844015121460e-02 -2.575190961360931396e-01 3.107909671962261200e-02
-2.254076860845088959e-02 -1.038959696888923645e-01 1.809111535549163818e-01
3.519895300269126892e-02 8.231446146965026855e-02 1.434954553842544556e-01
6.533668935298919678e-02 1.420457363128662109e-01 8.261369541287422180e-03
1.031213328242301941e-01 6.294889003038406372e-02 -1.151746362447738647e-01
5.448354035615921021e-02 -3.392906486988067627e-02 -1.598335206508636475e-01
-6.337374448776245117e-02 -8.599162846803665161e-02 -1.400543004274368286e-01
-1.082767322659492493e-01 -3.869753330945968628e-02 -9.004585444927215576e-02
-1.046861112117767334e-01 4.649526998400688171e-02 1.437597069889307022e-02
-5.666632950305938721e-02 1.382908374071121216e-01 8.946295082569122314e-02
-4.287752881646156311e-02 9.344086050987243652e-02 1.063751652836799622e-01
-5.649226531386375427e-02 -1.362332552671432495e-01 7.851855456829071045e-02
-1.603555982001125813e-03 -2.902234196662902832e-01 -5.562621727585792542e-02
1.101252436637878418e-01 -2.149974405765533447e-01 -2.350913435220718384e-01
2.844239175319671631e-01 1.113991960883140564e-01 -3.259944915771484375e-01
2.959067821502685547e-01 3.032023012638092041e-01 -2.699606418609619141e-01
1.690729558467864990e-01 2.389477193355560303e-01 -1.462716609239578247e-01
-1.105297636240720749e-02 -4.602053016424179077e-02 1.637519709765911102e-02
-1.603914350271224976e-01 -2.723865211009979248e-01 6.699354946613311768e-02
-1.467261761426925659e-01 -2.012363821268081665e-01 6.926263868808746338e-02
-8.666536957025527954e-02 -2.478976733982563019e-02 8.542016893625259399e-02
-2.558682113885879517e-02 1.526485085487365723e-01 4.007006436586380005e-02
-3.062056936323642731e-02 2.284986078739166260e-01 5.002483353018760681e-02
-7.731264084577560425e-02 1.816235780715942383e-01 1.126345843076705933e-01
-1.531184613704681396e-01 1.415297985076904297e-01 1.912111788988113403e-01
-2.212078124284744263e-01 3.275704011321067810e-02 2.106300294399261475e-01
-1.484539061784744263e-01 -1.418228596448898315e-01 2.004031240940093994e-01
-8.030206710100173950e-02 -3.075629770755767822e-01 1.929800659418106079e-01
-4.407849535346031189e-02 -3.721505701541900635e-01 3.019081056118011475e-01
-1.130238100886344910e-01 -3.567079603672027588e-01 3.487338423728942871e-01
-2.410210222005844116e-01 -2.000771462917327881e-01 1.756887435913085938e-01
-1.638756841421127319e-01 8.019183762371540070e-03 -2.884830534458160400e-02
2.017214521765708923e-02 1.848346590995788574e-01 -2.644132673740386963e-01
2.456890940666198730e-01 3.065851926803588867e-01 -3.164740204811096191e-01
3.289824128150939941e-01 2.767595350742340088e-01 -2.905641496181488037e-01
3.105948865413665771e-01 2.373747825622558594e-01 -3.579339683055877686e-01
3.029932677745819092e-01 1.711884438991546631e-01 -4.036806225776672363e-01
3.187085688114166260e-01 1.186639741063117981e-01 -4.415186047554016113e-01
2.817149162292480469e-01 1.652534818276762962e-03 -3.805899620056152344e-01
1.154531612992286682e-01 -2.318990975618362427e-01 -9.737164527177810669e-02
-1.783487200736999512e-01 -2.987010478973388672e-01 1.924494206905364990e-01
-3.759507238864898682e-01 -1.752842813730239868e-01 3.368028700351715088e-01
-4.105840921401977539e-01 -1.294245384633541107e-02 3.282818198204040527e-01
-3.419451117515563965e-01 1.199586093425750732e-01 2.532012164592742920e-01
-1.823009997606277466e-01 1.609018743038177490e-01 2.354118973016738892e-01
-2.055069357156753540e-01 2.678902745246887207e-01 1.031755506992340088e-01
-3.030613660812377930e-01 4.534638524055480957e-01 -1.064008008688688278e-02
-3.633101880550384521e-01 4.655088782310485840e-01 -1.155970767140388489e-01
-2.764314413070678711e-01 3.206263780593872070e-01 -6.674913316965103149e-02
9.951937943696975708e-02 -1.351694613695144653e-01 1.060865893959999084e-01
3.207882344722747803e-01 -4.316843152046203613e-01 4.776160046458244324e-02
4.164575338363647461e-01 -4.300765991210937500e-01 -9.669550345279276371e-04
4.075441658496856689e-01 -3.354089856147766113e-01 -6.942896544933319092e-02
3.718420565128326416e-01 -1.405274868011474609e-01 2.909006550908088684e-02
3.485392630100250244e-01 -1.210868731141090393e-01 2.757098376750946045e-01
2.500399649143218994e-01 -2.283630818128585815e-01 3.299476802349090576e-01
1.070596501231193542e-01 -2.456150799989700317e-01 2.575374245643615723e-01
-8.497475646436214447e-03 -2.254431545734405518e-01 -1.515278518199920654e-01
-5.709682032465934753e-02 -2.355547994375228882e-02 -4.756867885589599609e-01
-1.902129203081130981e-01 1.202502027153968811e-01 -4.699620008468627930e-01
-2.915813922882080078e-01 1.314454823732376099e-01 -2.736695408821105957e-01
-3.179920017719268799e-01 1.730834096670150757e-01 2.110378742218017578e-01
-1.395592689514160156e-01 1.643661558628082275e-01 3.023066222667694092e-01
1.294184476137161255e-01 1.608756184577941895e-01 1.227125618606805801e-02
2.082224041223526001e-01 1.139229759573936462e-01 -2.197420299053192139e-01
1.086359545588493347e-01 -7.122006267309188843e-02 -2.432825714349746704e-01
-3.245186060667037964e-02 -1.594505608081817627e-01 -3.829267108812928200e-03
2.719367109239101410e-02 -1.242787912487983704e-01 2.102783918380737305e-01
4.994072765111923218e-02 3.025244735181331635e-02 2.292589992284774780e-01
4.304930567741394043e-02 2.368388026952743530e-01 7.164791971445083618e-02
-1.360561847686767578e-01 2.775774598121643066e-01 -1.008720844984054565e-01
-3.199545443058013916e-01 2.390800863504409790e-01 -2.522894442081451416e-01
-2.625473439693450928e-01 5.731097236275672913e-02 -2.147346436977386475e-01
-1.215411350131034851e-01 -7.185815274715423584e-02 -5.520336329936981201e-02
1.703281700611114502e-01 -1.289097219705581665e-01 1.584686785936355591e-01
3.156860470771789551e-01 -1.314018964767456055e-01 3.073681592941284180e-01
1.749060302972793579e-01 5.939562991261482239e-02 9.924511611461639404e-02
-7.151644676923751831e-02 1.510620862245559692e-01 -2.237647175788879395e-01
-3.916754722595214844e-01 4.493906348943710327e-02 -4.532762467861175537e-01
-4.192551672458648682e-01 -1.574682593345642090e-01 -4.742962121963500977e-01
-2.636715173721313477e-01 -3.895733058452606201e-01 -3.190898895263671875e-01
1.153507009148597717e-01 -2.684894800186157227e-01 -1.122868880629539490e-01
3.870213031768798828e-01 5.897822603583335876e-02 1.981461942195892334e-01
2.593680918216705322e-01 2.982050478458404541e-01 3.196224272251129150e-01
3.052369691431522369e-03 2.891769707202911377e-01 3.808152079582214355e-01
-9.605851024389266968e-02 6.073490157723426819e-02 4.779432415962219238e-01
6.131841614842414856e-02 -1.701892763376235962e-01 5.213248729705810547e-01
3.617838621139526367e-01 -2.173220217227935791e-01 4.375105500221252441e-01
3.431230485439300537e-01 -1.545078009366989136e-01 -6.523372977972030640e-02
-5.576973408460617065e-02 2.459932863712310791e-02 -4.968614876270294189e-01
-3.681903183460235596e-01 1.876169443130493164e-01 -5.655630230903625488e-01
-4.605320394039154053e-01 1.910491138696670532e-01 -4.957031011581420898e-01
-3.400090634822845459e-01 7.324551790952682495e-02 -1.361761540174484253e-01
-1.532990392297506332e-02 2.475784905254840851e-02 2.123227864503860474e-01
1.707833409309387207e-01 1.340530253946781158e-02 2.623770833015441895e-01
2.432960569858551025e-01 2.023667655885219574e-02 2.082420140504837036e-01
2.398950457572937012e-01 5.522314831614494324e-02 1.107604131102561951e-01
2.127850204706192017e-01 8.740586787462234497e-02 1.336836516857147217e-01
2.248770296573638916e-01 8.524647355079650879e-02 2.569179832935333252e-01
1.801769733428955078e-01 -1.234908774495124817e-01 3.372679948806762695e-01
8.055648952722549438e-02 -3.099898099899291992e-01 3.026292324066162109e-01
-6.316211074590682983e-02 -3.271377384662628174e-01 1.244574412703514099e-01
-1.185276135802268982e-01 1.803188621997833252e-01 -1.112513840198516846e-01
-1.785029619932174683e-01 6.274187564849853516e-01 -2.301142066717147827e-01
-3.115344941616058350e-01 5.999891757965087891e-01 -2.601536214351654053e-01
-3.249244391918182373e-01 1.089629754424095154e-01 -4.017197489738464355e-01
-2.608982026576995850e-01 -6.249291300773620605e-01 -4.357835650444030762e-01
5.233718454837799072e-02 -6.998304128646850586e-01 -4.021601676940917969e-01
3.506504595279693604e-01 -4.257247745990753174e-01 -2.621412575244903564e-01
3.387247622013092041e-01 2.660128176212310791e-01 1.603552252054214478e-01
1.726953238248825073e-01 5.603296756744384766e-01 3.624935150146484375e-01
-2.433490902185440063e-01 4.085726439952850342e-01 4.049534499645233154e-01
-3.880299031734466553e-01 1.214986145496368408e-01 4.019169807434082031e-01
-3.592452406883239746e-01 -3.449924662709236145e-02 3.399455249309539795e-01
-2.478403002023696899e-01 -1.018098145723342896e-01 2.916124463081359863e-01
8.959677815437316895e-02 -1.156112104654312134e-01 2.480878382921218872e-01
3.486678898334503174e-01 -1.919373273849487305e-01 1.711997091770172119e-01
4.089363515377044678e-01 -1.165974885225296021e-01 4.178537800908088684e-02
2.508368492126464844e-01 1.420213133096694946e-01 -1.498180925846099854e-01
-1.102320402860641479e-01 1.871681511402130127e-01 -4.076085686683654785e-01
-2.062612920999526978e-01 2.039648294448852539e-01 -4.701960682868957520e-01
-8.286695182323455811e-02 1.125880032777786255e-01 -3.168462216854095459e-01
6.557139754295349121e-02 1.258290708065032959e-01 2.602239139378070831e-03
1.474113464355468750e-01 2.103887200355529785e-01 2.494339644908905029e-01
7.266212999820709229e-02 1.441963911056518555e-01 2.318136245012283325e-01
8.464795351028442383e-02 -6.601538509130477905e-02 7.962058484554290771e-02
8.463934808969497681e-02 -3.227232396602630615e-01 -1.860439330339431763e-01
5.770793650299310684e-03 -3.617223799228668213e-01 -3.521587252616882324e-01
-1.239908933639526367e-01 -2.126543372869491577e-01 -3.570313155651092529e-01
-2.389140129089355469e-01 -7.093894295394420624e-03 -2.908487319946289062e-01
-1.379258185625076294e-01 2.666529640555381775e-02 6.271241698414087296e-03
1.070114900358021259e-03 -5.738577246665954590e-02 1.709380298852920532e-01
9.428382664918899536e-02 -1.318087428808212280e-01 1.914881616830825806e-01
7.700013369321823120e-02 -2.491675317287445068e-02 1.830743700265884399e-01
-8.926494419574737549e-02 2.061989605426788330e-01 1.026797965168952942e-01
-2.335065603256225586e-01 2.771266698837280273e-01 1.278338730335235596e-01
-2.465818822383880615e-01 1.506220996379852295e-01 9.002616256475448608e-02
-1.984077095985412598e-01 -9.536684304475784302e-02 3.348277881741523743e-02
-5.257766321301460266e-02 -1.758515834808349609e-01 -2.020494453608989716e-02
6.438294798135757446e-02 -1.885378360748291016e-01 -5.645005032420158386e-02
7.303588092327117920e-02 -1.828101426362991333e-01 -3.970643132925033569e-02
1.482921540737152100e-01 -8.172226697206497192e-02 -6.060299277305603027e-02
1.802991479635238647e-01 -3.589840978384017944e-02 -3.965773805975914001e-02
2.440311610698699951e-01 1.088056713342666626e-01 -2.708045393228530884e-02
2.377664297819137573e-01 2.130220681428909302e-01 3.056716173887252808e-02
1.364925950765609741e-01 1.496754437685012817e-01 6.817971915006637573e-02
1.168470904231071472e-01 5.328704416751861572e-02 -2.789642103016376495e-02
1.681778281927108765e-01 -2.378998696804046631e-01 -1.992587298154830933e-01
1.661957353353500366e-01 -4.171824157238006592e-01 -3.817393481731414795e-01
6.669308990240097046e-02 -4.608681201934814453e-01 -4.392112493515014648e-01
-8.668013662099838257e-02 -3.452181816101074219e-01 -3.859557211399078369e-01
-1.474262177944183350e-01 2.673735097050666809e-02 -1.520622372627258301e-01
-1.244206205010414124e-01 2.754408419132232666e-01 1.695614755153656006e-01
-1.876101791858673096e-01 4.089633822441101074e-01 3.146665394306182861e-01
-2.892294526100158691e-01 4.028788208961486816e-01 3.756656050682067871e-01
-2.869997918605804443e-01 2.946131825447082520e-01 3.636116981506347656e-01
-9.926933050155639648e-02 1.514676511287689209e-01 2.918907999992370605e-01
1.596338152885437012e-01 1.353441085666418076e-02 2.163249552249908447e-01
3.658214509487152100e-01 -5.028017237782478333e-02 2.215195596218109131e-01
3.591933846473693848e-01 -1.388894743286073208e-03 2.099862396717071533e-01
2.597923278808593750e-01 5.278089642524719238e-02 1.364319473505020142e-01
1.355153322219848633e-01 5.396257713437080383e-02 6.197071075439453125e-02
-2.801060117781162262e-02 4.630218818783760071e-02 -3.460056334733963013e-02
