1.113649681210517883e-01 -1.020525246858596802e-01 7.206838577985763550e-02
5.495949089527130127e-02 -3.215456604957580566e-01 1.838793158531188965e-01
-1.353226602077484131e-01 -4.783331751823425293e-01 3.245475590229034424e-01
-2.826509773731231689e-01 -5.166145563125610352e-01 3.269975185394287109e-01
-1.539252400398254395e-01 -5.573890209197998047e-01 2.875152230262756348e-01
9.702305495738983154e-02 -3.528486192226409912e-01 1.246791407465934753e-01
4.126091301441192627e-01 -5.338156223297119141e-02 -1.468995120376348495e-02
4.793508052825927734e-01 1.278504431247711182e-01 2.875869907438755035e-02
2.507784962654113770e-01 3.308364450931549072e-01 1.005435287952423096e-01
3.937236592173576355e-02 3.072116971015930176e-01 9.846490621566772461e-02
-6.505226343870162964e-02 2.670480012893676758e-01 1.119497492909431458e-01
-1.115043312311172485e-01 2.863355278968811035e-01 6.157363951206207275e-02
-1.428501158952713013e-01 3.232995569705963135e-01 -1.846734248101711273e-02
-2.793539166450500488e-01 3.106364011764526367e-01 -4.153909394517540932e-04
-3.913534879684448242e-01 1.180796995759010315e-01 -2.888450957834720612e-02
-2.631995975971221924e-01 -9.556411951780319214e-02 -1.048231846652925014e-03
-5.772158503532409668e-02 -1.188424602150917053e-01 6.912035867571830750e-03
8.334474265575408936e-02 5.031361058354377747e-02 -4.367064684629440308e-02
1.308627724647521973e-01 1.408382803201675415e-01 1.957175321877002716e-02
6.940126419067382812e-02 1.120649352669715881e-01 2.485963515937328339e-02
1.093745976686477661e-02 6.551999598741531372e-02 -2.013021335005760193e-02
1.971660368144512177e-02 4.857524111866950989e-02 -4.622402787208557129e-02
2.337160892784595490e-02 -4.779982939362525940e-02 -9.526792913675308228e-02
6.215525791049003601e-02 -1.026673167943954468e-01 -7.878926396369934082e-02
1.153742596507072449e-01 -7.795913517475128174e-02 -4.487534612417221069e-02
4.642451554536819458e-02 -7.844232767820358276e-02 -2.178146131336688995e-02
2.615052089095115662e-02 -3.201895579695701599e-02 4.632950574159622192e-02
-8.690381050109863281e-02 4.423533752560615540e-02 9.341532737016677856e-02
5.865271762013435364e-02 9.770183265209197998e-02 1.111654266715049744e-01
2.489873617887496948e-01 9.724269062280654907e-02 -3.520027920603752136e-02
2.560809850692749023e-01 -5.232826992869377136e-02 -1.205772459506988525e-01
1.029580533504486084e-01 -2.598239183425903320e-01 -1.054195687174797058e-01
-2.814665138721466064e-01 -2.888020277023315430e-01 3.156659658998250961e-03
-3.561454415321350098e-01 -2.622159421443939209e-01 9.205839782953262329e-02
-2.908817827701568604e-01 -2.943553924560546875e-01 1.328176353126764297e-02
-2.041000425815582275e-01 -2.368244677782058716e-01 -1.302980929613113403e-01
-7.328043133020401001e-02 -2.148346900939941406e-01 -2.913016676902770996e-01
-1.672107726335525513e-01 -2.452080547809600830e-01 -2.829328477382659912e-01
-2.081295102834701538e-01 -2.495281696319580078e-01 -3.010927736759185791e-01
-2.700033485889434814e-01 -2.658734321594238281e-01 -2.248008251190185547e-01
-2.997410595417022705e-01 -2.154209464788436890e-01 -1.110948249697685242e-01
-3.184232413768768311e-01 -8.124970644712448120e-02 -4.836567491292953491e-02
-1.355206519365310669e-01 5.042089149355888367e-02 1.461272686719894409e-01
1.285409778356552124e-01 9.014494717121124268e-02 2.078389972448348999e-01
2.953118979930877686e-01 2.895462214946746826e-01 1.546517759561538696e-01
4.414172768592834473e-01 4.436187744140625000e-01 7.962818443775177002e-02
4.121800661087036133e-01 5.937006473541259766e-01 -9.243902564048767090e-02
4.743866324424743652e-01 5.718351006507873535e-01 -1.293243020772933960e-01
4.378481805324554443e-01 4.413744807243347168e-01 -9.777133166790008545e-02
3.744453191757202148e-01 3.545627295970916748e-01 -2.242600545287132263e-02
1.939019560813903809e-01 2.068989276885986328e-01 7.933468371629714966e-02
1.000974234193563461e-02 1.472826600074768066e-01 5.004923418164253235e-02
3.109613433480262756e-02 5.483267083764076233e-02 -1.020842231810092926e-02
-6.881220638751983643e-02 -2.469854354858398438e-01 4.470259882509708405e-03
-1.823277622461318970e-01 -3.989784717559814453e-01 1.012197602540254593e-02
-1.908319294452667236e-01 -4.778605699539184570e-01 -1.133984625339508057e-01
-1.046266928315162659e-01 -4.631875753402709961e-01 -2.280499190092086792e-01
1.415563561022281647e-02 -2.647339701652526855e-01 -3.319250047206878662e-01
8.580816537141799927e-02 -1.307865977287292480e-01 -2.951223254203796387e-01
8.571372926235198975e-02 -4.070172086358070374e-02 -1.001273840665817261e-01
1.632714271545410156e-01 1.873895339667797089e-02 -2.070970088243484497e-02
1.608825922012329102e-01 1.335667520761489868e-01 3.299599885940551758e-02
2.018887177109718323e-02 2.138045281171798706e-01 8.149818331003189087e-02
-1.047138795256614685e-01 -4.902653768658638000e-02 4.004422426223754883e-01
-2.221011966466903687e-01 -1.237386167049407959e-01 6.169038414955139160e-01
-1.378464996814727783e-01 -1.696915775537490845e-01 6.222400069236755371e-01
-1.134605407714843750e-01 -5.707152932882308960e-02 5.487386584281921387e-01
-4.484082572162151337e-03 1.207369342446327209e-01 2.455234974622726440e-01
1.152710691094398499e-01 8.335754275321960449e-03 1.010276153683662415e-01
6.728746462613344193e-03 2.875524014234542847e-02 4.274685308337211609e-02
-2.980515919625759125e-02 7.580153644084930420e-02 -1.415051072835922241e-01
-2.333282381296157837e-01 2.657497525215148926e-01 -2.666210830211639404e-01
-1.424341052770614624e-01 4.652540385723114014e-01 -3.767901659011840820e-01
-4.290817677974700928e-02 5.070094466209411621e-01 -4.290359020233154297e-01
-3.528740257024765015e-02 4.660930037498474121e-01 -4.075500965118408203e-01
5.682389810681343079e-02 8.925683051347732544e-02 -4.329732358455657959e-01
3.333092480897903442e-02 -2.781912684440612793e-01 -3.772574961185455322e-01
1.448839753866195679e-01 -1.235407590866088867e-01 -1.797861307859420776e-01
2.446978837251663208e-01 5.371668562293052673e-02 -8.231899887323379517e-02
4.071507602930068970e-02 2.392788380384445190e-01 2.720429748296737671e-02
-2.342024594545364380e-01 5.405651405453681946e-02 -1.273638755083084106e-01
-1.537348031997680664e-01 -1.873824596405029297e-01 -2.003304660320281982e-01
-1.042323857545852661e-01 -2.202037423849105835e-01 -1.732455939054489136e-01
9.515135735273361206e-02 -7.412242144346237183e-02 -1.257766634225845337e-01
1.188341602683067322e-01 5.997724831104278564e-02 -1.218942180275917053e-01
-4.890998452901840210e-02 1.331968009471893311e-01 -1.880525946617126465e-01
-8.695434033870697021e-02 1.328133940696716309e-01 -7.805649191141128540e-02
-1.577558964490890503e-01 -4.586038365960121155e-02 -1.968732848763465881e-02
-1.717176586389541626e-01 -1.206134483218193054e-01 9.344506263732910156e-02
-1.214113458991050720e-01 -2.683059573173522949e-01 1.716244071722030640e-01
3.932907246053218842e-03 -1.614858508110046387e-01 4.938431456685066223e-02
1.889858953654766083e-02 -1.070451512932777405e-01 4.721238743513822556e-03
-1.149979233741760254e-01 7.572937011718750000e-02 -7.127729803323745728e-02
-2.165101468563079834e-01 2.056135535240173340e-01 -4.573992267251014709e-02
-1.059691607952117920e-01 -1.749539673328399658e-01 2.759930491447448730e-01
2.519477903842926025e-01 -4.186338484287261963e-01 4.079015552997589111e-01
5.825435519218444824e-01 -4.953485727310180664e-01 3.058515191078186035e-01
6.686733365058898926e-01 -4.543818235397338867e-01 -4.091667383909225464e-02
5.242578983306884766e-01 -4.203632473945617676e-01 -4.099478423595428467e-01
2.470984607934951782e-01 -4.467844069004058838e-01 -4.722952544689178467e-01
-6.850306689739227295e-02 -3.646766245365142822e-01 -2.898779511451721191e-01
-8.388955146074295044e-02 -1.875341981649398804e-01 4.309963062405586243e-02
-8.636206388473510742e-02 1.740404963493347168e-01 1.864432543516159058e-01
-1.910898834466934204e-01 4.580016136169433594e-01 2.441393770277500153e-02
-1.638344973325729370e-01 5.502526760101318359e-01 -1.599766165018081665e-01
-1.396758854389190674e-01 4.987033903598785400e-01 -2.628830671310424805e-01
-1.156797409057617188e-01 6.826127320528030396e-02 -1.378175020217895508e-01
2.687744610011577606e-02 -3.866882920265197754e-01 5.941730365157127380e-02
9.581953287124633789e-02 -4.343577623367309570e-01 1.684240996837615967e-01
1.765854060649871826e-01 -3.730188906192779541e-01 2.181103229522705078e-01
2.042074948549270630e-01 -2.205711752176284790e-01 1.658795028924942017e-01
1.143517121672630310e-01 -1.371456980705261230e-01 1.209086403250694275e-01
9.318930655717849731e-02 -8.593656867742538452e-02 7.808038592338562012e-02
5.210472643375396729e-02 -6.064235791563987732e-02 -1.231227815151214600e-02
-1.147791966795921326e-01 -1.541162561625242233e-02 -3.573842719197273254e-02
-2.862517833709716797e-01 1.433975249528884888e-01 8.286759257316589355e-03
-3.671533465385437012e-01 3.818680942058563232e-01 1.085280999541282654e-02
-6.956509500741958618e-02 4.967494010925292969e-01 -1.550309956073760986e-01
2.542280033230781555e-02 4.472829699516296387e-01 -2.860760390758514404e-01
1.182105205953121185e-02 3.787169754505157471e-01 -1.777101159095764160e-01
-4.371288120746612549e-01 1.710529178380966187e-01 3.051346540451049805e-01
-5.184446573257446289e-01 -3.862370550632476807e-02 5.650783777236938477e-01
-2.294291704893112183e-01 -1.904563605785369873e-01 6.085996031761169434e-01
3.683077991008758545e-01 -4.134841859340667725e-01 2.295704483985900879e-01
6.140950918197631836e-01 -4.278557896614074707e-01 -2.806615829467773438e-01
4.649993777275085449e-01 -3.707966208457946777e-01 -5.193955898284912109e-01
9.614225476980209351e-02 -3.844218552112579346e-01 -4.937039613723754883e-01
-2.396966367959976196e-01 -1.989739686250686646e-01 -2.259051054716110229e-01
-2.692368328571319580e-01 -3.803448751568794250e-02 -2.554069645702838898e-02
-4.143036529421806335e-02 1.239066421985626221e-01 1.448210030794143677e-01
7.507712393999099731e-02 2.850390970706939697e-01 3.109904229640960693e-01
6.506769359111785889e-02 3.790189027786254883e-01 4.152518212795257568e-01
2.492508292198181152e-01 3.840088248252868652e-01 2.744085490703582764e-01
3.281237324699759483e-03 4.930221438407897949e-01 3.667199611663818359e-02
-7.767900824546813965e-02 5.324239134788513184e-01 -1.369738429784774780e-01
-1.426762342453002930e-01 4.163908362388610840e-01 -2.416474930942058563e-02
-2.031855881214141846e-01 1.926458328962326050e-01 2.040565907955169678e-01
8.803432434797286987e-02 -1.088703796267509460e-01 2.804655134677886963e-01
3.304435312747955322e-02 -1.757661104202270508e-01 1.501309275627136230e-01
-1.951670944690704346e-01 6.201833020895719528e-03 1.113953888416290283e-01
-3.557409942150115967e-01 9.917084872722625732e-02 2.523203194141387939e-01
-4.280118644237518311e-01 1.578846126794815063e-01 3.131116330623626709e-01
-3.963403105735778809e-01 1.574700176715850830e-01 2.420787215232849121e-01
-3.390055298805236816e-01 1.718163937330245972e-01 9.417419321835041046e-03
-2.127057760953903198e-01 -1.258818805217742920e-01 -1.186717227101325989e-01
-1.389851570129394531e-01 -3.499302864074707031e-01 -7.429786026477813721e-02
-1.388040184974670410e-01 -3.787044882774353027e-01 4.643763229250907898e-02
-5.826096981763839722e-02 -3.598888814449310303e-01 3.456278145313262939e-02
1.628559897653758526e-03 -9.290380030870437622e-02 -1.202608644962310791e-01
3.457119315862655640e-02 -4.023678600788116455e-02 -1.875353455543518066e-01
-1.731452345848083496e-02 -3.313886374235153198e-02 -1.357321739196777344e-01
-1.125238612294197083e-01 -2.608897350728511810e-02 4.406215250492095947e-02
-1.048792600631713867e-01 1.350237429141998291e-02 1.824256926774978638e-01
1.499192044138908386e-02 7.197824120521545410e-02 3.396558761596679688e-01
8.930688351392745972e-02 5.454395711421966553e-02 3.717511594295501709e-01
2.560542821884155273e-01 1.228497922420501709e-01 3.760665357112884521e-01
2.500704824924468994e-01 9.570926427841186523e-02 3.335996866226196289e-01
2.744050920009613037e-01 1.216754615306854248e-01 2.065115422010421753e-01
3.646513819694519043e-01 1.320694088935852051e-01 1.055189073085784912e-01
1.708769202232360840e-01 3.865481540560722351e-02 2.288196980953216553e-02
9.068088233470916748e-02 2.116461470723152161e-02 -7.474093139171600342e-02
-9.884789586067199707e-02 -2.641399577260017395e-02 -1.044927537441253662e-01
-2.501226961612701416e-01 5.817042291164398193e-02 -1.266849339008331299e-01
-1.622238159179687500e-01 5.407374352216720581e-02 -1.746013760566711426e-01
-5.254708230495452881e-02 -6.244391575455665588e-02 -2.431004196405410767e-01
1.526719331741333008e-01 -1.318864673376083374e-01 -4.961360692977905273e-01
3.636377453804016113e-01 -2.907495200634002686e-01 -5.257036089897155762e-01
4.306073486804962158e-01 -3.890948295593261719e-01 -4.995551705360412598e-01
3.718798756599426270e-01 -4.556623697280883789e-01 -4.360858798027038574e-01
1.728466153144836426e-01 -4.084147214889526367e-01 -2.939231693744659424e-01
-4.936953773722052574e-04 -2.348872125148773193e-01 -1.563052088022232056e-01
-2.796002849936485291e-02 -1.118026003241539001e-01 6.403843313455581665e-02
-3.080946952104568481e-02 2.080988883972167969e-02 2.798935472965240479e-01
1.316198799759149551e-02 1.337645351886749268e-01 3.379716873168945312e-01
4.213983193039894104e-02 2.104210108518600464e-01 2.089450657367706299e-01
1.486511086113750935e-03 2.220647782087326050e-01 1.530505716800689697e-01
-2.906858623027801514e-01 4.011742174625396729e-01 -1.827129870653152466e-01
-4.782104492187500000e-01 4.284341931343078613e-01 -2.936314046382904053e-01
-4.980907142162322998e-01 3.906621932983398438e-01 -2.690955698490142822e-01
