1.143223650662559057e-02
7.621491004417061538e-03
0.000000000000000000e+00
0.000000000000000000e+00
0.000000000000000000e+00
2.136005655831069161e-01
4.150328188361727122e-01
4.678200172618584562e-01
2.813521561925591552e-01
0.000000000000000000e+00
0.000000000000000000e+00
0.000000000000000000e+00
0.000000000000000000e+00
3.035484171683398586e-03
0.000000000000000000e+00
0.000000000000000000e+00
0.000000000000000000e+00
0.000000000000000000e+00
0.000000000000000000e+00
0.000000000000000000e+00
0.000000000000000000e+00
0.000000000000000000e+00
0.000000000000000000e+00
0.000000000000000000e+00
0.000000000000000000e+00
0.000000000000000000e+00
0.000000000000000000e+00
0.000000000000000000e+00
0.000000000000000000e+00
0.000000000000000000e+00
0.000000000000000000e+00
0.000000000000000000e+00
0.000000000000000000e+00
0.000000000000000000e+00
0.000000000000000000e+00
0.000000000000000000e+00
3.421083865893390641e-01
5.297630643864341682e-01
4.458241030211230194e-01
2.142170671717393282e-01
0.000000000000000000e+00
0.000000000000000000e+00
0.000000000000000000e+00
0.000000000000000000e+00
1.670589403987681187e-01
3.407392720675982978e-01
3.887212742729184711e-01
2.189742947259971095e-01
0.000000000000000000e+00
0.000000000000000000e+00
0.000000000000000000e+00
0.000000000000000000e+00
0.000000000000000000e+00
1.488273002886993839e-03
1.519222808409653042e-02
2.163388004413245580e-02
1.649948834973415102e-02
1.884736252405326161e-03
0.000000000000000000e+00
0.000000000000000000e+00
0.000000000000000000e+00
0.000000000000000000e+00
0.000000000000000000e+00
3.718122278877910442e-02
8.452701726455645603e-02
1.153624265750003985e-01
2.572243619676062645e-02
0.000000000000000000e+00
0.000000000000000000e+00
0.000000000000000000e+00
0.000000000000000000e+00
0.000000000000000000e+00
0.000000000000000000e+00
0.000000000000000000e+00
2.262998272883801620e-01
3.582093910687327298e-01
2.986431057278128853e-01
1.370174664440878820e-01
0.000000000000000000e+00
0.000000000000000000e+00
0.000000000000000000e+00
0.000000000000000000e+00
0.000000000000000000e+00
0.000000000000000000e+00
0.000000000000000000e+00
0.000000000000000000e+00
0.000000000000000000e+00
0.000000000000000000e+00
0.000000000000000000e+00
0.000000000000000000e+00
0.000000000000000000e+00
0.000000000000000000e+00
0.000000000000000000e+00
0.000000000000000000e+00
0.000000000000000000e+00
2.429972899607975301e-01
4.675896141555055396e-01
5.092559493822099714e-01
2.603054918182940991e-01
0.000000000000000000e+00
0.000000000000000000e+00
0.000000000000000000e+00
0.000000000000000000e+00
1.440139779745236784e-02
1.098675212375098582e-02
3.551071595404516751e-02
2.332379065349541106e-02
1.897340274546722647e-02
6.345482038372978785e-03
0.000000000000000000e+00
0.000000000000000000e+00
0.000000000000000000e+00
0.000000000000000000e+00
1.057099848695912912e-02
8.624940026811049034e-04
0.000000000000000000e+00
0.000000000000000000e+00
0.000000000000000000e+00
0.000000000000000000e+00
0.000000000000000000e+00
2.972628676157618721e-01
5.241563503943275082e-01
6.880294956911875426e-01
6.832828335125669117e-01
4.856794328501706781e-01
2.399427160102388101e-01
0.000000000000000000e+00
0.000000000000000000e+00
0.000000000000000000e+00
0.000000000000000000e+00
4.717783291388150287e-03
4.650047429640060542e-03
0.000000000000000000e+00
2.247907229931324791e-03
2.285732379511921236e-02
5.348440855248144665e-02
6.239748910853397390e-02
4.394324054596000784e-02
8.621477351416514598e-03
0.000000000000000000e+00
0.000000000000000000e+00
0.000000000000000000e+00
0.000000000000000000e+00
0.000000000000000000e+00
6.031854357512123066e-02
1.060450619492689234e-01
5.464105552161301060e-02
0.000000000000000000e+00
0.000000000000000000e+00
0.000000000000000000e+00
3.426281251532183741e-02
6.564058262074906613e-02
2.651559237787635623e-02
2.077893066164348233e-03
0.000000000000000000e+00
0.000000000000000000e+00
0.000000000000000000e+00
0.000000000000000000e+00
0.000000000000000000e+00
0.000000000000000000e+00
9.060013124557324965e-03
1.938069012638259786e-02
2.858921742768538721e-02
3.448149602090626320e-02
3.015705346570836734e-02
1.756292219054974083e-02
3.863679953013213122e-03
0.000000000000000000e+00
0.000000000000000000e+00
0.000000000000000000e+00
0.000000000000000000e+00
0.000000000000000000e+00
3.651933136953412068e-02
0.000000000000000000e+00
0.000000000000000000e+00
0.000000000000000000e+00
0.000000000000000000e+00
1.123137226006142714e-01
3.501015206418948145e-01
