2.905037105083465576e-01 1.970977783203125000e-01 -4.886214435100555420e-01
2.309308648109436035e-01 2.307753115892410278e-01 -5.113209486007690430e-01
1.018817648291587830e-01 1.400664150714874268e-01 -5.450704097747802734e-01
1.578881219029426575e-02 2.672018706798553467e-01 -5.071162581443786621e-01
-1.004629209637641907e-01 3.627740144729614258e-01 -4.259050190448760986e-01
-8.026819676160812378e-02 4.338271915912628174e-01 -3.170180022716522217e-01
-6.010989472270011902e-02 4.671834111213684082e-01 -1.439862996339797974e-01
5.394219607114791870e-02 5.613942146301269531e-01 1.645200401544570923e-01
2.621990814805030823e-02 6.015216112136840820e-01 2.781499624252319336e-01
-8.593346923589706421e-03 4.274242520332336426e-01 2.065483629703521729e-01
1.018935069441795349e-01 4.041697978973388672e-01 3.272985219955444336e-01
2.176872640848159790e-01 3.947500586509704590e-01 4.225542843341827393e-01
2.938488721847534180e-01 3.222174644470214844e-01 4.613705873489379883e-01
3.213119804859161377e-01 3.041735589504241943e-01 4.737401008605957031e-01
3.899027407169342041e-01 2.841924428939819336e-01 4.321991503238677979e-01
4.072695970535278320e-01 2.843972444534301758e-01 4.098387360572814941e-01
3.746575117111206055e-01 2.302730232477188110e-01 4.095265865325927734e-01
3.155804872512817383e-01 2.721220254898071289e-01 3.980758488178253174e-01
2.508114278316497803e-01 2.383662015199661255e-01 4.433493316173553467e-01
1.470655351877212524e-01 2.005303204059600830e-01 4.862086772918701172e-01
1.842991709709167480e-01 1.508927792310714722e-01 4.200528264045715332e-01
1.731168031692504883e-01 1.676676869392395020e-01 4.990777373313903809e-01
1.296313107013702393e-01 1.770020127296447754e-01 5.483976602554321289e-01
5.695297941565513611e-02 2.019494026899337769e-01 5.534608960151672363e-01
1.042151451110839844e-01 1.844069957733154297e-01 5.273905396461486816e-01
3.143389895558357239e-02 2.320916056632995605e-01 5.097906589508056641e-01
-1.712475717067718506e-01 3.896884620189666748e-01 4.675560891628265381e-01
-2.567703425884246826e-01 4.760739207267761230e-01 3.696789443492889404e-01
-3.515782654285430908e-01 4.516193568706512451e-01 1.598032116889953613e-01
-3.344708085060119629e-01 4.596579670906066895e-01 4.157608747482299805e-02
-3.482299745082855225e-01 5.026636719703674316e-01 4.385192319750785828e-02
-3.630967438220977783e-01 5.298264026641845703e-01 2.876487746834754944e-02
-3.805650174617767334e-01 5.014845728874206543e-01 -2.172408252954483032e-02
-4.202501475811004639e-01 4.502702951431274414e-01 -4.293604940176010132e-02
-5.161743760108947754e-01 4.391634762287139893e-01 -3.501509875059127808e-02
-5.256169438362121582e-01 4.283734261989593506e-01 -5.808268487453460693e-02
-5.385361313819885254e-01 4.057162702083587646e-01 -6.195529550313949585e-02
-5.459004044532775879e-01 3.654567897319793701e-01 -4.729915410280227661e-02
-5.706835985183715820e-01 3.830330073833465576e-01 -2.286613918840885162e-02
-5.298810005187988281e-01 3.901689946651458740e-01 -6.835210323333740234e-02
-4.769554138183593750e-01 3.788672089576721191e-01 -7.244877517223358154e-02
-4.766753911972045898e-01 3.823529481887817383e-01 -1.196905225515365601e-02
-4.668981730937957764e-01 3.640246093273162842e-01 5.014842003583908081e-02
-4.333791434764862061e-01 3.583075702190399170e-01 5.952341854572296143e-02
-2.681381106376647949e-01 3.422900736331939697e-01 -3.922956809401512146e-02
-2.930021099746227264e-02 3.645001947879791260e-01 2.912311814725399017e-02
3.002673387527465820e-01 2.516649365425109863e-01 -1.160415858030319214e-01
1.944815814495086670e-01 1.716629117727279663e-01 -1.069288849830627441e-01
-7.764826714992523193e-02 4.950615763664245605e-02 -2.995022833347320557e-01
-2.095361799001693726e-01 1.756640374660491943e-01 -4.643389582633972168e-01
-3.403947353363037109e-01 2.413291335105895996e-01 -5.364641547203063965e-01
-2.997576296329498291e-01 1.510289758443832397e-01 -5.891870856285095215e-01
-2.490294277667999268e-01 1.492158174514770508e-01 -5.965784192085266113e-01
-1.396037340164184570e-01 1.503879129886627197e-01 -5.636854171752929688e-01
-8.350518345832824707e-02 1.473477035760879517e-01 -5.732279419898986816e-01
-1.227684468030929565e-01 1.587451547384262085e-01 -5.966612100601196289e-01
-1.198577806353569031e-01 1.787932068109512329e-01 -5.754946470260620117e-01
-2.109301984310150146e-01 2.338226139545440674e-01 -5.241735577583312988e-01
-1.426175981760025024e-01 2.255921065807342529e-01 -4.761312603950500488e-01
3.414281830191612244e-02 2.788560390472412109e-01 -3.434604704380035400e-01
2.402443736791610718e-01 2.394473850727081299e-01 -2.503814697265625000e-01
3.016927540302276611e-01 2.226638644933700562e-01 -5.463622882962226868e-02
2.998846769332885742e-01 2.392385005950927734e-01 -1.790944859385490417e-02
2.961569428443908691e-01 2.966770231723785400e-01 9.705086052417755127e-02
3.182862997055053711e-01 3.140690922737121582e-01 7.074756920337677002e-02
3.306868374347686768e-01 3.655237853527069092e-01 7.436938583850860596e-02
3.750860691070556641e-01 2.599493861198425293e-01 -3.876939043402671814e-02
5.510187149047851562e-01 -3.018319606781005859e-02 -8.568266406655311584e-03
5.170864462852478027e-01 -1.372098326683044434e-01 -1.143675670027732849e-01
4.544355869293212891e-01 -2.064975649118423462e-01 -1.795914471149444580e-01
4.442911446094512939e-01 -2.366118878126144409e-01 -1.395946443080902100e-01
4.552640616893768311e-01 -2.599551677703857422e-01 -2.036400139331817627e-01
4.559114277362823486e-01 -2.477387636899948120e-01 -2.134055644273757935e-01
4.690294861793518066e-01 -2.729489803314208984e-01 -2.519396543502807617e-01
4.222823381423950195e-01 -2.947191894054412842e-01 -2.347227334976196289e-01
4.017502665519714355e-01 -2.820215523242950439e-01 -2.010596394538879395e-01
3.570212423801422119e-01 -2.500694096088409424e-01 -1.853214204311370850e-01
3.715682625770568848e-01 -2.454809844493865967e-01 -1.878430694341659546e-01
3.594634234905242920e-01 -2.526708245277404785e-01 -1.689470112323760986e-01
4.298806488513946533e-01 -6.613948941230773926e-02 -1.034763380885124207e-01
3.595399856567382812e-01 2.277122437953948975e-01 -2.497237920761108398e-02
3.896186649799346924e-01 2.699947357177734375e-01 -2.614348381757736206e-02
3.516211211681365967e-01 3.047900497913360596e-01 -2.026109583675861359e-02
3.161863088607788086e-01 3.298428356647491455e-01 -5.746642500162124634e-02
2.513156235218048096e-01 3.533281981945037842e-01 -7.631783932447433472e-02
1.576972305774688721e-01 3.490887880325317383e-01 -1.198210865259170532e-01
3.467812016606330872e-02 2.572432160377502441e-01 -1.712481081485748291e-01
-2.429719120264053345e-01 2.738549113273620605e-01 -2.814558446407318115e-01
-3.290058970451354980e-01 2.794203758239746094e-01 -4.218517243862152100e-01
-3.264070451259613037e-01 2.661201953887939453e-01 -4.762586057186126709e-01
-2.584743797779083252e-01 2.719725370407104492e-01 -4.497454464435577393e-01
-2.156208157539367676e-01 2.629886567592620850e-01 -4.283061623573303223e-01
-2.196440547704696655e-01 2.850813567638397217e-01 -4.358851909637451172e-01
-2.588946819305419922e-01 2.792340815067291260e-01 -4.740955531597137451e-01
-3.652900457382202148e-01 2.306520193815231323e-01 -5.097429752349853516e-01
-3.861237764358520508e-01 2.294453084468841553e-01 -5.260294675827026367e-01
-3.642850816249847412e-01 2.181504815816879272e-01 -4.668231904506683350e-01
-1.687102317810058594e-01 1.926129013299942017e-01 -3.352827727794647217e-01
-2.303300052881240845e-02 1.331228315830230713e-01 -3.222506940364837646e-01
1.020484790205955505e-01 1.551834493875503540e-01 -2.001961916685104370e-01
1.598864346742630005e-01 1.905781775712966919e-01 -2.187782526016235352e-01
2.174941748380661011e-01 1.815819889307022095e-01 -2.715895473957061768e-01
2.784310281276702881e-01 2.047199755907058716e-01 -2.585775852203369141e-01
2.095748037099838257e-01 2.338645458221435547e-01 -2.460846602916717529e-01
2.264617383480072021e-02 1.841314584016799927e-01 -2.320086210966110229e-01
-1.112726330757141113e-01 1.902307868003845215e-01 -4.690807163715362549e-01
-3.621830418705940247e-02 2.660833001136779785e-01 -4.979709684848785400e-01
-1.104822382330894470e-02 2.814869880676269531e-01 -5.331133604049682617e-01
-5.787189304828643799e-02 2.930407822132110596e-01 -5.078719258308410645e-01
-7.002925872802734375e-02 3.400260508060455322e-01 -4.945338666439056396e-01
-7.185856811702251434e-03 3.244799673557281494e-01 -5.461992025375366211e-01
6.207756325602531433e-02 3.031735718250274658e-01 -5.600273609161376953e-01
5.849495530128479004e-02 2.901582419872283936e-01 -5.669446587562561035e-01
9.645827859640121460e-02 2.568917870521545410e-01 -5.797780752182006836e-01
1.166435778141021729e-01 1.701907217502593994e-01 -5.667908191680908203e-01
1.619646698236465454e-01 1.634643822908401489e-01 -5.788236856460571289e-01
1.868852078914642334e-01 1.793578118085861206e-01 -6.169657707214355469e-01
3.746037930250167847e-02 1.340573430061340332e-01 -6.188200116157531738e-01
2.400948107242584229e-01 1.561381667852401733e-01 -5.546111464500427246e-01
1.427168250083923340e-01 1.536064147949218750e-01 -4.850316345691680908e-01
