6.967175604939568334e-02
0.000000000000000000e+00
0.000000000000000000e+00
0.000000000000000000e+00
2.468041512192385711e-02
0.000000000000000000e+00
0.000000000000000000e+00
0.000000000000000000e+00
2.421597179173792802e-02
5.987507981306879751e-02
4.138239293698418170e-02
6.480412991404517140e-03
0.000000000000000000e+00
0.000000000000000000e+00
0.000000000000000000e+00
0.000000000000000000e+00
5.400311209332085173e-03
8.126966020449453987e-03
3.894765532625648567e-03
0.000000000000000000e+00
0.000000000000000000e+00
0.000000000000000000e+00
4.015424215706059861e-03
6.650587060416412663e-03
1.083660400613924591e-03
0.000000000000000000e+00
0.000000000000000000e+00
0.000000000000000000e+00
0.000000000000000000e+00
1.331935098612808694e-03
0.000000000000000000e+00
0.000000000000000000e+00
0.000000000000000000e+00
0.000000000000000000e+00
0.000000000000000000e+00
5.669309627072595002e-04
3.120082768350307574e-03
4.261841105495781969e-03
3.426153036599438248e-03
1.597889501963658534e-04
0.000000000000000000e+00
0.000000000000000000e+00
0.000000000000000000e+00
0.000000000000000000e+00
0.000000000000000000e+00
4.376233247396184300e-02
1.394288549816891931e-01
1.598639079604483038e-01
1.055542226241988346e-01
3.022044862689890130e-02
1.457610154594762841e-02
6.992057442522729704e-03
6.345894884641682318e-03
0.000000000000000000e+00
0.000000000000000000e+00
4.545710711013846439e-03
1.792747126055013133e-03
0.000000000000000000e+00
0.000000000000000000e+00
4.026227995526467096e-03
1.831588400782878032e-02
1.744635998910737396e-02
8.038134295844290636e-03
5.737981661345485391e-04
0.000000000000000000e+00
0.000000000000000000e+00
0.000000000000000000e+00
0.000000000000000000e+00
0.000000000000000000e+00
0.000000000000000000e+00
4.900395081086730310e-03
4.594455644401624836e-03
0.000000000000000000e+00
0.000000000000000000e+00
0.000000000000000000e+00
0.000000000000000000e+00
0.000000000000000000e+00
0.000000000000000000e+00
0.000000000000000000e+00
0.000000000000000000e+00
3.197456555314934657e-03
1.148608968574653909e-02
8.450274074100953478e-03
4.234875266466099977e-03
0.000000000000000000e+00
0.000000000000000000e+00
0.000000000000000000e+00
0.000000000000000000e+00
0.000000000000000000e+00
3.155558473777819641e-03
6.281453070938945032e-03
7.872559683149911100e-03
5.182412693131810584e-03
0.000000000000000000e+00
0.000000000000000000e+00
0.000000000000000000e+00
0.000000000000000000e+00
0.000000000000000000e+00
0.000000000000000000e+00
0.000000000000000000e+00
0.000000000000000000e+00
5.639654472560181762e-04
1.625404833562248130e-02
2.909147398724275593e-02
3.031221970064250024e-02
2.431216497234558668e-02
2.349949162924535803e-02
2.288146657973403816e-02
1.857931481567798304e-02
1.099962885701917525e-02
6.250623339718379586e-03
7.829010216537984554e-03
1.070106250580892156e-02
0.000000000000000000e+00
0.000000000000000000e+00
0.000000000000000000e+00
0.000000000000000000e+00
0.000000000000000000e+00
1.934648290565251505e-01
2.940195182551549324e-01
