1.955537945032119751e-01 -3.593907952308654785e-01 -2.169003419112414122e-04
2.884037494659423828e-01 -3.025711476802825928e-01 -5.221023038029670715e-02
3.103302121162414551e-01 -3.873490691184997559e-01 4.664905369281768799e-02
3.534975349903106689e-01 -3.685868978500366211e-01 1.135876700282096863e-01
3.663527965545654297e-01 -3.413854241371154785e-01 1.676504909992218018e-01
1.959280222654342651e-01 -2.501387000083923340e-01 2.200514078140258789e-01
1.146049350500106812e-01 -2.985860966145992279e-02 2.331144213676452637e-01
-7.155150640755891800e-03 7.985423319041728973e-03 2.989661693572998047e-01
-1.335491426289081573e-02 1.486525386571884155e-01 1.696525663137435913e-01
-6.763256341218948364e-02 1.714874953031539917e-01 8.555389195680618286e-02
-1.236354932188987732e-01 2.511834502220153809e-01 3.773478791117668152e-02
-2.905443608760833740e-01 3.390269875526428223e-01 -1.401352602988481522e-02
-3.840301036834716797e-01 2.771951258182525635e-01 -2.864511683583259583e-02
-3.612565100193023682e-01 2.881500124931335449e-01 -1.831664443016052246e-01
-3.631300330162048340e-01 3.615034818649291992e-01 -2.044521570205688477e-01
-3.718777596950531006e-01 3.296726644039154053e-01 -3.216756284236907959e-01
-2.975942790508270264e-01 3.321579396724700928e-01 -3.637968003749847412e-01
-2.610079646110534668e-01 3.420874774456024170e-01 -4.216288328170776367e-01
-2.661142647266387939e-01 3.124086558818817139e-01 -4.399744570255279541e-01
-3.308853507041931152e-01 3.501625657081604004e-01 -4.011295735836029053e-01
-3.772252500057220459e-01 3.332081139087677002e-01 -3.820939660072326660e-01
-3.990660309791564941e-01 2.807042896747589111e-01 -4.156250655651092529e-01
-4.645132720470428467e-01 3.197745084762573242e-01 -3.628968000411987305e-01
-4.351595938205718994e-01 2.885853648185729980e-01 -3.892582952976226807e-01
-5.169147849082946777e-01 3.038710951805114746e-01 -3.061011135578155518e-01
-4.814706444740295410e-01 3.148466944694519043e-01 -2.926519215106964111e-01
-5.192053914070129395e-01 3.093037009239196777e-01 -2.162154763936996460e-01
-4.792504608631134033e-01 3.044464886188507080e-01 -1.290237009525299072e-01
-5.003800392150878906e-01 3.338736593723297119e-01 -2.315158769488334656e-02
-4.819136857986450195e-01 3.658447861671447754e-01 8.166001737117767334e-02
-4.881705939769744873e-01 3.672062754631042480e-01 1.682273447513580322e-01
-4.323440194129943848e-01 3.370188176631927490e-01 2.487850338220596313e-01
-4.174397289752960205e-01 4.048926532268524170e-01 2.472599744796752930e-01
-3.136019408702850342e-01 4.394511580467224121e-01 2.309367656707763672e-01
-2.027523815631866455e-01 4.282881319522857666e-01 1.934371888637542725e-01
3.167246002703905106e-03 3.674179315567016602e-01 2.229819074273109436e-03
-2.382923811674118042e-01 4.461794197559356689e-01 6.594232469797134399e-02
-4.127835035324096680e-01 4.256879687309265137e-01 1.188375577330589294e-01
-4.808171987533569336e-01 4.003421366214752197e-01 1.349094808101654053e-01
-4.898834526538848877e-01 3.986462950706481934e-01 1.378763467073440552e-01
-5.262169241905212402e-01 4.155045151710510254e-01 1.545603871345520020e-01
-5.118386745452880859e-01 4.297770857810974121e-01 1.244372874498367310e-01
-5.239055156707763672e-01 4.491586089134216309e-01 1.529806256294250488e-01
-5.047855377197265625e-01 4.488657712936401367e-01 2.037020176649093628e-01
-4.609324336051940918e-01 4.529606699943542480e-01 2.631889879703521729e-01
-4.022539258003234863e-01 4.222788214683532715e-01 3.061633706092834473e-01
-3.154563903808593750e-01 4.238254427909851074e-01 3.525836765766143799e-01
-2.891440093517303467e-01 4.293563961982727051e-01 2.686448097229003906e-01
-2.052181512117385864e-01 5.131407976150512695e-01 1.232760176062583923e-01
-1.824802607297897339e-01 4.438165426254272461e-01 3.425972908735275269e-02
-2.282800376415252686e-01 2.504101991653442383e-01 -2.005387544631958008e-01
-1.764649301767349243e-01 2.876255810260772705e-01 -1.855789273977279663e-01
-1.528677046298980713e-01 2.836402356624603271e-01 -1.585179269313812256e-01
-9.852401167154312134e-02 2.402742207050323486e-01 -2.184017188847064972e-02
-1.392567455768585205e-01 1.504749059677124023e-01 -1.893522143363952637e-01
-5.749386548995971680e-01 8.144507557153701782e-02 4.906017482280731201e-01
-5.878829360008239746e-01 1.258809417486190796e-01 4.635899960994720459e-01
-3.565557599067687988e-01 7.866018265485763550e-02 3.920588791370391846e-01
-1.829923391342163086e-01 1.166236326098442078e-01 2.385306060314178467e-01
-2.782274186611175537e-01 2.240930646657943726e-01 1.286815106868743896e-01
-3.408752083778381348e-01 1.919544041156768799e-01 -1.456979010254144669e-02
-4.651820063591003418e-01 2.254882752895355225e-01 6.172271817922592163e-02
-5.026673078536987305e-01 2.445455193519592285e-01 6.356537342071533203e-02
-5.229733586311340332e-01 2.598544061183929443e-01 1.060382574796676636e-01
-5.162962675094604492e-01 2.469870597124099731e-01 1.633585095405578613e-01
-4.999284744262695312e-01 2.832913100719451904e-01 2.627363204956054688e-01
-4.300257563591003418e-01 2.779702246189117432e-01 3.311514854431152344e-01
-4.096022546291351318e-01 2.104944437742233276e-01 4.254899919033050537e-01
-2.367982119321823120e-01 1.496994495391845703e-01 4.637635648250579834e-01
-5.206472426652908325e-02 7.722318917512893677e-02 3.921103477478027344e-01
-5.080050230026245117e-02 2.721974998712539673e-02 3.852218091487884521e-01
1.475705504417419434e-01 -5.579777806997299194e-02 4.054669737815856934e-01
2.004412561655044556e-01 -1.403509527444839478e-01 3.725683987140655518e-01
2.655974626541137695e-01 -2.351457178592681885e-01 2.452477067708969116e-01
3.346816897392272949e-01 -2.627287805080413818e-01 2.520942389965057373e-01
3.898636102676391602e-01 -2.948213219642639160e-01 1.773388683795928955e-01
3.232597708702087402e-01 -2.961694598197937012e-01 2.296064496040344238e-01
2.963635921478271484e-01 -3.324642777442932129e-01 2.120576947927474976e-01
3.412931561470031738e-01 -3.809673190116882324e-01 2.033410370349884033e-01
2.972390949726104736e-01 -4.196024835109710693e-01 4.541992023587226868e-02
3.093146085739135742e-01 -5.096179842948913574e-01 -3.722161520272493362e-03
2.998848259449005127e-01 -5.215138196945190430e-01 -2.557716891169548035e-02
2.675721049308776855e-01 -4.249334931373596191e-01 1.343404352664947510e-01
4.232142567634582520e-01 -8.631049841642379761e-02 2.107366621494293213e-01
3.857141733169555664e-01 -2.122764848172664642e-02 3.961544036865234375e-01
3.456671535968780518e-01 -3.230906277894973755e-02 3.268442153930664062e-01
3.676612675189971924e-01 -6.967391073703765869e-02 3.284247219562530518e-01
3.762323260307312012e-01 -3.074008598923683167e-02 3.686895072460174561e-01
3.789872825145721436e-01 -5.516026541590690613e-02 3.696839511394500732e-01
3.482752740383148193e-01 -5.662028491497039795e-02 3.931899070739746094e-01
3.898213505744934082e-01 -6.801701616495847702e-03 3.758698999881744385e-01
3.843918740749359131e-01 4.191881045699119568e-02 3.837096691131591797e-01
3.257887363433837891e-01 3.844814840704202652e-03 3.773433864116668701e-01
2.661672830581665039e-01 -1.103797107934951782e-01 3.815299570560455322e-01
3.056070506572723389e-01 -1.659478694200515747e-01 2.689400911331176758e-01
1.047717034816741943e-01 -2.390934079885482788e-01 1.541740298271179199e-01
3.131470829248428345e-02 -3.469977676868438721e-01 2.319693714380264282e-01
-2.618329823017120361e-01 -3.404063284397125244e-01 1.752219051122665405e-01
-4.272701740264892578e-01 -4.347306489944458008e-01 2.021657079458236694e-01
-4.817028045654296875e-01 -5.027831196784973145e-01 1.669785231351852417e-01
-5.284639596939086914e-01 -4.760145246982574463e-01 2.299006581306457520e-01
-5.959367752075195312e-01 -4.948271811008453369e-01 8.328256011009216309e-02
-6.079970598220825195e-01 -4.600885808467864990e-01 1.694377660751342773e-01
-6.545022726058959961e-01 -4.604640603065490723e-01 1.513420194387435913e-01
-6.568643450736999512e-01 -3.277468383312225342e-01 2.088837325572967529e-01
-5.984478592872619629e-01 -3.333054780960083008e-01 2.358928918838500977e-01
-5.589184761047363281e-01 -3.600675165653228760e-01 2.978383004665374756e-01
-5.466006398200988770e-01 -3.594444692134857178e-01 2.641663551330566406e-01
-5.011562705039978027e-01 -4.113208651542663574e-01 2.183074355125427246e-01
-5.744577050209045410e-01 -4.250108897686004639e-01 1.779292225837707520e-01
-6.481593847274780273e-01 -4.706334471702575684e-01 1.808689236640930176e-01
-6.878905296325683594e-01 -4.935986995697021484e-01 1.969604641199111938e-01
-6.143448948860168457e-01 -4.251686632633209229e-01 1.577555686235427856e-01
-5.816050171852111816e-01 -4.362792968750000000e-01 1.976466923952102661e-01
-6.465062499046325684e-01 -4.769960045814514160e-01 1.539587229490280151e-01
-6.149879097938537598e-01 -4.078319966793060303e-01 1.506162881851196289e-01
-6.151213645935058594e-01 -4.273135364055633545e-01 2.120188623666763306e-01
-6.039137840270996094e-01 -4.625505208969116211e-01 1.466796845197677612e-01
-5.954803228378295898e-01 -5.031128525733947754e-01 2.352242618799209595e-01
-6.500136256217956543e-01 -5.279363393783569336e-01 6.731965392827987671e-02
-6.293058991432189941e-01 -5.821210741996765137e-01 4.067362844944000244e-02
-5.875297188758850098e-01 -5.741709470748901367e-01 7.709921896457672119e-02
