1.888387208957336139e-01
1.247809937765576721e-01
0.000000000000000000e+00
0.000000000000000000e+00
0.000000000000000000e+00
0.000000000000000000e+00
0.000000000000000000e+00
0.000000000000000000e+00
0.000000000000000000e+00
1.324380884105981655e-02
1.449508773413500651e-02
1.288790919112554022e-02
1.460740808553486272e-02
1.528906960778813641e-02
1.647853785528154494e-02
1.103016494406270850e-02
6.185727976593684632e-03
1.247283006373043832e-02
1.647602588925225695e-02
1.671652919234802720e-02
1.488791677354152354e-02
3.512341963611290141e-03
0.000000000000000000e+00
0.000000000000000000e+00
0.000000000000000000e+00
0.000000000000000000e+00
0.000000000000000000e+00
0.000000000000000000e+00
0.000000000000000000e+00
0.000000000000000000e+00
0.000000000000000000e+00
0.000000000000000000e+00
0.000000000000000000e+00
0.000000000000000000e+00
1.280864852227086084e-02
4.923863937778416577e-02
4.092895690238491230e-02
2.190701855403234984e-03
0.000000000000000000e+00
0.000000000000000000e+00
0.000000000000000000e+00
4.360528807924187963e-04
8.831305013800465125e-04
0.000000000000000000e+00
0.000000000000000000e+00
0.000000000000000000e+00
0.000000000000000000e+00
0.000000000000000000e+00
3.134066627386961623e-01
5.348224023736032340e-01
4.649599113480671342e-01
2.266514153114377872e-01
0.000000000000000000e+00
0.000000000000000000e+00
0.000000000000000000e+00
2.390772739363150046e-01
4.812802244171843769e-01
5.465740307090639627e-01
3.098720881313047903e-01
0.000000000000000000e+00
0.000000000000000000e+00
0.000000000000000000e+00
0.000000000000000000e+00
0.000000000000000000e+00
0.000000000000000000e+00
0.000000000000000000e+00
0.000000000000000000e+00
0.000000000000000000e+00
0.000000000000000000e+00
0.000000000000000000e+00
0.000000000000000000e+00
0.000000000000000000e+00
0.000000000000000000e+00
0.000000000000000000e+00
0.000000000000000000e+00
7.268466741523251125e-03
2.281204735186215596e-02
2.922592231717143982e-02
2.426235012750088682e-02
0.000000000000000000e+00
2.109156867440669172e-02
5.606220757110283448e-02
9.468314013988675393e-02
1.142035990798017375e-01
3.029666237399583281e-02
0.000000000000000000e+00
0.000000000000000000e+00
0.000000000000000000e+00
2.082725111929019119e-03
0.000000000000000000e+00
0.000000000000000000e+00
0.000000000000000000e+00
9.701451209292992917e-04
0.000000000000000000e+00
0.000000000000000000e+00
0.000000000000000000e+00
0.000000000000000000e+00
0.000000000000000000e+00
0.000000000000000000e+00
2.152680516623959039e-01
3.834184442082577138e-01
3.383884440073003930e-01
1.720751504876982529e-01
0.000000000000000000e+00
0.000000000000000000e+00
0.000000000000000000e+00
0.000000000000000000e+00
0.000000000000000000e+00
0.000000000000000000e+00
0.000000000000000000e+00
0.000000000000000000e+00
0.000000000000000000e+00
0.000000000000000000e+00
0.000000000000000000e+00
0.000000000000000000e+00
0.000000000000000000e+00
0.000000000000000000e+00
1.524298200883412221e-03
1.524298200883412221e-03
3.810745502208530552e-04
0.000000000000000000e+00
0.000000000000000000e+00
