-3.471046919003129005e-03 -6.394322216510772705e-02 2.031831890344619751e-01
1.216130554676055908e-01 -1.459616124629974365e-01 3.052759468555450439e-01
2.644300758838653564e-01 -1.815382838249206543e-01 3.761047124862670898e-01
3.408115208148956299e-01 -2.468672096729278564e-01 3.183167278766632080e-01
2.762570604681968689e-02 -2.498825937509536743e-01 8.339206874370574951e-02
-3.348916769027709961e-01 -2.415833622217178345e-01 -1.358639001846313477e-01
-4.820041060447692871e-01 -7.810145616531372070e-02 -3.343901336193084717e-01
-3.222745358943939209e-01 1.046585217118263245e-01 -3.829618394374847412e-01
8.252693712711334229e-02 9.364102780818939209e-02 -3.420485854148864746e-01
1.790897548198699951e-01 -5.667505785822868347e-02 -3.875098228454589844e-01
2.031944394111633301e-01 -2.705284655094146729e-01 -2.868322134017944336e-01
2.467165738344192505e-01 -3.723031282424926758e-01 -2.384977936744689941e-01
3.363162577152252197e-01 -3.474991619586944580e-01 -1.622216999530792236e-01
2.284359484910964966e-01 -2.684295773506164551e-01 -1.783021688461303711e-01
2.349408119916915894e-01 -2.019765377044677734e-01 -1.476597636938095093e-01
1.893873214721679688e-01 -1.718427687883377075e-01 -8.277355879545211792e-02
2.533896267414093018e-01 -1.775505244731903076e-01 -1.196166314184665680e-02
1.530037373304367065e-01 -1.363011896610260010e-01 3.078397735953330994e-02
-1.800060868263244629e-01 -6.708025187253952026e-02 -4.509082809090614319e-02
-2.233560979366302490e-01 -4.940033704042434692e-02 -8.170592784881591797e-02
-2.143054455518722534e-01 -8.916992694139480591e-02 -8.827560395002365112e-02
-1.016309112310409546e-01 -1.313448995351791382e-01 -6.964187603443861008e-03
-1.762171685695648193e-01 -1.330858916044235229e-01 5.943319946527481079e-02
-2.024718225002288818e-01 -6.348431110382080078e-02 1.164537072181701660e-01
-2.419349402189254761e-01 1.537950523197650909e-02 1.479595303535461426e-01
-2.232486903667449951e-01 8.480481058359146118e-02 1.868573576211929321e-01
-2.182111591100692749e-01 1.460644453763961792e-01 1.975087672472000122e-01
-3.872290253639221191e-01 2.119614481925964355e-01 1.744057536125183105e-01
-3.902493119239807129e-01 2.362841516733169556e-01 1.184136271476745605e-01
-2.954193055629730225e-01 2.522358000278472900e-01 1.541604250669479370e-01
-6.332469731569290161e-02 2.016702443361282349e-01 1.176467090845108032e-01
1.924774497747421265e-01 2.356812804937362671e-01 2.667191438376903534e-02
3.454335629940032959e-01 3.116886317729949951e-01 -3.368207812309265137e-02
4.837053120136260986e-01 3.874630033969879150e-01 -1.279754638671875000e-01
3.473590314388275146e-01 2.178843170404434204e-01 -1.310301721096038818e-01
2.728094719350337982e-02 -1.870819479227066040e-01 -1.103266999125480652e-01
-2.941906750202178955e-01 -3.992602229118347168e-01 -8.244862407445907593e-02
-3.757993280887603760e-01 -4.423826038837432861e-01 2.094324678182601929e-02
-1.506830453872680664e-01 -2.717902660369873047e-01 4.630742967128753662e-02
-1.195543035864830017e-01 -1.217051371932029724e-01 4.444562364369630814e-04
-1.111567765474319458e-01 -8.319327235221862793e-02 -9.082675096578896046e-04
-6.553915888071060181e-02 -3.457481786608695984e-02 7.877776026725769043e-02
-3.436139225959777832e-02 9.660295397043228149e-02 2.219203114509582520e-01
-7.286776602268218994e-02 1.913630068302154541e-01 3.207014799118041992e-01
-8.912479877471923828e-02 3.194983899593353271e-01 2.982077002525329590e-01
-8.004143834114074707e-02 4.353038370609283447e-01 -4.572031274437904358e-02
-2.031533280387520790e-03 5.030644536018371582e-01 -4.950763881206512451e-01
4.950461536645889282e-02 4.537303447723388672e-01 -5.760544538497924805e-01
1.146478354930877686e-01 2.959488630294799805e-01 -5.485185384750366211e-01
1.346093267202377319e-01 5.647532269358634949e-02 -2.894355654716491699e-01
2.106335461139678955e-01 -7.158891111612319946e-02 1.205526757985353470e-02
1.716845482587814331e-01 -1.037071924656629562e-02 1.672948747873306274e-01
9.310414642095565796e-02 1.934378221631050110e-02 2.325517237186431885e-01
-1.646299958229064941e-01 -2.483014315366744995e-01 4.353535175323486328e-01
-2.363837361335754395e-01 -3.826246857643127441e-01 4.808113873004913330e-01
1.234574988484382629e-02 -3.633681535720825195e-01 4.650912284851074219e-01
2.499356716871261597e-01 -3.024751842021942139e-01 4.689182043075561523e-01
3.546030223369598389e-01 -9.660776704549789429e-02 7.944513857364654541e-02
1.766110360622406006e-01 -2.201959490776062012e-01 -5.541936680674552917e-02
-1.262949556112289429e-01 -3.535402119159698486e-01 -1.369606554508209229e-01
-2.248876988887786865e-01 -2.592477202415466309e-01 -1.791252195835113525e-01
-2.324631065130233765e-01 -1.842624396085739136e-01 -9.881627559661865234e-02
-2.504377365112304688e-01 -4.684048891067504883e-02 -2.959467098116874695e-02
-2.316704839468002319e-01 6.806000322103500366e-02 1.808390393853187561e-02
-2.622812390327453613e-01 1.252354681491851807e-01 1.095042750239372253e-01
-2.571222484111785889e-01 9.604651480913162231e-02 2.524872422218322754e-01
-6.543947011232376099e-02 1.356790065765380859e-01 3.377584218978881836e-01
2.381281554698944092e-01 1.795358657836914062e-01 3.514376282691955566e-01
4.860582053661346436e-01 1.502002477645874023e-01 2.786764502525329590e-01
5.079064965248107910e-01 1.886352151632308960e-01 2.049199938774108887e-01
3.180784583091735840e-01 1.261836737394332886e-01 2.562656700611114502e-01
2.158958464860916138e-01 1.387002468109130859e-01 2.367502003908157349e-01
8.326169848442077637e-02 1.433333903551101685e-01 1.445583105087280273e-01
1.024614125490188599e-01 1.226198226213455200e-01 -4.702248144894838333e-03
1.553108245134353638e-01 1.525364518165588379e-01 -6.090546399354934692e-02
-3.117801854386925697e-03 1.190739348530769348e-01 -6.246782466769218445e-02
-7.263541221618652344e-02 1.277628839015960693e-01 -5.331492424011230469e-02
-2.179147154092788696e-01 2.469787001609802246e-02 -9.778251498937606812e-02
-1.618076562881469727e-01 -5.216063559055328369e-02 -9.284915030002593994e-02
-3.833018243312835693e-02 -9.100177884101867676e-02 -8.430723100900650024e-02
2.040099911391735077e-02 -1.111890524625778198e-01 -1.048564463853836060e-01
2.951443791389465332e-01 5.632304027676582336e-02 3.278024122118949890e-02
3.386677503585815430e-01 1.088212057948112488e-01 1.392881572246551514e-01
3.508939743041992188e-01 6.511072069406509399e-02 1.831891983747482300e-01
2.788002789020538330e-01 -3.776635974645614624e-02 2.134427726268768311e-01
-4.001468420028686523e-02 -1.117579489946365356e-01 1.307862401008605957e-01
-6.984863430261611938e-02 -8.259329199790954590e-02 4.577048122882843018e-03
-5.960802733898162842e-02 -3.851907327771186829e-02 5.125852301716804504e-02
-4.657591506838798523e-02 1.724585331976413727e-02 7.279491424560546875e-02
-1.531215384602546692e-02 1.633691787719726562e-02 8.135724812746047974e-02
-3.876858577132225037e-02 7.051897235214710236e-03 4.962301999330520630e-02
-1.654012948274612427e-01 -1.622557640075683594e-02 -2.664840593934059143e-02
-1.245524734258651733e-01 -4.672052338719367981e-02 -8.845203369855880737e-02
-8.442141860723495483e-02 -1.109466552734375000e-01 -2.303185313940048218e-01
-1.756545752286911011e-01 -1.331303864717483521e-01 -3.090242147445678711e-01
-2.164049446582794189e-01 -2.343474030494689941e-01 -3.761342465877532959e-01
-3.587291836738586426e-01 -2.998853921890258789e-01 -2.995117604732513428e-01
-3.099368512630462646e-01 -2.938795983791351318e-01 -1.477277576923370361e-01
-1.765301227569580078e-01 -2.392016500234603882e-01 -1.010447144508361816e-01
-1.088734194636344910e-01 -1.241807416081428528e-01 -1.437972187995910645e-01
2.955211512744426727e-02 -6.233960390090942383e-02 -1.832274496555328369e-01
6.661466509103775024e-02 -5.338760837912559509e-02 -2.038674652576446533e-01
1.068941652774810791e-01 -7.685665786266326904e-02 -1.693999320268630981e-01
1.679761558771133423e-01 -6.215184554457664490e-02 4.958658292889595032e-02
2.103843986988067627e-01 -2.244042977690696716e-02 1.726094037294387817e-01
2.873434126377105713e-01 1.875051297247409821e-02 2.508688867092132568e-01
2.112594693899154663e-01 1.395324431359767914e-02 2.517174184322357178e-01
3.922966122627258301e-02 -6.756809307262301445e-04 4.843471944332122803e-02
-2.003287225961685181e-01 -1.800437457859516144e-02 -1.104173883795738220e-01
-3.692725598812103271e-01 2.390193194150924683e-02 -1.780834048986434937e-01
-2.972191274166107178e-01 1.586118130944669247e-03 -1.413556337356567383e-01
-2.353226952254772186e-02 1.661321893334388733e-02 2.911287173628807068e-02
1.890947371721267700e-01 -1.818347536027431488e-02 6.757672131061553955e-02
2.346432954072952271e-01 -3.147010877728462219e-02 3.801006078720092773e-02
-4.329034686088562012e-02 5.832525715231895447e-02 -7.304417341947555542e-02
-1.159961074590682983e-01 -3.091632202267646790e-02 -8.138689398765563965e-02
-1.640178412199020386e-01 3.070587106049060822e-02 3.763785585761070251e-02
-1.388211399316787720e-01 1.255807932466268539e-02 -6.608474999666213989e-02
-1.282344162464141846e-01 8.346840739250183105e-02 -1.303747594356536865e-01
-3.743146359920501709e-01 2.420755922794342041e-01 -1.527199000120162964e-01
-3.787466585636138916e-01 2.309887111186981201e-01 -1.343015432357788086e-01
-3.799174726009368896e-01 2.223149538040161133e-01 -8.721297606825828552e-03
