-1.802890002727508545e-01 5.145512148737907410e-02 1.246307119727134705e-01
-1.367260813713073730e-01 1.354721188545227051e-01 3.385557234287261963e-01
-1.849479041993618011e-02 2.043655365705490112e-01 4.506971538066864014e-01
1.766657233238220215e-01 1.601305305957794189e-01 3.706615567207336426e-01
2.463620305061340332e-01 -1.386735308915376663e-02 1.669458672404289246e-02
2.177481353282928467e-01 -1.103411540389060974e-01 -3.027251064777374268e-01
1.505654007196426392e-01 -9.687302261590957642e-02 -3.093359768390655518e-01
2.190320752561092377e-02 -2.413335256278514862e-02 -1.126296147704124451e-01
-9.449186176061630249e-02 -3.308107703924179077e-02 1.498194877058267593e-02
-1.550165265798568726e-01 -2.443368174135684967e-02 3.728622943162918091e-02
-7.367791980504989624e-02 4.941011965274810791e-02 -3.760483488440513611e-02
1.042520925402641296e-01 1.056953966617584229e-01 -1.381346583366394043e-01
2.256913781166076660e-01 2.991264127194881439e-02 -2.273225933313369751e-01
2.035319358110427856e-01 -1.293148100376129150e-01 -3.052556514739990234e-01
6.766112148761749268e-02 -1.812427788972854614e-01 -2.535142004489898682e-01
-2.119237184524536133e-02 -1.366371065378189087e-01 -6.691273301839828491e-02
-2.783045917749404907e-02 -1.778545603156089783e-02 9.218168258666992188e-02
6.878613494336605072e-03 6.647923588752746582e-02 1.369205862283706665e-01
6.908382754772901535e-03 6.187334656715393066e-02 1.351785510778427124e-01
-3.679184615612030029e-02 2.688018232583999634e-02 8.014419674873352051e-02
1.112234126776456833e-02 -1.137117668986320496e-01 4.590809345245361328e-03
1.375235468149185181e-01 -1.534886360168457031e-01 -1.123648434877395630e-01
2.409294694662094116e-01 -4.877845197916030884e-02 -2.507574260234832764e-01
2.177416384220123291e-01 5.547909811139106750e-02 -2.398126721382141113e-01
6.036320328712463379e-02 1.493238508701324463e-01 -1.343037933111190796e-01
-7.786478102207183838e-02 3.689305111765861511e-02 -5.900250375270843506e-02
-7.972747832536697388e-02 -1.568613201379776001e-02 4.205493628978729248e-02
-3.281632065773010254e-02 1.082298383116722107e-01 9.565745294094085693e-02
-3.139620274305343628e-02 1.396975368261337280e-01 1.053210720419883728e-01
-6.030609086155891418e-02 1.423379033803939819e-01 1.552240699529647827e-01
-1.450525671243667603e-01 -4.502161964774131775e-02 1.059217900037765503e-01
-1.609017699956893921e-01 -2.263099998235702515e-01 7.797041535377502441e-02
-1.496726721525192261e-01 -1.508652418851852417e-01 9.803730994462966919e-02
-1.349770128726959229e-01 -1.036047711968421936e-01 1.488351821899414062e-02
-2.501200735569000244e-01 -7.362627238035202026e-02 1.218628510832786560e-01
-3.364872634410858154e-01 -2.041973173618316650e-01 3.914412260055541992e-01
-2.930363416671752930e-01 -3.511388301849365234e-01 5.044866800308227539e-01
-1.009952947497367859e-01 -3.295693993568420410e-01 4.701136052608489990e-01
3.234805166721343994e-01 -1.689219176769256592e-01 8.748331665992736816e-02
4.528868198394775391e-01 1.606369167566299438e-01 -5.344393849372863770e-01
4.878534078598022461e-01 4.028932452201843262e-01 -6.286521553993225098e-01
4.488220214843750000e-01 4.915895462036132812e-01 -5.975612401962280273e-01
3.216603100299835205e-01 4.780290722846984863e-01 -4.175119698047637939e-01
7.403423637151718140e-02 1.760570406913757324e-01 -7.116798311471939087e-02
-2.990352213382720947e-01 -2.145487368106842041e-01 5.002935975790023804e-02
-4.303095340728759766e-01 -3.862791359424591064e-01 1.144808158278465271e-01
-3.950706422328948975e-01 -4.166472256183624268e-01 1.446155756711959839e-01
-2.280213981866836548e-01 -2.066501528024673462e-01 1.658674180507659912e-01
-6.008372455835342407e-02 6.837385892868041992e-02 1.670621633529663086e-01
5.455208942294120789e-03 2.253463864326477051e-01 1.601370424032211304e-01
-3.636052086949348450e-02 2.405087947845458984e-01 1.879227608442306519e-01
-1.220436543226242065e-01 2.283227592706680298e-01 2.241958528757095337e-01
-1.254006326198577881e-01 2.071102112531661987e-01 2.190463989973068237e-01
-5.378294363617897034e-02 3.107310533523559570e-01 2.059793323278427124e-01
-1.440613865852355957e-01 4.809734523296356201e-01 1.509389430284500122e-01
-3.055254220962524414e-01 3.999904990196228027e-01 6.017748266458511353e-02
-3.551095724105834961e-01 1.710263937711715698e-01 -2.677650004625320435e-02
-2.477030307054519653e-01 -3.074293732643127441e-01 -1.916882097721099854e-01
2.029138803482055664e-01 -5.519879460334777832e-01 -2.142888009548187256e-01
4.282054901123046875e-01 -4.636334478855133057e-01 -1.588653326034545898e-01
4.369392096996307373e-01 -2.616083621978759766e-01 -8.489829301834106445e-02
3.008808195590972900e-01 -2.057763189077377319e-02 1.212408859282732010e-02
1.077626496553421021e-01 5.860178545117378235e-02 1.463612169027328491e-02
1.370218992233276367e-01 -2.037360519170761108e-02 7.416077703237533569e-02
1.926808357238769531e-01 -1.331982016563415527e-01 2.018212676048278809e-01
2.619954943656921387e-01 -1.949255168437957764e-01 2.021414488554000854e-01
1.605172902345657349e-01 -1.940339505672454834e-01 1.196469068527221680e-01
-2.992244623601436615e-02 -1.437302231788635254e-01 -1.296619474887847900e-01
-1.411043107509613037e-01 2.710994891822338104e-02 -3.365377485752105713e-01
-9.632591903209686279e-02 9.458623081445693970e-02 -3.350984454154968262e-01
6.541520822793245316e-03 1.724505126476287842e-01 -2.800901234149932861e-01
-7.995190098881721497e-03 2.241582423448562622e-01 -1.533035784959793091e-01
-5.378567799925804138e-02 8.403477072715759277e-02 -9.601444005966186523e-03
-1.566210985183715820e-01 -5.490873381495475769e-02 6.709602475166320801e-02
-2.091448567807674408e-02 -1.628378629684448242e-01 1.811263561248779297e-01
6.669601798057556152e-02 -7.800374925136566162e-02 2.130120992660522461e-01
4.769427701830863953e-02 1.762960702180862427e-01 1.196941435337066650e-01
-2.517906017601490021e-02 2.959596514701843262e-01 2.438745833933353424e-02
-2.775072455406188965e-01 2.804316878318786621e-01 -1.834425181150436401e-01
-2.905269861221313477e-01 8.218575268983840942e-02 -2.155196368694305420e-01
-1.878678202629089355e-01 -1.716150790452957153e-01 -1.334665119647979736e-01
2.781181037425994873e-02 -1.642086803913116455e-01 1.890840940177440643e-02
2.976328134536743164e-01 -1.432731747627258301e-01 2.509430646896362305e-01
1.421111375093460083e-01 9.947472810745239258e-02 1.395331174135208130e-01
-8.523800969123840332e-02 1.310005635023117065e-01 -7.815141230821609497e-03
-2.214055955410003662e-01 -2.911818912252783775e-03 -1.414954364299774170e-01
-2.436825782060623169e-01 3.553147241473197937e-02 -1.889667510986328125e-01
1.100879386067390442e-01 -9.833420813083648682e-02 6.979280617088079453e-03
2.026434689760208130e-01 1.413273811340332031e-01 -3.517091972753405571e-03
1.071696653962135315e-01 1.165193021297454834e-01 -9.530399739742279053e-02
-1.164326518774032593e-01 -1.217472627758979797e-01 -1.983440965414047241e-01
-3.623254299163818359e-01 -2.052878141403198242e-01 -3.245324492454528809e-01
-2.310457974672317505e-01 -3.173264265060424805e-01 -2.689945697784423828e-01
1.166764348745346069e-01 -4.347620531916618347e-02 -1.525045186281204224e-01
3.029695749282836914e-01 2.127897739410400391e-01 8.545490354299545288e-02
2.377354800701141357e-01 2.737646996974945068e-01 3.130809962749481201e-01
6.101046502590179443e-02 1.729252934455871582e-01 3.839198648929595947e-01
4.967804253101348877e-02 -2.017976343631744385e-01 4.405820369720458984e-01
2.062648385763168335e-01 -3.161047399044036865e-01 4.092582762241363525e-01
2.558244466781616211e-01 -2.885394394397735596e-01 2.019342929124832153e-01
-1.102849319577217102e-01 -7.368279248476028442e-02 -9.818464517593383789e-02
-3.857191205024719238e-01 3.113171160221099854e-01 -2.711613178253173828e-01
-4.420871436595916748e-01 3.951356709003448486e-01 -3.708565831184387207e-01
-2.984949350357055664e-01 3.473188877105712891e-01 -3.922907412052154541e-01
-6.315861642360687256e-02 1.429162472486495972e-01 -3.981959223747253418e-01
1.240351349115371704e-01 -1.246097497642040253e-02 -3.504522144794464111e-01
2.785389721393585205e-01 -3.010346554219722748e-02 -6.714531034231185913e-02
3.599598109722137451e-01 1.014832686632871628e-02 2.625185251235961914e-01
3.288691043853759766e-01 1.157566066831350327e-02 4.238333702087402344e-01
2.087460309267044067e-01 -5.195042863488197327e-02 4.169069826602935791e-01
1.667159050703048706e-02 -1.327849179506301880e-01 3.050403892993927002e-01
-1.665756851434707642e-01 -2.756619751453399658e-01 2.285783439874649048e-01
-1.843071877956390381e-01 -2.638477385044097900e-01 1.761567443609237671e-01
-1.567463129758834839e-01 -2.014742940664291382e-01 1.086784601211547852e-01
1.798821240663528442e-02 1.234125718474388123e-01 -3.563644364476203918e-02
6.670216470956802368e-02 5.536142587661743164e-01 -1.974223703145980835e-01
-6.327854096889495850e-02 6.070809364318847656e-01 -2.467991709709167480e-01
-1.869192272424697876e-01 4.017073214054107666e-01 -3.616820573806762695e-01
-2.043149769306182861e-01 -3.465172350406646729e-01 -4.180645942687988281e-01
-1.934065856039524078e-02 -7.285611033439636230e-01 -3.719573318958282471e-01
7.070203870534896851e-02 -6.890014410018920898e-01 -2.172738462686538696e-01
3.472891636192798615e-03 -2.494524121284484863e-01 9.981075674295425415e-02
-7.529049646109342575e-03 3.827068805694580078e-01 2.900494039058685303e-01
3.837869688868522644e-02 5.715560913085937500e-01 3.366237282752990723e-01
1.620989739894866943e-01 4.327086806297302246e-01 3.410279154777526855e-01
1.523183584213256836e-01 1.517425328493118286e-01 3.454091548919677734e-01
-1.078640967607498169e-01 -6.700726598501205444e-02 3.633325994014739990e-01
-2.261056602001190186e-01 -2.536703646183013916e-01 2.786381244659423828e-01
-1.091605350375175476e-01 -2.488524317741394043e-01 6.820126622915267944e-02
1.454131454229354858e-01 -1.432658582925796509e-01 -7.335510104894638062e-02
1.754390299320220947e-01 3.189055621623992920e-02 -1.031919270753860474e-01
-5.169637873768806458e-02 4.941553622484207153e-02 -1.072175577282905579e-01
-2.601612508296966553e-01 4.756361246109008789e-02 -9.872017800807952881e-02
-1.128253862261772156e-01 9.349740296602249146e-02 -2.399245500564575195e-01
2.619366347789764404e-01 2.010758966207504272e-01 -2.534812986850738525e-01
3.662366271018981934e-01 3.299781382083892822e-01 -1.333798617124557495e-01
1.445366293191909790e-01 1.786131560802459717e-01 -7.186216861009597778e-02
-1.512273699045181274e-01 -6.160882487893104553e-02 4.384222999215126038e-02
-1.956870108842849731e-01 -1.758763641119003296e-01 1.562548056244850159e-02
-5.067873746156692505e-02 -1.479495912790298462e-01 -2.522386983036994934e-02
2.706713415682315826e-02 -6.860875990241765976e-03 2.618492348119616508e-03
-8.059721440076828003e-02 -1.158821731805801392e-01 -1.032693088054656982e-01
-3.089864552021026611e-01 -2.946485280990600586e-01 -2.118692398071289062e-01
-3.706981539726257324e-01 -3.127692043781280518e-01 -2.110245674848556519e-01
-3.563553392887115479e-01 -1.796315014362335205e-01 -1.680627316236495972e-01
-3.307320475578308105e-01 1.099292114377021790e-01 7.499901205301284790e-02
1.248906180262565613e-02 1.922491341829299927e-01 1.769833713769912720e-01
2.199658751487731934e-01 1.749384105205535889e-01 5.396779626607894897e-02
3.927683532238006592e-01 1.187244132161140442e-01 3.695947676897048950e-02
4.203199148178100586e-01 2.853858843445777893e-02 -2.902403287589550018e-02
2.113025784492492676e-01 -2.093390002846717834e-02 5.908301845192909241e-02
2.256757766008377075e-02 -5.948990210890769958e-02 1.139224693179130554e-01
-1.105427145957946777e-01 -4.353817179799079895e-02 -8.613164536654949188e-03
-1.126498207449913025e-01 -1.481374911963939667e-02 -4.951585829257965088e-02
1.504936371929943562e-03 -1.132791116833686829e-02 -7.186052203178405762e-02
1.473422050476074219e-01 -6.827533990144729614e-02 -9.691189043223857880e-03
2.716584503650665283e-01 -9.844451397657394409e-02 7.120548933744430542e-02
3.166680634021759033e-01 -1.316098272800445557e-01 -2.380537241697311401e-02
3.181968629360198975e-01 -7.131069898605346680e-02 -1.612961292266845703e-01
2.567252516746520996e-01 2.726225182414054871e-02 -2.571851313114166260e-01
1.258216053247451782e-01 2.209463715553283691e-02 -2.793025672435760498e-01
2.039346098899841309e-02 7.910944521427154541e-02 -1.229143887758255005e-01
-1.827786862850189209e-01 2.539845183491706848e-02 2.380752936005592346e-02
-3.003121018409729004e-01 9.638506919145584106e-02 2.020842134952545166e-01
-3.642878532409667969e-01 2.219796627759933472e-01 3.200910985469818115e-01
-3.597527444362640381e-01 1.692119240760803223e-01 2.597987949848175049e-01
-2.395926266908645630e-01 1.023576036095619202e-01 1.286304742097854614e-01
-7.478381693363189697e-02 -5.256580933928489685e-02 -9.740380197763442993e-02
9.136815369129180908e-02 -1.290739029645919800e-01 -1.705391258001327515e-01
1.277723163366317749e-01 -1.604810208082199097e-01 -1.108703762292861938e-01
7.438217103481292725e-02 -1.544722467660903931e-01 2.624016720801591873e-03
-3.137014340609312057e-03 -1.222378537058830261e-01 8.175739645957946777e-02
2.428096253424882889e-03 -5.884981900453567505e-02 -9.252394549548625946e-03
7.120140641927719116e-02 3.008975088596343994e-02 -6.674639135599136353e-02
5.117223784327507019e-02 6.948172301054000854e-02 -1.206542924046516418e-01
-3.970394656062126160e-02 9.833708405494689941e-02 -6.930669397115707397e-02
-1.048715561628341675e-01 8.873807638883590698e-02 7.982732355594635010e-02
-8.683569729328155518e-02 4.666728153824806213e-02 1.047632470726966858e-01
1.942211575806140900e-02 2.541115134954452515e-02 9.966579824686050415e-02
1.023534312844276428e-01 1.736583001911640167e-02 2.464452385902404785e-02
1.576877236366271973e-01 -8.477938920259475708e-02 -7.149124890565872192e-02
2.258659750223159790e-01 -9.925047308206558228e-02 -3.321751952171325684e-02
1.823486983776092529e-01 -7.514067739248275757e-02 2.858381345868110657e-02
2.352162636816501617e-02 1.470273174345493317e-02 4.034375771880149841e-02
-1.837933361530303955e-01 1.336282789707183838e-01 5.147792026400566101e-02
-2.512891292572021484e-01 8.451199531555175781e-02 1.583714853040874004e-03
-1.045042648911476135e-01 4.093077033758163452e-02 4.361619055271148682e-02
2.794923819601535797e-02 3.940108697861433029e-03 1.081066578626632690e-01
9.220917522907257080e-02 -5.831556860357522964e-03 6.943563371896743774e-02
4.901029914617538452e-02 1.326373219490051270e-02 2.692537754774093628e-02
-1.384532824158668518e-02 2.460176590830087662e-03 -3.593949228525161743e-02
