3.812384792632088071e-01
4.295370618724214107e-01
2.497250676439889405e-01
0.000000000000000000e+00
0.000000000000000000e+00
0.000000000000000000e+00
0.000000000000000000e+00
1.252771826589124150e-02
0.000000000000000000e+00
0.000000000000000000e+00
0.000000000000000000e+00
0.000000000000000000e+00
0.000000000000000000e+00
0.000000000000000000e+00
0.000000000000000000e+00
0.000000000000000000e+00
0.000000000000000000e+00
0.000000000000000000e+00
0.000000000000000000e+00
0.000000000000000000e+00
0.000000000000000000e+00
0.000000000000000000e+00
0.000000000000000000e+00
0.000000000000000000e+00
0.000000000000000000e+00
0.000000000000000000e+00
0.000000000000000000e+00
0.000000000000000000e+00
3.378796080737565544e-01
5.450352247414140816e-01
4.647070633600635658e-01
2.301690283333952258e-01
0.000000000000000000e+00
0.000000000000000000e+00
0.000000000000000000e+00
1.858223148734532149e-01
3.336792403591442024e-01
3.470068715295910322e-01
1.543754773316929341e-01
0.000000000000000000e+00
0.000000000000000000e+00
0.000000000000000000e+00
0.000000000000000000e+00
3.330084872819625424e-02
5.103963179974088139e-03
7.108110854549446779e-03
7.104502810750438309e-04
0.000000000000000000e+00
0.000000000000000000e+00
0.000000000000000000e+00
0.000000000000000000e+00
9.485201170799460041e-04
0.000000000000000000e+00
0.000000000000000000e+00
0.000000000000000000e+00
3.506153921369695864e-02
1.240613009723262466e-01
1.484769769707606490e-01
9.950449551209360199e-02
0.000000000000000000e+00
0.000000000000000000e+00
0.000000000000000000e+00
0.000000000000000000e+00
2.244657664617740606e-02
0.000000000000000000e+00
0.000000000000000000e+00
1.631306790783839354e-03
0.000000000000000000e+00
0.000000000000000000e+00
0.000000000000000000e+00
0.000000000000000000e+00
1.720170263848538605e-01
3.409198574217385813e-01
3.064360500432011802e-01
1.588712103852490953e-01
0.000000000000000000e+00
0.000000000000000000e+00
0.000000000000000000e+00
0.000000000000000000e+00
0.000000000000000000e+00
0.000000000000000000e+00
0.000000000000000000e+00
0.000000000000000000e+00
0.000000000000000000e+00
0.000000000000000000e+00
0.000000000000000000e+00
0.000000000000000000e+00
0.000000000000000000e+00
0.000000000000000000e+00
0.000000000000000000e+00
1.930591494501632255e-01
4.024422868827088884e-01
4.682188267574249885e-01
2.804284388326503397e-01
0.000000000000000000e+00
0.000000000000000000e+00
0.000000000000000000e+00
0.000000000000000000e+00
0.000000000000000000e+00
0.000000000000000000e+00
0.000000000000000000e+00
0.000000000000000000e+00
1.459248747249979137e-03
1.559462817925352622e-02
2.779266544064117397e-02
2.642324273788295569e-02
6.985812415866582588e-03
0.000000000000000000e+00
0.000000000000000000e+00
0.000000000000000000e+00
0.000000000000000000e+00
0.000000000000000000e+00
0.000000000000000000e+00
3.293579959088446720e-03
0.000000000000000000e+00
0.000000000000000000e+00
0.000000000000000000e+00
0.000000000000000000e+00
4.478683316721795982e-01
8.820182411995364236e-01
8.699639093280743252e-01
3.925783370561600760e-01
0.000000000000000000e+00
0.000000000000000000e+00
0.000000000000000000e+00
0.000000000000000000e+00
6.164512039434517920e-02
1.527422749369147792e-02
0.000000000000000000e+00
0.000000000000000000e+00
4.243722387562305284e-03
3.256084505049192113e-02
5.570847536407925321e-02
6.768158409322631852e-02
2.392451686287447310e-02
9.328886525469988478e-03
0.000000000000000000e+00
0.000000000000000000e+00
0.000000000000000000e+00
0.000000000000000000e+00
6.367839698980875922e-03
0.000000000000000000e+00
0.000000000000000000e+00
0.000000000000000000e+00
0.000000000000000000e+00
4.543712476925963750e-02
1.572725417086374422e-01
1.617169161048933879e-01
7.179211994861076085e-02
0.000000000000000000e+00
0.000000000000000000e+00
0.000000000000000000e+00
1.384727088381104611e-03
4.029847378061028607e-02
2.294443726518350865e-02
0.000000000000000000e+00
0.000000000000000000e+00
0.000000000000000000e+00
0.000000000000000000e+00
0.000000000000000000e+00
0.000000000000000000e+00
0.000000000000000000e+00
0.000000000000000000e+00
0.000000000000000000e+00
0.000000000000000000e+00
1.961272339402336251e-01
3.324301071037190636e-01
2.894838844819391244e-01
1.514552703047563897e-01
0.000000000000000000e+00
0.000000000000000000e+00
0.000000000000000000e+00
0.000000000000000000e+00
0.000000000000000000e+00
0.000000000000000000e+00
0.000000000000000000e+00
0.000000000000000000e+00
0.000000000000000000e+00
0.000000000000000000e+00
0.000000000000000000e+00
0.000000000000000000e+00
0.000000000000000000e+00
0.000000000000000000e+00
0.000000000000000000e+00
0.000000000000000000e+00
0.000000000000000000e+00
0.000000000000000000e+00
0.000000000000000000e+00
0.000000000000000000e+00
0.000000000000000000e+00
0.000000000000000000e+00
