1.349869668483734131e-01 -1.019424572587013245e-01 1.648740917444229126e-01
2.491316199302673340e-01 -8.950269967317581177e-02 1.926218718290328979e-01
2.152231931686401367e-01 1.079223901033401489e-01 2.244758754968643188e-01
8.144810050725936890e-02 3.414433598518371582e-01 1.565879434347152710e-01
-7.689740508794784546e-02 4.014598727226257324e-01 9.454970061779022217e-02
-7.228969037532806396e-02 3.024188280105590820e-01 -1.000163480639457703e-01
-7.560188323259353638e-02 1.477133333683013916e-01 -1.984360665082931519e-01
-9.677375108003616333e-02 5.786172300577163696e-02 -1.306371688842773438e-01
-1.244459077715873718e-01 1.442257165908813477e-01 3.304980322718620300e-02
-7.397334277629852295e-02 1.948457956314086914e-01 1.447435021400451660e-01
3.468440845608711243e-02 1.299974918365478516e-01 1.751619577407836914e-01
-9.646530449390411377e-02 1.712287366390228271e-01 2.226254642009735107e-01
-2.182116508483886719e-01 1.386245787143707275e-01 1.462774723768234253e-01
-1.812100559473037720e-01 -2.454463392496109009e-02 4.223585501313209534e-02
-1.529903709888458252e-02 -1.822574287652969360e-01 -8.035111427307128906e-02
1.457971632480621338e-01 -2.582349479198455811e-01 -1.181218475103378296e-01
1.467772722244262695e-01 -2.110179960727691650e-01 -7.317321747541427612e-02
9.893331676721572876e-02 -9.149353951215744019e-02 -4.702332615852355957e-02
1.079634875059127808e-01 -9.888829290866851807e-02 -6.410490255802869797e-03
2.655823156237602234e-02 -8.043756335973739624e-02 3.472299873828887939e-02
-3.752767294645309448e-02 6.330229341983795166e-02 7.253612577915191650e-02
3.990688174962997437e-02 3.889481350779533386e-02 9.174129925668239594e-03
1.561858654022216797e-01 -6.877700984477996826e-02 -1.848281472921371460e-01
1.467527449131011963e-01 -1.864056140184402466e-01 -1.867610514163970947e-01
3.706561028957366943e-02 -2.766305804252624512e-01 -1.070214584469795227e-01
-1.174309328198432922e-01 -2.555976510047912598e-01 -1.190118025988340378e-02
-2.086009532213211060e-01 -2.583946883678436279e-01 1.955636031925678253e-02
-2.370334267616271973e-01 -2.938899993896484375e-01 -1.896156072616577148e-01
-3.523110449314117432e-01 -2.342538088560104370e-01 -2.147349566221237183e-01
-4.299093484878540039e-01 -2.025880962610244751e-01 -7.717523723840713501e-02
-2.711621820926666260e-01 -1.944378763437271118e-01 -5.245190486311912537e-02
-1.838716119527816772e-01 -7.332812994718551636e-02 1.272333040833473206e-02
6.111368536949157715e-02 -4.938892275094985962e-02 -7.224968075752258301e-02
9.699252992868423462e-02 1.648049103096127510e-03 -6.977206468582153320e-02
-6.353320181369781494e-02 7.326056808233261108e-02 1.074826624244451523e-02
3.749444708228111267e-02 2.316941693425178528e-02 -1.978218322619795799e-03
2.844026982784271240e-01 2.832699120044708252e-01 1.042261272668838501e-01
4.730761945247650146e-01 6.017816066741943359e-01 -1.975441910326480865e-02
5.025070309638977051e-01 6.521600484848022461e-01 4.460223950445652008e-03
4.295963346958160400e-01 6.029657125473022461e-01 -6.305654346942901611e-02
2.748348414897918701e-01 3.376486897468566895e-01 -2.356906682252883911e-01
1.683493405580520630e-01 -2.682096958160400391e-01 -1.330924928188323975e-01
-6.580545008182525635e-02 -4.177891612052917480e-01 -1.187078952789306641e-01
-2.373635470867156982e-01 -4.526531994342803955e-01 -1.198465004563331604e-01
-3.190694749355316162e-01 -4.312171339988708496e-01 -1.593885421752929688e-01
-1.397086679935455322e-01 -3.576048314571380615e-01 -2.373347878456115723e-01
1.165612488985061646e-01 -2.994801104068756104e-01 -2.890759110450744629e-01
3.086165487766265869e-01 -2.266182452440261841e-01 -2.795525491237640381e-01
3.761619031429290771e-01 -1.551778614521026611e-01 -2.316488325595855713e-01
2.304036319255828857e-01 -1.096185073256492615e-01 -2.374709844589233398e-01
1.445170342922210693e-01 -1.056543886661529541e-01 -1.772191673517227173e-01
4.374105483293533325e-02 -3.365381062030792236e-02 -4.885833710432052612e-02
1.729696616530418396e-02 1.168390735983848572e-01 8.300368487834930420e-02
-1.321731805801391602e-01 1.843120753765106201e-01 1.508395373821258545e-01
-2.071953415870666504e-01 1.903875768184661865e-01 8.549537509679794312e-02
-3.613836169242858887e-01 2.183221280574798584e-01 3.647495508193969727e-01
-3.911546766757965088e-01 1.392839252948760986e-01 6.886463165283203125e-01
-2.594747543334960938e-01 1.222651824355125427e-01 7.002398371696472168e-01
-9.598042070865631104e-02 4.889533668756484985e-02 6.219260692596435547e-01
2.073901891708374023e-01 -4.326199367642402649e-02 3.581295907497406006e-01
2.349732965230941772e-01 2.802344970405101776e-02 2.982647903263568878e-02
1.331718266010284424e-01 3.277357295155525208e-02 1.304771602153778076e-01
1.414542179554700851e-02 4.075219482183456421e-02 -1.706151477992534637e-02
8.259007334709167480e-02 9.171264618635177612e-02 -3.553031384944915771e-02
2.215146087110042572e-02 1.120084747672080994e-01 -9.051488339900970459e-02
-1.942466944456100464e-01 2.173580676317214966e-01 -2.983121275901794434e-01
-1.993115544319152832e-01 4.150076508522033691e-01 -4.518832862377166748e-01
-2.030236124992370605e-01 4.069496691226959229e-01 -4.900888204574584961e-01
-4.356976971030235291e-02 3.344289958477020264e-01 -3.566146492958068848e-01
1.984971016645431519e-01 1.310843378305435181e-01 -2.966134846210479736e-01
1.163627058267593384e-01 -8.496882766485214233e-02 -2.360521554946899414e-01
-6.451753526926040649e-02 -1.224080249667167664e-01 -3.260169625282287598e-01
-1.367841362953186035e-01 -2.059286385774612427e-01 -2.346748709678649902e-01
-1.068716943264007568e-01 -2.167140692472457886e-01 -1.422071158885955811e-01
1.897337101399898529e-02 -1.017414256930351257e-01 -1.448087990283966064e-01
1.754121482372283936e-01 -6.291021127253770828e-03 -1.183875873684883118e-01
-1.278325729072093964e-02 1.049823164939880371e-01 -2.127541154623031616e-01
-4.152724891901016235e-02 1.251177638769149780e-01 -1.191863939166069031e-01
-1.233641281723976135e-01 1.736670173704624176e-02 -1.690025813877582550e-02
-2.224293798208236694e-01 -8.694450370967388153e-03 2.147973328828811646e-02
-1.137596592307090759e-01 -2.299147695302963257e-01 1.670205742120742798e-01
2.195085166022181511e-03 -1.521609127521514893e-01 5.708531662821769714e-02
2.046163082122802734e-01 -8.521004766225814819e-02 -5.945676937699317932e-02
8.789062500000000000e-02 -7.584623992443084717e-03 -1.812065951526165009e-02
-5.403578281402587891e-02 1.680725663900375366e-01 -1.509011238813400269e-01
-1.960235238075256348e-01 -3.706483915448188782e-02 1.439288109540939331e-01
-4.739261046051979065e-02 -6.547214835882186890e-02 1.133087873458862305e-01
1.618639975786209106e-01 -9.205026179552078247e-02 4.391846060752868652e-02
6.826264411211013794e-02 -1.384910047054290771e-01 1.404568701982498169e-01
8.467347361147403717e-03 -8.353282697498798370e-03 -1.733867637813091278e-02
-7.057525217533111572e-02 -2.212281674146652222e-01 3.009249567985534668e-01
2.955832779407501221e-01 -3.184326291084289551e-01 2.998041212558746338e-01
5.668185353279113770e-01 -3.339188992977142334e-01 1.325747370719909668e-01
5.050858259201049805e-01 -4.095429480075836182e-01 -1.196427643299102783e-01
3.287242054939270020e-01 -3.783121109008789062e-01 -4.107650518417358398e-01
-9.873677790164947510e-02 -3.768109083175659180e-01 -3.485908508300781250e-01
-1.357527524232864380e-01 -2.720757424831390381e-01 -2.123005390167236328e-01
-4.490657709538936615e-03 8.119165897369384766e-03 2.341705188155174255e-02
-1.446329057216644287e-01 2.710863649845123291e-01 -6.028699874877929688e-02
-5.009521543979644775e-02 4.458538293838500977e-01 -2.733257114887237549e-01
-9.478324651718139648e-02 4.805824160575866699e-01 -3.520059287548065186e-01
3.682809323072433472e-02 3.517947494983673096e-01 -2.157367318868637085e-01
1.547965854406356812e-01 1.368041932582855225e-01 1.566810756921768188e-01
-2.843215875327587128e-02 -3.533164784312248230e-02 3.758221268653869629e-01
-4.069032520055770874e-02 -2.896537780761718750e-01 3.309483826160430908e-01
1.509177614934742451e-03 -4.127877354621887207e-01 2.530767619609832764e-01
1.029314845800399780e-01 -4.756280183792114258e-01 1.557148844003677368e-01
7.177699357271194458e-02 -4.410524666309356689e-01 7.071205228567123413e-02
4.558862000703811646e-02 -2.584733963012695312e-01 5.712560564279556274e-02
-1.227307394146919250e-01 -5.380128324031829834e-02 -9.080834686756134033e-03
-1.018411293625831604e-01 1.457556188106536865e-01 2.177239768207073212e-02
-1.431738138198852539e-01 2.287351042032241821e-01 1.551394723355770111e-02
-1.803400814533233643e-01 3.458093702793121338e-01 -6.347658578306436539e-03
-2.401719242334365845e-02 4.235820472240447998e-01 -2.206705324351787567e-02
-1.556097567081451416e-01 4.123900532722473145e-01 -8.336922526359558105e-02
-1.548408716917037964e-01 3.687744736671447754e-01 -1.086941212415695190e-01
-3.472872078418731689e-01 1.845476478338241577e-01 1.416856497526168823e-01
-4.716706275939941406e-01 -7.122960686683654785e-02 5.433660149574279785e-01
-3.483916223049163818e-01 -2.456697076559066772e-01 6.057083010673522949e-01
5.628474056720733643e-03 -3.792048692703247070e-01 3.463219106197357178e-01
4.496995210647583008e-01 -3.985779881477355957e-01 -2.945155203342437744e-01
5.477309226989746094e-01 -3.652833104133605957e-01 -5.622430443763732910e-01
4.572741985321044922e-01 -3.026392459869384766e-01 -4.282675683498382568e-01
1.426298618316650391e-01 -1.964530348777770996e-01 2.347176149487495422e-02
-1.279268860816955566e-01 -1.065509468317031860e-01 5.476577579975128174e-02
-3.329742252826690674e-01 1.353332772850990295e-03 9.928046166896820068e-02
-3.195436298847198486e-01 1.328505128622055054e-01 9.007490426301956177e-02
-2.191284894943237305e-01 3.211036324501037598e-01 1.247700825333595276e-01
7.683306466788053513e-03 4.512258768081665039e-01 1.655148267745971680e-01
8.219442516565322876e-02 4.421242773532867432e-01 6.624627858400344849e-02
-1.344044655561447144e-01 3.500885069370269775e-01 -1.639075726270675659e-01
-1.870694458484649658e-01 3.739162385463714600e-01 -2.050353437662124634e-01
-1.411688625812530518e-01 3.475638329982757568e-01 5.359571054577827454e-02
1.702761352062225342e-01 2.406866401433944702e-01 2.003627866506576538e-01
1.840853393077850342e-01 1.655774265527725220e-01 2.813279628753662109e-01
-4.750394821166992188e-02 -3.491308167576789856e-02 1.453539431095123291e-01
-2.682266235351562500e-01 -4.049345105886459351e-02 4.472772032022476196e-02
-3.707619011402130127e-01 1.938203466124832630e-03 1.514303833246231079e-01
-8.921806514263153076e-02 -3.603643178939819336e-02 2.574606835842132568e-01
-1.017635613679885864e-01 5.330806598067283630e-02 2.293975055217742920e-01
-2.482369691133499146e-01 2.185137756168842316e-02 1.641699522733688354e-01
-2.502428293228149414e-01 -1.230833493173122406e-02 1.449521929025650024e-01
-1.759112626314163208e-01 2.076675370335578918e-02 1.112968027591705322e-01
5.766084790229797363e-02 -9.446138143539428711e-02 -7.509105652570724487e-02
3.527692854404449463e-01 -2.506953775882720947e-01 1.820352524518966675e-01
3.485533595085144043e-01 -1.779092997312545776e-01 3.030681014060974121e-01
4.344012439250946045e-01 -1.812805831432342529e-01 3.732748925685882568e-01
3.706780374050140381e-01 -2.547323703765869141e-02 3.912712931632995605e-01
1.599820703268051147e-01 -3.697553649544715881e-02 1.592768877744674683e-01
2.611609548330307007e-02 -2.276061922311782837e-01 1.274642199277877808e-01
-8.998212218284606934e-02 -1.140579879283905029e-01 1.248643547296524048e-01
-6.476764380931854248e-02 -6.212624534964561462e-02 4.261826351284980774e-02
6.270992755889892578e-02 3.408001363277435303e-02 8.237256109714508057e-02
1.010301560163497925e-01 3.908608853816986084e-02 1.146780923008918762e-01
9.905039519071578979e-02 -5.698142573237419128e-02 4.363401979207992554e-02
1.235043406486511230e-01 -7.014389336109161377e-02 -8.736650459468364716e-03
6.418363749980926514e-02 -3.719737008213996887e-02 -1.019113957881927490e-01
8.217667229473590851e-03 3.666714206337928772e-02 -1.778086274862289429e-01
-1.468985974788665771e-01 8.518422394990921021e-02 -2.629046142101287842e-01
-9.150336682796478271e-02 -6.272138655185699463e-02 -3.100807070732116699e-01
-1.892549842596054077e-01 -1.903472095727920532e-01 -2.804659903049468994e-01
-2.338079959154129028e-01 -2.919781506061553955e-01 -2.664663791656494141e-01
-1.127599105238914490e-01 -3.491446673870086670e-01 -3.641504049301147461e-01
-2.180246710777282715e-01 -2.708797454833984375e-01 -3.225203454494476318e-01
-1.242506802082061768e-01 -2.153051942586898804e-01 -2.763459980487823486e-01
-2.161211520433425903e-01 -5.805107951164245605e-02 -7.482897490262985229e-02
-1.930638551712036133e-01 6.147457659244537354e-02 1.502525806427001953e-01
-7.613077014684677124e-02 3.105317428708076477e-02 1.468117535114288330e-01
-5.224760994315147400e-02 -8.513719774782657623e-03 1.328418105840682983e-01
-9.603341668844223022e-02 -1.177957281470298767e-01 -1.932047191075980663e-03
-1.004318743944168091e-01 -7.440362125635147095e-02 -1.066613271832466125e-01
7.220337539911270142e-02 -6.099030002951622009e-02 -8.501958101987838745e-02
1.505684703588485718e-01 2.471352741122245789e-02 6.680073682218790054e-03
1.988582909107208252e-01 4.745305329561233521e-02 4.397356882691383362e-02
1.000511646270751953e-01 -1.044476330280303955e-01 -1.440050639212131500e-02
-5.353760346770286560e-02 -8.753956109285354614e-02 -3.066887892782688141e-02
-1.311909873038530350e-02 -1.364232599735260010e-01 1.706633530557155609e-02
6.413614749908447266e-02 -9.484486281871795654e-02 9.038674831390380859e-02
-1.153269782662391663e-02 1.589528843760490417e-02 8.289104700088500977e-02
-5.797364562749862671e-02 -8.617143030278384686e-04 1.973936334252357483e-02
-1.325432807207107544e-01 -1.995149813592433929e-02 7.853495888411998749e-03
-1.021513938903808594e-01 -2.347933314740657806e-02 -2.313484996557235718e-02
-6.886053830385208130e-02 -4.338169470429420471e-02 -1.695718020200729370e-01
-1.990763247013092041e-01 4.899452999234199524e-02 -2.055450528860092163e-01
-2.109843939542770386e-01 6.681269407272338867e-02 -1.467645764350891113e-01
-1.149442791938781738e-01 -1.717481203377246857e-02 -6.287259608507156372e-02
-2.314558951184153557e-03 9.654181485529989004e-05 6.324500590562820435e-02
-4.227774962782859802e-02 5.946970544755458832e-03 1.533694192767143250e-02
-1.329395771026611328e-01 1.377607882022857666e-01 -3.714213520288467407e-02
-1.054645702242851257e-01 1.712513864040374756e-01 -1.728277094662189484e-02
-4.970192909240722656e-02 1.124414578080177307e-01 -4.815700650215148926e-02
