3.160637617111206055e-01 -3.667689263820648193e-01 2.810845077037811279e-01
4.343610703945159912e-01 -1.779926568269729614e-01 1.996844559907913208e-01
3.271780014038085938e-01 -3.945425152778625488e-02 3.379906415939331055e-01
2.140070050954818726e-01 1.518749594688415527e-01 3.752264976501464844e-01
1.339035630226135254e-01 2.644391655921936035e-01 3.405667841434478760e-01
4.833608120679855347e-02 3.351985812187194824e-01 3.005827963352203369e-01
-3.646526113152503967e-02 3.638075590133666992e-01 1.743316501379013062e-01
-7.337966561317443848e-02 4.808527529239654541e-01 1.248419508337974548e-01
-1.367364078760147095e-01 4.091299176216125488e-01 -2.006925351452082396e-04
-2.617668807506561279e-01 3.902418315410614014e-01 -6.757821887731552124e-02
-2.535843849182128906e-01 3.597954809665679932e-01 -2.132712751626968384e-01
-2.432287633419036865e-01 2.583535909652709961e-01 -3.457403481006622314e-01
-1.464954465627670288e-01 2.458443045616149902e-01 -4.300610423088073730e-01
-1.440529227256774902e-01 1.701348423957824707e-01 -4.377179145812988281e-01
-1.743852794170379639e-01 1.970828175544738770e-01 -4.153220057487487793e-01
-4.705362394452095032e-02 1.904694885015487671e-01 -4.815680980682373047e-01
-1.880884729325771332e-02 2.255723178386688232e-01 -4.476004540920257568e-01
-2.710726670920848846e-02 2.698022723197937012e-01 -4.442270100116729736e-01
-8.582908660173416138e-02 3.024482131004333496e-01 -4.070395827293395996e-01
-1.299571096897125244e-01 3.341536819934844971e-01 -4.497065544128417969e-01
-1.750208437442779541e-01 3.489018678665161133e-01 -4.550884068012237549e-01
-2.528583705425262451e-01 3.675095736980438232e-01 -4.136372208595275879e-01
-3.374047279357910156e-01 3.765684366226196289e-01 -3.468216657638549805e-01
-4.566154479980468750e-01 4.259908795356750488e-01 -1.972948908805847168e-01
-4.371648728847503662e-01 4.115865230560302734e-01 -6.714437901973724365e-02
-4.526778757572174072e-01 4.225172698497772217e-01 1.774231530725955963e-02
-4.415479004383087158e-01 4.284728467464447021e-01 9.944444894790649414e-02
-4.006656408309936523e-01 4.402875304222106934e-01 1.598135977983474731e-01
-3.973467051982879639e-01 4.214226901531219482e-01 1.763301789760589600e-01
-3.834994435310363770e-01 4.565749466419219971e-01 1.747907847166061401e-01
-2.705828845500946045e-01 4.921454787254333496e-01 1.646338105201721191e-01
-1.209366992115974426e-01 4.500532150268554688e-01 1.647907076403498650e-03
-1.812646985054016113e-01 5.080569982528686523e-01 8.145473152399063110e-02
-3.570634424686431885e-01 4.484437704086303711e-01 7.860296964645385742e-02
-4.248168170452117920e-01 4.266765415668487549e-01 6.301969289779663086e-02
-4.561669230461120605e-01 4.236609935760498047e-01 6.467085331678390503e-02
-4.685059487819671631e-01 4.383176863193511963e-01 5.261296033859252930e-02
-4.850063025951385498e-01 4.532904028892517090e-01 6.155728176236152649e-02
-4.647180438041687012e-01 4.530647695064544678e-01 1.007798612117767334e-01
-4.571797549724578857e-01 4.561713635921478271e-01 1.419682651758193970e-01
-4.207723140716552734e-01 4.701668918132781982e-01 1.977032124996185303e-01
-3.836515247821807861e-01 4.459040164947509766e-01 2.924742102622985840e-01
-3.552412390708923340e-01 4.479661583900451660e-01 3.829214870929718018e-01
-3.728742301464080811e-01 5.096696019172668457e-01 4.171351790428161621e-01
-2.020454853773117065e-01 5.005493164062500000e-01 2.133833169937133789e-01
-1.454866677522659302e-01 4.625797569751739502e-01 2.095561325550079346e-01
-1.476489901542663574e-01 4.930367469787597656e-01 1.677032709121704102e-01
-1.490449160337448120e-01 4.124056696891784668e-01 -1.647809706628322601e-02
-1.582065671682357788e-01 3.866004943847656250e-01 -1.709922254085540771e-01
-1.690638959407806396e-01 3.480984270572662354e-01 -1.461733281612396240e-01
-1.987186372280120850e-01 3.157194256782531738e-01 -8.347058296203613281e-02
-4.463139176368713379e-01 9.701929241418838501e-02 2.229090631008148193e-01
-4.823814630508422852e-01 1.657325178384780884e-01 3.529382944107055664e-01
-4.536803960800170898e-01 1.014443486928939819e-01 4.113133847713470459e-01
-2.846465706825256348e-01 -3.830856829881668091e-02 2.958930134773254395e-01
-2.533172965049743652e-01 3.495593369007110596e-02 2.330185472965240479e-01
-3.909053802490234375e-01 1.925653070211410522e-01 1.568408161401748657e-01
-4.255800843238830566e-01 1.947713047266006470e-01 1.036362051963806152e-01
-4.309431910514831543e-01 2.526829540729522705e-01 -2.965293079614639282e-02
-4.517878592014312744e-01 2.709296047687530518e-01 -3.090848401188850403e-02
-4.775309562683105469e-01 3.172037303447723389e-01 2.286315709352493286e-02
-4.567894637584686279e-01 3.050615787506103516e-01 7.843542844057083130e-02
-4.491220414638519287e-01 2.814853191375732422e-01 1.399837434291839600e-01
-3.437798917293548584e-01 3.138090670108795166e-01 2.881195247173309326e-01
-2.722118794918060303e-01 2.838720977306365967e-01 4.277049303054809570e-01
-1.578579246997833252e-01 2.277877926826477051e-01 4.657292962074279785e-01
-5.380978807806968689e-02 5.933578312397003174e-02 4.659390747547149658e-01
1.609904468059539795e-01 -7.426379621028900146e-02 4.028573036193847656e-01
2.154164016246795654e-01 -2.012776136398315430e-01 4.113034307956695557e-01
1.732771545648574829e-01 -2.937532663345336914e-01 3.120085299015045166e-01
2.534960210323333740e-01 -3.480904996395111084e-01 2.007143348455429077e-01
2.170614153146743774e-01 -3.309912383556365967e-01 1.785103380680084229e-01
2.523507177829742432e-01 -3.627868592739105225e-01 1.499303430318832397e-01
2.749882638454437256e-01 -4.386751353740692139e-01 7.623239606618881226e-02
3.504692912101745605e-01 -4.447570145130157471e-01 9.492384642362594604e-02
3.627684712409973145e-01 -4.585964679718017578e-01 6.327395141124725342e-02
3.506021797657012939e-01 -4.839767813682556152e-01 4.710425063967704773e-02
3.701768815517425537e-01 -4.688891172409057617e-01 7.344596832990646362e-02
3.546102344989776611e-01 -4.925497770309448242e-01 8.180913515388965607e-03
4.034212827682495117e-01 -4.875843226909637451e-01 2.342927455902099609e-02
4.090766608715057373e-01 -4.819856286048889160e-01 -1.103138364851474762e-02
3.782423734664916992e-01 -4.917274415493011475e-01 -2.610626257956027985e-02
3.662171363830566406e-01 -4.373449683189392090e-01 -3.096419572830200195e-02
3.678528070449829102e-01 -4.865195751190185547e-01 -8.440659195184707642e-02
3.020487427711486816e-01 -5.124953985214233398e-01 -5.670023709535598755e-02
3.406843245029449463e-01 -4.976477324962615967e-01 -8.356671035289764404e-02
3.093761503696441650e-01 -4.800855517387390137e-01 -6.776525825262069702e-02
3.193463683128356934e-01 -4.787256419658660889e-01 -1.498689353466033936e-01
2.758837342262268066e-01 -4.923301339149475098e-01 -1.051342412829399109e-01
3.424429595470428467e-01 -4.945562481880187988e-01 -9.767452627420425415e-02
3.060992658138275146e-01 -4.397876560688018799e-01 -4.602273181080818176e-02
3.170683085918426514e-01 -4.845629930496215820e-01 -8.361165970563888550e-02
4.238327741622924805e-01 -4.320668578147888184e-01 -8.207106590270996094e-02
3.481229543685913086e-01 -3.342671990394592285e-01 1.440897136926651001e-01
4.625958800315856934e-01 -2.755887210369110107e-01 1.322659254074096680e-01
4.247770607471466064e-01 -1.215864270925521851e-01 2.200304567813873291e-01
3.578849732875823975e-01 3.145032376050949097e-02 2.659912705421447754e-01
1.793744266033172607e-01 1.502435654401779175e-01 3.538718819618225098e-01
6.093927100300788879e-02 3.662697374820709229e-01 3.376353085041046143e-01
7.504093647003173828e-02 4.254449605941772461e-01 1.518235951662063599e-01
2.773378230631351471e-02 3.855448663234710693e-01 -1.510939002037048340e-01
-1.656407490372657776e-02 3.904834687709808350e-01 -3.384602963924407959e-01
-6.832821667194366455e-02 3.879606723785400391e-01 -4.287521839141845703e-01
-1.373367756605148315e-01 3.505738973617553711e-01 -5.171420574188232422e-01
-4.838825762271881104e-02 2.494031041860580444e-01 -5.454356074333190918e-01
3.499981760978698730e-02 1.234046295285224915e-01 -5.836840867996215820e-01
5.199741944670677185e-02 8.232081681489944458e-02 -5.594846010208129883e-01
8.746502548456192017e-02 6.963589787483215332e-02 -5.872078537940979004e-01
1.457491964101791382e-01 7.691911607980728149e-02 -6.123174428939819336e-01
1.740385293960571289e-01 5.837641283869743347e-02 -5.894419550895690918e-01
2.143037766218185425e-01 1.333144772797822952e-02 -6.043401956558227539e-01
2.097629010677337646e-01 2.473840862512588501e-02 -6.251472830772399902e-01
2.453569769859313965e-01 -7.940612267702817917e-04 -6.630907654762268066e-01
3.018826246261596680e-01 1.866659373044967651e-01 -6.797848939895629883e-01
3.940173983573913574e-01 8.145290613174438477e-02 -5.840868353843688965e-01
