2.712236823877596237e-01
0.000000000000000000e+00
0.000000000000000000e+00
0.000000000000000000e+00
0.000000000000000000e+00
0.000000000000000000e+00
9.430603705447607524e-03
1.385330948733285404e-02
1.841795297934522430e-02
1.901216668420391623e-02
1.655872306718867565e-02
1.511710169266505289e-02
1.378672494334819143e-02
1.312705475332354328e-02
1.591893055279161584e-02
1.408040400880006780e-02
8.681113285667386298e-03
0.000000000000000000e+00
0.000000000000000000e+00
0.000000000000000000e+00
0.000000000000000000e+00
0.000000000000000000e+00
0.000000000000000000e+00
0.000000000000000000e+00
0.000000000000000000e+00
0.000000000000000000e+00
0.000000000000000000e+00
0.000000000000000000e+00
0.000000000000000000e+00
0.000000000000000000e+00
6.973444472014048157e-03
4.491739492748465790e-02
5.903477775101449027e-02
1.131819790068486556e-02
0.000000000000000000e+00
0.000000000000000000e+00
0.000000000000000000e+00
0.000000000000000000e+00
0.000000000000000000e+00
0.000000000000000000e+00
0.000000000000000000e+00
0.000000000000000000e+00
0.000000000000000000e+00
0.000000000000000000e+00
0.000000000000000000e+00
3.308290950884272830e-01
4.976256048139690025e-01
4.085996505762218289e-01
1.853592525431097815e-01
0.000000000000000000e+00
0.000000000000000000e+00
2.520938632390797296e-01
4.896385355312478094e-01
5.381128103941060781e-01
2.846880296352449213e-01
0.000000000000000000e+00
0.000000000000000000e+00
0.000000000000000000e+00
0.000000000000000000e+00
0.000000000000000000e+00
0.000000000000000000e+00
0.000000000000000000e+00
9.973208719350408133e-03
1.435307733980564944e-02
1.356195340898444512e-02
4.611213714069233721e-03
0.000000000000000000e+00
0.000000000000000000e+00
0.000000000000000000e+00
0.000000000000000000e+00
0.000000000000000000e+00
0.000000000000000000e+00
0.000000000000000000e+00
0.000000000000000000e+00
0.000000000000000000e+00
0.000000000000000000e+00
6.198549469868181935e-03
3.226749451763414461e-02
3.543120525153480027e-02
2.317708776706967760e-02
5.288307761053981891e-03
5.255841181599042039e-03
2.349418858985019218e-02
3.356268920570052577e-02
2.482241097941276925e-02
1.202771200923510343e-02
4.538343440275171593e-03
8.794477382211356511e-03
1.369521262536455182e-02
1.037391963364743368e-02
1.012417090002719518e-02
1.037982159086902473e-02
9.013073666753098831e-03
5.126565059501498808e-03
0.000000000000000000e+00
0.000000000000000000e+00
2.438790481844393086e-03
9.357117069618579863e-03
1.582118774499228359e-02
1.562197197613483628e-02
1.325822066467923811e-02
9.818132612827049771e-03
5.374438540704035844e-03
1.931792004933128226e-03
0.000000000000000000e+00
0.000000000000000000e+00
8.281841518574627322e-04
0.000000000000000000e+00
0.000000000000000000e+00
0.000000000000000000e+00
0.000000000000000000e+00
0.000000000000000000e+00
0.000000000000000000e+00
2.444942356426954289e-01
3.765699060841026791e-01
