1.294899433851242065e-01 -6.867995858192443848e-02 6.037152186036109924e-02
5.665631033480167389e-03 -1.048920080065727234e-01 -7.975250482559204102e-03
-1.572280973196029663e-01 -6.653857976198196411e-02 -1.717190742492675781e-01
-3.492025732994079590e-01 -3.487307345494627953e-03 -3.029441833496093750e-01
-2.135208398103713989e-01 3.933269903063774109e-02 -4.276752471923828125e-01
-1.355809122323989868e-01 -3.794697672128677368e-02 -3.782764673233032227e-01
1.941251754760742188e-02 -2.005354166030883789e-01 -3.459601402282714844e-01
2.618529498577117920e-01 -3.725139498710632324e-01 -2.629572153091430664e-01
4.127012193202972412e-01 -4.215574264526367188e-01 -1.546949148178100586e-01
4.524890184402465820e-01 -4.595991373062133789e-01 -1.456481814384460449e-01
3.538562357425689697e-01 -3.441076278686523438e-01 -1.248440891504287720e-01
1.939458250999450684e-01 -2.658908963203430176e-01 -9.122546017169952393e-02
8.763757348060607910e-02 -2.591405808925628662e-01 2.022025734186172485e-02
1.873054057359695435e-01 -1.310559660196304321e-01 8.027437329292297363e-02
1.560787260532379150e-01 -9.686771780252456665e-03 1.171611770987510681e-01
1.560398787260055542e-01 1.516850888729095459e-01 8.139378577470779419e-02
1.638083606958389282e-01 1.298414766788482666e-01 1.261208206415176392e-01
2.297361195087432861e-02 1.013159845024347305e-02 7.420422881841659546e-02
-7.904689759016036987e-02 -3.967452794313430786e-03 -8.968985080718994141e-02
-1.937129795551300049e-01 2.458953671157360077e-02 -1.888914108276367188e-01
-2.765697240829467773e-01 4.437518771737813950e-03 -2.539183497428894043e-01
-3.346692621707916260e-01 -9.693139791488647461e-02 -1.746401786804199219e-01
-3.657092154026031494e-01 -9.535204619169235229e-02 -3.974324092268943787e-03
-4.245934188365936279e-01 -4.895365610718727112e-02 1.223777532577514648e-01
-4.029521346092224121e-01 9.257211536169052124e-02 2.163037359714508057e-01
-3.308335542678833008e-01 2.193341255187988281e-01 2.537384629249572754e-01
-2.913821935653686523e-01 2.146559655666351318e-01 1.674899607896804810e-01
-2.113088965415954590e-01 1.892364025115966797e-01 7.875903695821762085e-02
-4.392169415950775146e-02 2.017159163951873779e-01 -4.973840713500976562e-02
3.048754632472991943e-01 3.493934273719787598e-01 -1.794435083866119385e-01
3.212674856185913086e-01 3.459182977676391602e-01 -8.494077622890472412e-02
6.995227187871932983e-02 7.187717407941818237e-02 2.159908041357994080e-02
-2.828009426593780518e-01 -2.745323479175567627e-01 4.560934379696846008e-02
-4.054143428802490234e-01 -4.140089154243469238e-01 6.387329846620559692e-02
-2.466020584106445312e-01 -2.804247438907623291e-01 -6.049677357077598572e-02
-8.466291427612304688e-02 -9.123846888542175293e-02 -9.758254140615463257e-02
1.041276007890701294e-02 -5.876567214727401733e-03 -2.725457027554512024e-02
3.696087002754211426e-02 4.151971265673637390e-02 6.685197353363037109e-02
8.169899880886077881e-02 8.890385925769805908e-02 1.834985017776489258e-01
8.297266811132431030e-02 1.285485178232192993e-01 2.626375555992126465e-01
-1.274094432592391968e-01 1.742480546236038208e-01 2.003781497478485107e-01
-2.705684304237365723e-01 2.328229993581771851e-01 7.551949471235275269e-02
-3.065131306648254395e-01 3.789733350276947021e-01 -2.518625855445861816e-01
-1.327123343944549561e-01 5.062656998634338379e-01 -4.628114402294158936e-01
1.810186952352523804e-01 4.747741818428039551e-01 -4.654606282711029053e-01
2.983039021492004395e-01 3.224412500858306885e-01 -3.650608360767364502e-01
3.832917511463165283e-01 -4.835777729749679565e-02 -1.535502523183822632e-01
2.320277094841003418e-01 -2.061580270528793335e-01 -8.545952290296554565e-02
-1.873769052326679230e-02 -1.671342700719833374e-01 1.717857434414327145e-03
-1.446296125650405884e-01 -2.710210978984832764e-01 3.449930548667907715e-01
-2.038618922233581543e-01 -3.229462206363677979e-01 5.092517137527465820e-01
-1.829137355089187622e-01 -2.929099798202514648e-01 5.303648710250854492e-01
4.281695932149887085e-02 -1.248748078942298889e-01 4.389989972114562988e-01
2.407574653625488281e-01 8.677919209003448486e-02 1.532896757125854492e-01
3.256262838840484619e-01 -3.862515091896057129e-02 -4.647773224860429764e-03
3.108022212982177734e-01 -3.064609467983245850e-01 -2.925120666623115540e-02
3.500346466898918152e-02 -3.648794293403625488e-01 -1.327202022075653076e-01
1.273164525628089905e-02 -3.585818111896514893e-01 -1.558499634265899658e-01
-7.063277531415224075e-03 -2.901011109352111816e-01 -1.363932192325592041e-01
-4.358197748661041260e-02 -1.932879388332366943e-01 -7.334839552640914917e-02
-8.093512058258056641e-02 -1.311837583780288696e-01 7.667209953069686890e-02
-2.785831689834594727e-01 1.511831730604171753e-01 1.438780575990676880e-01
-3.567171394824981689e-01 2.410400211811065674e-01 2.615230083465576172e-01
-3.329497277736663818e-01 3.117605149745941162e-01 3.234848380088806152e-01
-1.623972803354263306e-01 2.817552685737609863e-01 4.237220287322998047e-01
2.297396063804626465e-01 1.451292932033538818e-01 4.441860020160675049e-01
3.467827439308166504e-01 1.050372272729873657e-01 4.210005998611450195e-01
3.899112641811370850e-01 8.692318946123123169e-02 2.593656778335571289e-01
3.672313690185546875e-01 1.474808454513549805e-01 1.097414176911115646e-02
2.220221757888793945e-01 6.016226112842559814e-02 -1.553673446178436279e-01
1.747090816497802734e-01 -1.531969290226697922e-02 -1.999511569738388062e-01
2.677703276276588440e-02 1.203945931047201157e-02 -4.100085049867630005e-02
-8.909066766500473022e-02 8.025267720222473145e-02 6.860145926475524902e-02
-8.941313624382019043e-02 1.021593064069747925e-01 1.153052598237991333e-01
-1.232779398560523987e-01 -2.769631973933428526e-04 7.054123282432556152e-02
-1.163818016648292542e-01 -4.200651124119758606e-02 -9.762578643858432770e-03
-3.815745934844017029e-02 -1.545594073832035065e-02 -9.676332026720046997e-02
-4.388109594583511353e-02 9.052132070064544678e-02 -1.116296499967575073e-01
-4.485359042882919312e-02 9.859759360551834106e-02 -1.213497146964073181e-01
2.365054376423358917e-02 5.129410699009895325e-02 -1.290719807147979736e-01
6.230039522051811218e-02 3.743918985128402710e-02 -8.472444117069244385e-02
1.072160080075263977e-01 1.107584405690431595e-02 -7.168682664632797241e-02
1.183435842394828796e-01 -8.103178441524505615e-02 -1.035656705498695374e-01
9.514646977186203003e-02 -8.436051011085510254e-02 -1.194543391466140747e-01
1.476219892501831055e-01 -8.832475543022155762e-02 -1.200242936611175537e-01
2.242063879966735840e-01 -7.778280228376388550e-02 -8.640962094068527222e-02
6.870347261428833008e-02 -9.231277741491794586e-03 -6.089326739311218262e-02
-4.569461103528738022e-03 2.980552427470684052e-02 -4.446385055780410767e-02
-6.162107735872268677e-02 7.131741195917129517e-02 9.105649776756763458e-03
-2.316312119364738464e-02 5.833517294377088547e-03 2.204644121229648590e-02
9.127088636159896851e-02 1.998142711818218231e-02 5.333389341831207275e-02
4.739731177687644958e-02 -4.681413993239402771e-03 5.247296020388603210e-02
1.296411752700805664e-01 1.330688297748565674e-01 1.319216191768646240e-01
2.756727635860443115e-01 1.673763245344161987e-01 1.285163015127182007e-01
3.360350131988525391e-01 9.483341872692108154e-02 3.100654669106006622e-02
1.486092358827590942e-01 -4.251644015312194824e-02 -4.938313737511634827e-02
-3.404006659984588623e-01 -1.282291859388351440e-01 -2.398920953273773193e-01
-4.020509719848632812e-01 -1.031114906072616577e-01 -3.315036594867706299e-01
-5.532615631818771362e-02 -1.804665029048919678e-01 -3.879106342792510986e-01
2.680720686912536621e-01 -2.470885813236236572e-01 -4.217761754989624023e-01
4.377593100070953369e-01 -3.640123009681701660e-01 -3.646652400493621826e-01
2.789090871810913086e-01 -4.145161211490631104e-01 -3.694325983524322510e-01
1.388966143131256104e-01 -3.758575320243835449e-01 -2.193634659051895142e-01
2.231773138046264648e-01 -3.162916600704193115e-01 -4.306445643305778503e-02
1.663956791162490845e-01 -2.387062162160873413e-01 1.621969193220138550e-01
4.349698126316070557e-02 -9.249544143676757812e-02 2.174712717533111572e-01
-6.151909381151199341e-02 4.733792506158351898e-03 1.031555309891700745e-01
-2.081059813499450684e-01 5.447420105338096619e-02 9.732899814844131470e-02
-1.527255475521087646e-01 3.283821046352386475e-02 1.183119118213653564e-01
-6.255272030830383301e-02 -4.186621308326721191e-02 1.713628768920898438e-01
4.556421190500259399e-03 -6.350798159837722778e-02 1.293108463287353516e-01
-5.811957269906997681e-02 1.925680190324783325e-01 -2.208628207445144653e-01
-4.762555658817291260e-02 3.827107548713684082e-01 -2.080162614583969116e-01
-3.366246819496154785e-03 4.166165590286254883e-01 -1.163631528615951538e-01
4.696732386946678162e-02 3.171672224998474121e-01 9.507712908089160919e-03
