8.074368536472320557e-02 5.466324463486671448e-02 2.961496263742446899e-02
3.045831024646759033e-01 1.499077584594488144e-02 9.381037950515747070e-02
4.765062034130096436e-01 -1.273659765720367432e-01 1.236482262611389160e-01
4.360248148441314697e-01 -2.367257177829742432e-01 2.879140339791774750e-02
2.014186233282089233e-01 -2.296125888824462891e-01 -2.009209394454956055e-01
-1.850761771202087402e-01 -1.261298507452011108e-01 -3.546448647975921631e-01
-4.084317386150360107e-01 -5.698948353528976440e-02 -3.846582472324371338e-01
-3.286788463592529297e-01 -1.112612411379814148e-01 -3.370708227157592773e-01
-1.375795155763626099e-01 -7.327815890312194824e-02 -1.073877364397048950e-01
1.010087504982948303e-01 6.631687749177217484e-03 1.365450173616409302e-01
1.908926367759704590e-01 1.913049370050430298e-01 2.271882593631744385e-01
9.535285830497741699e-02 2.808822095394134521e-01 2.857430577278137207e-01
-2.786187687888741493e-03 2.569490373134613037e-01 2.712982296943664551e-01
-4.417790845036506653e-02 1.263640522956848145e-01 2.943333983421325684e-01
-5.130682513117790222e-02 -7.751313969492912292e-03 2.586919665336608887e-01
-3.387499973177909851e-02 3.852037712931632996e-02 9.313544631004333496e-02
1.716312766075134277e-02 1.144212204962968826e-02 -5.890499800443649292e-02
6.997238099575042725e-02 -4.234336316585540771e-03 -1.343755125999450684e-01
1.538243442773818970e-01 -1.145630609244108200e-02 -1.049700081348419189e-01
1.593735963106155396e-01 7.888904958963394165e-02 -7.267607003450393677e-02
6.266488879919052124e-02 2.713031470775604248e-01 -4.363043606281280518e-02
-5.885686725378036499e-02 3.637156486511230469e-01 9.267183952033519745e-03
-1.844485253095626831e-01 2.832283377647399902e-01 1.220820844173431396e-01
-1.949588209390640259e-01 3.398388624191284180e-02 2.248622477054595947e-01
-1.142853945493698120e-01 -1.641190648078918457e-01 2.022300213575363159e-01
-4.651345312595367432e-02 -2.774346470832824707e-01 9.742733836174011230e-02
-1.086103636771440506e-02 -3.165546059608459473e-01 -3.334063664078712463e-02
4.107822105288505554e-02 -4.040504395961761475e-01 -2.312254346907138824e-02
7.377393543720245361e-02 -3.638203144073486328e-01 5.498491972684860229e-02
1.437629163265228271e-01 -1.386429816484451294e-01 -2.464808896183967590e-02
1.888916045427322388e-01 2.327357679605484009e-01 -2.754879295825958252e-01
7.200569659471511841e-02 4.808529317378997803e-01 -4.156055748462677002e-01
-3.860751399770379066e-03 3.285299837589263916e-01 -3.517812490463256836e-01
-7.909821718931198120e-02 1.706782355904579163e-02 -9.345228970050811768e-02
-1.350303590297698975e-01 -2.130704969167709351e-01 2.025040090084075928e-01
-1.351432651281356812e-01 -2.175826579332351685e-01 2.801190018653869629e-01
-1.899031698703765869e-01 -3.257991746068000793e-02 2.193619012832641602e-01
-1.570343524217605591e-01 8.261633664369583130e-02 1.581080406904220581e-01
3.559044748544692993e-02 1.824431419372558594e-01 1.452160626649856567e-01
2.472827285528182983e-01 2.375595718622207642e-01 1.490902751684188843e-01
4.114001989364624023e-01 6.825082004070281982e-02 1.840703934431076050e-01
4.359303414821624756e-01 -2.984800934791564941e-01 2.155213207006454468e-01
1.604403555393218994e-01 -5.477519035339355469e-01 1.465496122837066650e-01
-1.454975157976150513e-01 -5.832360386848449707e-01 -5.858203768730163574e-02
-3.558598160743713379e-01 -3.545384109020233154e-01 -3.268907368183135986e-01
-3.923083245754241943e-01 1.260579824447631836e-01 -4.569144248962402344e-01
-2.183468937873840332e-01 4.169212877750396729e-01 -3.978981375694274902e-01
-2.915241289883852005e-03 5.569365620613098145e-01 -2.252202481031417847e-01
1.251608282327651978e-01 5.862691998481750488e-01 -4.022679850459098816e-02
4.483054205775260925e-02 5.199987292289733887e-01 1.593900844454765320e-02
-1.591196954250335693e-01 1.844914704561233521e-01 3.699424117803573608e-02
-3.235708177089691162e-01 -3.468378186225891113e-01 1.488267779350280762e-01
-2.640305459499359131e-01 -5.302612185478210449e-01 8.282250165939331055e-02
-1.066288650035858154e-01 -4.824911057949066162e-01 -1.119514927268028259e-01
1.191713809967041016e-01 -1.023311987519264221e-01 -2.517159283161163330e-01
2.453583627939224243e-01 1.817382127046585083e-01 -2.728862166404724121e-01
2.145917415618896484e-01 2.227958589792251587e-01 -9.513176232576370239e-02
1.347688585519790649e-01 1.374701559543609619e-01 1.345483511686325073e-01
-3.196344524621963501e-02 9.422714263200759888e-02 2.154510170221328735e-01
-6.124966219067573547e-02 1.359923481941223145e-01 3.260449469089508057e-01
-6.504076719284057617e-02 1.935669183731079102e-01 3.689655959606170654e-01
-8.597107231616973877e-02 1.778472810983657837e-01 3.615995645523071289e-01
-1.183486804366111755e-01 9.001740068197250366e-02 2.539859712123870850e-01
-2.396348714828491211e-01 -1.315757781267166138e-01 -6.528417021036148071e-02
-1.913816034793853760e-01 -2.791863679885864258e-01 -2.396985888481140137e-01
7.158408407121896744e-03 -3.191634714603424072e-01 -2.771242856979370117e-01
2.124153822660446167e-01 -3.707445859909057617e-01 -1.807198971509933472e-01
3.668555319309234619e-01 -2.636068761348724365e-01 -6.532049924135208130e-02
2.695682048797607422e-01 -1.160327494144439697e-01 -6.407570093870162964e-02
4.163759574294090271e-02 7.217883318662643433e-02 -4.730051010847091675e-02
-6.898909807205200195e-02 2.319322526454925537e-01 -7.506274152547121048e-03
-8.803185075521469116e-02 2.240323871374130249e-01 7.507529109716415405e-02
2.630630135536193848e-02 1.987234801054000854e-01 5.767927318811416626e-02
1.032839268445968628e-01 1.316927224397659302e-01 -1.210417225956916809e-02
6.254488974809646606e-02 6.538581103086471558e-03 -6.586112827062606812e-02
2.700290456414222717e-02 -5.842392519116401672e-02 -1.188355498015880585e-02
-4.222422139719128609e-04 -8.915759623050689697e-02 6.338588148355484009e-02
1.477827876806259155e-02 -8.116450160741806030e-02 5.339228734374046326e-02
-2.065837383270263672e-03 -8.518412709236145020e-03 1.496963016688823700e-02
-3.440762683749198914e-02 -1.896250806748867035e-02 -6.370805203914642334e-02
-4.001066833734512329e-02 -1.441359054297208786e-02 -1.116368472576141357e-01
-1.161013031378388405e-03 2.412354201078414917e-02 -1.117428243160247803e-01
4.961929097771644592e-02 2.283059991896152496e-02 -9.666283428668975830e-02
9.116300381720066071e-03 -3.169754927512258291e-04 -3.825224563479423523e-02
-2.816106751561164856e-02 -8.530955761671066284e-03 4.257930070161819458e-02
-4.090400412678718567e-02 4.662773571908473969e-03 8.226943761110305786e-02
-5.804454535245895386e-02 6.875866651535034180e-02 1.087456643581390381e-01
-3.358419239521026611e-02 1.234415844082832336e-01 6.631022691726684570e-02
-9.614726901054382324e-02 6.613694876432418823e-02 9.878982789814472198e-03
-1.230107173323631287e-01 6.742759793996810913e-02 -1.990592107176780701e-02
-1.473107188940048218e-01 2.263750508427619934e-02 5.049904063344001770e-02
-2.159925401210784912e-01 -8.859571069478988647e-03 1.498488634824752808e-01
-1.778579801321029663e-01 -3.842738270759582520e-02 1.242006644606590271e-01
-5.309603363275527954e-02 -1.478062383830547333e-02 -1.587576419115066528e-02
2.832122445106506348e-01 1.702093780040740967e-01 -1.867400258779525757e-01
4.465431571006774902e-01 1.639413237571716309e-01 -2.255815416574478149e-01
4.646110832691192627e-01 -7.308057695627212524e-02 -2.205587774515151978e-01
2.067681401968002319e-01 -3.705903291702270508e-01 -2.169218510389328003e-01
-2.188500463962554932e-01 -5.397563576698303223e-01 -2.881293892860412598e-01
-3.173064291477203369e-01 -4.042658805847167969e-01 -3.310764133930206299e-01
-3.309704661369323730e-01 -5.816759075969457626e-03 -1.878411322832107544e-01
-2.552472054958343506e-01 2.421509176492691040e-01 1.549953222274780273e-02
-1.256066858768463135e-01 3.156905472278594971e-01 1.897000670433044434e-01
-6.007982045412063599e-02 2.351778298616409302e-01 2.837444245815277100e-01
9.008871763944625854e-02 1.800856143236160278e-01 2.918365001678466797e-01
1.466056853532791138e-01 2.138921022415161133e-01 2.630457580089569092e-01
1.106938123703002930e-01 1.536533534526824951e-01 1.732365041971206665e-01
2.982845529913902283e-02 1.360513567924499512e-01 1.829610578715801239e-02
-2.604242041707038879e-02 6.319528818130493164e-02 -7.445365190505981445e-02
1.115573868155479431e-01 -1.379894614219665527e-01 2.086350880563259125e-02
2.056113481521606445e-01 -1.966437995433807373e-01 2.114810496568679810e-01
1.691786050796508789e-01 -1.683813333511352539e-01 3.200370073318481445e-01
9.683397598564624786e-03 -3.459299728274345398e-02 2.440412938594818115e-01
-1.598135977983474731e-01 8.639699220657348633e-02 5.492288619279861450e-02
-1.486873030662536621e-01 7.729183137416839600e-02 -6.497854739427566528e-02
