4.621916115283966064e-01 6.980386562645435333e-03 -5.121409893035888672e-01
4.705817401409149170e-01 -4.434756562113761902e-02 -5.826908946037292480e-01
4.477131664752960205e-01 -8.705433458089828491e-03 -5.540828704833984375e-01
3.620019257068634033e-01 -1.741138473153114319e-02 -5.469464659690856934e-01
3.195620179176330566e-01 3.403409197926521301e-02 -5.571123361587524414e-01
2.697165608406066895e-01 8.728363364934921265e-02 -5.748474597930908203e-01
1.773113906383514404e-01 1.306754946708679199e-01 -5.593556761741638184e-01
-1.960344985127449036e-02 1.902831345796585083e-01 -5.786908268928527832e-01
-8.014138787984848022e-02 2.739908695220947266e-01 -4.834803640842437744e-01
-1.329164355993270874e-01 3.523109555244445801e-01 -2.107432782649993896e-01
8.808689564466476440e-02 3.712245523929595947e-01 2.172705680131912231e-01
1.161460503935813904e-01 2.850356996059417725e-01 3.701531887054443359e-01
2.808646857738494873e-01 3.872463107109069824e-02 4.089869558811187744e-01
2.957082390785217285e-01 -1.347672641277313232e-01 2.529538869857788086e-01
2.667487561702728271e-01 -2.438412308692932129e-01 2.015314698219299316e-01
2.512281835079193115e-01 -3.179717361927032471e-01 7.403856515884399414e-02
3.325198888778686523e-01 -3.328282237052917480e-01 1.193527206778526306e-01
4.005247950553894043e-01 -3.965182900428771973e-01 1.315263360738754272e-01
3.861145377159118652e-01 -3.570255637168884277e-01 1.033729985356330872e-01
3.250642120838165283e-01 -3.745587170124053955e-01 1.257346570491790771e-01
3.197873234748840332e-01 -3.692937791347503662e-01 1.193304434418678284e-01
3.573106229305267334e-01 -3.764963150024414062e-01 1.873865872621536255e-01
3.450624048709869385e-01 -3.970137536525726318e-01 1.798099428415298462e-01
3.442876338958740234e-01 -4.055890440940856934e-01 1.777673661708831787e-01
3.519085347652435303e-01 -3.882652521133422852e-01 1.946122497320175171e-01
3.290435373783111572e-01 -3.839665353298187256e-01 2.174924165010452271e-01
2.601063251495361328e-01 -4.394353628158569336e-01 2.060286402702331543e-01
9.753013402223587036e-02 -5.349807739257812500e-01 9.514258056879043579e-02
-3.329577296972274780e-02 -6.729623675346374512e-01 -8.289673179388046265e-02
-1.514714062213897705e-01 -7.265791893005371094e-01 5.840620491653680801e-03
-2.718132138252258301e-01 -7.462916374206542969e-01 1.992913521826267242e-02
-3.754295110702514648e-01 -6.908372044563293457e-01 -1.560334209352731705e-02
-2.912724018096923828e-01 -7.484241127967834473e-01 -7.265105843544006348e-02
-3.055772185325622559e-01 -7.452800869941711426e-01 3.918104618787765503e-02
-3.306172788143157959e-01 -7.001724243164062500e-01 4.281551018357276917e-02
-3.465682268142700195e-01 -7.375912070274353027e-01 1.311236806213855743e-02
-4.302917420864105225e-01 -7.242320179939270020e-01 4.123157262802124023e-02
-4.521524012088775635e-01 -7.327102422714233398e-01 7.495332509279251099e-02
-4.488365948200225830e-01 -7.212641835212707520e-01 1.686855852603912354e-01
-4.632918238639831543e-01 -7.216322422027587891e-01 1.525519341230392456e-01
-4.475276768207550049e-01 -7.252648472785949707e-01 9.563378989696502686e-02
-4.234183132648468018e-01 -6.965842843055725098e-01 1.162924617528915405e-01
-3.461526632308959961e-01 -6.919971704483032227e-01 2.359268069267272949e-02
-7.916162908077239990e-02 -7.337069511413574219e-01 7.516358047723770142e-02
1.804743409156799316e-01 -6.808426976203918457e-01 -2.693343721330165863e-02
1.899019777774810791e-01 -4.779869318008422852e-01 1.885276138782501221e-01
3.188087046146392822e-01 -2.850247919559478760e-01 2.340911328792572021e-01
3.402574062347412109e-01 -2.214353680610656738e-01 2.719620168209075928e-01
3.976930081844329834e-01 -1.788159906864166260e-01 2.219737023115158081e-01
4.025391042232513428e-01 -2.257961779832839966e-01 1.902051270008087158e-01
3.947030007839202881e-01 -2.426489144563674927e-01 1.597378700971603394e-01
4.046426713466644287e-01 -2.361748814582824707e-01 1.476325243711471558e-01
3.409602344036102295e-01 -2.765685915946960449e-01 1.393753439188003540e-01
3.817515373229980469e-01 -2.892086803913116455e-01 1.240064874291419983e-01
3.913522958755493164e-01 -2.797469198703765869e-01 1.124454215168952942e-01
3.719866275787353516e-01 -2.593868374824523926e-01 1.225679367780685425e-01
3.798144459724426270e-01 -2.522489726543426514e-01 1.488812416791915894e-01
3.512026071548461914e-01 -3.041151762008666992e-01 1.560834646224975586e-01
3.904190957546234131e-01 -3.260457217693328857e-01 7.257576286792755127e-02
3.343386054039001465e-01 -3.650376200675964355e-01 1.386598497629165649e-01
3.049256801605224609e-01 -3.958747386932373047e-01 1.926080882549285889e-01
3.240884840488433838e-01 -4.042427241802215576e-01 2.327237725257873535e-01
3.877577185630798340e-01 -3.985023796558380127e-01 1.992563009262084961e-01
4.269162416458129883e-01 -4.232798218727111816e-01 1.955529302358627319e-01
4.569934904575347900e-01 -4.267477393150329590e-01 2.083887159824371338e-01
4.643293023109436035e-01 -4.613970518112182617e-01 1.626730859279632568e-01
4.609864056110382080e-01 -4.038950204849243164e-01 1.551541835069656372e-01
4.438479244709014893e-01 -4.237025380134582520e-01 1.364534497261047363e-01
4.537137150764465332e-01 -4.207337498664855957e-01 1.479810476303100586e-01
4.575657248497009277e-01 -4.279573559761047363e-01 1.503528952598571777e-01
4.590827524662017822e-01 -4.524518251419067383e-01 1.889896094799041748e-01
4.753530025482177734e-01 -4.423614442348480225e-01 2.011354416608810425e-01
4.444169700145721436e-01 -4.789130091667175293e-01 7.534139603376388550e-02
5.023656040430068970e-02 -1.496638059616088867e-01 4.385421797633171082e-02
-1.079594492912292480e-01 -1.654033064842224121e-01 9.170964360237121582e-02
3.673569262027740479e-01 -2.711975574493408203e-01 1.024097874760627747e-01
4.066905677318572998e-01 -9.541829675436019897e-02 3.831500113010406494e-01
4.496125876903533936e-01 -1.025295853614807129e-01 4.153542220592498779e-01
4.613126516342163086e-01 -1.434056013822555542e-01 4.459002614021301270e-01
4.089106321334838867e-01 -1.386231034994125366e-01 4.403848648071289062e-01
3.882896602153778076e-01 -1.343849897384643555e-01 4.077321887016296387e-01
3.770919740200042725e-01 -1.195165887475013733e-01 3.969698548316955566e-01
3.666476607322692871e-01 -8.014758676290512085e-02 4.350704252719879150e-01
3.522145152091979980e-01 4.401915241032838821e-03 4.644041657447814941e-01
3.493447601795196533e-01 5.625880509614944458e-02 4.868512749671936035e-01
3.066310882568359375e-01 7.176785916090011597e-02 5.036875605583190918e-01
2.817774415016174316e-01 8.280504494905471802e-02 5.100377202033996582e-01
3.046437203884124756e-01 7.036881893873214722e-02 4.724127948284149170e-01
2.443344146013259888e-01 6.776839494705200195e-02 4.484499692916870117e-01
1.541682928800582886e-01 -7.874257862567901611e-02 4.088208377361297607e-01
-1.109285727143287659e-01 -2.354773283004760742e-01 4.404383599758148193e-01
-4.356718957424163818e-01 -3.444991111755371094e-01 2.913059592247009277e-01
-4.265113770961761475e-01 -4.053311944007873535e-01 1.719999313354492188e-01
-5.263522267341613770e-01 -3.569729030132293701e-01 1.402636319398880005e-01
-4.865449666976928711e-01 -3.693925440311431885e-01 1.511297971010208130e-01
-5.949670076370239258e-01 -4.392039477825164795e-01 1.536118984222412109e-01
-6.136326193809509277e-01 -4.491593837738037109e-01 8.295107632875442505e-02
-6.063584089279174805e-01 -4.501224160194396973e-01 1.035224869847297668e-01
-5.919643044471740723e-01 -4.393404424190521240e-01 1.147276908159255981e-01
-5.841389894485473633e-01 -4.423079192638397217e-01 1.425250768661499023e-01
-6.524385213851928711e-01 -4.724474549293518066e-01 1.230771839618682861e-01
-6.721375584602355957e-01 -4.765482544898986816e-01 1.067251712083816528e-01
-5.748196840286254883e-01 -3.275689184665679932e-01 1.263088285923004150e-01
-6.048558950424194336e-01 -4.485285282135009766e-01 1.422641724348068237e-01
-6.292914152145385742e-01 -4.783774614334106445e-01 4.524875059723854065e-02
-6.695228815078735352e-01 -5.137010812759399414e-01 7.627127319574356079e-02
-5.988766551017761230e-01 -5.052409768104553223e-01 7.082069665193557739e-02
-6.022174954414367676e-01 -4.930960237979888916e-01 1.258047670125961304e-01
-6.165807247161865234e-01 -5.280673503875732422e-01 1.884994208812713623e-01
-5.800391435623168945e-01 -5.006795525550842285e-01 1.164498403668403625e-01
-5.966117978096008301e-01 -5.395781397819519043e-01 1.083296090364456177e-01
-6.137637495994567871e-01 -5.736543536186218262e-01 6.357209384441375732e-02
-6.052564978599548340e-01 -5.941272377967834473e-01 8.338946104049682617e-02
-5.400149822235107422e-01 -6.157420277595520020e-01 1.385805606842041016e-01
-5.579195618629455566e-01 -5.493336915969848633e-01 -1.195579022169113159e-02
