2.413941472768783569e-01 -1.348930746316909790e-01 -6.894344091415405273e-02
2.728651463985443115e-01 -2.269401103258132935e-01 -4.570895433425903320e-02
1.944346874952316284e-01 -2.490464448928833008e-01 -6.123639643192291260e-02
5.574759095907211304e-02 -2.092380821704864502e-01 -6.698182225227355957e-02
9.106914699077606201e-02 -1.901290267705917358e-01 -1.181689575314521790e-01
-2.866687439382076263e-02 -1.423434615135192871e-01 -2.393531501293182373e-01
1.142929643392562866e-01 -6.175775080919265747e-02 -1.602816879749298096e-01
8.572831749916076660e-02 9.879489243030548096e-02 -3.975048661231994629e-03
-1.840694099664688110e-01 4.425457417964935303e-01 3.150465488433837891e-01
-3.550016283988952637e-01 5.845810174942016602e-01 4.833396971225738525e-01
-3.658147752285003662e-01 4.861432015895843506e-01 5.466758012771606445e-01
-1.129752472043037415e-01 1.758032888174057007e-01 4.388465881347656250e-01
9.534700959920883179e-02 -2.306251823902130127e-01 9.744409471750259399e-02
5.500122904777526855e-02 -3.031413257122039795e-01 -9.300181269645690918e-02
-1.794018894433975220e-01 -1.525249928236007690e-01 -1.489202231168746948e-01
-3.389890491962432861e-01 2.346074208617210388e-02 9.568397700786590576e-02
-3.332737088203430176e-01 1.541872471570968628e-01 2.488290667533874512e-01
-2.554279267787933350e-01 4.017143324017524719e-02 3.187372088432312012e-01
-1.585877090692520142e-01 -1.679598391056060791e-01 1.751211285591125488e-01
-5.627407506108283997e-02 -1.768593341112136841e-01 -3.678032010793685913e-02
-2.281559258699417114e-02 -1.184621378779411316e-01 -9.692809730768203735e-02
6.061704334570094943e-05 7.668069750070571899e-02 -8.296586573123931885e-02
1.081821918487548828e-01 5.791318044066429138e-02 -2.953686565160751343e-02
1.529688239097595215e-01 -1.426550559699535370e-02 2.899168059229850769e-02
9.031244367361068726e-02 -6.747502833604812622e-03 9.341903030872344971e-02
1.293293535709381104e-01 -1.378172934055328369e-01 4.204639792442321777e-02
2.520839571952819824e-01 -3.040052056312561035e-01 -2.665352262556552887e-02
2.308019101619720459e-01 -3.429397642612457275e-01 -8.881573379039764404e-02
1.036958470940589905e-01 -3.599603772163391113e-01 -1.027301400899887085e-01
-5.166094005107879639e-02 -3.197645545005798340e-01 -1.498642712831497192e-01
2.506021037697792053e-02 -1.836994290351867676e-01 -1.559506356716156006e-01
1.001815721392631531e-01 -1.047872826457023621e-01 -5.593217164278030396e-02
6.932921707630157471e-02 -4.480447247624397278e-02 -1.015654066577553749e-03
-1.277270317077636719e-01 -2.318782918155193329e-02 3.409776091575622559e-02
-3.354703485965728760e-01 -8.585092425346374512e-02 -7.791224867105484009e-02
-3.059869706630706787e-01 -4.224885627627372742e-02 -7.609778642654418945e-02
-2.874633371829986572e-01 7.702307403087615967e-02 3.618156537413597107e-02
-1.911147534847259521e-01 2.481711283326148987e-02 1.209127530455589294e-01
3.521878644824028015e-02 -4.237078875303268433e-02 8.524279296398162842e-02
1.562739610671997070e-01 -7.896682620048522949e-02 1.343932654708623886e-02
3.027870357036590576e-01 -7.261130213737487793e-02 -3.574667870998382568e-02
4.009751677513122559e-01 1.949358135461807251e-01 1.387445777654647827e-01
4.157733023166656494e-01 3.100483417510986328e-01 2.974961400032043457e-01
1.635473221540451050e-01 3.976344168186187744e-01 2.312217801809310913e-01
-1.457488983869552612e-01 4.293838739395141602e-01 7.505726069211959839e-02
-3.322885334491729736e-01 3.400025069713592529e-01 -1.035211458802223206e-01
-2.633599340915679932e-01 3.228181004524230957e-01 -8.527036756277084351e-02
3.760065138339996338e-02 2.186264097690582275e-01 2.905275113880634308e-02
4.441952332854270935e-02 9.088424593210220337e-02 4.219923168420791626e-02
6.867037713527679443e-02 3.971637412905693054e-02 -1.006666477769613266e-02
7.208579918369650841e-04 -9.534850716590881348e-02 -7.031881064176559448e-02
-2.025566250085830688e-02 -6.974659115076065063e-02 -8.468452095985412598e-02
-3.611438721418380737e-02 -2.547982335090637207e-02 -2.787546627223491669e-02
-9.687456488609313965e-02 2.968571335077285767e-02 4.313482902944087982e-03
-7.011158764362335205e-02 9.166041761636734009e-02 8.118160068988800049e-02
2.700342610478401184e-02 -2.781201910693198442e-04 9.096902608871459961e-02
1.272114068269729614e-01 -5.515326187014579773e-02 7.911666482686996460e-02
8.079566061496734619e-02 -1.394783258438110352e-01 1.241207197308540344e-01
-2.615612931549549103e-02 -1.864081323146820068e-01 1.420556157827377319e-01
-1.258969157934188843e-01 -1.487677544355392456e-01 1.701304465532302856e-01
-1.071248725056648254e-01 -7.630162686109542847e-02 1.398025900125503540e-01
5.192606151103973389e-02 7.012353092432022095e-02 2.898827381432056427e-02
8.943580836057662964e-02 1.627524942159652710e-01 1.024429406970739365e-02
1.572588682174682617e-01 1.966956853866577148e-01 -3.861224278807640076e-02
8.960986137390136719e-02 1.495957970619201660e-01 -1.043626070022583008e-01
9.555716067552566528e-02 1.125732529908418655e-02 -9.169895201921463013e-02
1.206436529755592346e-01 -2.017190307378768921e-02 -1.047643348574638367e-01
5.211555957794189453e-02 -3.405242413282394409e-02 -1.525742281228303909e-02
3.360600769519805908e-02 1.881324872374534607e-02 8.566182851791381836e-02
4.757957998663187027e-03 7.358468323945999146e-02 4.374570772051811218e-02
2.739547938108444214e-02 -6.705012172460556030e-02 6.296567153185606003e-03
8.140067756175994873e-02 -1.112014502286911011e-01 -3.203144371509552002e-01
1.020471155643463135e-01 -1.873337328433990479e-01 -4.355358183383941650e-01
2.433215379714965820e-01 -9.223125129938125610e-02 -2.671692967414855957e-01
2.091172486543655396e-01 9.669004380702972412e-02 1.334584802389144897e-01
7.075423002243041992e-02 1.457929909229278564e-01 5.150833129882812500e-01
-6.334123015403747559e-02 1.868423223495483398e-01 5.370180010795593262e-01
-2.036184966564178467e-01 -1.588241010904312134e-02 3.596585988998413086e-01
-5.641838163137435913e-02 -1.151329204440116882e-01 1.259224563837051392e-01
9.425829164683818817e-03 -1.735141575336456299e-01 2.771904459223151207e-03
2.583336085081100464e-02 -1.859786808490753174e-01 -2.871800214052200317e-03
-4.890043288469314575e-02 -1.388773471117019653e-01 2.636441402137279510e-02
-2.513051033020019531e-01 -7.847443222999572754e-02 -4.067140072584152222e-02
-3.086228966712951660e-01 -3.663867339491844177e-02 -8.047189563512802124e-02
-2.168200612068176270e-01 1.203290000557899475e-02 -2.971698343753814697e-02
6.186703220009803772e-02 7.221522182226181030e-02 6.987514439970254898e-03
2.516086995601654053e-01 6.838693469762802124e-02 -5.522862076759338379e-02
1.203017085790634155e-01 4.237694293260574341e-02 -2.359015941619873047e-01
-2.172730565071105957e-01 -2.553723566234111786e-02 -3.555019199848175049e-01
-1.620411574840545654e-01 -2.271884232759475708e-01 -3.956678509712219238e-01
-8.477021753787994385e-02 -3.236907720565795898e-01 -3.577548563480377197e-01
5.292074754834175110e-03 -3.840866088867187500e-01 -2.964217960834503174e-01
6.754166632890701294e-02 -3.408474028110504150e-01 -1.624230593442916870e-01
-2.033200562000274658e-01 -1.517713963985443115e-01 -1.191490069031715393e-01
-1.489621251821517944e-01 -5.525827407836914062e-02 -1.798352003097534180e-01
-1.083205044269561768e-01 -1.943715661764144897e-02 -1.615500748157501221e-01
-1.292698644101619720e-02 -4.550958797335624695e-02 -1.467909365892410278e-01
9.997711330652236938e-02 -8.873540908098220825e-03 1.525749638676643372e-02
-2.952295541763305664e-02 5.774876847863197327e-02 1.242899056524038315e-02
-9.399260580539703369e-02 4.707483202219009399e-02 -1.147237345576286316e-01
-6.138055771589279175e-02 1.028559822589159012e-02 -5.076270177960395813e-02
-1.671202667057514191e-02 -4.609606415033340454e-02 2.508832141757011414e-02
8.065246790647506714e-02 -8.430039882659912109e-02 6.911423057317733765e-02
-4.706783592700958252e-02 -4.140346124768257141e-02 4.013505205512046814e-02
-8.687359094619750977e-02 1.210755202919244766e-02 -2.793362364172935486e-02
-7.411538809537887573e-02 1.204684823751449585e-01 1.314426958560943604e-02
-2.625503838062286377e-01 1.787736117839813232e-01 1.095836758613586426e-01
-1.656620502471923828e-01 6.166006624698638916e-02 1.311528086662292480e-01
-5.573267862200737000e-02 -5.636604502797126770e-02 1.127862855792045593e-01
8.518056571483612061e-02 -8.268149197101593018e-02 3.702478110790252686e-02
7.093461602926254272e-02 -1.220804601907730103e-01 -2.314172498881816864e-02
-2.493469119071960449e-01 6.840191781520843506e-02 2.036902122199535370e-02
-1.785752475261688232e-01 6.788883358240127563e-02 -8.944536745548248291e-02
-3.937531635165214539e-02 1.597686298191547394e-02 -1.046856939792633057e-01
1.053540036082267761e-01 1.403275132179260254e-02 -1.698868274688720703e-01
