-1.931202597916126251e-02 1.050285696983337402e-01 -9.902023524045944214e-02
3.853176720440387726e-03 1.818136572837829590e-01 -7.529341429471969604e-02
4.027683287858963013e-02 1.393756568431854248e-01 -1.656648144125938416e-02
1.451011151075363159e-01 3.838881850242614746e-02 7.037601619958877563e-02
1.829538047313690186e-01 -3.733078017830848694e-02 1.184321343898773193e-01
1.953665912151336670e-01 3.118498623371124268e-02 2.066875994205474854e-01
7.147957384586334229e-02 2.905336916446685791e-01 4.026523232460021973e-01
-1.545099914073944092e-01 4.430445730686187744e-01 5.122658610343933105e-01
-3.456350266933441162e-01 3.794755041599273682e-01 4.725941717624664307e-01
-4.273329079151153564e-01 7.774287462234497070e-02 3.846596181392669678e-02
-2.715030908584594727e-01 -3.404141962528228760e-01 -5.077549815177917480e-01
7.225320674479007721e-03 -4.869463443756103516e-01 -6.094644069671630859e-01
3.575832545757293701e-01 -3.365398645401000977e-01 -5.091194510459899902e-01
4.297642707824707031e-01 2.723554521799087524e-02 -4.359205439686775208e-02
1.943664103746414185e-01 2.705068290233612061e-01 3.066116273403167725e-01
-1.268021613359451294e-01 3.116412460803985596e-01 2.914367616176605225e-01
-2.400251626968383789e-01 1.606407165527343750e-01 8.372832089662551880e-03
-2.911146916449069977e-02 -8.592340350151062012e-02 -1.869448870420455933e-01
1.392734646797180176e-01 -2.129018455743789673e-01 -1.826423555612564087e-01
1.722983419895172119e-01 -2.646281719207763672e-01 1.718760654330253601e-02
4.217231273651123047e-02 -2.152492552995681763e-01 1.670573353767395020e-01
-1.052773594856262207e-01 -1.008057445287704468e-01 1.105694323778152466e-01
-1.292719990015029907e-01 3.322813659906387329e-02 1.116486825048923492e-02
-6.610492616891860962e-02 9.502881765365600586e-02 -1.503888517618179321e-01
2.732526138424873352e-02 -2.134582959115505219e-02 -2.779258191585540771e-01
1.309765726327896118e-01 -1.521937847137451172e-01 -3.082713484764099121e-01
1.751180440187454224e-01 -1.630613952875137329e-01 -2.750084996223449707e-01
1.666853129863739014e-01 -2.556587196886539459e-02 -9.706044197082519531e-02
6.485807150602340698e-02 7.361896336078643799e-02 1.395008265972137451e-01
-1.076652631163597107e-01 5.653083696961402893e-02 2.118317633867263794e-01
-1.875619441270828247e-01 2.763256058096885681e-02 2.299047112464904785e-01
-1.366371661424636841e-01 9.690309315919876099e-02 1.945693641901016235e-01
8.703254163265228271e-02 2.504075169563293457e-01 1.052282005548477173e-01
2.103051990270614624e-01 2.228532135486602783e-01 5.477166548371315002e-02
1.586382389068603516e-01 1.414722949266433716e-01 6.799875199794769287e-02
-6.590800732374191284e-02 5.015891790390014648e-02 6.685343384742736816e-02
-2.560390830039978027e-01 -7.912877202033996582e-02 2.711787447333335876e-02
-2.672144472599029541e-01 -1.231516599655151367e-01 -6.686297804117202759e-02
-2.044213712215423584e-01 -2.280962914228439331e-01 -1.636993736028671265e-01
-1.760455965995788574e-01 -2.586770653724670410e-01 -1.905089616775512695e-02
-2.854439318180084229e-01 -1.573186218738555908e-01 1.681367009878158569e-01
-2.539426386356353760e-01 2.895013242959976196e-02 3.126837313175201416e-01
-6.051988527178764343e-02 2.493801265954971313e-01 3.671688437461853027e-01
2.170039713382720947e-01 3.444380164146423340e-01 2.310946881771087646e-01
3.310265541076660156e-01 2.493900358676910400e-01 7.583712041378021240e-02
1.697732359170913696e-01 -4.336295649409294128e-02 -1.696144491434097290e-01
3.486183658242225647e-02 -2.153200060129165649e-01 -3.106101155281066895e-01
-3.944738581776618958e-02 -2.428661137819290161e-01 -3.045841753482818604e-01
6.091317161917686462e-02 -1.182138621807098389e-01 -3.034318983554840088e-01
1.688564121723175049e-01 1.303295604884624481e-02 -1.865026205778121948e-01
1.146296337246894836e-01 5.381372570991516113e-02 -6.839260458946228027e-02
5.379927903413772583e-02 9.211065620183944702e-02 2.172202430665493011e-02
-6.038356944918632507e-02 6.928109377622604370e-02 1.124727874994277954e-01
-1.378172487020492554e-01 4.695980623364448547e-02 5.144113302230834961e-02
-1.474477499723434448e-01 -1.956689916551113129e-02 -3.959491103887557983e-02
-1.428610980510711670e-01 -3.840884566307067871e-02 -1.333541721105575562e-01
-6.332227587699890137e-02 1.112756133079528809e-02 -1.814340054988861084e-01
1.881679520010948181e-02 1.133835837244987488e-01 -1.082974821329116821e-01
9.180263429880142212e-02 1.524640023708343506e-01 3.194830846041440964e-03
1.600712239742279053e-01 -7.973510771989822388e-03 1.461839675903320312e-01
1.287486404180526733e-01 -1.553746610879898071e-01 2.314631044864654541e-01
7.195121794939041138e-02 -2.560594677925109863e-01 2.200831621885299683e-01
2.798707410693168640e-02 -1.906150281429290771e-01 1.285746842622756958e-01
-2.304200455546379089e-02 -2.490372769534587860e-02 -4.027374461293220520e-02
-1.137590594589710236e-02 3.206018730998039246e-02 -1.344564408063888550e-01
-2.013354375958442688e-02 1.134401336312294006e-01 -1.375152319669723511e-01
-4.366358742117881775e-02 9.564175456762313843e-02 -6.535273790359497070e-02
-7.605309598147869110e-03 7.540300488471984863e-02 4.189032688736915588e-02
-4.360551759600639343e-02 5.864947661757469177e-02 -1.854822970926761627e-02
2.936599031090736389e-02 -7.594769448041915894e-02 -1.181751042604446411e-01
8.757933229207992554e-02 -1.502934396266937256e-01 -2.093407213687896729e-01
-1.294861920177936554e-02 -1.624862104654312134e-01 -1.676317453384399414e-01
-1.976069957017898560e-01 -8.413597941398620605e-03 9.838426858186721802e-02
-4.115770757198333740e-01 2.590582370758056641e-01 2.809493839740753174e-01
-4.096225202083587646e-01 3.635642230510711670e-01 3.070395290851593018e-01
-1.389846354722976685e-01 3.281964659690856934e-01 1.444327533245086670e-01
2.274943888187408447e-01 6.500683724880218506e-02 -1.630063056945800781e-01
3.701323866844177246e-01 -1.792732179164886475e-01 -3.045369386672973633e-01
2.946631908416748047e-01 -2.329388558864593506e-01 -2.928540408611297607e-01
1.058927699923515320e-01 -1.278325170278549194e-01 -1.355088800191879272e-01
3.772567585110664368e-02 8.825433999300003052e-02 2.253545075654983521e-02
5.241598561406135559e-02 1.705086380243301392e-01 1.091884002089500427e-01
3.909507393836975098e-02 1.301918625831604004e-01 1.288222521543502808e-01
-3.268564119935035706e-03 -6.163974478840827942e-02 1.064844578504562378e-01
-8.520998805761337280e-02 -2.661370038986206055e-01 4.186140373349189758e-02
2.042606845498085022e-02 -3.323007822036743164e-01 -1.765703782439231873e-02
2.878897786140441895e-01 -2.154229134321212769e-01 -9.031636267900466919e-02
4.186000823974609375e-01 -7.549057900905609131e-02 -2.087953984737396240e-01
3.605343997478485107e-01 6.964492495171725750e-04 -2.742820084095001221e-01
-3.551443293690681458e-02 -1.683444529771804810e-02 -3.036338090896606445e-01
-4.040561318397521973e-01 -3.833094611763954163e-02 -2.241767495870590210e-01
-4.412451088428497314e-01 7.792574912309646606e-02 5.326302349567413330e-02
-2.634752094745635986e-01 1.009222045540809631e-01 2.448529303073883057e-01
6.042042747139930725e-02 7.977133989334106445e-02 2.937420904636383057e-01
1.713900566101074219e-01 -2.711536595597863197e-03 1.967181414365768433e-01
1.142167672514915466e-02 -1.966223865747451782e-02 5.430988967418670654e-02
-8.594168722629547119e-02 7.336363196372985840e-02 4.301027953624725342e-02
-1.003394741564989090e-02 6.946036219596862793e-02 6.097805127501487732e-02
4.768928140401840210e-02 1.019873023033142090e-01 4.628183320164680481e-02
1.158287748694419861e-02 7.579761743545532227e-02 -1.717514544725418091e-02
-1.173344552516937256e-01 4.660109430551528931e-02 -7.911501079797744751e-02
-1.199781298637390137e-01 2.593054063618183136e-02 -7.026023417711257935e-02
5.081722885370254517e-02 -6.374015659093856812e-02 -1.897361688315868378e-02
1.403092443943023682e-01 -3.914847597479820251e-02 7.564512640237808228e-02
9.043014794588088989e-02 8.408439159393310547e-02 1.763161718845367432e-01
-5.931860581040382385e-02 1.477583497762680054e-01 1.278288364410400391e-01
-1.374334990978240967e-01 1.167935505509376526e-01 -1.887123286724090576e-02
-9.061895310878753662e-02 -7.269737869501113892e-02 -1.789786219596862793e-01
1.866838335990905762e-02 -2.122867703437805176e-01 -2.462136298418045044e-01
1.438067555427551270e-01 -1.296897679567337036e-01 -7.143952697515487671e-02
1.444561481475830078e-01 -3.904659673571586609e-02 6.432106345891952515e-02
6.649176031351089478e-02 2.984109148383140564e-02 8.912642300128936768e-02
-3.569261729717254639e-02 -4.743173718452453613e-02 4.868455603718757629e-02
-8.979012072086334229e-02 -1.297508925199508667e-01 -5.606101080775260925e-02
-5.413999035954475403e-02 -9.153272956609725952e-02 -3.503376990556716919e-02
