2.027433514595031738e-01 -1.039114892482757568e-01 1.122343391180038452e-01
2.061217129230499268e-01 -5.040893331170082092e-02 -2.869776915758848190e-03
1.912402212619781494e-01 -1.156244892627000809e-02 -2.668878063559532166e-02
1.889929547905921936e-02 1.176307648420333862e-01 -9.145433455705642700e-02
-4.686718061566352844e-02 1.275248378515243530e-01 -1.074995100498199463e-01
8.035158365964889526e-02 3.387901932001113892e-02 -7.391640543937683105e-02
1.001172885298728943e-01 1.122265122830867767e-02 -6.033527106046676636e-02
1.344140022993087769e-01 -8.985824882984161377e-02 6.675045192241668701e-02
1.105859410017728806e-02 -1.379213780164718628e-01 1.194895431399345398e-01
-1.326895356178283691e-01 -9.867624193429946899e-02 1.263467129319906235e-02
-1.214827671647071838e-01 -3.876526653766632080e-02 -1.230580955743789673e-01
-6.573439389467239380e-02 2.476898580789566040e-02 -1.363194882869720459e-01
-1.171432994306087494e-02 6.513612717390060425e-02 -1.256159227341413498e-02
-2.181446738541126251e-02 1.838661916553974152e-02 1.066746786236763000e-01
-6.470627337694168091e-02 -3.230660781264305115e-02 1.054665148258209229e-01
-1.004979237914085388e-01 5.033529549837112427e-02 1.285216808319091797e-01
-6.271172314882278442e-02 8.741687238216400146e-02 8.488546311855316162e-02
-8.037933148443698883e-03 9.615892171859741211e-02 7.915877550840377808e-02
-7.745445519685745239e-02 7.805801928043365479e-02 8.655620366334915161e-02
-1.819619238376617432e-01 -5.159537121653556824e-02 6.835786625742912292e-03
-2.752439081668853760e-01 -1.420649588108062744e-01 -3.842678293585777283e-02
-2.567466795444488525e-01 -2.759863436222076416e-01 -1.399225294589996338e-01
-1.079874411225318909e-01 -2.931829690933227539e-01 -2.260331809520721436e-01
-4.176281392574310303e-02 -2.768287360668182373e-01 -3.145867586135864258e-01
-4.798939079046249390e-02 -1.272081881761550903e-01 -2.180153429508209229e-01
-1.143101528286933899e-01 1.022783070802688599e-01 -2.337765693664550781e-01
-4.678054153919219971e-02 4.017511904239654541e-01 -2.771363854408264160e-01
2.063071727752685547e-02 5.272499322891235352e-01 -1.630129963159561157e-01
-2.389157935976982117e-02 5.018491148948669434e-01 -1.561317220330238342e-02
-6.247563287615776062e-03 3.573494553565979004e-01 1.269599795341491699e-01
-8.300285041332244873e-02 1.561602056026458740e-01 2.315635979175567627e-01
-4.222135245800018311e-02 1.387359648942947388e-01 1.248063892126083374e-01
-1.438475549221038818e-01 -3.046332895755767822e-01 3.827894032001495361e-01
-3.131757676601409912e-01 -4.423373937606811523e-01 5.508933067321777344e-01
-3.099320232868194580e-01 -4.614803791046142578e-01 5.495195984840393066e-01
-1.930802762508392334e-01 -4.013999104499816895e-01 4.493061602115631104e-01
1.224255785346031189e-01 7.385031878948211670e-02 1.549108624458312988e-01
2.839867770671844482e-01 2.423517256975173950e-01 2.282421886920928955e-01
2.011634409427642822e-01 2.174292504787445068e-01 1.923130154609680176e-01
-1.386032812297344208e-02 2.188655734062194824e-01 1.315190494060516357e-01
-1.726835817098617554e-01 6.438905745744705200e-02 -6.155082955956459045e-03
-2.222130745649337769e-01 -1.162115484476089478e-02 -6.709788739681243896e-02
-1.704025268554687500e-01 1.581975258886814117e-02 1.291092950850725174e-02
-1.641854196786880493e-01 -2.040574699640274048e-02 5.318761616945266724e-02
-9.228833764791488647e-02 -3.727860748767852783e-02 5.170644074678421021e-02
-2.007369510829448700e-02 -6.769836694002151489e-02 8.344034105539321899e-02
6.459736824035644531e-02 -5.735524743795394897e-02 1.077751666307449341e-01
1.365063041448593140e-01 -6.005166843533515930e-02 2.612649276852607727e-02
1.124895364046096802e-01 -3.946218267083168030e-02 -4.291910678148269653e-02
9.465387463569641113e-02 2.175242453813552856e-02 -4.955909773707389832e-02
2.750298753380775452e-02 8.440452814102172852e-02 1.010412536561489105e-02
-2.698056586086750031e-02 1.099078357219696045e-01 8.535151183605194092e-02
1.703690923750400543e-02 7.694680243730545044e-02 7.428067177534103394e-02
5.197935923933982849e-02 9.020790457725524902e-02 5.082839727401733398e-02
6.554901599884033203e-02 2.809055335819721222e-02 -7.868363708257675171e-02
4.451723396778106689e-02 2.714899554848670959e-02 -1.080453768372535706e-01
-2.607245184481143951e-02 5.142135173082351685e-02 -1.393684297800064087e-01
-6.846375763416290283e-02 -8.155235089361667633e-03 -1.537550389766693115e-01
-4.069831967353820801e-02 8.940611034631729126e-03 -8.045595139265060425e-03
-3.750514984130859375e-02 -3.087261877954006195e-02 4.182721674442291260e-02
1.083286944776773453e-02 -7.412068545818328857e-02 1.194449290633201599e-01
2.707451581954956055e-01 -6.694640964269638062e-02 1.217178851366043091e-01
3.991487026214599609e-01 -1.690681092441082001e-03 9.911053813993930817e-03
3.855144381523132324e-01 1.312737762928009033e-01 -1.133686080574989319e-01
1.818220317363739014e-01 3.437840044498443604e-01 -3.381417989730834961e-01
7.275753468275070190e-02 5.298643708229064941e-01 -4.357796013355255127e-01
3.570804372429847717e-02 3.436526656150817871e-01 -2.205279767513275146e-01
1.901114173233509064e-02 -2.268471419811248779e-01 3.188232183456420898e-01
-7.315311580896377563e-02 -5.373796224594116211e-01 5.147729516029357910e-01
-7.066248357295989990e-02 -5.097294449806213379e-01 5.044195652008056641e-01
1.015048176050186157e-01 -1.296715736389160156e-01 3.207567036151885986e-01
1.689920276403427124e-01 1.299198269844055176e-01 1.484506428241729736e-01
1.078565791249275208e-01 9.013077616691589355e-02 1.819115132093429565e-01
-7.453103363513946533e-02 -6.804853677749633789e-02 1.073326840996742249e-01
-6.631470471620559692e-02 -8.188889920711517334e-02 7.422825694084167480e-02
3.850982338190078735e-02 2.667454257607460022e-02 1.202798932790756226e-01
-2.695029601454734802e-03 9.194488823413848877e-02 5.872552096843719482e-02
-7.065244019031524658e-02 1.979094743728637695e-01 -3.509595990180969238e-02
-1.680851429700851440e-01 2.321925014257431030e-01 -2.293195277452468872e-01
-6.104942783713340759e-02 3.159588277339935303e-01 -4.151226878166198730e-01
-6.130738183856010437e-03 3.950545191764831543e-01 -4.477371573448181152e-01
-6.021899729967117310e-02 3.793073594570159912e-01 -4.610721468925476074e-01
-7.462710887193679810e-02 2.580209672451019287e-01 -4.045017659664154053e-01
-6.363329291343688965e-02 8.716070652008056641e-02 -2.763680517673492432e-01
4.679377377033233643e-02 1.696598716080188751e-02 -1.558162868022918701e-01
1.701750308275222778e-01 2.194450050592422485e-02 -1.748623698949813843e-01
8.992210030555725098e-02 2.039074338972568512e-02 -1.918851286172866821e-01
-1.087020412087440491e-01 -1.251366138458251953e-01 -3.105427920818328857e-01
-1.639576703310012817e-01 -2.403849363327026367e-01 -2.685991823673248291e-01
-1.896568834781646729e-01 -2.835150957107543945e-01 -1.255228817462921143e-01
1.584463566541671753e-02 -1.986868232488632202e-01 -4.155113920569419861e-02
2.310120165348052979e-01 6.114436313509941101e-02 1.325898021459579468e-01
2.104452252388000488e-01 2.182062417268753052e-01 1.373215913772583008e-01
-3.092935122549533844e-02 2.085054814815521240e-01 4.496360942721366882e-02
-2.113268077373504639e-01 -1.847160048782825470e-02 -9.767825156450271606e-02
-1.411606371402740479e-01 -1.853670626878738403e-01 -1.539406180381774902e-01
-8.533485233783721924e-02 -2.023402154445648193e-01 -1.836602836847305298e-01
1.709366440773010254e-01 -1.059943288564682007e-01 -1.111534386873245239e-01
5.104991048574447632e-02 7.961867004632949829e-02 -1.761220693588256836e-01
-4.096437990665435791e-02 1.454085409641265869e-01 -1.566764861345291138e-01
-1.017611697316169739e-01 1.449339240789413452e-01 -3.419579192996025085e-02
-2.209231704473495483e-01 4.526986274868249893e-03 -2.710355073213577271e-02
-1.370469629764556885e-01 -1.884835064411163330e-01 1.206459179520606995e-01
-1.130771934986114502e-01 -2.462377101182937622e-01 1.223441213369369507e-01
6.370938569307327271e-02 -4.158305823802947998e-01 3.554868400096893311e-01
2.692125737667083740e-01 -4.682913422584533691e-01 4.680349230766296387e-01
5.726945400238037109e-01 -4.389528036117553711e-01 3.325668275356292725e-01
5.441972017288208008e-01 -3.571274876594543457e-01 9.308779239654541016e-02
4.330151081085205078e-01 -1.564513891935348511e-01 -2.570573687553405762e-01
1.431474387645721436e-01 -2.032527178525924683e-01 -2.877476811408996582e-01
-6.130465492606163025e-02 -3.142631947994232178e-01 -1.700591593980789185e-01
1.740965992212295532e-02 -3.109706044197082520e-01 -1.485822796821594238e-01
3.967640176415443420e-02 -2.534205317497253418e-01 -1.495268195867538452e-01
3.380488976836204529e-02 -1.117810606956481934e-01 -4.335626214742660522e-02
-3.591059520840644836e-02 7.424970716238021851e-02 9.490290284156799316e-02
-9.048401564359664917e-02 2.095230221748352051e-01 7.576391845941543579e-02
-1.764967143535614014e-01 4.434280991554260254e-01 -1.734989732503890991e-01
-5.313027277588844299e-02 5.391764640808105469e-01 -2.940564751625061035e-01
2.578869694843888283e-03 5.466777682304382324e-01 -1.371146291494369507e-01
-2.339924871921539307e-02 3.662244379520416260e-01 6.315552443265914917e-02
-1.081388741731643677e-01 -9.355964511632919312e-02 1.655916720628738403e-01
-5.392846465110778809e-02 -3.833200931549072266e-01 1.655713319778442383e-01
7.092218101024627686e-02 -4.732542634010314941e-01 2.300778180360794067e-01
1.836868673563003540e-01 -3.815925121307373047e-01 2.892329990863800049e-01
1.614200025796890259e-01 -2.053686231374740601e-01 2.163582444190979004e-01
7.476721704006195068e-02 -1.212429478764533997e-01 -1.601947098970413208e-02
1.150621175765991211e-01 -8.415538817644119263e-02 -1.185756251215934753e-01
2.655377797782421112e-02 -8.114167302846908569e-02 -8.160438388586044312e-02
-2.861093543469905853e-02 -9.617976844310760498e-02 -9.710167348384857178e-02
-1.929979622364044189e-01 -2.510611899197101593e-02 -1.641919463872909546e-01
-2.596430182456970215e-01 6.035728380084037781e-02 -1.650350540876388550e-01
-3.955952525138854980e-01 2.690294384956359863e-01 1.429681782610714436e-03
-4.181001782417297363e-01 3.642275929450988770e-01 6.286570429801940918e-02
-2.828844189643859863e-01 3.909920752048492432e-01 7.927810400724411011e-02
-5.121594667434692383e-02 3.642756342887878418e-01 -4.315634071826934814e-02
7.894859462976455688e-02 3.009892106056213379e-01 -1.436227411031723022e-01
-3.762355446815490723e-01 1.071140840649604797e-01 1.614342927932739258e-01
-3.338723778724670410e-01 -2.017848640680313110e-01 3.719244003295898438e-01
-2.110561728477478027e-01 -3.362782597541809082e-01 3.971326053142547607e-01
3.637032210826873779e-01 -4.304637312889099121e-01 2.084968239068984985e-01
5.818509459495544434e-01 -2.554773986339569092e-01 -9.953515976667404175e-02
3.785492777824401855e-01 -1.602158993482589722e-01 -1.686200648546218872e-01
3.318589925765991211e-01 -1.467317789793014526e-01 -5.014632269740104675e-02
1.260487139225006104e-01 -6.206262484192848206e-02 -4.328561015427112579e-03
8.290947973728179932e-02 -1.300919428467750549e-02 -8.397322893142700195e-02
1.603255569934844971e-01 3.200592473149299622e-02 -1.301772743463516235e-01
2.019499540328979492e-01 3.019503504037857056e-02 -2.257989794015884399e-01
1.575698107481002808e-01 1.463032960891723633e-01 -1.819929480552673340e-01
-2.023502290248870850e-01 2.825382947921752930e-01 -7.258805632591247559e-02
-4.413655996322631836e-01 3.016956746578216553e-01 5.522958189249038696e-02
-4.099500775337219238e-01 4.159976541996002197e-01 1.014627590775489807e-01
-3.457769453525543213e-01 4.547743499279022217e-01 -9.718833118677139282e-02
-3.699080348014831543e-01 5.453951954841613770e-01 -1.329124420881271362e-01
-3.667158484458923340e-01 5.801350474357604980e-01 -1.893993616104125977e-01
-2.643671929836273193e-01 3.271220922470092773e-01 1.991098225116729736e-01
4.472063854336738586e-02 6.419856101274490356e-02 4.631359577178955078e-01
1.747436374425888062e-01 -1.864373683929443359e-01 5.457950234413146973e-01
1.004834026098251343e-01 -2.097229212522506714e-01 5.810731649398803711e-01
-1.014560014009475708e-01 -5.201995000243186951e-02 3.541669547557830811e-01
-1.751889139413833618e-01 -4.801250994205474854e-02 1.742494106292724609e-01
-1.916930377483367920e-01 -3.132826089859008789e-02 -4.464125260710716248e-02
-1.542700380086898804e-01 -9.477384388446807861e-02 -6.851278990507125854e-02
4.171008244156837463e-02 -1.580905616283416748e-01 7.010867353528738022e-03
8.616084605455398560e-02 -2.079038619995117188e-01 1.061990410089492798e-01
1.389456093311309814e-01 -1.555705517530441284e-01 1.848580092191696167e-01
2.058603316545486450e-01 7.248118054121732712e-04 1.483146846294403076e-01
2.265201359987258911e-01 1.033480167388916016e-01 4.370164498686790466e-02
1.585816144943237305e-01 1.703699976205825806e-01 -1.278293877840042114e-01
-3.915222827345132828e-03 2.783329226076602936e-02 -2.931967377662658691e-01
-1.029618382453918457e-01 -9.325132519006729126e-02 -2.779662311077117920e-01
-1.312433183193206787e-01 -1.394435018301010132e-01 -2.237350940704345703e-01
