-4.749626968987286091e-04 -4.942639917135238647e-02 2.191005088388919830e-02
4.146985337138175964e-02 9.700935333967208862e-03 1.074524894356727600e-01
9.067812561988830566e-02 7.575055211782455444e-02 1.546958684921264648e-01
1.140692383050918579e-01 7.053440064191818237e-02 1.045218408107757568e-01
1.072814092040061951e-01 -2.676258049905300140e-02 4.633794538676738739e-03
-2.474431879818439484e-02 -8.072475343942642212e-02 -1.468964815139770508e-01
-1.113613620400428772e-01 1.761336252093315125e-02 -1.741578280925750732e-01
-7.444969564676284790e-02 1.549788117408752441e-01 -1.008711084723472595e-01
3.884761035442352295e-02 1.239669620990753174e-01 -1.111544203013181686e-02
1.383325606584548950e-01 -6.334848701953887939e-03 8.538277447223663330e-02
9.135613590478897095e-02 -1.074032038450241089e-01 1.066020578145980835e-01
-5.764027312397956848e-02 -4.013977944850921631e-02 5.056029185652732849e-02
-1.151302456855773926e-01 1.222639754414558411e-01 -1.847504451870918274e-02
-8.536871522665023804e-02 1.907690167427062988e-01 -1.815969310700893402e-02
-1.182376127690076828e-02 1.302761137485504150e-01 2.354555018246173859e-02
2.933780103921890259e-02 -7.020339369773864746e-03 7.163523137569427490e-02
1.072355732321739197e-02 -9.788246452808380127e-02 5.869609117507934570e-02
5.631002038717269897e-02 -7.799471169710159302e-02 -6.261002272367477417e-02
1.152242571115493774e-01 1.046594884246587753e-02 -1.638344377279281616e-01
1.741915941238403320e-01 3.724544122815132141e-02 -2.456607818603515625e-01
1.597874760627746582e-01 -4.241570830345153809e-02 -2.473826557397842407e-01
1.150503903627395630e-01 -1.377618014812469482e-01 -1.791294217109680176e-01
9.583482891321182251e-02 -1.102253869175910950e-01 -1.398500148206949234e-02
1.329187154769897461e-01 -2.778696827590465546e-02 2.245453149080276489e-01
1.860309690237045288e-01 -4.361601173877716064e-02 3.827468752861022949e-01
2.108382061123847961e-02 -1.290662437677383423e-01 4.525562524795532227e-01
-2.275213748216629028e-01 -1.468377858400344849e-01 4.233672022819519043e-01
-4.162327051162719727e-01 -1.136783466790802777e-04 2.074239253997802734e-01
-4.392884075641632080e-01 2.355653792619705200e-01 -1.223469153046607971e-01
-2.404114305973052979e-01 2.820286750793457031e-01 -2.728879749774932861e-01
-3.313019126653671265e-02 2.952246069908142090e-01 -4.073853790760040283e-01
6.999789923429489136e-02 3.700073659420013428e-01 -4.351578652858734131e-01
8.258099853992462158e-02 3.602569103240966797e-01 -4.252055287361145020e-01
2.245528623461723328e-02 2.050021141767501831e-01 -3.605475425720214844e-01
6.981404870748519897e-02 -2.849924564361572266e-01 1.026138365268707275e-01
-2.211743220686912537e-02 -5.118888020515441895e-01 3.561406731605529785e-01
-1.267662197351455688e-01 -4.766775667667388916e-01 3.886746168136596680e-01
-1.838556975126266479e-01 -2.096918225288391113e-01 3.125434219837188721e-01
-1.155825704336166382e-01 9.200827777385711670e-02 9.100744500756263733e-03
1.106978431344032288e-01 1.784455627202987671e-01 -1.354089230298995972e-01
1.805552989244461060e-01 1.640024632215499878e-01 -1.403524726629257202e-01
1.879151761531829834e-01 8.665043860673904419e-02 -1.165546402335166931e-01
1.103740856051445007e-01 3.812232241034507751e-02 -3.536398708820343018e-02
2.405072748661041260e-02 -1.645964197814464569e-02 -4.264601692557334900e-02
-1.873415894806385040e-02 -6.151751428842544556e-02 -4.944628477096557617e-02
-4.508309066295623779e-02 -1.092720329761505127e-01 -2.877018041908740997e-02
-8.042297326028347015e-03 -1.344173997640609741e-01 -1.849319972097873688e-02
4.049365594983100891e-02 -1.468659788370132446e-01 1.073600538074970245e-02
6.390891969203948975e-02 -1.031721457839012146e-01 4.531371593475341797e-02
1.685726083815097809e-02 7.814562413841485977e-04 8.254225552082061768e-02
-4.112930223345756531e-02 5.736557394266128540e-02 6.257526576519012451e-02
-5.562751740217208862e-02 5.672626942396163940e-02 2.894681319594383240e-02
1.440363004803657532e-02 -5.717714317142963409e-03 -3.299057856202125549e-02
7.064011693000793457e-02 -5.466177687048912048e-02 -5.686208233237266541e-02
7.896984368562698364e-02 -4.485487937927246094e-02 -4.394244030117988586e-02
7.392457127571105957e-02 5.461705382913351059e-03 -6.577546149492263794e-02
2.957141958177089691e-03 5.661217123270034790e-02 -4.071365669369697571e-02
-4.637861251831054688e-02 7.774501293897628784e-02 -5.368825420737266541e-02
-1.015938147902488708e-01 8.133742958307266235e-02 -6.497124582529067993e-02
-1.843533515930175781e-01 -6.050943210721015930e-02 -5.510156601667404175e-02
-1.883397251367568970e-01 -2.217932045459747314e-01 -3.051826730370521545e-02
-1.124751418828964233e-01 -2.942055463790893555e-01 8.036372065544128418e-02
1.069918498396873474e-01 -2.471866607666015625e-01 2.530223131179809570e-01
3.813400864601135254e-01 -1.164478138089179993e-01 3.930642306804656982e-01
3.496454656124114990e-01 9.370897710323333740e-02 3.137734532356262207e-01
-1.573028042912483215e-02 3.977366983890533447e-01 -9.885161370038986206e-02
-4.140357077121734619e-01 5.710931420326232910e-01 -4.702190756797790527e-01
-5.315082073211669922e-01 5.860301256179809570e-01 -5.304709672927856445e-01
-3.773146271705627441e-01 2.687738239765167236e-01 -3.135049343109130859e-01
-1.034973841160535812e-02 -2.868824899196624756e-01 2.438430637121200562e-01
2.006344944238662720e-01 -4.581895768642425537e-01 3.995963335037231445e-01
3.166930079460144043e-01 -3.094075024127960205e-01 2.604667544364929199e-01
2.758162021636962891e-01 -2.838587202131748199e-02 -5.184121429920196533e-02
1.871284842491149902e-01 5.600964277982711792e-02 -1.295980364084243774e-01
1.243341788649559021e-01 2.355035860091447830e-03 -3.657241119071841240e-03
7.537083327770233154e-02 -6.090043485164642334e-02 1.467861235141754150e-01
1.612328290939331055e-01 -1.175287365913391113e-01 1.668535321950912476e-01
2.276364266872406006e-01 -2.552879750728607178e-01 1.243682205677032471e-01
1.520711928606033325e-01 -3.377863764762878418e-01 1.278086006641387939e-01
1.119641885161399841e-01 -2.905341088771820068e-01 1.032764017581939697e-01
4.168236628174781799e-02 -1.271023005247116089e-01 1.524797640740871429e-02
-2.362889051437377930e-02 1.006099581718444824e-01 -1.651473045349121094e-01
-1.212551221251487732e-01 1.938401609659194946e-01 -2.762423455715179443e-01
-2.008552998304367065e-01 1.535875946283340454e-01 -2.430175393819808960e-01
-1.465287506580352783e-01 1.041287407279014587e-01 -1.427945047616958618e-01
4.630295187234878540e-02 5.644614621996879578e-02 -9.655806422233581543e-02
1.731450706720352173e-01 6.735454499721527100e-02 -1.369720697402954102e-01
1.042439714074134827e-01 1.718484759330749512e-01 -1.726078689098358154e-01
-6.598632037639617920e-02 1.541354358196258545e-01 -1.163416430354118347e-01
-3.227537870407104492e-01 6.522941589355468750e-02 1.159812808036804199e-01
-3.652665615081787109e-01 -5.250857025384902954e-02 2.839196026325225830e-01
-2.167309075593948364e-01 -1.106264516711235046e-01 3.076729774475097656e-01
7.021282613277435303e-02 -9.389865212142467499e-03 1.169045120477676392e-01
2.777542769908905029e-01 5.838748812675476074e-02 -1.805962175130844116e-01
2.684737741947174072e-01 2.729829400777816772e-02 -2.955637872219085693e-01
5.400135368108749390e-02 -1.322649270296096802e-01 -2.320597320795059204e-01
-1.284190174192190170e-02 -2.028645277023315430e-01 3.102067485451698303e-02
5.601265281438827515e-02 -1.251739263534545898e-01 2.148610800504684448e-01
4.576764628291130066e-02 9.813185036182403564e-02 2.400881946086883545e-01
5.400076508522033691e-02 2.835519313812255859e-01 1.179378703236579895e-01
-2.052304297685623169e-01 2.842910587787628174e-01 -1.460603028535842896e-01
-3.138580620288848877e-01 1.836265176534652710e-01 -2.730764150619506836e-01
-2.732272744178771973e-01 1.046625971794128418e-01 -3.236564397811889648e-01
-2.216715067625045776e-01 9.724567085504531860e-02 -2.733584940433502197e-01
-1.120077744126319885e-01 -5.682777613401412964e-02 -1.843565851449966431e-01
-1.091912314295768738e-01 -1.998321413993835449e-01 -1.244224756956100464e-01
-1.154519245028495789e-01 -3.751314580440521240e-01 3.040647692978382111e-02
2.468169108033180237e-02 -2.919691205024719238e-01 7.518888264894485474e-02
1.825950741767883301e-01 2.429769001901149750e-02 7.856071740388870239e-02
2.368145883083343506e-01 1.515513807535171509e-01 4.343732073903083801e-02
1.972189098596572876e-01 1.916913837194442749e-01 5.753702018409967422e-03
1.802737638354301453e-02 4.548482224345207214e-02 7.239796221256256104e-02
-1.102726608514785767e-01 -3.039598464965820312e-02 1.995537281036376953e-01
-6.706331670284271240e-02 5.377011001110076904e-02 2.972289919853210449e-01
1.874881386756896973e-01 2.991332672536373138e-02 3.862152993679046631e-01
4.058334529399871826e-01 -1.001446172595024109e-01 4.163651764392852783e-01
3.622832596302032471e-01 -1.896414607763290405e-01 3.724069893360137939e-01
4.912662133574485779e-02 -1.505172252655029297e-01 1.481737345457077026e-01
-3.139644265174865723e-01 7.862929254770278931e-02 -3.014099895954132080e-01
-4.018360972404479980e-01 2.455270588397979736e-01 -4.990054965019226074e-01
-3.398501873016357422e-01 2.639358341693878174e-01 -5.410629510879516602e-01
-2.797483801841735840e-01 1.875172704458236694e-01 -4.375523030757904053e-01
-1.375237852334976196e-01 2.852897718548774719e-02 -9.966809302568435669e-02
1.632889360189437866e-01 -1.180061325430870056e-01 1.870222389698028564e-01
3.667709529399871826e-01 -2.060278207063674927e-01 2.744655013084411621e-01
3.765663802623748779e-01 -1.451608091592788696e-01 2.084706425666809082e-01
2.246506810188293457e-01 1.019472535699605942e-02 9.680451452732086182e-02
9.711875021457672119e-02 1.513786762952804565e-01 5.817805230617523193e-02
1.466459333896636963e-01 1.968338042497634888e-01 8.728551119565963745e-02
2.189882546663284302e-01 2.051195651292800903e-01 2.286004275083541870e-01
1.640207171440124512e-01 1.873704493045806885e-01 3.222332000732421875e-01
-6.610958278179168701e-02 5.747172981500625610e-02 3.104757368564605713e-01
-2.559545040130615234e-01 -1.555504947900772095e-01 1.686179488897323608e-01
-3.355158865451812744e-01 -3.612042069435119629e-01 -1.040518358349800110e-01
-2.205556482076644897e-01 -1.436739861965179443e-01 -2.325213402509689331e-01
-5.402925610542297363e-02 2.283051013946533203e-01 -3.044685125350952148e-01
9.779284708201885223e-03 3.858048915863037109e-01 -3.364944159984588623e-01
-1.149276047945022583e-01 1.090358793735504150e-01 -3.991580605506896973e-01
-2.628997266292572021e-01 -4.923340678215026855e-01 -3.381789624691009521e-01
-1.693470478057861328e-01 -5.500677824020385742e-01 -1.173090040683746338e-01
-9.278502315282821655e-02 -3.675103485584259033e-01 5.986427888274192810e-02
1.232078894972801208e-01 9.836260974407196045e-02 2.430386394262313843e-01
2.219131886959075928e-01 3.167001008987426758e-01 2.465622872114181519e-01
1.859698146581649780e-01 1.420774608850479126e-01 2.001457512378692627e-01
2.488369196653366089e-01 -9.800576604902744293e-03 1.168729886412620544e-01
2.115246653556823730e-01 -4.579596221446990967e-02 8.660155534744262695e-02
1.840540468692779541e-01 1.557024568319320679e-01 1.830144524574279785e-01
5.907282233238220215e-02 3.721865713596343994e-01 2.061467170715332031e-01
-8.234196156263351440e-02 3.858972191810607910e-01 2.402571290731430054e-01
-9.970768541097640991e-02 1.866258084774017334e-01 2.175170779228210449e-01
-1.647246628999710083e-02 -8.603639900684356689e-02 2.187237739562988281e-01
2.459193468093872070e-01 -2.520500719547271729e-01 2.656114101409912109e-01
6.939498335123062134e-02 -1.523016542196273804e-01 4.059026949107646942e-03
-3.140756487846374512e-01 -1.785206049680709839e-02 -3.090983629226684570e-01
-5.185931324958801270e-01 1.006364449858665466e-01 -4.795490205287933350e-01
-4.962353408336639404e-01 2.048849314451217651e-01 -4.691404104232788086e-01
7.327052205801010132e-02 1.848214119672775269e-01 -2.068070024251937866e-01
4.545212686061859131e-01 4.436178877949714661e-02 -8.354040794074535370e-03
4.783177971839904785e-01 -2.450732290744781494e-01 3.011296316981315613e-02
2.558481693267822266e-01 -3.342915177345275879e-01 -6.940716505050659180e-02
-7.675238698720932007e-02 -3.131500184535980225e-01 -1.437098979949951172e-01
-1.835954785346984863e-01 -6.434333324432373047e-02 -1.402819007635116577e-01
-2.086811214685440063e-01 1.234813332557678223e-01 -8.337183296680450439e-02
-1.182618886232376099e-01 9.587996453046798706e-02 5.027706921100616455e-02
3.483190014958381653e-02 2.256613038480281830e-02 1.709820032119750977e-01
2.110555619001388550e-01 -1.042087525129318237e-01 2.302731722593307495e-01
2.916895747184753418e-01 -1.399604380130767822e-01 1.242818832397460938e-01
2.314915210008621216e-01 -8.392862230539321899e-02 -7.104615122079849243e-02
6.693412363529205322e-02 -1.981247588992118835e-02 -1.784498244524002075e-01
-7.316561043262481689e-02 3.082628548145294189e-02 -1.901961117982864380e-01
-1.002778038382530212e-01 4.697529226541519165e-02 -1.008136570453643799e-01
