4.726189672946929932e-01 -5.550111830234527588e-02 -5.636226534843444824e-01
5.245617032051086426e-01 -2.425269782543182373e-02 -5.239578485488891602e-01
5.098965167999267578e-01 -9.251016378402709961e-02 -5.240240097045898438e-01
4.906422197818756104e-01 -8.452855795621871948e-02 -5.324076414108276367e-01
4.762968420982360840e-01 -8.202414214611053467e-02 -5.298716425895690918e-01
4.811541438102722168e-01 -8.818754553794860840e-02 -5.091310143470764160e-01
4.474864900112152100e-01 -8.422325551509857178e-02 -5.131685137748718262e-01
3.151151239871978760e-01 -5.599374324083328247e-02 -5.041667819023132324e-01
2.152435630559921265e-01 -2.123509766533970833e-03 -4.952584505081176758e-01
4.095444083213806152e-02 9.920551627874374390e-02 -4.517692327499389648e-01
-6.784567236900329590e-02 1.912443935871124268e-01 -3.082759976387023926e-01
-4.959853366017341614e-02 3.442621529102325439e-01 -1.266646385192871094e-02
1.527996808290481567e-01 3.597618341445922852e-01 3.767623603343963623e-01
2.883928120136260986e-01 1.875339746475219727e-01 4.435315132141113281e-01
3.333063125610351562e-01 -6.590895354747772217e-02 4.301384687423706055e-01
3.201186060905456543e-01 -2.380401790142059326e-01 2.979668080806732178e-01
3.464302122592926025e-01 -2.756481170654296875e-01 2.703861892223358154e-01
3.899877369403839111e-01 -2.925566732883453369e-01 2.839816212654113770e-01
3.749556541442871094e-01 -3.162903785705566406e-01 2.942538559436798096e-01
3.738677799701690674e-01 -3.652630150318145752e-01 2.221948355436325073e-01
3.486450910568237305e-01 -3.583780229091644287e-01 2.061458677053451538e-01
3.396074175834655762e-01 -4.021243155002593994e-01 1.731564849615097046e-01
3.188932538032531738e-01 -4.364879727363586426e-01 1.694016605615615845e-01
3.156678676605224609e-01 -4.581107497215270996e-01 1.484679281711578369e-01
3.020820319652557373e-01 -4.136892855167388916e-01 1.754706501960754395e-01
3.300597369670867920e-01 -4.083053171634674072e-01 1.073267757892608643e-01
2.006885558366775513e-01 -4.731534123420715332e-01 8.453153073787689209e-02
1.663968414068222046e-01 -5.701032280921936035e-01 1.438277214765548706e-01
3.859877586364746094e-02 -6.636839509010314941e-01 1.474548578262329102e-01
-6.341727077960968018e-02 -7.289801239967346191e-01 1.326275318861007690e-01
-2.872730791568756104e-01 -7.255759239196777344e-01 8.937346935272216797e-02
-3.784300088882446289e-01 -7.152955532073974609e-01 -4.596142098307609558e-02
-3.855760097503662109e-01 -7.338764667510986328e-01 1.845833659172058105e-02
-4.419167041778564453e-01 -7.156519889831542969e-01 3.943808749318122864e-02
-3.473803997039794922e-01 -6.829023361206054688e-01 8.581212908029556274e-02
-3.796922862529754639e-01 -6.874028444290161133e-01 1.008414030075073242e-01
-3.839897513389587402e-01 -6.786816120147705078e-01 2.464341185986995697e-02
-4.354606866836547852e-01 -6.922203302383422852e-01 1.195436194539070129e-01
-4.007980227470397949e-01 -7.106528282165527344e-01 7.925725728273391724e-02
-4.541750252246856689e-01 -7.222949862480163574e-01 8.099618554115295410e-02
-4.454679489135742188e-01 -6.658251285552978516e-01 1.695156246423721313e-01
-4.502660334110260010e-01 -6.919575929641723633e-01 7.874183356761932373e-02
-3.632130324840545654e-01 -6.740211844444274902e-01 1.068624388426542282e-02
-3.580645918846130371e-01 -6.789475083351135254e-01 8.644272387027740479e-02
4.214738309383392334e-02 -6.860204935073852539e-01 1.428178399801254272e-01
9.952285140752792358e-02 -6.168717741966247559e-01 1.579247713088989258e-01
2.177566140890121460e-01 -4.768012464046478271e-01 1.864132285118103027e-01
2.688528299331665039e-01 -3.890344798564910889e-01 2.461078464984893799e-01
2.785463929176330566e-01 -3.198278248310089111e-01 2.432045340538024902e-01
2.654939889907836914e-01 -2.674992978572845459e-01 3.071329891681671143e-01
2.545466125011444092e-01 -2.454076260328292847e-01 3.487147986888885498e-01
3.049689829349517822e-01 -2.720182538032531738e-01 3.010841012001037598e-01
2.775866687297821045e-01 -3.156906366348266602e-01 2.238270938396453857e-01
2.850928902626037598e-01 -3.173757195472717285e-01 2.501286566257476807e-01
2.787865102291107178e-01 -3.116557300090789795e-01 2.583771944046020508e-01
2.759357392787933350e-01 -3.636732399463653564e-01 1.960759460926055908e-01
2.507672309875488281e-01 -3.657057285308837891e-01 1.688260883092880249e-01
2.592019140720367432e-01 -3.883083164691925049e-01 1.151679158210754395e-01
2.320030629634857178e-01 -4.241919219493865967e-01 4.473090544342994690e-02
2.311831712722778320e-01 -4.477590322494506836e-01 6.785975396633148193e-02
2.594953477382659912e-01 -4.506596922874450684e-01 7.257191836833953857e-02
2.627582550048828125e-01 -4.631775915622711182e-01 6.200726330280303955e-02
2.893668115139007568e-01 -4.439482390880584717e-01 1.142063885927200317e-01
2.982901334762573242e-01 -4.671408832073211670e-01 1.143914088606834412e-01
3.060902059078216553e-01 -4.886270761489868164e-01 2.933494374155998230e-02
3.022147715091705322e-01 -5.497514009475708008e-01 -1.188128665089607239e-01
3.276043534278869629e-01 -5.734565258026123047e-01 -3.361824899911880493e-02
3.661726117134094238e-01 -5.792486071586608887e-01 2.388848736882209778e-02
4.019460380077362061e-01 -5.855398178100585938e-01 -2.690126933157444000e-02
3.909185826778411865e-01 -5.965503454208374023e-01 -4.134040698409080505e-02
3.485839664936065674e-01 -6.122602820396423340e-01 -9.228143841028213501e-02
3.551724553108215332e-01 -5.821279883384704590e-01 -4.858033731579780579e-02
3.946934640407562256e-01 -5.596328973770141602e-01 -1.673047989606857300e-02
4.069294333457946777e-01 -5.673329234123229980e-01 -6.591004133224487305e-02
4.375824332237243652e-01 -5.563216805458068848e-01 -7.541551440954208374e-02
4.238483309745788574e-01 -5.280695557594299316e-01 -7.591485977172851562e-02
4.059916138648986816e-01 -5.081062316894531250e-01 -8.587677031755447388e-02
3.874256014823913574e-01 -5.075219273567199707e-01 -1.086994558572769165e-01
4.032069444656372070e-01 -4.863094091415405273e-01 -7.869811356067657471e-02
3.882458209991455078e-01 -5.076649188995361328e-01 -9.841350466012954712e-02
4.175340533256530762e-01 -4.966959953308105469e-01 -9.069946408271789551e-02
4.506194293498992920e-01 -4.676404893398284912e-01 -1.085685119032859802e-01
5.115613937377929688e-01 -4.482536315917968750e-01 -7.226961106061935425e-02
4.844125509262084961e-01 -4.693048596382141113e-01 -5.916813015937805176e-02
4.614565670490264893e-01 -4.422470927238464355e-01 -8.624575100839138031e-03
5.156891942024230957e-01 -4.053441584110260010e-01 1.238439828157424927e-01
4.925190210342407227e-01 -3.539105653762817383e-01 2.008844166994094849e-01
4.511318504810333252e-01 -1.822414100170135498e-01 2.689716815948486328e-01
4.178546071052551270e-01 -1.650235964916646481e-03 3.020603060722351074e-01
3.224810361862182617e-01 1.267113834619522095e-01 3.018799722194671631e-01
2.503424882888793945e-01 2.068071663379669189e-01 2.355176508426666260e-01
1.494308561086654663e-01 2.082366645336151123e-01 -1.039222702383995056e-01
3.985279798507690430e-02 1.180716827511787415e-01 -3.912487626075744629e-01
1.747282594442367554e-02 1.385729163885116577e-01 -4.520490169525146484e-01
4.047859832644462585e-02 1.010761111974716187e-01 -5.236447453498840332e-01
9.667108207941055298e-02 4.798478260636329651e-02 -5.507242083549499512e-01
1.408417075872421265e-01 9.330275468528270721e-03 -5.632908344268798828e-01
2.173264026641845703e-01 -1.799409091472625732e-02 -5.624145269393920898e-01
2.911309599876403809e-01 -1.006402540951967239e-03 -5.411000251770019531e-01
3.845762908458709717e-01 -1.095617117243818939e-04 -5.395736694335937500e-01
3.728542625904083252e-01 7.726685609668493271e-03 -5.930035114288330078e-01
3.840360343456268311e-01 2.754318341612815857e-02 -6.102612018585205078e-01
4.705809652805328369e-01 8.864297717809677124e-02 -5.582296252250671387e-01
5.724168419837951660e-01 2.137410938739776611e-01 -4.990417063236236572e-01
