-2.732375636696815491e-02 -1.546051818877458572e-02 1.551024615764617920e-01
-7.781024905852973461e-04 -8.384239673614501953e-02 1.409187018871307373e-01
9.170657023787498474e-03 -1.372077465057373047e-01 4.657251387834548950e-02
1.961547386599704623e-04 -1.138971000909805298e-01 -7.401776313781738281e-02
6.781286746263504028e-02 -1.218448858708143234e-02 -2.998438430950045586e-03
2.643921673297882080e-01 -9.786086156964302063e-03 -1.442160829901695251e-02
3.004579544067382812e-01 -8.592026680707931519e-02 -8.379989117383956909e-02
1.822882592678070068e-01 -1.219511926174163818e-01 -2.281387746334075928e-01
1.327065471559762955e-02 -5.522616580128669739e-02 -2.686875462532043457e-01
-2.452146708965301514e-01 1.846887916326522827e-01 -1.208285465836524963e-01
-4.228194952011108398e-01 5.250996351242065430e-01 2.489908039569854736e-01
-4.530714452266693115e-01 6.258782148361206055e-01 4.297474920749664307e-01
-4.046324193477630615e-01 4.739259481430053711e-01 5.242546796798706055e-01
-1.533832401037216187e-01 1.282167881727218628e-01 4.149329066276550293e-01
7.339965552091598511e-02 -2.037893831729888916e-01 1.694431342184543610e-02
3.045455925166606903e-02 -2.477100491523742676e-01 7.012691814452409744e-03
-1.154689863324165344e-01 -1.518674790859222412e-01 1.166028454899787903e-01
-2.643986940383911133e-01 -9.387098997831344604e-02 1.539439707994461060e-01
-3.304894566535949707e-01 -1.257631778717041016e-01 4.895801842212677002e-02
-2.961445450782775879e-01 -1.192124933004379272e-01 -7.398169487714767456e-02
-1.838268935680389404e-01 -8.928419649600982666e-02 -9.835496544837951660e-02
-5.136718600988388062e-02 -6.956724822521209717e-02 -1.039090473204851151e-02
9.378000348806381226e-02 -6.325472146272659302e-02 6.687498837709426880e-02
1.685359776020050049e-01 4.034332931041717529e-02 4.298030212521553040e-02
1.676388382911682129e-01 4.712166730314493179e-03 -5.085344240069389343e-02
7.250975072383880615e-02 -3.871221840381622314e-02 5.115592479705810547e-02
-1.130391582846641541e-01 -1.113741770386695862e-01 1.078984662890434265e-01
-1.663996838033199310e-02 -1.469172537326812744e-01 1.311516314744949341e-01
6.689907610416412354e-02 -2.181230336427688599e-01 3.060939349234104156e-02
1.401692926883697510e-01 -3.504198789596557617e-01 -3.101261854171752930e-01
1.054267063736915588e-01 -3.504794538021087646e-01 -3.572466075420379639e-01
-2.072835415601730347e-01 -3.695244193077087402e-01 -2.991340160369873047e-01
-1.657125055789947510e-01 -9.968153387308120728e-02 -8.035200834274291992e-02
-1.647733449935913086e-01 4.644493013620376587e-02 1.375523358583450317e-01
7.057515904307365417e-03 -6.257444620132446289e-02 6.385316699743270874e-02
-6.541463517351076007e-05 -1.643589325249195099e-02 4.186883941292762756e-02
-5.963183939456939697e-02 -4.219927266240119934e-02 -6.335425376892089844e-02
-1.080461964011192322e-01 6.623417139053344727e-02 -6.868901103734970093e-02
-1.797665357589721680e-01 1.353341341018676758e-01 2.803121134638786316e-02
-7.066067308187484741e-03 -4.356366023421287537e-02 -2.310057915747165680e-02
8.147940039634704590e-02 -1.074299961328506470e-01 -4.235874861478805542e-02
1.796425729990005493e-01 -9.460704401135444641e-03 -1.088692247867584229e-02
3.106640577316284180e-01 3.254183828830718994e-01 1.570195108652114868e-01
2.367518395185470581e-01 4.568959474563598633e-01 2.998514771461486816e-01
1.142980307340621948e-01 4.341717660427093506e-01 2.814934253692626953e-01
9.789386391639709473e-02 2.875092327594757080e-01 2.143494635820388794e-01
-7.708723843097686768e-02 1.004821658134460449e-01 3.572021424770355225e-02
-6.049862131476402283e-02 1.142887547612190247e-01 3.463509306311607361e-02
-5.728355422616004944e-02 5.935876443982124329e-02 9.656272828578948975e-02
-1.435553431510925293e-01 9.919302165508270264e-02 5.181311443448066711e-02
-5.669319257140159607e-02 -4.425570368766784668e-03 3.954662382602691650e-02
-3.198255226016044617e-02 -8.578212559223175049e-02 5.726539995521306992e-03
-3.210728615522384644e-02 -1.175406873226165771e-01 -2.304614149034023285e-02
4.823957383632659912e-02 -1.660828888416290283e-01 1.121074543334543705e-03
5.974811688065528870e-02 -1.282442808151245117e-01 1.002699835225939751e-03
6.460908055305480957e-02 -1.300230622291564941e-01 -5.036589875817298889e-02
-8.155094832181930542e-02 -1.145683303475379944e-01 -1.333204507827758789e-01
-1.592310965061187744e-01 -8.616320043802261353e-02 -1.398836076259613037e-01
-1.001177430152893066e-01 -4.182785376906394958e-02 -9.549972414970397949e-02
-1.295353565365076065e-02 -3.130819275975227356e-02 4.383417312055826187e-03
1.195714622735977173e-02 4.614927992224693298e-02 9.832882136106491089e-02
-2.507679350674152374e-02 1.316449642181396484e-01 7.178672403097152710e-02
6.249559228308498859e-04 1.739811003208160400e-01 1.580014452338218689e-02
1.656267940998077393e-01 1.041055992245674133e-01 -6.639017164707183838e-02
2.561121881008148193e-01 1.149749383330345154e-02 -1.908682473003864288e-02
1.885161995887756348e-01 5.021694675087928772e-02 2.251320332288742065e-02
8.575133979320526123e-02 1.324138641357421875e-01 4.957631975412368774e-02
-3.116468153893947601e-02 1.693313270807266235e-01 5.565340816974639893e-02
5.135038495063781738e-02 1.250695553608238697e-03 -5.864416062831878662e-02
7.720487564802169800e-02 -9.124483168125152588e-02 -6.625745445489883423e-02
6.000973284244537354e-02 -5.643012002110481262e-02 7.407732307910919189e-03
8.247488737106323242e-02 4.478351399302482605e-02 2.934248186647891998e-02
6.570727378129959106e-02 1.426590383052825928e-01 2.657168172299861908e-02
1.219846401363611221e-02 9.038498252630233765e-02 -8.852917701005935669e-02
-4.576798900961875916e-02 2.688903175294399261e-02 -1.786199808120727539e-01
-1.775076816556975245e-04 -8.343653380870819092e-02 -1.551742106676101685e-01
-2.678554318845272064e-02 -5.653374642133712769e-02 -1.029658690094947815e-01
5.894419550895690918e-02 1.671439222991466522e-02 -7.534907758235931396e-02
-5.048300325870513916e-02 9.815526753664016724e-02 -8.456508815288543701e-02
-1.030314490199089050e-01 1.448077261447906494e-01 -5.445645377039909363e-02
6.313686817884445190e-02 1.110191419720649719e-01 9.505674988031387329e-02
1.734056919813156128e-01 7.661978155374526978e-02 2.167072147130966187e-01
2.070835232734680176e-01 2.376161701977252960e-02 2.179093956947326660e-01
2.653529644012451172e-01 1.488552056252956390e-02 2.150403559207916260e-01
2.479669153690338135e-01 -4.863210022449493408e-02 1.685203462839126587e-01
2.175971120595932007e-01 -1.480816956609487534e-02 1.005156040191650391e-01
1.569088399410247803e-01 1.333513297140598297e-02 -1.875103637576103210e-02
-1.532151848077774048e-01 -2.714853547513484955e-02 -1.849924176931381226e-01
-2.188367247581481934e-01 -9.189622104167938232e-02 -2.911927998065948486e-01
-5.572224035859107971e-02 -2.712726891040802002e-01 -4.123693108558654785e-01
2.821111977100372314e-01 -4.534845352172851562e-01 -4.745748937129974365e-01
4.048535823822021484e-01 -4.787993729114532471e-01 -4.542513489723205566e-01
3.979978263378143311e-01 -4.697893857955932617e-01 -3.589492440223693848e-01
2.799765169620513916e-01 -4.260467290878295898e-01 -1.237490102648735046e-01
7.266353815793991089e-02 -3.304527699947357178e-01 6.599698960781097412e-02
-3.939941897988319397e-02 -2.081192433834075928e-01 1.625571548938751221e-01
-1.402679532766342163e-01 -1.963248662650585175e-02 2.314579486846923828e-01
-1.644235402345657349e-01 1.303473562002182007e-01 2.380012273788452148e-01
-1.331018060445785522e-01 2.361458986997604370e-01 8.177648484706878662e-02
-3.702387213706970215e-02 2.540326416492462158e-01 -1.624023467302322388e-01
1.030313298106193542e-01 2.653797566890716553e-01 -2.038758099079132080e-01
3.973181173205375671e-02 3.657329380512237549e-01 -1.876434087753295898e-01
-3.314462676644325256e-02 3.771229982376098633e-01 -6.896118074655532837e-02
-1.118328720331192017e-01 3.276106715202331543e-01 -2.278038300573825836e-02
