9.798765761772773586e-02
0.000000000000000000e+00
0.000000000000000000e+00
0.000000000000000000e+00
0.000000000000000000e+00
1.420188547704979466e-02
2.114734653120285343e-02
2.621042630110304722e-02
3.079761061791294260e-02
3.245450515525206275e-02
3.206083879383578306e-02
2.383143747349061869e-02
1.481923892453244559e-02
1.543884267491633586e-02
2.069085485274158379e-02
3.064732003926482623e-02
2.328226471507374717e-02
0.000000000000000000e+00
0.000000000000000000e+00
0.000000000000000000e+00
0.000000000000000000e+00
0.000000000000000000e+00
0.000000000000000000e+00
0.000000000000000000e+00
0.000000000000000000e+00
0.000000000000000000e+00
0.000000000000000000e+00
0.000000000000000000e+00
0.000000000000000000e+00
0.000000000000000000e+00
0.000000000000000000e+00
3.149732049979193094e-01
5.487929514791433094e-01
4.843228897880487716e-01
2.287488836869484010e-01
0.000000000000000000e+00
0.000000000000000000e+00
0.000000000000000000e+00
0.000000000000000000e+00
0.000000000000000000e+00
0.000000000000000000e+00
3.026202457205169893e-01
5.394060019055587629e-01
5.706890208849507706e-01
2.703984026966235188e-01
0.000000000000000000e+00
0.000000000000000000e+00
0.000000000000000000e+00
0.000000000000000000e+00
1.467167836452032588e-02
0.000000000000000000e+00
0.000000000000000000e+00
0.000000000000000000e+00
0.000000000000000000e+00
0.000000000000000000e+00
0.000000000000000000e+00
0.000000000000000000e+00
0.000000000000000000e+00
0.000000000000000000e+00
0.000000000000000000e+00
0.000000000000000000e+00
0.000000000000000000e+00
0.000000000000000000e+00
1.094001618171301649e-02
2.163269965268813794e-02
2.424653113772616900e-02
1.522728803588725005e-02
1.390111534082773617e-02
1.838728896810576038e-02
2.409378383304246543e-02
2.717011361901457839e-02
2.447469266328222010e-02
1.991355836455382250e-02
1.543803151921938240e-02
1.036012126469488571e-02
4.302163393528412455e-03
9.915026469144263329e-04
3.070613900308256147e-03
6.398463007067091771e-03
1.112504108692584370e-02
1.226630807886419823e-02
1.036602612928456783e-02
7.289225349681952536e-03
1.554968026859056968e-03
0.000000000000000000e+00
1.528920916145644609e-03
7.957861862894478194e-03
1.119966450367784402e-02
1.086662258166285443e-02
9.927647354020583195e-03
1.291978848222639920e-02
1.733543808175854253e-02
1.271713038955104257e-02
4.205318962468719730e-03
0.000000000000000000e+00
0.000000000000000000e+00
0.000000000000000000e+00
0.000000000000000000e+00
0.000000000000000000e+00
0.000000000000000000e+00
0.000000000000000000e+00
0.000000000000000000e+00
2.675162182295608426e-01
3.387738301843978284e-01
