3.576623499393463135e-01 -5.199303030967712402e-01 5.869939550757408142e-02
4.143424034118652344e-01 -4.293439090251922607e-01 3.504481911659240723e-02
4.348810315132141113e-01 -3.796150684356689453e-01 1.993704214692115784e-02
4.090890884399414062e-01 -3.878942430019378662e-01 6.060383841395378113e-02
4.736779928207397461e-01 -3.988344371318817139e-01 9.530165046453475952e-02
4.412359893321990967e-01 -4.005968868732452393e-01 1.312493234872817993e-01
3.855462968349456787e-01 -4.512768983840942383e-01 1.619544625282287598e-01
4.026843011379241943e-01 -4.121840894222259521e-01 1.899716109037399292e-01
4.302771985530853271e-01 -3.681381940841674805e-01 2.102673947811126709e-01
4.901183843612670898e-01 -3.418556451797485352e-01 1.549530327320098877e-01
5.347808003425598145e-01 -1.537810266017913818e-01 1.019027754664421082e-01
4.638635516166687012e-01 -1.709186583757400513e-01 2.053370624780654907e-01
4.435098469257354736e-01 -1.582417935132980347e-01 3.206268250942230225e-01
4.525609016418457031e-01 -1.162754371762275696e-01 3.667634427547454834e-01
4.697993099689483643e-01 -1.267856210470199585e-01 4.001264274120330811e-01
4.694609045982360840e-01 -3.782413527369499207e-02 3.978019952774047852e-01
4.401316344738006592e-01 -3.409342840313911438e-02 3.951306641101837158e-01
4.545717835426330566e-01 7.982641458511352539e-03 4.393360614776611328e-01
4.838199615478515625e-01 -1.584359258413314819e-02 4.295167028903961182e-01
4.118843972682952881e-01 -4.937785863876342773e-02 4.033631086349487305e-01
4.220765233039855957e-01 4.732226370833814144e-04 4.222652912139892578e-01
3.799613118171691895e-01 1.756610162556171417e-02 3.903311491012573242e-01
2.916966676712036133e-01 2.195695787668228149e-02 4.064210653305053711e-01
2.504527866840362549e-01 4.962050914764404297e-02 3.954655528068542480e-01
2.001616656780242920e-01 3.161330893635749817e-02 3.565132617950439453e-01
1.489684432744979858e-01 6.882853806018829346e-02 3.640804290771484375e-01
1.510508656501770020e-01 1.292660534381866455e-01 3.938573598861694336e-01
8.156223595142364502e-02 2.658531367778778076e-01 3.376929759979248047e-01
1.360129751265048981e-02 3.289622962474822998e-01 1.502455323934555054e-01
1.969567537307739258e-01 3.438555896282196045e-01 6.697198748588562012e-02
2.533801198005676270e-01 3.610380887985229492e-01 -8.206541091203689575e-02
2.897437214851379395e-01 3.593998849391937256e-01 -1.502411216497421265e-01
2.971206307411193848e-01 3.242912590503692627e-01 -2.071760147809982300e-01
3.229931890964508057e-01 2.404639124870300293e-01 -2.805462479591369629e-01
3.349126577377319336e-01 2.500098943710327148e-01 -2.391409575939178467e-01
2.433774471282958984e-01 2.243418693542480469e-01 -1.789640486240386963e-01
1.652336865663528442e-01 2.317069321870803833e-01 -3.003970682621002197e-01
9.709207713603973389e-02 2.415589094161987305e-01 -3.663517236709594727e-01
3.352373838424682617e-02 2.033275961875915527e-01 -3.154822289943695068e-01
4.225882142782211304e-02 1.643203198909759521e-01 -3.651297390460968018e-01
2.499304339289665222e-02 1.456153392791748047e-01 -4.028418958187103271e-01
-5.287889018654823303e-02 1.872149854898452759e-01 -4.493897855281829834e-01
-1.389716714620590210e-01 2.297147810459136963e-01 -5.100671052932739258e-01
-1.575841307640075684e-01 2.214304655790328979e-01 -5.368098616600036621e-01
-1.596186012029647827e-01 2.302912324666976929e-01 -4.815767407417297363e-01
-2.140418887138366699e-01 2.489970922470092773e-01 -4.523011445999145508e-01
-1.503716111183166504e-01 2.463071495294570923e-01 -3.764341771602630615e-01
2.551510632038116455e-01 2.022391706705093384e-01 -2.425545454025268555e-01
2.209483981132507324e-01 2.134763598442077637e-01 -3.101169168949127197e-01
1.960846334695816040e-01 2.518311440944671631e-01 -3.581282198429107666e-01
2.325254678726196289e-01 2.290075719356536865e-01 -3.645406365394592285e-01
2.335608154535293579e-01 2.371567338705062866e-01 -3.201473057270050049e-01
1.959551721811294556e-01 2.493377625942230225e-01 -3.554661870002746582e-01
-9.313458949327468872e-02 2.874784171581268311e-01 -4.245351254940032959e-01
-1.852704435586929321e-01 2.760004401206970215e-01 -4.505266845226287842e-01
-1.851430237293243408e-01 2.692610323429107666e-01 -4.832715690135955811e-01
-1.508832573890686035e-01 2.820505797863006592e-01 -4.774785637855529785e-01
-5.653675273060798645e-02 2.650266885757446289e-01 -4.007124006748199463e-01
-6.946245580911636353e-02 2.295710295438766479e-01 -3.843932151794433594e-01
-5.489435046911239624e-02 2.829475700855255127e-01 -3.936725258827209473e-01
-1.072023287415504456e-01 2.923192977905273438e-01 -4.362713396549224854e-01
-1.241598129272460938e-01 3.067109584808349609e-01 -4.709826707839965820e-01
-7.711792737245559692e-02 3.396558463573455811e-01 -4.327186346054077148e-01
-5.132637917995452881e-02 3.765694200992584229e-01 -2.819432318210601807e-01
6.081997882574796677e-03 3.601732850074768066e-01 -1.703511923551559448e-01
1.083975434303283691e-01 3.044365942478179932e-01 -1.369878202676773071e-01
-1.596806012094020844e-02 -4.332172498106956482e-02 1.401498764753341675e-01
3.958769142627716064e-01 5.646741017699241638e-02 4.323990643024444580e-01
3.635338246822357178e-01 9.088860452175140381e-02 4.589694142341613770e-01
3.380534648895263672e-01 9.253181517124176025e-02 4.523489773273468018e-01
2.916830182075500488e-01 8.739077299833297729e-02 4.579368829727172852e-01
2.809900343418121338e-01 1.010694429278373718e-01 4.749971926212310791e-01
3.305231332778930664e-01 1.450284719467163086e-01 4.867654144763946533e-01
3.312768936157226562e-01 1.004355922341346741e-01 4.566209316253662109e-01
3.323521912097930908e-01 1.347376555204391479e-01 4.369926452636718750e-01
3.429856896400451660e-01 1.178396120667457581e-01 4.877022206783294678e-01
3.126990497112274170e-01 1.117285639047622681e-01 4.497219026088714600e-01
2.205477207899093628e-01 5.716796964406967163e-02 4.575611054897308350e-01
1.395927667617797852e-01 4.516924917697906494e-02 5.601510405540466309e-01
1.852630823850631714e-01 -6.532375514507293701e-02 3.347947597503662109e-01
1.237853989005088806e-01 -2.708046734333038330e-01 2.845823764801025391e-01
-2.747975289821624756e-01 -4.148238897323608398e-01 1.273199766874313354e-01
-3.733363747596740723e-01 -3.719047904014587402e-01 1.769649982452392578e-01
-3.915939331054687500e-01 -2.706116437911987305e-01 2.553158402442932129e-01
-4.981087446212768555e-01 -2.026232928037643433e-01 2.881847918033599854e-01
-5.262141823768615723e-01 -2.703100442886352539e-01 2.797506451606750488e-01
-5.670020580291748047e-01 -3.424205482006072998e-01 2.806451916694641113e-01
-5.915253162384033203e-01 -3.165643215179443359e-01 2.357904911041259766e-01
-4.962513744831085205e-01 -3.784930706024169922e-01 2.128105908632278442e-01
-5.770108699798583984e-01 -4.336028397083282471e-01 1.458236575126647949e-01
-5.481573343276977539e-01 -4.503556489944458008e-01 1.500251293182373047e-01
-6.062155961990356445e-01 -4.533469378948211670e-01 1.375284194946289062e-01
-5.876308679580688477e-01 -4.351598322391510010e-01 1.913402676582336426e-01
-5.842493772506713867e-01 -4.571187794208526611e-01 2.068806886672973633e-01
-6.259245872497558594e-01 -4.839743971824645996e-01 1.020365133881568909e-01
-5.868531465530395508e-01 -4.563284516334533691e-01 1.089675128459930420e-01
-6.919679045677185059e-01 -5.200068950653076172e-01 5.340120568871498108e-02
-6.770212650299072266e-01 -5.517188310623168945e-01 4.927957430481910706e-02
-6.453321576118469238e-01 -5.789630413055419922e-01 2.669777907431125641e-02
-5.797754526138305664e-01 -5.705423951148986816e-01 8.781796693801879883e-02
-6.207906603813171387e-01 -5.915782451629638672e-01 5.155131220817565918e-02
-5.393298864364624023e-01 -5.649468302726745605e-01 1.328067034482955933e-01
