2.862822151502626422e-01
0.000000000000000000e+00
0.000000000000000000e+00
0.000000000000000000e+00
0.000000000000000000e+00
8.645649209712228528e-03
0.000000000000000000e+00
0.000000000000000000e+00
0.000000000000000000e+00
9.219671243189666784e-03
6.210826413099513471e-02
7.991516392950753778e-02
7.774961953018234839e-02
3.414383138362903775e-02
0.000000000000000000e+00
0.000000000000000000e+00
0.000000000000000000e+00
0.000000000000000000e+00
0.000000000000000000e+00
0.000000000000000000e+00
0.000000000000000000e+00
0.000000000000000000e+00
0.000000000000000000e+00
0.000000000000000000e+00
0.000000000000000000e+00
0.000000000000000000e+00
0.000000000000000000e+00
6.685615031158148765e-03
4.806385333914249547e-02
4.741835947592200687e-03
0.000000000000000000e+00
0.000000000000000000e+00
0.000000000000000000e+00
1.381670863045472535e-02
1.022055596692875851e-02
6.650395174122507996e-03
4.969000245893565385e-03
4.816002907554162681e-03
6.952790529106570548e-03
6.917303194206699847e-03
5.589833812979291307e-03
2.958433102576691395e-03
1.069114838062388499e-03
0.000000000000000000e+00
0.000000000000000000e+00
0.000000000000000000e+00
0.000000000000000000e+00
0.000000000000000000e+00
0.000000000000000000e+00
0.000000000000000000e+00
0.000000000000000000e+00
0.000000000000000000e+00
0.000000000000000000e+00
0.000000000000000000e+00
5.530988682848752939e-03
1.106446316541398467e-02
1.334726171978684386e-02
1.334554637261406440e-02
7.834478975914247606e-03
1.380520126755666824e-03
0.000000000000000000e+00
0.000000000000000000e+00
0.000000000000000000e+00
0.000000000000000000e+00
0.000000000000000000e+00
1.921822058280775458e-02
6.923777612205105070e-02
1.001380982398282216e-01
2.085628118966339345e-02
1.404997258700773320e-03
0.000000000000000000e+00
0.000000000000000000e+00
2.142303771028528439e-02
3.045846031554248529e-04
2.724340546118160251e-03
2.631554800911343247e-03
0.000000000000000000e+00
0.000000000000000000e+00
0.000000000000000000e+00
0.000000000000000000e+00
0.000000000000000000e+00
0.000000000000000000e+00
0.000000000000000000e+00
2.409780152500527184e-01
4.182294962168396912e-01
3.744607762551853125e-01
1.881730615274446738e-01
0.000000000000000000e+00
0.000000000000000000e+00
0.000000000000000000e+00
0.000000000000000000e+00
0.000000000000000000e+00
0.000000000000000000e+00
0.000000000000000000e+00
0.000000000000000000e+00
0.000000000000000000e+00
1.524298200883412221e-03
3.048596401766824442e-03
1.905372751104265384e-03
0.000000000000000000e+00
0.000000000000000000e+00
0.000000000000000000e+00
