-3.159420937299728394e-02 -1.213366445153951645e-02 -8.678906597197055817e-03
-5.160748958587646484e-02 2.862374484539031982e-02 -1.720691658556461334e-02
-7.063991576433181763e-02 6.834414601325988770e-02 -6.620047986507415771e-02
-8.969932794570922852e-02 8.205702900886535645e-02 -9.584320336580276489e-02
-8.048380166292190552e-02 2.912733145058155060e-02 -1.225702464580535889e-01
-2.207021974027156830e-02 -3.739684075117111206e-02 6.025529466569423676e-03
1.574869006872177124e-01 -7.000093907117843628e-02 2.421500384807586670e-01
2.988250553607940674e-01 -3.774145245552062988e-02 3.193750381469726562e-01
2.471181303262710571e-01 7.022903114557266235e-02 2.179288417100906372e-01
-9.262230992317199707e-02 2.305015027523040771e-01 -1.454970538616180420e-01
-4.253013730049133301e-01 2.957674562931060791e-01 -3.808405697345733643e-01
-4.739148616790771484e-01 2.231073230504989624e-01 -3.863357901573181152e-01
-2.472977787256240845e-01 1.956979371607303619e-02 -2.259161174297332764e-01
1.370985656976699829e-01 -1.731575727462768555e-01 4.804658517241477966e-02
3.077602684497833252e-01 -2.107414901256561279e-01 2.206628173589706421e-01
2.749984860420227051e-01 -1.585456281900405884e-01 2.167340517044067383e-01
1.467872858047485352e-01 -1.117846295237541199e-01 1.574064791202545166e-01
1.104430332779884338e-01 -1.573584228754043579e-01 3.852660534903407097e-03
1.444973647594451904e-01 -1.175233796238899231e-01 -1.760502308607101440e-01
1.526593267917633057e-01 5.661545787006616592e-03 -2.305725812911987305e-01
1.127094626426696777e-01 7.477541267871856689e-02 -2.299538403749465942e-01
5.223980173468589783e-02 1.251834332942962646e-01 -8.039735257625579834e-02
1.155533362179994583e-02 6.459014117717742920e-02 1.153568178415298462e-01
9.393098205327987671e-02 7.652871776372194290e-03 2.215158641338348389e-01
2.231833040714263916e-01 -9.146324545145034790e-02 2.685479223728179932e-01
1.590355187654495239e-01 -3.154713511466979980e-01 2.338828295469284058e-01
-7.192938029766082764e-02 -4.498598277568817139e-01 1.207113787531852722e-01
-2.980290055274963379e-01 -4.123912751674652100e-01 3.065914846956729889e-03
-3.409772515296936035e-01 -1.320684999227523804e-01 -1.270200461149215698e-01
-1.426956355571746826e-01 1.931990534067153931e-01 -1.995117366313934326e-01
2.978328987956047058e-02 3.639231920242309570e-01 -1.354092955589294434e-01
2.284289151430130005e-02 4.081168770790100098e-01 -1.054003983736038208e-01
-1.032809689640998840e-01 4.205265641212463379e-01 -1.586288362741470337e-01
-1.302612870931625366e-01 4.365455210208892822e-01 -2.746992707252502441e-01
2.481174282729625702e-02 2.987025976181030273e-01 -3.037319481372833252e-01
2.324775755405426025e-01 7.174970116466283798e-03 -1.277849972248077393e-01
2.972507178783416748e-01 -2.850708365440368652e-01 1.743897944688796997e-01
1.700941771268844604e-01 -4.034383893013000488e-01 3.068110346794128418e-01
-4.018311575055122375e-02 -3.570757806301116943e-01 1.846045553684234619e-01
-2.059161514043807983e-01 -1.649153083562850952e-01 -3.936323523521423340e-02
-2.264308333396911621e-01 2.499210089445114136e-02 -1.289041936397552490e-01
-1.413459777832031250e-01 7.841547578573226929e-02 -3.684656322002410889e-02
-4.766536131501197815e-02 9.400043636560440063e-02 1.826397031545639038e-01
-8.482166379690170288e-02 -8.598092943429946899e-03 4.112349748611450195e-01
-1.452935636043548584e-01 -8.684124797582626343e-02 4.506168365478515625e-01
-1.876675635576248169e-01 -9.996236115694046021e-02 3.439936637878417969e-01
-1.002444997429847717e-01 -9.790772199630737305e-02 3.488679602742195129e-02
7.914739847183227539e-02 7.049262523651123047e-02 -3.577303588390350342e-01
1.396500021219253540e-01 2.280971556901931763e-01 -4.237074851989746094e-01
2.034082263708114624e-01 3.648309111595153809e-01 -4.085008502006530762e-01
2.120400965213775635e-01 4.147378802299499512e-01 -3.877030611038208008e-01
2.030992656946182251e-01 2.533425390720367432e-01 -3.549141287803649902e-01
5.283750593662261963e-02 -2.963022142648696899e-02 -2.547942698001861572e-01
-1.949592828750610352e-01 -2.609555721282958984e-01 1.226080060005187988e-01
-2.871921062469482422e-01 -2.442593127489089966e-01 3.920178115367889404e-01
-2.149209678173065186e-01 -8.402629196643829346e-02 4.230577647686004639e-01
8.276479784399271011e-04 3.667626529932022095e-02 2.519288361072540283e-01
1.209321022033691406e-01 5.591101013123989105e-03 -8.633717894554138184e-02
1.407568752765655518e-01 -1.096227318048477173e-01 -1.898891031742095947e-01
7.391183078289031982e-02 -9.692868590354919434e-02 -1.404291242361068726e-01
3.949880599975585938e-02 5.041398480534553528e-02 7.898545265197753906e-02
4.022972658276557922e-02 1.518869251012802124e-01 2.891681492328643799e-01
-7.192428410053253174e-02 6.258504092693328857e-02 3.032178282737731934e-01
-2.883932888507843018e-01 6.466407328844070435e-03 2.894896864891052246e-01
-4.680672287940979004e-01 1.002361848950386047e-01 1.186514720320701599e-01
-5.062579512596130371e-01 2.339032590389251709e-01 -1.698488891124725342e-01
-2.733051180839538574e-01 2.777314782142639160e-01 -3.408952355384826660e-01
2.307448536157608032e-01 6.200016662478446960e-02 -4.490503966808319092e-01
4.443681240081787109e-01 -1.716510206460952759e-01 -2.868042588233947754e-01
4.236170947551727295e-01 -2.870655357837677002e-01 1.725366222672164440e-03
2.692975997924804688e-01 -2.845533788204193115e-01 1.906062662601470947e-01
1.388014107942581177e-01 -2.466428577899932861e-01 2.803204953670501709e-01
1.421260386705398560e-01 -2.565595209598541260e-01 1.337694525718688965e-01
1.682123094797134399e-01 -1.570875346660614014e-01 -4.240182787179946899e-02
2.444328069686889648e-01 1.143116801977157593e-01 -1.180047020316123962e-01
2.501089274883270264e-01 1.872460544109344482e-01 -1.959833353757858276e-01
1.106872186064720154e-01 1.161199137568473816e-01 -1.688216179609298706e-01
-9.006523340940475464e-02 -1.646219342947006226e-01 -2.225632071495056152e-01
-2.532845735549926758e-01 -3.369110226631164551e-01 -3.251911103725433350e-01
-1.972765773534774780e-01 -1.518801152706146240e-01 -2.297629266977310181e-01
-3.064441867172718048e-02 1.111068576574325562e-01 -7.504632323980331421e-02
-3.123820945620536804e-02 2.824978232383728027e-01 2.039043605327606201e-01
-6.401793658733367920e-02 2.369035631418228149e-01 3.021419644355773926e-01
-1.013822332024574280e-01 5.763739719986915588e-02 1.800629496574401855e-01
-1.482488065958023071e-01 -1.576464623212814331e-02 8.875044435262680054e-02
-1.109210103750228882e-01 -7.102274894714355469e-02 -3.074485436081886292e-02
-7.654807716608047485e-02 -4.371436685323715210e-02 -3.294060379266738892e-02
3.518955782055854797e-03 -3.108775056898593903e-02 1.493482757359743118e-02
1.858451068401336670e-01 7.825112342834472656e-02 4.309733957052230835e-02
1.810540407896041870e-01 1.865854263305664062e-01 1.165361925959587097e-01
6.536571681499481201e-02 3.748218715190887451e-02 6.475402414798736572e-02
-1.299038976430892944e-01 -1.148310005664825439e-01 -3.435659408569335938e-02
-1.476447433233261108e-01 -2.631679177284240723e-01 -1.378993988037109375e-01
-8.265614509582519531e-03 -2.331894040107727051e-01 -1.671364009380340576e-01
1.322459429502487183e-01 1.704314537346363068e-02 -3.408999741077423096e-02
1.587647199630737305e-01 1.457398831844329834e-01 1.388378888368606567e-01
-1.727336086332798004e-02 2.626091539859771729e-01 2.084454745054244995e-01
-6.892643868923187256e-02 2.326096147298812866e-01 2.320621311664581299e-01
-5.163733661174774170e-02 1.003373116254806519e-01 1.981847286224365234e-01
2.463896945118904114e-02 -1.845632493495941162e-02 1.070777252316474915e-01
6.684742122888565063e-02 -1.016957759857177734e-01 6.075417995452880859e-02
2.345678582787513733e-02 -8.645664900541305542e-02 -2.225366234779357910e-02
