-2.392850816249847412e-01 1.337944120168685913e-01 -3.043281137943267822e-01
-2.781544625759124756e-01 1.468079090118408203e-01 -3.606173992156982422e-01
-3.086895644664764404e-01 1.695822924375534058e-01 -3.403442800045013428e-01
-2.703580260276794434e-01 2.186524868011474609e-01 -3.782566487789154053e-01
-2.302978187799453735e-01 1.524229943752288818e-01 -4.211769402027130127e-01
-1.386599987745285034e-01 1.874187737703323364e-01 -4.032182991504669189e-01
-1.778669357299804688e-01 2.230212986469268799e-01 -4.002815485000610352e-01
-1.024455055594444275e-01 2.454229742288589478e-01 -3.181937336921691895e-01
1.064498126506805420e-01 3.019773960113525391e-01 -1.801540851593017578e-01
2.771981954574584961e-01 2.515819370746612549e-01 -1.621549576520919800e-01
3.007491827011108398e-01 3.176576495170593262e-01 -9.832565486431121826e-02
3.012039661407470703e-01 3.398394584655761719e-01 3.202980384230613708e-03
3.365219533443450928e-01 3.673088550567626953e-01 7.350897043943405151e-02
3.166544437408447266e-01 3.856711089611053467e-01 1.039042770862579346e-01
3.618961870670318604e-01 3.599632978439331055e-01 1.254979819059371948e-01
3.981378674507141113e-01 2.819721996784210205e-01 9.064736962318420410e-02
4.079850614070892334e-01 -6.705504376441240311e-03 -1.703537255525588989e-02
3.797042071819305420e-01 -1.464249044656753540e-01 -3.447967767715454102e-02
3.944957256317138672e-01 -1.567045450210571289e-01 -5.596489179879426956e-03
3.546254038810729980e-01 -1.626164466142654419e-01 -3.905810043215751648e-02
3.121203780174255371e-01 -1.819183975458145142e-01 -2.445415221154689789e-02
3.271211981773376465e-01 -1.979717761278152466e-01 2.357726730406284332e-02
2.551877796649932861e-01 -1.871933043003082275e-01 9.783867001533508301e-02
2.502402365207672119e-01 -1.641976982355117798e-01 1.118950545787811279e-01
2.355373650789260864e-01 -1.559855788946151733e-01 1.097935438156127930e-01
2.174557894468307495e-01 -1.713362783193588257e-01 6.199270486831665039e-02
1.666890531778335571e-01 -1.159912794828414917e-01 3.821656852960586548e-02
1.874328702688217163e-01 1.839601695537567139e-01 1.429145336151123047e-01
2.593436241149902344e-01 3.530433773994445801e-01 1.630291044712066650e-01
2.754769623279571533e-01 3.740532398223876953e-01 1.140449792146682739e-01
2.615260481834411621e-01 4.051030278205871582e-01 7.894184440374374390e-02
2.030444145202636719e-01 3.977266550064086914e-01 -8.587022311985492706e-03
1.694603115320205688e-01 3.807261586189270020e-01 -9.841510653495788574e-02
2.585675120353698730e-01 3.409291207790374756e-01 -1.663767695426940918e-01
5.588048696517944336e-02 2.751070261001586914e-01 -2.700432240962982178e-01
-2.516593337059020996e-01 2.245772033929824829e-01 -3.908288180828094482e-01
-3.489004373550415039e-01 1.915333271026611328e-01 -4.680302441120147705e-01
-3.383791446685791016e-01 1.855597943067550659e-01 -5.158942341804504395e-01
-2.803183495998382568e-01 2.472756057977676392e-01 -5.467458367347717285e-01
-3.105028867721557617e-01 2.579703927040100098e-01 -5.417304039001464844e-01
-3.374856710433959961e-01 2.505075633525848389e-01 -5.576739907264709473e-01
-3.411205708980560303e-01 2.666700482368469238e-01 -5.820757746696472168e-01
-2.773998379707336426e-01 2.406957596540451050e-01 -5.706887245178222656e-01
-2.803473472595214844e-01 2.191150784492492676e-01 -5.536879301071166992e-01
-3.253613114356994629e-01 1.862529665231704712e-01 -5.088858604431152344e-01
-1.958375424146652222e-01 1.558761000633239746e-01 -4.192970991134643555e-01
6.291562318801879883e-02 2.355992794036865234e-01 -3.368428349494934082e-01
1.245668157935142517e-01 3.197716474533081055e-01 -3.416332006454467773e-01
1.414756029844284058e-01 2.654124498367309570e-01 -3.915961086750030518e-01
1.234598830342292786e-01 2.444826811552047729e-01 -4.315110743045806885e-01
1.200462356209754944e-01 2.553364336490631104e-01 -4.070234596729278564e-01
-1.107250973582267761e-01 2.829492688179016113e-01 -4.371433556079864502e-01
-1.951505392789840698e-01 2.311667054891586304e-01 -4.859488606452941895e-01
-1.825696974992752075e-01 2.584370374679565430e-01 -4.908744990825653076e-01
-1.766418665647506714e-01 3.010719418525695801e-01 -4.485601782798767090e-01
-1.133965700864791870e-01 3.278215825557708740e-01 -3.754044771194458008e-01
-6.136030331254005432e-02 2.896251678466796875e-01 -3.649591803550720215e-01
-9.146901965141296387e-02 2.685534954071044922e-01 -3.846605122089385986e-01
-7.123813778162002563e-02 2.163214534521102905e-01 -4.091838896274566650e-01
-1.489164084196090698e-01 2.056830674409866333e-01 -4.086167514324188232e-01
-1.748588085174560547e-01 2.345945984125137329e-01 -4.851962924003601074e-01
-1.836716532707214355e-01 2.339978516101837158e-01 -4.962418377399444580e-01
-1.555140614509582520e-01 2.448573708534240723e-01 -4.051465094089508057e-01
-1.193131804466247559e-01 2.356203049421310425e-01 -1.674070209264755249e-01
-7.650228589773178101e-02 1.628740727901458740e-01 -1.570331007242202759e-01
2.562033832073211670e-01 2.007995396852493286e-01 -2.292261719703674316e-01
1.526124030351638794e-01 2.744957804679870605e-01 -6.835985928773880005e-02
-6.042467802762985229e-02 4.514848887920379639e-01 2.269528955221176147e-01
-1.699780821800231934e-01 4.241496920585632324e-01 3.190978765487670898e-01
-1.699913144111633301e-01 4.591759741306304932e-01 2.116707116365432739e-01
-2.487039417028427124e-01 4.236464500427246094e-01 1.534868180751800537e-01
-3.447158932685852051e-01 3.793876469135284424e-01 2.133805751800537109e-01
-3.659830689430236816e-01 3.698758184909820557e-01 2.063653767108917236e-01
-4.069400429725646973e-01 3.497241735458374023e-01 2.037246972322463989e-01
-3.518542647361755371e-01 3.075782358646392822e-01 1.950015574693679810e-01
-3.246288597583770752e-01 3.345438539981842041e-01 2.672928571701049805e-01
-2.090924084186553955e-01 4.478556811809539795e-01 2.605134844779968262e-01
-1.554649323225021362e-01 3.785765767097473145e-01 4.013571739196777344e-01
-8.400256186723709106e-02 2.959473133087158203e-01 4.929075539112091064e-01
2.714474126696586609e-02 2.239762395620346069e-01 4.954500496387481689e-01
3.425689181312918663e-03 1.214717850089073181e-01 4.871742725372314453e-01
1.282712072134017944e-01 4.682641848921775818e-02 5.170689821243286133e-01
1.943381130695343018e-01 3.097591549158096313e-02 4.906710386276245117e-01
2.556836307048797607e-01 -6.289073079824447632e-02 4.586438536643981934e-01
2.856652736663818359e-01 -1.115283071994781494e-01 2.975100874900817871e-01
3.317235410213470459e-01 -1.592888981103897095e-01 2.603498399257659912e-01
3.950840830802917480e-01 -1.878201663494110107e-01 3.545760810375213623e-01
4.075863957405090332e-01 -1.750379204750061035e-01 2.570884823799133301e-01
3.375145196914672852e-01 -9.782706201076507568e-02 1.839286237955093384e-01
2.060790956020355225e-01 -3.925175964832305908e-02 1.499205827713012695e-01
1.328699886798858643e-01 6.186622381210327148e-02 1.594940572977066040e-01
3.780302125960588455e-03 3.375064432621002197e-01 1.740514039993286133e-01
-1.417553275823593140e-01 4.435187280178070068e-01 4.392877221107482910e-02
-7.355774194002151489e-02 4.180317223072052002e-01 -2.345403581857681274e-01
-1.800487935543060303e-02 2.533731460571289062e-01 -4.652072787284851074e-01
-1.929667778313159943e-02 2.254255861043930054e-01 -5.734967589378356934e-01
1.076059136539697647e-02 2.312778234481811523e-01 -6.007859706878662109e-01
4.307711124420166016e-02 1.417450904846191406e-01 -6.170624494552612305e-01
9.379569441080093384e-02 1.129868812859058380e-02 -6.128552556037902832e-01
1.124244034290313721e-01 1.544746570289134979e-02 -6.266581416130065918e-01
1.137919425964355469e-01 -1.329339924268424511e-03 -6.120321750640869141e-01
1.178759783506393433e-01 -1.359341014176607132e-02 -6.097037792205810547e-01
1.474808901548385620e-01 4.312140867114067078e-02 -5.959462523460388184e-01
1.679475307464599609e-01 1.310683488845825195e-01 -5.871936678886413574e-01
1.619169563055038452e-01 5.052261427044868469e-02 -6.384810805320739746e-01
1.413361877202987671e-01 3.157902508974075317e-02 -6.581176519393920898e-01
1.267955452203750610e-01 1.416784971952438354e-01 -6.515050530433654785e-01
1.238781213760375977e-01 8.289123326539993286e-02 -6.607602238655090332e-01
1.072294265031814575e-01 7.559222728013992310e-02 -6.580942869186401367e-01
1.149243265390396118e-01 1.391642093658447266e-01 -6.204422712326049805e-01
