4.489519717212168970e-02
0.000000000000000000e+00
0.000000000000000000e+00
0.000000000000000000e+00
4.625228100470826775e-02
1.252226695072349667e-03
0.000000000000000000e+00
0.000000000000000000e+00
1.203832390276161381e-02
2.034267135771671009e-02
1.718974986679602801e-02
6.472182232343274763e-03
0.000000000000000000e+00
0.000000000000000000e+00
0.000000000000000000e+00
0.000000000000000000e+00
2.151937916666553027e-03
8.113638645127393620e-03
1.015859995294250522e-02
4.967761707087456520e-03
2.251082075885010251e-03
0.000000000000000000e+00
0.000000000000000000e+00
0.000000000000000000e+00
0.000000000000000000e+00
0.000000000000000000e+00
0.000000000000000000e+00
3.445847548037395559e-03
1.388230466928897650e-02
1.325055684239544000e-02
8.729500612780159360e-03
2.864682111164172391e-03
0.000000000000000000e+00
0.000000000000000000e+00
0.000000000000000000e+00
0.000000000000000000e+00
0.000000000000000000e+00
0.000000000000000000e+00
0.000000000000000000e+00
2.164640207849372923e-03
0.000000000000000000e+00
0.000000000000000000e+00
0.000000000000000000e+00
0.000000000000000000e+00
0.000000000000000000e+00
0.000000000000000000e+00
0.000000000000000000e+00
0.000000000000000000e+00
0.000000000000000000e+00
0.000000000000000000e+00
0.000000000000000000e+00
0.000000000000000000e+00
0.000000000000000000e+00
0.000000000000000000e+00
0.000000000000000000e+00
3.856333033851161874e-03
9.642521765487880800e-03
7.695096842337754463e-03
9.707312463361345012e-03
1.255776300772765142e-02
2.106065462951152434e-02
1.355173982488620810e-02
0.000000000000000000e+00
0.000000000000000000e+00
0.000000000000000000e+00
0.000000000000000000e+00
5.927291154911737414e-02
1.362291190497921245e-01
1.193125425813130608e-01
2.429831427076742725e-02
0.000000000000000000e+00
0.000000000000000000e+00
0.000000000000000000e+00
1.153640459790262161e-02
9.530122915149603913e-03
5.527293418007057750e-03
0.000000000000000000e+00
0.000000000000000000e+00
0.000000000000000000e+00
0.000000000000000000e+00
7.466877169419919953e-04
0.000000000000000000e+00
0.000000000000000000e+00
0.000000000000000000e+00
0.000000000000000000e+00
5.050377478717369556e-03
1.126050990305393039e-02
1.768991893606516527e-02
2.174437747574022375e-02
2.878683705146171598e-02
3.482563827428678677e-02
2.529775693993415245e-02
9.029985826929451051e-03
0.000000000000000000e+00
0.000000000000000000e+00
6.602987630055877528e-03
1.142423542964341419e-02
1.267129282425271536e-02
6.488925765170438717e-03
2.194798337041275072e-03
3.203134645193616908e-04
0.000000000000000000e+00
0.000000000000000000e+00
0.000000000000000000e+00
0.000000000000000000e+00
0.000000000000000000e+00
0.000000000000000000e+00
0.000000000000000000e+00
4.041036674890098601e-02
3.190837117796228584e-01
