-6.714688986539840698e-02 2.005879022181034088e-02 6.696439813822507858e-03
-6.278642266988754272e-02 5.170063674449920654e-02 1.042906120419502258e-01
-5.101944878697395325e-02 4.201334342360496521e-02 1.501358151435852051e-01
-7.843671739101409912e-02 6.613718718290328979e-02 1.383710354566574097e-01
-1.912373751401901245e-01 3.205940499901771545e-02 2.081937491893768311e-01
-2.559320628643035889e-01 -2.092443555593490601e-01 3.391350209712982178e-01
-1.687465906143188477e-01 -3.733931481838226318e-01 4.803388714790344238e-01
4.329955205321311951e-02 -3.990646004676818848e-01 4.706291854381561279e-01
2.473031878471374512e-01 -1.241294220089912415e-01 1.650609225034713745e-01
2.992356121540069580e-01 3.601586520671844482e-01 -2.475890666246414185e-01
2.467687875032424927e-01 5.026402473449707031e-01 -4.066348373889923096e-01
1.245692670345306396e-01 4.296535253524780273e-01 -4.157947599887847900e-01
-1.164550893008708954e-02 1.570325046777725220e-01 -4.533981084823608398e-01
-1.649269014596939087e-01 -1.536091268062591553e-01 -4.931539595127105713e-01
-1.456074416637420654e-01 -2.432485818862915039e-01 -4.543409943580627441e-01
3.976129367947578430e-02 -2.000543028116226196e-01 -2.450262159109115601e-01
2.053669393062591553e-01 -4.834267124533653259e-02 2.070087194442749023e-01
2.391539067029953003e-01 5.706137046217918396e-02 3.990058600902557373e-01
9.837641566991806030e-02 8.654257655143737793e-02 3.742555081844329834e-01
-5.943459644913673401e-02 6.473688781261444092e-02 2.146199792623519897e-01
-1.398847550153732300e-01 -1.030204165726900101e-02 1.480140071362257004e-02
-1.433525681495666504e-01 -5.904920399188995361e-02 -7.348451018333435059e-02
-1.594242751598358154e-01 -1.133991852402687073e-01 -1.200182139873504639e-01
-1.446800976991653442e-01 -1.185443401336669922e-01 -4.326964169740676880e-02
-1.035340610542334616e-04 -1.060236394405364990e-01 2.277439385652542114e-01
1.632688045501708984e-01 -1.082094237208366394e-01 4.064916074275970459e-01
2.779642939567565918e-01 -1.083338260650634766e-01 4.273966252803802490e-01
2.287500798702239990e-01 -1.043275073170661926e-01 1.559903770685195923e-01
3.758216649293899536e-02 -8.491222560405731201e-02 -3.372896313667297363e-01
-1.264966279268264771e-01 -5.473424121737480164e-02 -4.770279526710510254e-01
-1.653115004301071167e-01 6.147883087396621704e-02 -4.969554841518402100e-01
1.551374793052673340e-02 2.219093888998031616e-01 -4.598436951637268066e-01
2.752703130245208740e-01 3.535335063934326172e-01 -4.306653439998626709e-01
4.363107085227966309e-01 3.483938574790954590e-01 -3.659712970256805420e-01
3.892093598842620850e-01 1.718306243419647217e-01 3.856145590543746948e-02
6.428410112857818604e-02 -5.115542560815811157e-02 3.990291059017181396e-01
-2.366344034671783447e-01 -1.646903753280639648e-01 4.956607818603515625e-01
-3.768143653869628906e-01 -1.706069409847259521e-01 3.921209871768951416e-01
-3.296147286891937256e-01 -1.294673979282379150e-01 7.038822770118713379e-02
-2.442637979984283447e-01 -1.911668777465820312e-01 -6.678672134876251221e-02
-2.004601806402206421e-01 -2.124974876642227173e-01 5.203623790293931961e-03
-1.216682195663452148e-01 -1.088400334119796753e-01 2.071956247091293335e-01
-1.566325128078460693e-01 3.280318900942802429e-02 3.497615456581115723e-01
-1.905423551797866821e-01 1.397994309663772583e-01 3.603616952896118164e-01
-1.985637545585632324e-01 4.190554842352867126e-02 2.582227885723114014e-01
-1.265554577112197876e-01 -1.124584451317787170e-01 -3.161153569817543030e-02
1.207308322191238403e-01 -1.483378559350967407e-01 -3.028823137283325195e-01
3.336543142795562744e-01 7.773266732692718506e-02 -4.478427171707153320e-01
4.133533239364624023e-01 3.398002684116363525e-01 -4.843755662441253662e-01
3.572584092617034912e-01 4.188403785228729248e-01 -4.039012491703033447e-01
1.455174982547760010e-01 3.535308837890625000e-01 -2.506309449672698975e-01
-1.798160076141357422e-01 6.336392462253570557e-02 7.897038012742996216e-02
-3.086205422878265381e-01 -1.352566778659820557e-01 3.389672935009002686e-01
-2.414394170045852661e-01 -1.612096875905990601e-01 3.228706717491149902e-01
-3.225240856409072876e-02 -1.742930263280868530e-01 1.290313005447387695e-01
1.581334322690963745e-01 -1.127016469836235046e-01 -1.671956032514572144e-01
1.371446549892425537e-01 -1.215469464659690857e-01 -2.586618363857269287e-01
2.601357176899909973e-02 -2.167914062738418579e-01 -1.121400222182273865e-01
-1.008060425519943237e-01 -2.533261477947235107e-01 8.354297280311584473e-02
-1.349425166845321655e-01 -1.572868376970291138e-01 2.852391302585601807e-01
-5.286243930459022522e-02 6.438148766756057739e-02 4.007376432418823242e-01
1.061562914401292801e-03 1.296555399894714355e-01 4.330500960350036621e-01
5.625915154814720154e-02 7.333362847566604614e-02 3.661558926105499268e-01
-6.029763445258140564e-02 1.045702546834945679e-01 1.018980443477630615e-01
-2.258482128381729126e-01 3.479193150997161865e-01 -2.946650981903076172e-01
-2.182057499885559082e-01 5.032993555068969727e-01 -4.773500561714172363e-01
-2.312781661748886108e-01 2.510248124599456787e-01 -4.625576436519622803e-01
8.557315915822982788e-02 -3.495336174964904785e-01 -3.094286024570465088e-01
3.368079662322998047e-01 -5.343890190124511719e-01 8.790229447185993195e-03
3.802488744258880615e-01 -3.683724403381347656e-01 1.501146405935287476e-01
3.108773827552795410e-01 4.825364053249359131e-02 1.103263944387435913e-01
-3.759454935789108276e-02 2.206957787275314331e-01 8.492939174175262451e-02
-2.808408141136169434e-01 1.152173206210136414e-01 1.673102080821990967e-01
-3.529230356216430664e-01 6.287786364555358887e-02 2.347708940505981445e-01
-3.211470544338226318e-01 1.420726478099822998e-01 1.985452324151992798e-01
-2.164019197225570679e-01 2.109029740095138550e-01 4.029911383986473083e-02
-1.453816741704940796e-01 1.404977440834045410e-01 -1.421647071838378906e-01
-2.302214875817298889e-02 -8.321978896856307983e-02 -1.410722583532333374e-01
1.006800755858421326e-01 -2.862218022346496582e-01 -7.046401500701904297e-02
1.452965885400772095e-01 -3.232127726078033447e-01 9.667715057730674744e-04
1.328104734420776367e-01 -3.124040961265563965e-01 -2.267582528293132782e-02
9.459562599658966064e-02 -2.712890505790710449e-01 -1.237137168645858765e-01
1.390257179737091064e-01 -1.611313819885253906e-01 -1.070921197533607483e-01
1.598419398069381714e-01 2.796799317002296448e-02 -3.205281868577003479e-02
1.053266748785972595e-01 2.432994842529296875e-01 1.066763419657945633e-02
8.424840867519378662e-02 2.728033661842346191e-01 -6.709254533052444458e-02
1.982999444007873535e-01 1.752427816390991211e-01 -1.441586464643478394e-01
3.869603276252746582e-01 1.569137424230575562e-01 -6.964202225208282471e-02
4.442883729934692383e-01 5.416358634829521179e-02 8.963127434253692627e-02
1.987675279378890991e-01 -1.670908778905868530e-01 1.014005541801452637e-01
-2.756933867931365967e-01 -4.658134877681732178e-01 -8.642704039812088013e-02
-4.522434473037719727e-01 -6.011196970939636230e-01 -3.262494206428527832e-01
-4.382740855216979980e-01 -4.361064136028289795e-01 -3.679047524929046631e-01
-2.252304702997207642e-01 2.383652143180370331e-02 -1.811868697404861450e-01
-4.344001878052949905e-03 4.169814288616180420e-01 9.199465811252593994e-02
7.875210791826248169e-02 5.025877952575683594e-01 2.650671005249023438e-01
1.229837164282798767e-02 4.019728600978851318e-01 2.524506449699401855e-01
-3.064999729394912720e-02 2.542823553085327148e-01 1.607176214456558228e-01
4.779313132166862488e-02 1.781072616577148438e-01 7.050166279077529907e-02
8.740299940109252930e-02 1.514890342950820923e-01 4.592023789882659912e-02
6.960102915763854980e-02 6.977907568216323853e-02 6.366221606731414795e-02
8.704585023224353790e-03 -4.448905214667320251e-02 2.956624329090118408e-02
3.198106959462165833e-02 -1.535760611295700073e-01 -1.278623566031455994e-02
1.844311207532882690e-01 -2.075743079185485840e-01 3.019301779568195343e-02
2.784124612808227539e-01 -1.805263161659240723e-01 1.686565279960632324e-01
2.455393970012664795e-01 -1.428059339523315430e-01 2.891505360603332520e-01
5.816869437694549561e-02 -8.798822015523910522e-02 2.648945152759552002e-01
-1.357472538948059082e-01 7.377155870199203491e-02 8.919958025217056274e-02
-1.763720214366912842e-01 1.487721353769302368e-01 -7.206773757934570312e-02
-1.309383362531661987e-01 1.420449316501617432e-01 -1.247530356049537659e-01
