-7.659161835908889771e-02 -2.118222117424011230e-01 -6.665556877851486206e-02
-1.257557421922683716e-01 -2.151134759187698364e-01 -4.030029848217964172e-02
-1.110132783651351929e-01 -1.773540228605270386e-01 -1.376430317759513855e-02
-1.595295220613479614e-01 -4.042099043726921082e-02 4.743760451674461365e-02
-6.408619135618209839e-02 -5.969934910535812378e-02 3.703882545232772827e-02
-2.740697376430034637e-02 -9.454758465290069580e-02 1.239560395479202271e-01
1.709119826555252075e-01 1.877543330192565918e-01 2.059464752674102783e-01
4.134626090526580811e-01 4.902089834213256836e-01 1.834768503904342651e-01
4.172746241092681885e-01 6.331536173820495605e-01 1.079540103673934937e-01
3.264422714710235596e-01 6.100617647171020508e-01 5.666844546794891357e-03
9.307546913623809814e-02 4.346954822540283203e-01 2.344301529228687286e-02
-1.238814964890480042e-01 2.031754255294799805e-01 1.042349711060523987e-01
-2.040721029043197632e-01 1.267401874065399170e-01 2.187333256006240845e-01
-1.843308359384536743e-01 -2.687136083841323853e-02 2.532407343387603760e-01
-1.332808751612901688e-03 -3.478077054023742676e-01 2.737330496311187744e-01
9.899282455444335938e-02 -4.851942956447601318e-01 2.264560312032699585e-01
6.726901233196258545e-02 -5.094348788261413574e-01 7.529795914888381958e-02
-8.179745823144912720e-02 -3.691765069961547852e-01 -6.894482672214508057e-02
-2.549282908439636230e-01 -9.669131040573120117e-02 -1.122155189514160156e-01
-2.352283298969268799e-01 -5.563389975577592850e-03 -5.977404490113258362e-02
-1.874878853559494019e-01 -1.248884201049804688e-02 -1.306949835270643234e-02
-8.491837233304977417e-02 -5.506915971636772156e-03 1.119712716899812222e-03
4.745075106620788574e-02 -5.458101257681846619e-02 -9.490829892456531525e-03
1.128329429775476456e-02 -8.690945059061050415e-02 5.002399906516075134e-03
9.426576644182205200e-02 -1.252073645591735840e-01 1.127437595278024673e-02
1.157576143741607666e-01 2.698201127350330353e-02 -7.085641473531723022e-02
5.578726902604103088e-02 3.179948627948760986e-01 -1.902145594358444214e-01
8.588013052940368652e-02 4.288162589073181152e-01 -2.565562725067138672e-01
9.181395918130874634e-02 4.574556052684783936e-01 -2.557920217514038086e-01
1.080561801791191101e-01 2.218633741140365601e-01 -2.011327743530273438e-01
2.178838998079299927e-01 -8.724479377269744873e-02 -1.430386602878570557e-01
2.262851893901824951e-01 -1.112077981233596802e-01 -8.195949345827102661e-02
7.127459347248077393e-02 -3.369308710098266602e-01 -6.919365376234054565e-02
-1.726711988449096680e-01 -5.464271306991577148e-01 -1.448573768138885498e-01
-3.570247888565063477e-01 -6.246772408485412598e-01 -1.758952885866165161e-01
-4.412556886672973633e-01 -5.912677049636840820e-01 -1.905849128961563110e-01
-3.770235478878021240e-01 -2.890551090240478516e-01 -1.762410849332809448e-01
-3.206555247306823730e-01 9.778955020010471344e-03 -1.345781087875366211e-01
-2.798053920269012451e-01 5.328780785202980042e-02 -1.262988895177841187e-01
-1.111630201339721680e-01 -5.846582353115081787e-02 -1.089298799633979797e-01
1.049185320734977722e-01 -1.044456064701080322e-01 -5.393658578395843506e-02
4.207453727722167969e-01 -1.486447453498840332e-02 4.069523513317108154e-02
4.863860011100769043e-01 7.055590301752090454e-02 1.280027329921722412e-01
3.623320162296295166e-01 2.436327785253524780e-01 2.300516664981842041e-01
2.154658138751983643e-01 4.241304993629455566e-01 3.002694249153137207e-01
6.657695770263671875e-02 4.802697896957397461e-01 2.310907244682312012e-01
1.315077543258666992e-01 4.628286063671112061e-01 6.878432631492614746e-02
1.581427901983261108e-01 2.896917462348937988e-01 -8.339384943246841431e-02
5.773402005434036255e-02 7.241029292345046997e-02 -1.134059429168701172e-01
-1.683776974678039551e-01 -2.253863960504531860e-01 -4.964322596788406372e-02
-3.393701314926147461e-01 -4.310385584831237793e-01 -5.069054197520017624e-03
-3.449855148792266846e-01 -4.557792246341705322e-01 -1.451556105166673660e-02
-3.362766504287719727e-01 -3.763174116611480713e-01 -2.661781199276447296e-02
-2.857080399990081787e-01 -5.451590567827224731e-02 5.564686283469200134e-02
-2.345387488603591919e-01 1.185957044363021851e-01 8.680545538663864136e-02
-1.452064514160156250e-01 -9.706349112093448639e-03 8.480601012706756592e-02
-3.551555052399635315e-02 -1.197259947657585144e-01 2.995607815682888031e-02
-5.497662723064422607e-02 -2.332838773727416992e-01 -5.462619941681623459e-03
4.427235946059226990e-02 -2.268242686986923218e-01 -1.833694614470005035e-02
2.979474365711212158e-01 -5.952081456780433655e-02 3.982084803283214569e-03
4.436869919300079346e-01 5.519757792353630066e-02 4.662049934267997742e-02
3.100806474685668945e-01 2.112685590982437134e-01 1.816437989473342896e-01
6.552404910326004028e-02 3.954885900020599365e-01 2.263519167900085449e-01
1.417830884456634521e-01 5.369745492935180664e-01 1.147978007793426514e-01
-4.912557546049356461e-03 5.292395949363708496e-01 -9.859747253358364105e-03
-2.644791305065155029e-01 2.797297239303588867e-01 9.662024676799774170e-02
-3.444716036319732666e-01 -1.370078772306442261e-01 3.528088331222534180e-01
-3.306239247322082520e-01 -3.613803386688232422e-01 3.166739344596862793e-01
-3.599610552191734314e-02 -2.979074120521545410e-01 1.413870155811309814e-01
8.215577155351638794e-02 -1.258076131343841553e-01 -1.399364769458770752e-01
-6.546093523502349854e-02 -7.449972629547119141e-02 -2.474419474601745605e-01
-1.788801103830337524e-01 -1.116391718387603760e-01 -1.579457819461822510e-01
-2.429196089506149292e-01 -1.016334444284439087e-01 -5.044833570718765259e-02
-1.219104304909706116e-01 1.445820648223161697e-02 7.668611407279968262e-02
-1.004988029599189758e-01 2.034060209989547729e-01 8.879053592681884766e-02
-1.203578561544418335e-01 1.913954466581344604e-01 2.078024297952651978e-01
-1.233567669987678528e-01 9.390252083539962769e-02 3.431419730186462402e-01
2.685016021132469177e-02 -1.687299646437168121e-02 4.673908650875091553e-01
2.247944474220275879e-01 -5.601480230689048767e-02 5.091387033462524414e-01
2.555505633354187012e-01 8.746232092380523682e-02 4.009661376476287842e-01
2.558396756649017334e-01 1.632598638534545898e-01 2.887370288372039795e-01
2.669772505760192871e-01 1.560480147600173950e-01 2.404777854681015015e-01
4.177926480770111084e-01 6.123157590627670288e-02 1.192244961857795715e-01
4.224689900875091553e-01 4.320390056818723679e-03 -4.889924824237823486e-02
2.958154976367950439e-01 7.671202067285776138e-03 -6.455595046281814575e-02
1.943696290254592896e-01 7.319539785385131836e-03 -1.454155985265970230e-02
-3.624123753979802132e-03 -6.931389868259429932e-02 -5.695302039384841919e-03
-1.580433994531631470e-01 -1.950792223215103149e-01 -2.128204405307769775e-01
-3.890442550182342529e-01 -1.637272089719772339e-01 -4.216856062412261963e-01
-5.135453343391418457e-01 -2.861125580966472626e-02 -4.459968507289886475e-01
-2.130937874317169189e-01 8.294701110571622849e-04 -4.589776694774627686e-01
2.614616751670837402e-01 -4.477857053279876709e-02 -4.468272328376770020e-01
5.111193060874938965e-01 -1.726923286914825439e-01 -4.181643128395080566e-01
5.588841438293457031e-01 -3.273875117301940918e-01 -3.641976714134216309e-01
4.144142866134643555e-01 -3.421320021152496338e-01 -2.533517479896545410e-01
2.415856122970581055e-01 -3.184335231781005859e-01 -1.257689893245697021e-01
1.404007971286773682e-01 -2.097516953945159912e-01 6.124580651521682739e-02
8.925314247608184814e-02 -1.203502640128135681e-01 1.872888505458831787e-01
9.859778732061386108e-02 -1.289312243461608887e-01 2.585094273090362549e-01
7.003045827150344849e-02 -1.297932565212249756e-01 2.257425338029861450e-01
-1.141792684793472290e-01 -9.421230107545852661e-02 1.072055846452713013e-01
-2.117160856723785400e-01 -4.081705212593078613e-02 5.635383725166320801e-02
-1.585069596767425537e-01 -2.375030744588002563e-04 4.130309447646141052e-03
-8.779950439929962158e-02 -2.589672803878784180e-02 -1.660578697919845581e-02
-9.769745171070098877e-02 -1.158956624567508698e-02 -1.028052866458892822e-01
-1.182851120829582214e-01 1.034346446394920349e-01 -2.429728507995605469e-01
-1.205383464694023132e-01 2.831614315509796143e-01 -3.377932608127593994e-01
-1.411907076835632324e-01 3.976224958896636963e-01 -3.379319608211517334e-01
-1.033494621515274048e-01 3.697989583015441895e-01 -2.469810694456100464e-01
-1.548839658498764038e-01 2.583526670932769775e-01 -1.229286342859268188e-01
