4.628471732139587402e-01 7.700480520725250244e-02 -6.012795567512512207e-01
4.602527916431427002e-01 6.518466770648956299e-02 -6.219819784164428711e-01
4.090508818626403809e-01 5.930623412132263184e-02 -6.260179281234741211e-01
3.043105900287628174e-01 1.649797707796096802e-01 -6.133038997650146484e-01
2.813715338706970215e-01 1.213016286492347717e-01 -6.313396096229553223e-01
3.603741824626922607e-01 6.260706484317779541e-02 -6.083469986915588379e-01
4.300724565982818604e-01 4.242634400725364685e-02 -5.987600088119506836e-01
4.296889603137969971e-01 3.852068632841110229e-02 -6.037757992744445801e-01
4.724998772144317627e-01 8.886738121509552002e-02 -6.038142442703247070e-01
5.176625847816467285e-01 1.173776239156723022e-01 -5.723989009857177734e-01
5.631437301635742188e-01 1.108422130346298218e-01 -5.428358316421508789e-01
5.542786717414855957e-01 7.602050900459289551e-02 -5.404866933822631836e-01
5.529010891914367676e-01 8.783505111932754517e-02 -5.432382822036743164e-01
5.189988017082214355e-01 2.186994627118110657e-02 -5.754434466361999512e-01
4.851175546646118164e-01 -4.273575264960527420e-03 -5.958564877510070801e-01
4.714440107345581055e-01 -6.027337908744812012e-02 -5.930476188659667969e-01
4.612149298191070557e-01 -1.342452946119010448e-03 -5.964660048484802246e-01
4.465199708938598633e-01 -3.877166658639907837e-03 -5.829093456268310547e-01
4.656254351139068604e-01 -2.664713375270366669e-02 -5.813758969306945801e-01
4.755962193012237549e-01 -1.414209976792335510e-02 -5.583913326263427734e-01
4.943904280662536621e-01 -9.210349060595035553e-03 -5.579231381416320801e-01
4.447715282440185547e-01 3.519298881292343140e-02 -5.667508244514465332e-01
4.559336006641387939e-01 1.409610640257596970e-02 -5.842227935791015625e-01
4.256806671619415283e-01 5.231222137808799744e-02 -5.804768204689025879e-01
4.017438590526580811e-01 5.413694307208061218e-02 -5.907824635505676270e-01
3.799581229686737061e-01 5.942162498831748962e-02 -5.696638226509094238e-01
3.525646030902862549e-01 1.858685538172721863e-02 -5.870097875595092773e-01
2.931774556636810303e-01 2.377047948539257050e-02 -6.073149442672729492e-01
2.130399048328399658e-01 6.427006423473358154e-02 -6.130282282829284668e-01
6.186457350850105286e-02 4.191727936267852783e-02 -5.928454995155334473e-01
2.604888379573822021e-02 1.103016734123229980e-02 -6.352202892303466797e-01
-1.207331009209156036e-02 2.631911821663379669e-02 -6.497965455055236816e-01
-4.631366953253746033e-02 1.210299059748649597e-01 -6.164755821228027344e-01
-2.268736213445663452e-01 -1.770606823265552521e-02 -2.912402451038360596e-01
-2.957099080085754395e-01 -1.069445684552192688e-01 -2.230456471443176270e-01
-6.295137852430343628e-02 5.581001192331314087e-02 -3.596513271331787109e-01
-5.093008279800415039e-02 -3.981570526957511902e-02 -3.289010748267173767e-02
-4.656826704740524292e-02 -2.583764493465423584e-01 3.128382861614227295e-01
9.328464418649673462e-02 -2.623827457427978516e-01 3.096555769443511963e-01
-2.261718958616256714e-01 -4.454717040061950684e-01 3.242596685886383057e-01
-2.880010604858398438e-01 -3.144750893115997314e-01 1.354767829179763794e-01
-3.420335352420806885e-01 -4.848021268844604492e-01 -1.057340018451213837e-02
-3.443643748760223389e-01 -5.717896819114685059e-01 4.117190465331077576e-02
-1.570146679878234863e-01 -5.863855481147766113e-01 9.617558866739273071e-02
2.589764595031738281e-01 -5.663326382637023926e-01 -3.624774888157844543e-02
2.893645167350769043e-01 -3.624209761619567871e-01 3.513532923534512520e-03
3.042169511318206787e-01 -2.711796760559082031e-01 1.079461127519607544e-01
2.285259813070297241e-01 -2.641946971416473389e-01 9.611896425485610962e-02
2.065367251634597778e-01 -2.679649889469146729e-01 9.942297637462615967e-02
1.791677623987197876e-01 -3.015464246273040771e-01 1.044864803552627563e-01
2.139910608530044556e-01 -3.075294494628906250e-01 5.391076579689979553e-02
2.048340439796447754e-01 -3.521232604980468750e-01 3.985130414366722107e-02
1.894024908542633057e-01 -3.299053311347961426e-01 2.918395213782787323e-02
1.681453138589859009e-01 -3.434534966945648193e-01 -2.858926355838775635e-02
1.323767602443695068e-01 -3.825418055057525635e-01 -6.731454282999038696e-02
1.479112058877944946e-01 -3.738454282283782959e-01 -3.133203834295272827e-02
2.007202208042144775e-01 -3.558860123157501221e-01 -4.774974286556243896e-02
2.028026580810546875e-01 -3.879219889640808105e-01 -6.760792434215545654e-02
1.907416433095932007e-01 -4.241349995136260986e-01 -9.832625091075897217e-02
1.916638612747192383e-01 -4.107345044612884521e-01 -4.630644619464874268e-02
2.078152894973754883e-01 -3.795167207717895508e-01 -6.628274451941251755e-03
2.746756374835968018e-01 -3.954686224460601807e-01 -4.131279885768890381e-02
2.853523790836334229e-01 -3.901473283767700195e-01 -7.411585003137588501e-02
2.109113186597824097e-01 -4.007153511047363281e-01 -4.578188806772232056e-02
2.259375005960464478e-01 -4.359024465084075928e-01 -6.155679002404212952e-02
2.922660708427429199e-01 -4.748405814170837402e-01 -8.102768659591674805e-02
3.622596263885498047e-01 -4.165623784065246582e-01 1.812379620969295502e-02
3.609086275100708008e-01 -4.191748797893524170e-01 4.410779848694801331e-02
3.295287489891052246e-01 -4.619545936584472656e-01 3.763989079743623734e-03
2.854136228561401367e-01 -4.868848323822021484e-01 -2.385657979175448418e-03
2.438985109329223633e-01 -5.005668997764587402e-01 -1.494382228702306747e-02
2.526317834854125977e-01 -5.188296437263488770e-01 2.648744545876979828e-02
2.651376128196716309e-01 -4.755272567272186279e-01 1.965656131505966187e-02
3.037420213222503662e-01 -4.947347044944763184e-01 1.651228070259094238e-01
2.217115461826324463e-01 -4.484611153602600098e-01 5.406204611063003540e-02
2.546746730804443359e-01 -4.864009916782379150e-01 6.129617616534233093e-02
3.151487410068511963e-01 -5.004469752311706543e-01 3.339911345392465591e-03
3.563094139099121094e-01 -5.137785673141479492e-01 -9.956971555948257446e-02
2.743975818157196045e-01 -5.038694739341735840e-01 -3.959312289953231812e-02
2.041567414999008179e-01 -4.693332910537719727e-01 -4.428783431649208069e-03
2.180353254079818726e-01 -4.994114637374877930e-01 -1.066605746746063232e-01
2.911258637905120850e-01 -4.705355167388916016e-01 -9.423706680536270142e-02
3.900611698627471924e-01 -5.021803975105285645e-01 -5.630319938063621521e-02
3.969571292400360107e-01 -5.173375010490417480e-01 -1.146275550127029419e-01
4.643073081970214844e-01 -5.070357322692871094e-01 -1.501117944717407227e-01
4.792926907539367676e-01 -4.878076910972595215e-01 -1.272685825824737549e-01
5.045060515403747559e-01 -4.835212230682373047e-01 -1.080777198076248169e-01
5.246064662933349609e-01 -4.055200815200805664e-01 5.369367450475692749e-02
4.907852411270141602e-01 -3.238325715065002441e-01 4.384698718786239624e-02
5.103479623794555664e-01 -1.736219227313995361e-01 8.752205222845077515e-02
4.732875525951385498e-01 -1.039557624608278275e-03 1.740618795156478882e-01
4.065777659416198730e-01 1.154373884201049805e-01 2.494525760412216187e-01
3.041610121726989746e-01 1.750440895557403564e-01 2.841009199619293213e-01
2.136034965515136719e-01 2.428343445062637329e-01 7.284674048423767090e-02
1.342047750949859619e-01 1.765549182891845703e-01 -2.696949541568756104e-01
1.304237395524978638e-01 2.427182644605636597e-01 -4.472785294055938721e-01
5.107545107603073120e-02 1.621815562248229980e-01 -5.598289370536804199e-01
7.195805013179779053e-02 1.533355414867401123e-01 -5.568745732307434082e-01
1.213068142533302307e-01 1.349721103906631470e-01 -5.685142278671264648e-01
2.127895951271057129e-01 1.106316521763801575e-01 -5.732730031013488770e-01
2.950180768966674805e-01 8.835193514823913574e-02 -5.683678984642028809e-01
3.292296230792999268e-01 8.729141205549240112e-02 -5.827534198760986328e-01
3.091002106666564941e-01 3.561008349061012268e-02 -6.239011883735656738e-01
3.739513456821441650e-01 6.447201222181320190e-02 -5.878610610961914062e-01
4.175239801406860352e-01 5.561551824212074280e-02 -5.976817607879638672e-01
3.805534541606903076e-01 7.136149704456329346e-02 -5.192695856094360352e-01
3.805390894412994385e-01 7.159231603145599365e-02 -6.001052856445312500e-01
