6.659680604934692383e-02 -5.897227674722671509e-02 -1.615257374942302704e-02
-9.941967204213142395e-03 -8.378487080335617065e-02 -1.685502529144287109e-01
-4.035780578851699829e-02 -9.132605791091918945e-02 -2.538632750511169434e-01
-1.063489913940429688e-01 -4.485092312097549438e-02 -1.939907222986221313e-01
-6.339588016271591187e-02 3.303178772330284119e-02 -6.616170052438974380e-03
-3.951167687773704529e-02 8.184872567653656006e-02 2.000598460435867310e-01
-4.043181985616683960e-02 1.215533986687660217e-01 1.704618930816650391e-01
9.811391681432723999e-02 9.386996924877166748e-02 1.125180497765541077e-01
9.200833737850189209e-02 1.775526106357574463e-01 7.563368231058120728e-02
5.933064594864845276e-02 1.088702604174613953e-01 8.034011721611022949e-02
-7.133003324270248413e-02 6.695143878459930420e-02 6.694534420967102051e-02
-6.671948730945587158e-02 -3.503746911883354187e-02 -1.879170723259449005e-02
3.980287536978721619e-02 -1.996767222881317139e-01 -5.824411287903785706e-02
1.351594328880310059e-01 -2.252411693334579468e-01 -4.644828382879495621e-03
1.290344297885894775e-01 -2.590840160846710205e-01 2.368020080029964447e-02
-2.277099713683128357e-02 -2.084232419729232788e-01 7.033601403236389160e-02
-1.320654526352882385e-02 -1.285760253667831421e-01 7.609017938375473022e-02
-7.335343211889266968e-02 -7.065263390541076660e-02 3.631263598799705505e-02
-1.383559852838516235e-01 2.137418603524565697e-03 4.926540330052375793e-02
-1.351678967475891113e-01 -8.969007059931755066e-03 -6.103151477873325348e-03
-1.048983260989189148e-01 1.519953459501266479e-02 -2.570371516048908234e-02
4.559477418661117554e-02 -8.854934014379978180e-03 -3.143321722745895386e-02
1.749337166547775269e-01 -8.858174085617065430e-02 -4.336014389991760254e-02
5.365621298551559448e-02 -9.533323347568511963e-02 1.133185927756130695e-03
-3.423124551773071289e-02 -1.535362601280212402e-01 -3.533307462930679321e-02
-9.790667146444320679e-02 -1.609051376581192017e-01 -7.627294957637786865e-02
-1.795597970485687256e-01 -1.703420132398605347e-01 -8.385203033685684204e-02
-2.409029155969619751e-01 -1.797500550746917725e-01 -1.720230877399444580e-01
-2.984124422073364258e-01 -9.125395864248275757e-02 -2.729373574256896973e-01
-2.101092338562011719e-01 6.257600337266921997e-02 -3.136134445667266846e-01
6.993338000029325485e-03 2.686300575733184814e-01 -3.099512457847595215e-01
-4.054994788020849228e-03 4.392598271369934082e-01 -2.737435139715671539e-02
-1.527470350265502930e-01 4.466784596443176270e-01 1.470609456300735474e-01
-2.707468867301940918e-01 4.389438331127166748e-01 9.699807316064834595e-02
-2.360653728246688843e-01 1.936394721269607544e-01 1.227117627859115601e-01
-5.231735482811927795e-02 9.287565946578979492e-02 3.171246051788330078e-01
-1.460589701309800148e-03 1.771412789821624756e-01 4.689338505268096924e-01
-2.010467499494552612e-01 -2.762975357472896576e-02 5.657449960708618164e-01
-1.136615127325057983e-01 -2.371871471405029297e-01 3.952517211437225342e-01
7.062079012393951416e-02 -4.268474578857421875e-01 4.286361858248710632e-02
1.166770830750465393e-01 -4.798158407211303711e-01 -1.075413171201944351e-02
2.513631582260131836e-01 -1.090765297412872314e-01 -2.864232100546360016e-02
2.288724035024642944e-01 2.341620475053787231e-01 2.013614475727081299e-01
5.220099817961454391e-03 2.643093764781951904e-01 2.354484945535659790e-01
-6.761522963643074036e-03 2.703709900379180908e-01 1.049703955650329590e-01
-1.869203150272369385e-01 1.345394402742385864e-01 -7.220334559679031372e-02
-3.278245329856872559e-01 3.507448360323905945e-02 -1.572235673666000366e-01
-2.532041966915130615e-01 -5.828779190778732300e-02 -5.555595830082893372e-02
-1.491941213607788086e-01 -8.847415447235107422e-02 -1.549963373690843582e-02
7.879669219255447388e-02 -6.950219720602035522e-02 2.982581779360771179e-02
1.130639389157295227e-01 -8.398541808128356934e-02 -2.986979857087135315e-02
1.078741699457168579e-01 -8.999381214380264282e-02 -9.933901578187942505e-02
6.577913463115692139e-02 -1.268389672040939331e-01 -1.139192879199981689e-01
3.375784307718276978e-02 -1.387621462345123291e-01 -1.061463579535484314e-01
2.133763954043388367e-02 -6.160272657871246338e-02 -4.868268594145774841e-02
-3.293753415346145630e-02 -3.493159264326095581e-02 -3.779798047617077827e-03
-4.789670929312705994e-02 2.360843680799007416e-02 8.023587055504322052e-03
7.876577228307723999e-02 5.779565870761871338e-02 3.292170912027359009e-02
1.388360559940338135e-01 2.284673601388931274e-02 4.016289860010147095e-02
1.118642091751098633e-01 6.093731895089149475e-02 6.366422772407531738e-02
8.010064065456390381e-02 9.552315808832645416e-03 2.947830036282539368e-02
3.697241097688674927e-02 -3.093994408845901489e-02 -1.134852180257439613e-03
-3.575498238205909729e-02 -3.997420426458120346e-03 3.700555860996246338e-02
-2.520024031400680542e-02 6.580962240695953369e-02 1.010547429323196411e-01
-4.166936874389648438e-02 2.247343361377716064e-01 2.263357490301132202e-01
-1.103742867708206177e-01 2.620038986206054688e-01 2.531920671463012695e-01
-8.478726446628570557e-02 1.482068449258804321e-01 1.811991930007934570e-01
-5.677776411175727844e-02 -3.489284217357635498e-02 5.961641296744346619e-02
-4.599532112479209900e-02 -1.587538719177246094e-01 -8.114799112081527710e-02
9.209122508764266968e-03 -1.415945589542388916e-01 -7.815371453762054443e-02
-2.804750017821788788e-02 -3.302922472357749939e-02 -2.913589030504226685e-02
-7.756739109754562378e-02 1.218390390276908875e-01 6.151530519127845764e-02
-2.222591079771518707e-02 1.382158994674682617e-01 1.035086717456579208e-02
-6.034858524799346924e-02 1.542994081974029541e-01 -6.483228504657745361e-02
4.021243005990982056e-02 6.984149664640426636e-02 -9.493755549192428589e-02
9.762665629386901855e-02 -5.104459822177886963e-02 -1.432880312204360962e-01
8.798672258853912354e-02 4.198428243398666382e-03 -1.070040464401245117e-01
-1.074021831154823303e-01 7.978366315364837646e-02 -1.523023843765258789e-01
-1.373731940984725952e-01 1.273670047521591187e-01 -1.847646236419677734e-01
-1.621330715715885162e-02 1.190710663795471191e-01 -1.294687241315841675e-01
1.491667181253433228e-01 3.808693960309028625e-02 5.272139236330986023e-02
2.934399545192718506e-01 -5.266171321272850037e-02 1.076569855213165283e-01
2.020184248685836792e-01 -2.203867305070161819e-03 1.832881271839141846e-01
2.183404564857482910e-01 -1.315228641033172607e-03 1.942651420831680298e-01
2.887823581695556641e-01 5.130868032574653625e-02 1.566875278949737549e-01
3.699298799037933350e-01 1.770878732204437256e-01 1.960171163082122803e-01
4.043909609317779541e-01 5.117969214916229248e-02 1.099600940942764282e-01
2.957814037799835205e-01 2.824318967759609222e-02 9.953352127922698855e-05
9.048395603895187378e-02 -6.344106793403625488e-02 -5.328968539834022522e-02
-1.272056102752685547e-01 -9.936712682247161865e-02 -6.628446280956268311e-02
-2.549661695957183838e-01 -3.091798163950443268e-02 -3.412378951907157898e-02
-1.778987348079681396e-01 -2.283401787281036377e-01 -1.759871095418930054e-01
1.231548115611076355e-01 -3.748699724674224854e-01 -3.896250128746032715e-01
3.834903836250305176e-01 -3.958638608455657959e-01 -4.753406643867492676e-01
4.738885760307312012e-01 -4.303853511810302734e-01 -4.628388285636901855e-01
3.860642910003662109e-01 -4.177183806896209717e-01 -3.333546221256256104e-01
7.584851980209350586e-02 -3.655306100845336914e-01 -1.163588836789131165e-01
-2.136881351470947266e-01 -2.142141014337539673e-01 1.189007908105850220e-01
-2.862022221088409424e-01 2.924538590013980865e-02 2.346058785915374756e-01
-1.411063969135284424e-01 1.908241957426071167e-01 2.231030464172363281e-01
4.299357905983924866e-02 2.501182854175567627e-01 1.088628992438316345e-01
2.726932242512702942e-02 2.826278805732727051e-01 -7.300962507724761963e-02
-9.579926729202270508e-02 2.647493481636047363e-01 -1.668676137924194336e-01
-3.843075931072235107e-01 3.413444161415100098e-01 -2.208798229694366455e-01
-3.430329263210296631e-01 2.111610472202301025e-01 -2.379346787929534912e-01
-1.280229836702346802e-01 5.161587893962860107e-02 -2.153631597757339478e-01
1.673910580575466156e-02 -4.865480586886405945e-02 -1.482427716255187988e-01
