8.382805108743475453e-02
0.000000000000000000e+00
0.000000000000000000e+00
0.000000000000000000e+00
0.000000000000000000e+00
0.000000000000000000e+00
0.000000000000000000e+00
0.000000000000000000e+00
0.000000000000000000e+00
6.811361608395103545e-03
2.143721694445755235e-02
3.182656307318761785e-02
3.835239787625367019e-02
3.810633277800277302e-02
3.023568032831954952e-02
1.625292027680377144e-02
4.706741107384411656e-03
0.000000000000000000e+00
0.000000000000000000e+00
0.000000000000000000e+00
0.000000000000000000e+00
0.000000000000000000e+00
0.000000000000000000e+00
0.000000000000000000e+00
0.000000000000000000e+00
0.000000000000000000e+00
0.000000000000000000e+00
0.000000000000000000e+00
0.000000000000000000e+00
0.000000000000000000e+00
0.000000000000000000e+00
0.000000000000000000e+00
0.000000000000000000e+00
2.818536830027260076e-01
4.803443891470786653e-01
4.212271642517835257e-01
2.076265986686766374e-01
0.000000000000000000e+00
0.000000000000000000e+00
0.000000000000000000e+00
0.000000000000000000e+00
2.776236019862394766e-01
5.159320980228688791e-01
5.483442980650512499e-01
2.624344760638944174e-01
0.000000000000000000e+00
0.000000000000000000e+00
0.000000000000000000e+00
0.000000000000000000e+00
2.982883486735378453e-02
0.000000000000000000e+00
0.000000000000000000e+00
0.000000000000000000e+00
0.000000000000000000e+00
0.000000000000000000e+00
0.000000000000000000e+00
0.000000000000000000e+00
0.000000000000000000e+00
0.000000000000000000e+00
0.000000000000000000e+00
0.000000000000000000e+00
0.000000000000000000e+00
0.000000000000000000e+00
0.000000000000000000e+00
0.000000000000000000e+00
3.122350515460085504e-03
1.606252837009782344e-02
2.219622899473073022e-02
2.101149103511886634e-02
1.888962402660153070e-02
4.077136010772795284e-03
0.000000000000000000e+00
4.157577071071800329e-03
1.564207642647340649e-02
2.561814599602383474e-02
1.704770458404959374e-02
5.880715990329118091e-03
1.157509294506898177e-02
2.154794405814438804e-02
2.990704888369626058e-02
2.398879586396420599e-02
8.433219452888218726e-03
0.000000000000000000e+00
0.000000000000000000e+00
2.393534390163961148e-03
4.110186971213706728e-03
5.185392745423500309e-03
9.238958723095099662e-03
1.548939599125575585e-02
2.196476179165698581e-02
1.583355568884481715e-02
5.640128373558750234e-03
0.000000000000000000e+00
0.000000000000000000e+00
1.128931029134802111e-03
4.759957572893765837e-03
6.373683508840678573e-03
0.000000000000000000e+00
0.000000000000000000e+00
0.000000000000000000e+00
0.000000000000000000e+00
0.000000000000000000e+00
0.000000000000000000e+00
0.000000000000000000e+00
0.000000000000000000e+00
4.601911589867026253e-02
2.446986497856967757e-01
