1.693569719791412354e-01 1.542967744171619415e-02 -3.067205660045146942e-02
1.897141635417938232e-01 3.836312144994735718e-02 1.532817375846207142e-03
7.131794095039367676e-02 4.287055507302284241e-02 7.370100915431976318e-02
-1.640985906124114990e-01 4.509013146162033081e-02 1.288662850856781006e-01
-2.600611448287963867e-01 5.796714127063751221e-02 1.440089941024780273e-01
-2.249848246574401855e-01 1.274309586733579636e-02 9.189245849847793579e-02
-1.021772772073745728e-01 -2.280311286449432373e-02 7.200596481561660767e-02
-9.190931916236877441e-03 -2.827979624271392822e-02 3.607397526502609253e-02
6.032026931643486023e-02 1.668244227766990662e-02 -1.955520734190940857e-02
1.344281882047653198e-01 1.739870384335517883e-02 -1.036757081747055054e-01
1.408049613237380981e-01 -2.265293151140213013e-02 -2.380363345146179199e-01
2.744423970580101013e-02 -1.062544286251068115e-01 -2.564532160758972168e-01
-1.194499582052230835e-01 -1.028257980942726135e-01 -2.235152274370193481e-01
-1.571955233812332153e-01 5.351738631725311279e-02 -9.953325986862182617e-02
-7.328824698925018311e-02 1.322236955165863037e-01 5.427877977490425110e-02
6.155101954936981201e-02 1.598024219274520874e-01 1.241883113980293274e-01
9.164521843194961548e-02 9.669266641139984131e-02 1.584189534187316895e-01
8.261132240295410156e-02 8.188035339117050171e-03 1.161085814237594604e-01
5.667325854301452637e-02 -3.217199817299842834e-02 6.760516017675399780e-02
9.485736489295959473e-03 -1.056346595287322998e-01 6.603894289582967758e-03
-1.923883706331253052e-02 -1.452429294586181641e-01 -7.614962756633758545e-02
-3.427994996309280396e-02 -7.258839160203933716e-02 -9.193774312734603882e-02
1.881340518593788147e-02 4.541412368416786194e-02 -9.767875075340270996e-02
1.211866214871406555e-01 1.037749946117401123e-01 -5.522083118557929993e-02
1.548967361450195312e-01 1.126101836562156677e-01 -2.805773355066776276e-02
1.577716916799545288e-01 5.854674056172370911e-02 -6.547994911670684814e-02
1.668401509523391724e-01 2.951460331678390503e-02 -5.070998147130012512e-02
1.411024928092956543e-01 -5.831793323159217834e-02 3.129658848047256470e-02
1.006090790033340454e-01 -2.044192701578140259e-01 2.007199823856353760e-01
2.883565612137317657e-02 -1.224374175071716309e-01 3.918879032135009766e-01
-4.919073358178138733e-02 6.673414260149002075e-02 4.459603428840637207e-01
-1.157094761729240417e-01 2.141951471567153931e-01 3.909565806388854980e-01
-3.056552708148956299e-01 2.267613112926483154e-01 1.290710419416427612e-01
-5.165286660194396973e-01 2.995699830353260040e-02 -2.226147502660751343e-01
-5.766102671623229980e-01 -3.966581448912620544e-02 -2.870395779609680176e-01
-3.379625082015991211e-01 1.182194426655769348e-01 -2.783939242362976074e-01
1.974453330039978027e-01 8.101743459701538086e-02 -3.281203806400299072e-01
4.914162456989288330e-01 -4.462275654077529907e-02 -4.538432955741882324e-01
4.806596040725708008e-01 -1.650835871696472168e-01 -5.164595842361450195e-01
1.732692420482635498e-01 -3.896015584468841553e-01 -2.117802798748016357e-01
-1.375919580459594727e-01 -2.711743712425231934e-01 3.096513450145721436e-01
-3.276447653770446777e-01 -8.952075615525245667e-03 4.859002232551574707e-01
-2.707675993442535400e-01 1.179413199424743652e-01 4.493742585182189941e-01
-8.273989707231521606e-02 2.194727659225463867e-01 1.619924902915954590e-01
1.144761145114898682e-01 1.612467616796493530e-01 -7.959843426942825317e-02
2.089776694774627686e-01 7.199080195277929306e-03 -1.982449591159820557e-01
1.646060347557067871e-01 -5.210813134908676147e-02 -2.338502854108810425e-01
2.206417918205261230e-02 -1.454336196184158325e-01 -1.599620729684829712e-01
-5.485603585839271545e-02 -1.902813315391540527e-01 -9.332104027271270752e-02
-7.688344921916723251e-03 -1.716442257165908813e-01 -2.944475226104259491e-02
7.073126733303070068e-02 -8.446267992258071899e-02 -3.259671479463577271e-02
1.097745075821876526e-01 2.288485318422317505e-02 -5.485798418521881104e-02
4.433846101164817810e-02 6.177360564470291138e-02 -1.158024184405803680e-02
-3.550380468368530273e-02 9.830186516046524048e-02 4.605646431446075439e-02
-5.056666955351829529e-02 7.812625914812088013e-02 1.049314811825752258e-01
-9.968983009457588196e-03 9.398552589118480682e-03 1.163912788033485413e-01
-5.917615490034222603e-04 -2.743706665933132172e-02 6.684166938066482544e-02
-8.179985731840133667e-02 -5.484736710786819458e-02 4.249626770615577698e-02
-2.090392112731933594e-01 -3.157650306820869446e-02 -1.191311515867710114e-02
-2.085053324699401855e-01 1.711197430267930031e-03 -6.144321337342262268e-02
-8.159293234348297119e-02 1.520751044154167175e-02 -6.723529100418090820e-02
8.119357377290725708e-02 2.207293733954429626e-02 -4.024026170372962952e-02
1.653873175382614136e-01 5.173721536993980408e-02 1.044377312064170837e-01
1.170341894030570984e-01 9.527991712093353271e-02 1.977659910917282104e-01
4.962037131190299988e-02 1.105284690856933594e-01 1.536483466625213623e-01
2.761334739625453949e-02 9.596748650074005127e-02 -3.856965154409408569e-02
7.416185736656188965e-02 1.913602580316364765e-03 -2.554123103618621826e-01
1.046711802482604980e-01 -6.347738951444625854e-02 -2.805354893207550049e-01
5.427279323339462280e-02 -6.083413958549499512e-02 -1.399134844541549683e-01
-2.652473188936710358e-02 -3.553203493356704712e-02 1.161962971091270447e-01
-8.031978458166122437e-02 -2.916030772030353546e-02 2.358742952346801758e-01
-4.400246776640415192e-03 -6.075640767812728882e-02 1.990843415260314941e-01
5.161593854427337646e-02 -1.180410012602806091e-01 4.151108860969543457e-02
1.649260334670543671e-02 -1.374561488628387451e-01 -1.571308225393295288e-01
-5.539818108081817627e-02 -1.024729907512664795e-01 -1.684417128562927246e-01
-3.912480920553207397e-02 -1.820566132664680481e-02 -8.153573423624038696e-02
8.252428472042083740e-02 4.013938084244728088e-02 5.047767981886863708e-02
1.149156019091606140e-01 6.226546317338943481e-02 1.193265095353126526e-01
-6.674487888813018799e-02 3.635124489665031433e-02 3.290973976254463196e-02
-3.072652518749237061e-01 -3.854531422257423401e-02 -8.374660462141036987e-02
-3.950592279434204102e-01 -8.455378934741020203e-03 -1.020984724164009094e-01
-3.236314058303833008e-01 -1.020545233041048050e-02 -9.106126427650451660e-02
-7.963775843381881714e-02 -2.209421060979366302e-02 -1.304970774799585342e-02
6.249495223164558411e-02 -1.629468984901905060e-02 1.307298690080642700e-01
7.476437836885452271e-02 -3.154670819640159607e-02 9.674336761236190796e-02
7.724621891975402832e-02 3.584987670183181763e-02 5.933896452188491821e-02
1.009555682539939880e-01 1.578971147537231445e-01 -4.991833493113517761e-02
2.647487223148345947e-01 2.774741947650909424e-01 -1.292537748813629150e-01
4.242112934589385986e-01 3.240662217140197754e-01 -1.269280072301626205e-02
4.090375006198883057e-01 2.062925249338150024e-01 -8.056877553462982178e-02
1.986263841390609741e-01 -1.566335856914520264e-01 -2.236220687627792358e-01
-1.266065388917922974e-01 -5.352854728698730469e-01 -3.519037067890167236e-01
-2.786490619182586670e-01 -6.364460587501525879e-01 -4.133303165435791016e-01
-3.002909719944000244e-01 -4.975800216197967529e-01 -2.910960614681243896e-01
-2.895883619785308838e-01 6.141365692019462585e-02 -5.833503231406211853e-02
-1.630780398845672607e-01 5.198110342025756836e-01 1.821778118610382080e-01
-5.294844135642051697e-02 6.005747914314270020e-01 3.661888837814331055e-01
4.113963991403579712e-02 4.231487810611724854e-01 4.155574738979339600e-01
1.592647582292556763e-01 1.391618885099887848e-02 3.816342353820800781e-01
2.514070868492126465e-01 -2.377109080553054810e-01 2.747174501419067383e-01
2.820241153240203857e-01 -2.573014795780181885e-01 8.895077556371688843e-02
2.329582720994949341e-01 -2.340460754930973053e-02 3.584929928183555603e-02
1.557887941598892212e-01 1.286069750785827637e-01 -2.959943376481533051e-02
-5.011137109249830246e-03 1.042546555399894714e-01 -1.441139578819274902e-01
-1.416566520929336548e-01 -9.973628446459770203e-03 -2.355296015739440918e-01
-1.859687864780426025e-01 -1.107827648520469666e-01 -2.645530104637145996e-01
-1.409788727760314941e-01 -9.006428718566894531e-02 -1.636604368686676025e-01
